1 0.0479 9158656
2 0.0522 9302016
3 0.0591 9584640
4 0.0637 9793536
5 0.0696 9953280
6 0.0767 10125312
7 0.0742 10330112
8 0.0779 10457088
9 0.0874 10711040
10 0.0877 10911744
11 0.0974 11079680
12 0.0967 11268096
13 0.0995 11395072
14 0.1134 11665408
15 0.1177 11792384
16 0.1174 11988992
17 0.1229 12173312
18 0.1299 12361728
19 0.1361 12644352
20 0.1353 12730368
21 0.1454 12906496
22 0.1496 13090816
23 0.1648 13307904
24 0.1632 13537280
25 0.161 13705216
26 0.169 13824000
27 0.1772 14086144
28 0.1848 14249984
29 0.1857 14462976
30 0.1835 14692352
31 0.1926 14909440
32 0.2089 15126528
33 0.2058 15228928
34 0.2123 15450112
35 0.2127 15601664
36 0.2323 15790080
37 0.226 16121856
38 0.2268 16183296
39 0.2304 16277504
40 0.25 16568320
41 0.2401 16687104
42 0.2487 16875520
43 0.2615 17096704
44 0.2577 17235968
45 0.2616 17403904
46 0.2712 17620992
47 0.2745 17784832
48 0.2732 17973248
49 0.2884 18235392
50 0.3029 18436096
51 0.3009 18665472
52 0.3125 18862080
53 0.3095 18821120
54 0.3203 19234816
55 0.3217 19443712
56 0.33 19570688
57 0.332 19812352
58 0.3283 19972096
59 0.3473 20033536
60 0.3493 20303872
61 0.3463 20578304
62 0.3527 20795392
63 0.3585 20987904
64 0.3731 21110784
65 0.3974 21393408
66 0.3742 21344256
67 0.3841 21889024
68 0.3901 21852160
69 0.409 22036480
70 0.4085 22241280
71 0.4088 22372352
72 0.4319 22536192
73 0.4305 22773760
74 0.4618 23031808
75 0.4409 23207936
76 0.4486 23203840
77 0.4511 23662592
78 0.4469 23818240
79 0.437 23699456
80 0.4418 23949312
81 0.4493 24215552
82 0.4667 24424448
83 0.4667 24739840
84 0.4668 24539136
85 0.4693 25079808
86 0.4866 25284608
87 0.4867 25407488
88 0.4854 25485312
89 0.496 25346048
90 0.5019 25395200
91 0.4957 26066944
92 0.5056 26497024
93 0.5276 26021888
94 0.5104 26157056
95 0.5245 26791936
96 0.564 27107328
97 0.5375 27398144
98 0.5458 27320320
99 0.5425 27148288
100 0.5818 27934720
101 0.6011 27533312
102 0.6034 27746304
103 0.6007 28188672
104 0.6036 28803072
105 0.6078 28389376
106 0.6092 29126656
107 0.6438 29143040
108 0.6405 28983296
109 0.6195 29511680
110 0.662 29548544
111 0.6416 29618176
112 0.6513 30281728
113 0.6864 30498816
114 0.6742 30552064
115 0.637 30814208
116 0.6398 30588928
117 0.6462 31105024
118 0.6448 31625216
119 0.6743 31502336
120 0.6993 31789056
121 0.6905 31956992
122 0.6731 32313344
123 0.672 32141312
124 0.6879 32747520
125 0.6923 32989184
126 0.7176 32727040
127 0.7183 32776192
128 0.7048 32714752
129 0.705 33726464
130 0.7205 33169408
131 0.721 33480704
132 0.7194 34320384
133 0.7182 34549760
134 0.7238 33787904
135 0.7306 34832384
136 0.7536 34906112
137 0.7497 34373632
138 0.7467 35057664
139 0.7504 35258368
140 0.7536 34934784
141 0.7621 35500032
142 0.7589 35233792
143 0.7757 35414016
144 0.7746 36077568
145 0.7795 36376576
146 0.7889 36192256
147 0.7816 36102144
148 0.7875 36982784
149 0.8063 36495360
150 0.8018 36847616
151 0.8092 37392384
152 0.8146 37511168
153 0.8145 37171200
154 0.806 37875712
155 0.8591 38109184
156 0.8591 38035456
157 0.832 37945344
158 0.8338 38633472
159 0.9033 38944768
160 0.8838 39043072
161 0.8671 39636992
162 0.8818 39354368
163 0.871 39579648
164 0.8854 39702528
165 0.8753 40288256
166 0.8801 39632896
167 0.8957 40169472
168 0.9068 40345600
169 0.9129 39948288
170 0.916 40411136
171 0.9055 40108032
172 0.9256 41037824
173 0.92 40558592
174 0.9207 40566784
175 0.9274 41345024
176 0.9463 40927232
177 0.931 41713664
178 0.957 42303488
179 0.9802 42143744
180 0.9743 42106880
181 1.0116 42057728
182 0.9793 42741760
183 1.0146 42893312
184 1.0026 43044864
185 1.04 42741760
186 1.0364 43696128
187 0.9957 43130880
188 0.9912 43630592
189 0.9825 43778048
190 1.0045 43552768
191 1.0448 43778048
192 1.0427 44523520
193 1.0595 44830720
194 1.0561 44974080
195 1.073 45170688
196 1.0588 45158400
197 1.0857 45461504
198 1.1281 45821952
199 1.0967 45219840
200 1.1007 46039040
201 1.1168 46231552
202 1.1114 45862912
203 1.081 46436352
204 1.0886 46407680
205 1.1321 46706688
206 1.1163 47017984
207 1.1152 47091712
208 1.1101 47460352
209 1.1623 47828992
210 1.1288 47796224
211 1.1209 47722496
212 1.1669 48652288
213 1.1727 48640000
214 1.1579 48447488
215 1.149 48943104
216 1.1702 49127424
217 1.1814 49467392
218 1.2021 49070080
219 1.2343 49512448
220 1.1832 49889280
221 1.1801 50315264
222 1.1948 50819072
223 1.2357 50429952
224 1.2214 50393088
225 1.2257 50835456
226 1.2161 50765824
227 1.2382 51331072
228 1.2791 51159040
229 1.2919 51793920
230 1.2918 51867648
231 1.2503 52092928
232 1.332 52404224
233 1.307 52523008
234 1.2812 53100544
235 1.2864 53182464
236 1.2947 52736000
237 1.2954 53399552
238 1.3276 53182464
239 1.3241 53780480
240 1.312 53960704
241 1.3572 53915648
242 1.3091 53784576
243 1.3019 54358016
244 1.2962 54669312
245 1.3274 54398976
246 1.318 55164928
247 1.3146 54968320
248 1.3293 55181312
249 1.3818 55693312
250 1.3911 55828480
251 1.4017 56201216
252 1.3646 55926784
253 1.3631 56262656
254 1.3425 56561664
255 1.3566 57020416
256 1.3696 56774656
257 1.3978 57466880
258 1.3717 57683968
259 1.367 57344000
260 1.377 57679872
261 1.3801 58028032
262 1.3741 57630720
263 1.4287 58462208
264 1.5159 58081280
265 1.443 58224640
266 1.4462 58724352
267 1.4649 58736640
268 1.4464 59273216
269 1.4654 59228160
270 1.4637 59789312
271 1.4807 59539456
272 1.4652 60010496
273 1.4713 60321792
274 1.4511 60182528
275 1.5131 60047360
276 1.462 60977152
277 1.5745 60878848
278 1.525 60723200
279 1.5363 60760064
280 1.4744 60964864
281 1.4943 61538304
282 1.493 61349888
283 1.5094 62124032
284 1.501 62148608
285 1.6478 61874176
286 1.7214 62312448
287 1.6786 62615552
288 1.65 62484480
289 1.9627 62672896
290 2.3526 62980096
291 2.2317 63275008
292 2.4651 63578112
293 1.8738 63619072
294 1.7612 63934464
295 1.6376 63975424
296 1.7544 63979520
297 1.6738 64327680
298 1.7275 64970752
299 1.6189 64864256
300 1.6151 64905216