1 0.0423 9142272
2 0.0549 9355264
3 0.0595 9523200
4 0.0641 9654272
5 0.0666 9822208
6 0.0708 9981952
7 0.0739 10203136
8 0.0766 10457088
9 0.0777 10633216
10 0.081 10715136
11 0.0845 10817536
12 0.0926 11075584
13 0.0957 11255808
14 0.0959 11362304
15 0.0996 11481088
16 0.1102 11632640
17 0.1085 11821056
18 0.1135 12038144
19 0.1168 12144640
20 0.1245 12300288
21 0.1293 12619776
22 0.1321 12623872
23 0.1636 12779520
24 0.1347 13021184
25 0.1446 13189120
26 0.1456 13352960
27 0.152 13434880
28 0.1632 13651968
29 0.1584 13774848
30 0.1603 14008320
31 0.1706 14233600
32 0.169 14409728
33 0.171 14483456
34 0.1767 14647296
35 0.1786 14794752
36 0.1847 14962688
37 0.1927 15110144
38 0.1914 15204352
39 0.1951 15392768
40 0.2002 15667200
41 0.2039 15818752
42 0.2114 15966208
43 0.2098 16125952
44 0.2141 16244736
45 0.2218 16465920
46 0.2251 16633856
47 0.2349 16781312
48 0.2314 16949248
49 0.2361 17027072
50 0.246 17190912
51 0.24 17354752
52 0.2457 17567744
53 0.2547 17731584
54 0.264 18006016
55 0.271 18075648
56 0.2679 18235392
57 0.2731 18395136
58 0.2721 18583552
59 0.2739 18718720
60 0.2849 18837504
61 0.2913 19062784
62 0.2861 19099648
63 0.296 19382272
64 0.2945 19353600
65 0.3 19640320
66 0.3109 19664896
67 0.3068 19968000
68 0.3118 20111360
69 0.3171 20209664
70 0.3282 20488192
71 0.3265 20586496
72 0.326 20762624
73 0.3336 20934656
74 0.3361 21098496
75 0.3382 21225472
76 0.3438 21389312
77 0.3551 21598208
78 0.349 21692416
79 0.3563 21803008
80 0.3624 22011904
81 0.3621 22155264
82 0.3693 22290432
83 0.3713 22552576
84 0.3834 22716416
85 0.3831 23003136
86 0.3929 23117824
87 0.3918 23298048
88 0.3926 23511040
89 0.4058 23691264
90 0.4176 23769088
91 0.4091 23764992
92 0.4162 24104960
93 0.4164 24162304
94 0.4144 24367104
95 0.4247 24453120
96 0.4332 24547328
97 0.4281 24768512
98 0.4385 25026560
99 0.4479 25182208
100 0.4484 25370624
101 0.4447 25411584
102 0.4538 25649152
103 0.4559 25841664
104 0.4636 26021888
105 0.4614 26148864
106 0.467 26537984
107 0.4688 26484736
108 0.4768 26636288
109 0.5145 27037696
110 0.4909 27107328
111 0.494 26628096
112 0.5043 27348992
113 0.497 27492352
114 0.5028 27062272
115 0.5079 27467776
116 0.5074 28037120
117 0.5158 27598848
118 0.5162 28282880
119 0.5189 27918336
120 0.5223 28131328
121 0.5205 28762112
122 0.5314 28913664
123 0.5319 29057024
124 0.5414 29290496
125 0.5422 29413376
126 0.5516 29618176
127 0.553 29773824
128 0.5587 29425664
129 0.5593 29507584
130 0.5626 30261248
131 0.5675 30531584
132 0.5743 30515200
133 0.5689 30150656
134 0.5834 30863360
135 0.5754 30474240
136 0.5871 30621696
137 0.5879 30785536
138 0.5995 31535104
139 0.5963 31637504
140 0.603 31252480
141 0.6145 32215040
142 0.6158 31563776
143 0.6116 32296960
144 0.6189 32534528
145 0.6252 32641024
146 0.6369 32579584
147 0.6337 33091584
148 0.6338 33075200
149 0.637 33239040
150 0.6385 33374208
151 0.6496 33525760
152 0.6431 33738752
153 0.6547 33861632
154 0.6593 34050048
155 0.6615 34168832
156 0.6597 34349056
157 0.6706 34086912
158 0.6748 34787328
159 0.6885 34865152
160 0.6901 35131392
161 0.7078 34865152
162 0.6963 35438592
163 0.7057 35950592
164 0.7007 35258368
165 0.7159 35487744
166 0.7094 36114432
167 0.7178 36212736
168 0.7187 36413440
169 0.7267 36220928
170 0.7213 36171776
171 0.7361 36372480
172 0.7284 36995072
173 0.7413 36806656
174 0.7409 37318656
175 0.745 37613568
176 0.7697 37519360
177 0.7634 38129664
178 0.7726 37888000
179 0.7638 37978112
180 0.7696 38019072
181 0.7722 38625280
182 0.7735 38801408
183 0.784 38944768
184 0.7876 39550976
185 0.7812 38739968
186 0.7972 38866944
187 0.7999 39550976
188 0.8051 39149568
189 0.8137 40136704
190 0.8162 39530496
191 0.8245 39645184
192 0.8194 40628224
193 0.8246 39956480
194 0.8833 40615936
195 0.8359 40890368
196 0.8384 40509440
197 0.8556 40894464
198 0.8398 41283584
199 0.858 41492480
200 0.8531 41385984
201 0.8568 41824256
202 0.8493 41881600
203 0.859 42094592
204 0.8695 42217472
205 0.8703 42577920
206 0.8787 42668032
207 0.8861 42876928
208 0.8763 42946560
209 0.8817 43151360
210 0.8934 42778624
211 0.9404 43188224
212 0.9116 43225088
213 0.9077 43765760
214 0.9117 43470848
215 0.9102 44122112
216 0.9163 44359680
217 0.9229 44462080
218 0.9318 44994560
219 0.9405 44503040
220 0.9424 44535808
221 0.9341 44625920
222 0.9432 44748800
223 0.9443 44302336
224 0.9618 45494272
225 0.9624 45219840
226 0.9645 45342720
227 0.9615 44953600
228 0.961 45117440
229 0.97 45826048
230 0.9762 45940736
231 0.9708 46297088
232 0.9857 45903872
233 0.9912 46014464
234 0.9968 47120384
235 0.9906 46784512
236 0.9994 46968832
237 1.0009 46596096
238 1.0076 47734784
239 1.008 46895104
240 1.0201 47640576
241 1.024 47837184
242 1.0293 47439872
243 1.0211 48123904
244 1.0306 47685632
245 1.0278 47943680
246 1.0364 48586752
247 1.0425 48234496
248 1.0448 48910336
249 1.0545 49348608
250 1.0484 48668672
251 1.0675 49844224
252 1.06 49565696
253 1.0785 49659904
254 1.0825 50409472
255 1.077 49463296
256 1.0664 50126848
257 1.0981 50327552
258 1.0787 50544640
259 1.0811 50704384
260 1.0958 50278400
261 1.0939 50827264
262 1.1076 50896896
263 1.095 50933760
264 1.0984 50921472
265 1.111 51204096
266 1.1225 51523584
267 1.1256 51408896
268 1.1696 51929088
269 1.1503 51965952
270 1.1427 52482048
271 1.1337 52031488
272 1.147 52162560
273 1.141 52342784
274 1.1487 52547584
275 1.1508 52727808
276 1.1496 52903936
277 1.1688 53121024
278 1.1694 53174272
279 1.1693 53559296
280 1.1682 53506048
281 1.1697 53583872
282 1.1779 53772288
283 1.1872 53927936
284 1.1898 54132736
285 1.1954 54231040
286 1.198 54652928
287 1.2267 55119872
288 1.2084 54693888
289 1.2035 54861824
290 1.2063 55099392
291 1.2108 55250944
292 1.2134 55402496
293 1.2251 55517184
294 1.2257 55689216
295 1.2325 56004608
296 1.2565 56041472
297 1.2378 56147968
298 1.2374 56295424
299 1.2389 56455168
300 1.2432 56610816