1 0.0413 9101312
2 0.0477 9326592
3 0.0528 9519104
4 0.0576 9723904
5 0.0675 10022912
6 0.0712 10248192
7 0.0766 10379264
8 0.0793 10563584
9 0.0826 10735616
10 0.1133 11010048
11 0.123 11255808
12 0.0985 11362304
13 0.1071 11587584
14 0.11 11792384
15 0.1167 12095488
16 0.1235 12206080
17 0.1264 12406784
18 0.1282 12574720
19 0.1335 12795904
20 0.139 12959744
21 0.1441 13168640
22 0.1491 13369344
23 0.1566 13635584
24 0.1606 13811712
25 0.164 13987840
26 0.1692 14192640
27 0.1748 14434304
28 0.1807 14618624
29 0.1858 14852096
30 0.1992 15118336
31 0.2011 15286272
32 0.2028 15482880
33 0.2099 15704064
34 0.2148 15892480
35 0.219 16076800
36 0.224 16265216
37 0.2307 16588800
38 0.2342 16670720
39 0.2388 16871424
40 0.2446 17063936
41 0.2471 17268736
42 0.252 17481728
43 0.2631 17653760
44 0.2625 17879040
45 0.271 18022400
46 0.2837 18255872
47 0.2798 18468864
48 0.2908 18640896
49 0.2951 18792448
50 0.298 19120128
51 0.3009 19337216
52 0.3068 19517440
53 0.3135 19578880
54 0.3211 19779584
55 0.324 19939328
56 0.3265 20262912
57 0.3341 20357120
58 0.3375 20639744
59 0.3479 21020672
60 0.3758 21073920
61 0.3546 21377024
62 0.3641 21508096
63 0.3655 21700608
64 0.3702 22020096
65 0.3819 22319104
66 0.4101 22556672
67 0.3896 22609920
68 0.3916 22671360
69 0.3997 22999040
70 0.4188 23134208
71 0.4093 23388160
72 0.4166 23474176
73 0.4244 23793664
74 0.4316 23953408
75 0.4318 24051712
76 0.4313 24248320
77 0.4378 24543232
78 0.4471 24780800
79 0.4458 24961024
80 0.4482 25055232
81 0.4564 25329664
82 0.4617 25583616
83 0.4743 25767936
84 0.4737 25972736
85 0.4835 25624576
86 0.4864 25817088
87 0.4887 26525696
88 0.4957 26722304
89 0.4967 26468352
90 0.5113 27148288
91 0.5114 27336704
92 0.5205 27537408
93 0.5177 27205632
94 0.5241 27406336
95 0.5637 28155904
96 0.5446 27877376
97 0.5451 28540928
98 0.5515 28286976
99 0.5508 28950528
100 0.5647 28790784
101 0.5627 29466624
102 0.5714 29667328
103 0.5774 29319168
104 0.5873 29556736
105 0.5915 30240768
106 0.5917 30453760
107 0.6041 30625792
108 0.5999 30822400
109 0.6128 31035392
110 0.6294 31412224
111 0.6254 30908416
112 0.6257 31096832
113 0.6302 31297536
114 0.6444 32251904
115 0.6429 32202752
116 0.6476 32526336
117 0.6478 32645120
118 0.6634 32980992
119 0.6724 32669696
120 0.6701 33374208
121 0.7294 33402880
122 0.6859 33792000
123 0.7047 34189312
124 0.6952 34308096
125 0.694 34463744
126 0.7023 34144256
127 0.7134 34865152
128 0.7233 35028992
129 0.7151 35229696
130 0.7205 35422208
131 0.7273 35631104
132 0.7347 35454976
133 0.737 36114432
134 0.7479 36323328
135 0.7533 35880960
136 0.7518 36618240
137 0.7619 36790272
138 0.77 36446208
139 0.773 37179392
140 0.7821 37863424
141 0.7816 37560320
142 0.825 38031360
143 0.8004 38141952
144 0.799 38195200
145 0.8137 37867520
146 0.8172 38993920
147 0.8186 38776832
148 0.824 38416384
149 0.8411 39149568
150 0.8324 38825984
151 0.8615 39575552
152 0.8332 39735296
153 0.8464 39399424
154 0.848 39604224
155 0.8575 40325120
156 0.8596 40538112
157 0.8761 40755200
158 0.8648 40914944
159 0.8842 40693760
160 0.8778 41312256
161 0.8841 41517056
162 0.8962 41738240
163 0.8952 41910272
164 0.912 42221568
165 0.9044 42352640
166 0.9101 42569728
167 0.9152 42229760
168 0.9249 42950656
169 0.9207 42971136
170 0.9289 42471424
171 0.9365 42487808
172 0.9478 43208704
173 0.9624 43425792
174 0.9584 43827200
175 0.9586 43819008
176 0.9645 44011520
177 0.9716 43683840
178 0.9682 43900928
179 0.9712 44060672
180 0.9837 44793856
181 0.989 44990464
182 0.9931 45248512
183 1.0172 44908544
184 1.0058 45039616
185 1.0063 45793280
186 1.0357 46329856
187 1.0209 45682688
188 1.0301 45862912
189 1.0431 46620672
190 1.0529 46870528
191 1.0385 47017984
192 1.0478 47202304
193 1.0484 47390720
194 1.0675 47226880
195 1.0664 47898624
196 1.0763 47489024
197 1.1143 47710208
198 1.0772 47841280
199 1.1451 48357376
200 1.1272 48971776
201 1.1504 48537600
202 1.1326 48709632
203 1.1123 49369088
204 1.1087 49295360
205 1.1312 49692672
206 1.1346 50024448
207 1.1493 49995776
208 1.1412 50208768
209 1.1464 50368512
210 1.1559 50618368
211 1.1624 51269632
212 1.1756 51064832
213 1.1644 51175424
214 1.19 51752960
215 1.1855 51556352
216 1.187 51740672
217 1.1847 51961856
218 1.1924 52166656
219 1.2041 52359168
220 1.1993 52535296
221 1.2091 52756480
222 1.2111 52932608
223 1.2256 53166080
224 1.2207 53338112
225 1.2226 53518336
226 1.2233 53714944
227 1.2489 53927936
228 1.2631 54484992
229 1.253 54341632
230 1.2589 54521856
231 1.2644 54857728
232 1.2839 55332864
233 1.3095 55726080
234 1.2933 55570432
235 1.3011 55635968
236 1.2925 56033280
237 1.3103 56295424
238 1.3071 56496128
239 1.3209 57008128
240 1.3133 56889344
241 1.3384 57376768
242 1.3538 57438208
243 1.353 57942016
244 1.3396 58023936
245 1.3426 57856000
246 1.3595 58540032
247 1.3853 58302464
248 1.3917 58896384
249 1.3877 58957824
250 1.3815 59113472
251 1.3919 59707392
252 1.3938 59469824
253 1.3782 59674624
254 1.3957 59875328
255 1.4383 60104704
256 1.5053 60702720
257 1.5288 60637184
258 1.415 60747776
259 1.4566 60854272
260 1.4276 61026304
261 1.4428 61296640
262 1.4463 61431808
263 1.4427 61685760
264 1.4619 61878272
265 1.4651 62234624
266 1.4675 62210048
267 1.4619 62734336
268 1.4695 62607360
269 1.4718 62803968
270 1.4706 63066112
271 1.5028 63262720
272 1.4997 63766528
273 1.4917 63655936
274 1.5057 63905792
275 1.5042 64471040
276 1.5065 64253952
277 1.5123 64729088
278 1.5136 65003520
279 1.5185 64806912
280 1.5197 65036288
281 1.5442 65224704
282 1.5512 65413120
283 1.5622 65597440
284 1.5435 65822720
285 1.557 65974272
286 1.5597 66232320
287 1.5631 66375680
288 1.568 66605056
289 1.5684 66818048
290 1.5814 66990080
291 1.5697 67174400
292 1.6133 67379200
293 1.598 67600384
294 1.6089 67948544
295 1.5974 68132864
296 1.612 68169728
297 1.6096 68403200
298 1.6198 68591616
299 1.6324 68784128
300 1.6297 69439488