1 0.0433 9142272
2 0.0499 9400320
3 0.0542 9502720
4 0.0581 9678848
5 0.061 9826304
6 0.0693 9981952
7 0.0706 10223616
8 0.0734 10452992
9 0.0796 10502144
10 0.0854 10776576
11 0.0849 10858496
12 0.0909 10985472
13 0.0952 11210752
14 0.0995 11296768
15 0.104 11472896
16 0.1038 11636736
17 0.1087 11878400
18 0.1144 12042240
19 0.1175 12161024
20 0.125 12361728
21 0.1196 12427264
22 0.1424 12701696
23 0.1376 12857344
24 0.1389 13012992
25 0.1393 13099008
26 0.1474 13275136
27 0.1492 13406208
28 0.154 13598720
29 0.1628 13844480
30 0.1606 14008320
31 0.1644 14098432
32 0.17 14245888
33 0.1712 14405632
34 0.1731 14594048
35 0.184 14725120
36 0.1854 14880768
37 0.1881 15036416
38 0.1917 15273984
39 0.1983 15405056
40 0.2023 15577088
41 0.2097 15798272
42 0.2073 15892480
43 0.2107 16130048
44 0.2202 16236544
45 0.2195 16396288
46 0.2296 16576512
47 0.2283 16781312
48 0.2302 16846848
49 0.2398 17031168
50 0.2428 17219584
51 0.2442 17346560
52 0.2475 17543168
53 0.2521 17690624
54 0.2556 17850368
55 0.2575 18051072
56 0.2695 18210816
57 0.2661 18333696
58 0.2744 18558976
59 0.2751 18694144
60 0.2877 18931712
61 0.2828 18874368
62 0.2876 19189760
63 0.2914 19345408
64 0.2947 19365888
65 0.3026 19533824
66 0.2998 19800064
67 0.3102 19955712
68 0.3131 20029440
69 0.3153 20316160
70 0.3274 20365312
71 0.3267 20647936
72 0.3303 20819968
73 0.3344 20860928
74 0.3357 20946944
75 0.3395 21344256
76 0.3434 21266432
77 0.3467 21405696
78 0.3497 21688320
79 0.3521 21868544
80 0.3571 22085632
81 0.3866 22220800
82 0.3747 22429696
83 0.3781 22523904
84 0.3734 22626304
85 0.3833 22937600
86 0.386 23072768
87 0.3901 23101440
88 0.4004 23539712
89 0.4108 23601152
90 0.4044 23728128
91 0.4117 23744512
92 0.412 24100864
93 0.4195 24276992
94 0.4223 24424448
95 0.42 24391680
96 0.4242 24686592
97 0.4329 24834048
98 0.439 24989696
99 0.4409 25018368
100 0.4446 25513984
101 0.4464 25493504
102 0.4579 25624576
103 0.4545 25845760
104 0.4597 25911296
105 0.4595 26124288
106 0.4917 26427392
107 0.485 26484736
108 0.4846 26632192
109 0.4846 26439680
110 0.4865 26497024
111 0.4898 26669056
112 0.4943 27394048
113 0.497 27435008
114 0.5025 27697152
115 0.5051 27230208
116 0.5078 27992064
117 0.5142 28184576
118 0.5083 27762688
119 0.5216 27881472
120 0.5197 28647424
121 0.5276 28246016
122 0.5265 28385280
123 0.5441 28635136
124 0.5428 29380608
125 0.5416 28897280
126 0.5523 29548544
127 0.5507 29241344
128 0.5591 29888512
129 0.5532 30023680
130 0.5607 30273536
131 0.5672 30347264
132 0.5707 30580736
133 0.5837 31047680
134 0.5764 30294016
135 0.5829 31064064
136 0.5884 31141888
137 0.5921 31305728
138 0.5956 31080448
139 0.598 31629312
140 0.6061 31260672
141 0.6067 31993856
142 0.616 32358400
143 0.6102 32280576
144 0.6183 31973376
145 0.6276 32579584
146 0.6229 32751616
147 0.6361 32489472
148 0.6378 32612352
149 0.6342 32710656
150 0.6369 33402880
151 0.6391 33517568
152 0.6715 33492992
153 0.6617 33931264
154 0.6686 34140160
155 0.6603 33652736
156 0.6696 34344960
157 0.6675 33980416
158 0.6919 34828288
159 0.6807 34332672
160 0.6877 34451456
161 0.6881 35307520
162 0.6914 34967552
163 0.6957 35618816
164 0.6996 36134912
165 0.698 35450880
166 0.7054 36052992
167 0.7127 36274176
168 0.7211 36122624
169 0.719 36532224
170 0.72 36683776
171 0.7302 36380672
172 0.7389 37076992
173 0.7476 36892672
174 0.7478 37040128
175 0.7455 37490688
176 0.7639 37376000
177 0.7567 38047744
178 0.7698 38445056
179 0.767 38416384
180 0.7766 38604800
181 0.7687 38076416
182 0.7687 38858752
183 0.7906 39387136
184 0.7879 39440384
185 0.7868 38793216
186 0.7997 39399424
187 0.8053 39534592
188 0.7955 39235584
189 0.8037 39354368
190 0.8132 40001536
191 0.8226 40161280
192 0.8283 40411136
193 0.83 39993344
194 0.8279 40656896
195 0.8269 41058304
196 0.837 41025536
197 0.8449 41148416
198 0.8405 41312256
199 0.8374 41492480
200 0.844 41144320
201 0.8506 42061824
202 0.8784 42209280
203 0.8805 42221568
204 0.8781 42278912
205 0.9135 42184704
206 0.9041 42577920
207 0.8981 42795008
208 0.8878 42467328
209 0.8909 42799104
210 0.8945 42786816
211 0.8977 43466752
212 0.8973 43069440
213 0.903 43225088
214 0.9198 43999232
215 0.9192 44371968
216 0.9475 43945984
217 0.9215 43950080
218 0.9227 44105728
219 0.9435 44318720
220 0.9352 44105728
221 0.9397 44101632
222 0.9473 44916736
223 0.9511 44806144
224 0.968 44523520
225 0.9613 45105152
226 0.976 45019136
227 0.9723 45883392
228 0.9719 45903872
229 0.9726 46178304
230 0.978 45998080
231 0.9767 46342144
232 0.9867 45924352
233 0.9832 46555136
234 0.9871 46665728
235 0.9908 46866432
236 0.9984 46948352
237 0.9915 47136768
238 1.0045 47251456
239 1.04 47190016
240 1.0225 47443968
241 1.0194 47755264
242 1.0199 47423488
243 1.0421 48066560
244 1.0341 48259072
245 1.0299 48435200
246 1.0464 48091136
247 1.0442 48189440
248 1.0607 48922624
249 1.0508 48570368
250 1.0487 49197056
251 1.0454 49352704
252 1.0593 49532928
253 1.0655 49184768
254 1.0669 49504256
255 1.0791 50413568
256 1.0989 50171904
257 1.1084 50528256
258 1.1208 50454528
259 1.1573 50647040
260 1.1854 51142656
261 1.2654 50946048
262 1.2354 51130368
263 1.1887 50782208
264 1.0983 50925568
265 1.1184 51052544
266 1.1138 51245056
267 1.112 51384320
268 1.1248 51630080
269 1.1312 51695616
270 1.1408 51843072
271 1.1359 51998720
272 1.1375 52195328
273 1.1479 52375552
274 1.164 52740096
275 1.1536 52666368
276 1.1741 52985856
277 1.203 53227520
278 1.1994 53301248
279 1.2217 53768192
280 1.2405 53538816
281 1.1719 53673984
282 1.1797 53764096
283 1.1862 54079488
284 1.1859 54063104
285 1.1873 54288384
286 1.2002 54501376
287 1.1943 55156736
288 1.2077 55287808
289 1.2139 54898688
290 1.2096 55095296
291 1.2198 55291904
292 1.2141 55414784
293 1.2302 55595008
294 1.2244 55697408
295 1.2201 55865344
296 1.2391 56000512
297 1.242 56164352
298 1.2356 56324096
299 1.2811 56754176
300 1.2645 56913920