1 0.0413 9125888
2 0.0523 9322496
3 0.0534 9519104
4 0.0632 9723904
5 0.0648 9932800
6 0.0718 10194944
7 0.0777 10383360
8 0.0779 10543104
9 0.0858 10739712
10 0.0896 10952704
11 0.0997 11137024
12 0.1115 11333632
13 0.1079 11591680
14 0.1123 11726848
15 0.1228 12029952
16 0.1221 12156928
17 0.1302 12337152
18 0.138 12607488
19 0.1366 12742656
20 0.1498 12943360
21 0.1495 13197312
22 0.1549 13312000
23 0.1558 13557760
24 0.1622 13746176
25 0.1739 13918208
26 0.1718 14106624
27 0.1741 14299136
28 0.1801 14528512
29 0.1865 14753792
30 0.1939 14958592
31 0.1974 15187968
32 0.2041 15368192
33 0.2105 15626240
34 0.2135 15761408
35 0.2262 16125952
36 0.2251 16150528
37 0.2289 16347136
38 0.2317 16613376
39 0.2419 16760832
40 0.2439 17002496
41 0.2554 17129472
42 0.2535 17317888
43 0.2558 17559552
44 0.2614 17711104
45 0.2661 18014208
46 0.272 18092032
47 0.285 18378752
48 0.2809 18522112
49 0.2901 18661376
50 0.2981 18829312
51 0.3005 19058688
52 0.3095 19243008
53 0.3082 19415040
54 0.3202 19668992
55 0.3224 19795968
56 0.3337 20103168
57 0.3395 20324352
58 0.337 20492288
59 0.3419 20807680
60 0.3448 20905984
61 0.3933 21221376
62 0.3659 21499904
63 0.3676 21499904
64 0.3873 21880832
65 0.3759 21876736
66 0.3814 22196224
67 0.3864 22257664
68 0.391 22573056
69 0.4 22765568
70 0.4029 22945792
71 0.408 23150592
72 0.4151 23240704
73 0.4265 23617536
74 0.4243 23773184
75 0.4191 23773184
76 0.4313 24117248
77 0.4307 24334336
78 0.4383 24391680
79 0.4534 24993792
80 0.4497 24846336
81 0.4613 25239552
82 0.4642 25403392
83 0.4688 25481216
84 0.4789 25296896
85 0.4782 25944064
86 0.4953 26144768
87 0.4891 25817088
88 0.5 26460160
89 0.4964 26624000
90 0.5015 26865664
91 0.5095 27054080
92 0.5175 26697728
93 0.5122 27443200
94 0.5279 27602944
95 0.532 27291648
96 0.5317 28004352
97 0.5473 27701248
98 0.5492 28536832
99 0.5561 28770304
100 0.5529 28819456
101 0.5686 29097984
102 0.5732 29409280
103 0.5754 29528064
104 0.5811 29716480
105 0.6106 30101504
106 0.5954 30138368
107 0.5969 30527488
108 0.5981 30474240
109 0.6109 30261248
110 0.61 30367744
111 0.6147 31088640
112 0.6221 31281152
113 0.6287 30912512
114 0.6346 31174656
115 0.6365 31313920
116 0.6479 32096256
117 0.6527 32276480
118 0.6576 32481280
119 0.6629 32395264
120 0.6681 32858112
121 0.6657 33247232
122 0.6836 32903168
123 0.6785 33067008
124 0.6878 33329152
125 0.6853 33968128
126 0.698 34308096
127 0.7032 34476032
128 0.7004 34734080
129 0.7116 34930688
130 0.7295 34668544
131 0.7277 34709504
132 0.7336 35778560
133 0.7425 35926016
134 0.7486 35807232
135 0.7454 35467264
136 0.7543 36466688
137 0.749 36384768
138 0.7524 36077568
139 0.7781 36937728
140 0.7695 37351424
141 0.7738 36638720
142 0.7773 36769792
143 0.7869 36974592
144 0.7857 37691392
145 0.795 37883904
146 0.7956 38166528
147 0.8101 38387712
148 0.8259 38244352
149 0.8269 39170048
150 0.8256 39014400
151 0.8254 38551552
152 0.8523 38879232
153 0.8498 38916096
154 0.8745 39817216
155 0.8786 39641088
156 0.8643 40140800
157 0.8895 40427520
158 0.8911 40579072
159 0.8638 40148992
160 0.8665 40837120
161 0.8748 40476672
162 0.8822 41373696
163 0.8814 41431040
164 0.909 41717760
165 0.887 41299968
166 0.9164 42131456
167 0.9485 42119168
168 0.9182 42008576
169 0.9254 42606592
170 0.9205 42795008
171 0.932 43028480
172 0.9286 43175936
173 0.9339 42622976
174 0.9474 43130880
175 0.9575 42819584
176 0.9645 42901504
177 0.9556 43159552
178 0.9753 43827200
179 0.9659 43507712
180 0.9725 44634112
181 0.979 43884544
182 0.9818 44605440
183 0.9908 45215744
184 0.9974 45076480
185 0.991 45244416
186 1.0092 45359104
187 1.0096 45555712
188 1.0059 45752320
189 1.0179 45420544
190 1.0263 45633536
191 1.0412 46661632
192 1.0422 46546944
193 1.0353 46768128
194 1.0443 46981120
195 1.057 47161344
196 1.0791 47366144
197 1.0569 47083520
198 1.0697 48275456
199 1.066 47415296
200 1.0732 48132096
201 1.086 48308224
202 1.092 48553984
203 1.0848 48193536
204 1.0922 48914432
205 1.1122 48693248
206 1.1109 48885760
207 1.1351 49319936
208 1.1394 49680384
209 1.1354 49926144
210 1.1377 49868800
211 1.1453 50155520
212 1.1577 50331648
213 1.1542 50479104
214 1.1641 50675712
215 1.1675 50933760
216 1.1799 51060736
217 1.181 51740672
218 1.1796 51458048
219 1.193 51736576
220 1.1944 52154368
221 1.2038 52383744
222 1.2197 52498432
223 1.2068 52424704
224 1.2415 52621312
225 1.2312 52834304
226 1.2321 52981760
227 1.219 53235712
228 1.2367 53522432
229 1.2453 54067200
230 1.2345 53821440
231 1.2561 54099968
232 1.2482 54304768
233 1.2609 54472704
234 1.2699 54669312
235 1.267 54841344
236 1.2725 55001088
237 1.278 55324672
238 1.2821 55406592
239 1.2869 55664640
240 1.2935 55840768
241 1.3137 56233984
242 1.3182 56311808
243 1.3667 56860672
244 1.3487 57303040
245 1.3736 57135104
246 1.3821 57536512
247 1.3549 57413632
248 1.3676 57933824
249 1.3402 57802752
250 1.3855 58019840
251 1.3508 58216448
252 1.3641 58892288
253 1.463 59215872
254 1.508 59203584
255 1.3742 59260928
256 1.3876 59813888
257 1.3981 59650048
258 1.4013 59936768
259 1.4109 60538880
260 1.4184 60239872
261 1.4291 60456960
262 1.4312 60964864
263 1.416 60780544
264 1.4725 61059072
265 1.4468 61624320
266 1.4407 61595648
267 1.4463 61661184
268 1.4413 61804544
269 1.4435 62054400
270 1.4456 62181376
271 1.4606 62398464
272 1.4764 62578688
273 1.4772 63315968
274 1.4746 62971904
275 1.4824 63168512
276 1.4871 63361024
277 1.4922 63520768
278 1.5178 63836160
279 1.5018 64028672
280 1.5165 64114688
281 1.5062 64352256
282 1.5185 64544768
283 1.517 64753664
284 1.5389 65257472
285 1.5325 65093632
286 1.5509 65269760
287 1.6033 65720320
288 1.5503 65679360
289 1.5986 65916928
290 1.6392 66109440
291 1.611 66555904
292 1.5719 66498560
293 1.5669 66629632
294 1.5755 66818048
295 1.5821 67125248
296 1.581 67588096
297 1.7745 67846144
298 1.6326 67612672
299 1.6606 68268032
300 1.6049 67997696