1 0.0441 9162752
2 0.0522 9388032
3 0.0558 9498624
4 0.0641 9650176
5 0.0604 9854976
6 0.065 9994240
7 0.0705 10219520
8 0.0727 10358784
9 0.0797 10498048
10 0.0828 10645504
11 0.0918 10809344
12 0.1265 11046912
13 0.1136 11161600
14 0.098 11382784
15 0.0996 11509760
16 0.1077 11702272
17 0.1076 11874304
18 0.1207 11960320
19 0.1158 12189696
20 0.1269 12361728
21 0.1234 12439552
22 0.1275 12599296
23 0.13 12763136
24 0.1584 13062144
25 0.1479 13262848
26 0.1505 13348864
27 0.1549 13508608
28 0.1536 13602816
29 0.1656 13885440
30 0.1702 13963264
31 0.1639 14147584
32 0.1731 14409728
33 0.1733 14405632
34 0.1761 14589952
35 0.1825 14721024
36 0.193 14987264
37 0.1936 15110144
38 0.1986 15196160
39 0.1961 15503360
40 0.2003 15597568
41 0.2045 15839232
42 0.2103 15908864
43 0.2134 16060416
44 0.218 16326656
45 0.2244 16470016
46 0.2249 16556032
47 0.2265 16711680
48 0.2311 16941056
49 0.2382 17047552
50 0.2373 17195008
51 0.2463 17387520
52 0.2515 17518592
53 0.2522 17731584
54 0.2563 17883136
55 0.259 18075648
56 0.2642 18190336
57 0.2684 18325504
58 0.2695 18522112
59 0.2816 18677760
60 0.2804 18857984
61 0.2886 19062784
62 0.2859 19226624
63 0.2902 19316736
64 0.2967 19484672
65 0.2981 19632128
66 0.3039 19742720
67 0.315 19886080
68 0.3088 20123648
69 0.3242 20471808
70 0.3184 20365312
71 0.322 20639744
72 0.3323 20692992
73 0.3381 20963328
74 0.3355 21008384
75 0.3363 21229568
76 0.342 21458944
77 0.3493 21528576
78 0.3526 21835776
79 0.3575 21725184
80 0.3677 22220800
81 0.3665 22237184
82 0.3651 22401024
83 0.3651 22519808
84 0.3707 22597632
85 0.3819 22810624
86 0.3878 23175168
87 0.389 23289856
88 0.3929 23310336
89 0.3971 23658496
90 0.4035 23744512
91 0.4199 23986176
92 0.4088 23912448
93 0.4153 24268800
94 0.4297 24461312
95 0.4239 24510464
96 0.4275 24748032
97 0.4284 24776704
98 0.4308 24985600
99 0.4321 25026560
100 0.4494 25309184
101 0.4459 25526272
102 0.4469 25665536
103 0.479 25903104
104 0.4595 26021888
105 0.4666 26140672
106 0.4655 26300416
107 0.4688 26038272
108 0.4807 26251264
109 0.4821 26361856
110 0.4812 26955776
111 0.4831 26673152
112 0.4971 27308032
113 0.5227 27508736
114 0.5063 27889664
115 0.5121 27455488
116 0.5091 27451392
117 0.5156 28139520
118 0.514 27803648
119 0.5167 28479488
120 0.5265 28573696
121 0.5271 28282880
122 0.5307 28454912
123 0.5391 29085696
124 0.541 29233152
125 0.5414 29413376
126 0.5402 29630464
127 0.5518 29741056
128 0.5531 29872128
129 0.5539 29511680
130 0.5575 30236672
131 0.5614 30355456
132 0.5684 30502912
133 0.5819 30138368
134 0.5793 30367744
135 0.5757 30986240
136 0.59 31191040
137 0.5945 31395840
138 0.5998 31055872
139 0.5966 31625216
140 0.5973 31805440
141 0.6054 31440896
142 0.6133 32137216
143 0.6128 31797248
144 0.617 31895552
145 0.6196 32624640
146 0.628 32882688
147 0.6353 32362496
148 0.6395 32518144
149 0.6393 32694272
150 0.6411 32944128
151 0.6477 33271808
152 0.6419 33193984
153 0.6541 33857536
154 0.6529 33538048
155 0.6666 33701888
156 0.6618 33820672
157 0.6705 34791424
158 0.6672 34635776
159 0.6738 34832384
160 0.688 35287040
161 0.6886 35282944
162 0.7234 35221504
163 0.6952 35598336
164 0.6984 35774464
165 0.7118 36155392
166 0.7098 36208640
167 0.715 35975168
168 0.7139 36392960
169 0.7262 36016128
170 0.7189 36700160
171 0.7285 36859904
172 0.738 37011456
173 0.7442 36634624
174 0.7385 37314560
175 0.741 37511168
176 0.7536 37892096
177 0.7611 38117376
178 0.7594 38215680
179 0.778 37818368
180 0.7731 38518784
181 0.7703 38117376
182 0.7737 38776832
183 0.7768 38948864
184 0.7797 38592512
185 0.7857 38719488
186 0.793 39448576
187 0.7994 39583744
188 0.7976 39714816
189 0.8106 40267776
190 0.8045 40001536
191 0.8147 40189952
192 0.8323 40386560
193 0.8264 40017920
194 0.8251 40411136
195 0.8324 40837120
196 0.8296 41000960
197 0.8339 41168896
198 0.8421 41291776
199 0.8418 40906752
200 0.845 41648128
201 0.8627 41742336
202 0.8588 41902080
203 0.8681 42352640
204 0.8671 41697280
205 0.8733 42012672
206 0.8733 42692608
207 0.8887 42352640
208 0.8889 42942464
209 0.8854 43122688
210 0.8909 43266048
211 0.9137 43487232
212 0.9093 43753472
213 0.9094 43810816
214 0.9117 43945984
215 0.9354 44081152
216 0.9266 43708416
217 0.9259 44822528
218 0.9319 44593152
219 0.9392 44580864
220 0.9341 44638208
221 0.9429 44552192
222 0.9401 44716032
223 0.9526 44363776
224 0.974 44716032
225 0.9464 44658688
226 0.9632 44965888
227 0.9524 45473792
228 0.9632 45101056
229 0.9759 45277184
230 0.9692 45998080
231 0.9773 45735936
232 0.9776 46391296
233 0.9799 46534656
234 0.9894 46653440
235 0.9875 46841856
236 1.0068 46964736
237 0.9943 46637056
238 1.0089 47284224
239 1.0067 47493120
240 1.0207 47583232
241 1.0175 47800320
242 1.0218 47603712
243 1.0252 48082944
244 1.0278 48246784
245 1.0411 48463872
246 1.0334 48607232
247 1.0478 48189440
248 1.0947 48955392
249 1.0895 49246208
250 1.0778 48918528
251 1.0531 49348608
252 1.0649 49815552
253 1.0773 49983488
254 1.0952 50352128
255 1.0829 49782784
256 1.0662 49659904
257 1.0818 50298880
258 1.0799 49983488
259 1.0984 51036160
260 1.0903 50778112
261 1.0994 50896896
262 1.0943 50642944
263 1.1191 50900992
264 1.1131 50958336
265 1.1069 51081216
266 1.1072 51666944
267 1.1129 51388416
268 1.1261 51564544
269 1.1214 51752960
270 1.1439 51933184
271 1.1499 52142080
272 1.1402 52195328
273 1.1657 52486144
274 1.1436 52527104
275 1.1487 52625408
276 1.1491 52862976
277 1.1768 53497856
278 1.1561 53121024
279 1.1632 53276672
280 1.1623 53460992
281 1.1821 53563392
282 1.1775 53841920
283 1.1831 53903360
284 1.1865 54059008
285 1.1969 54255616
286 1.1986 54448128
287 1.2193 54558720
288 1.2013 54738944
289 1.2064 55087104
290 1.2228 55017472
291 1.208 55197696
292 1.2148 55398400
293 1.2229 55525376
294 1.2229 55652352
295 1.2187 55832576
296 1.256 56066048
297 1.2459 56725504
298 1.2484 56647680
299 1.3222 56619008
300 1.2652 57212928