1 0.0034 6537216
2 0.0042 6565888
3 0.0051 6615040
4 0.006 6660096
5 0.0116 6750208
6 0.0125 6811648
7 0.0116 6832128
8 0.0099 6897664
9 0.0135 6983680
10 0.0152 7004160
11 0.016 7061504
12 0.0153 7110656
13 0.0162 7110656
14 0.0202 7249920
15 0.0241 7254016
16 0.0214 7303168
17 0.0266 7401472
18 0.021 7393280
19 0.0256 7462912
20 0.0282 7557120
21 0.0292 7577600
22 0.0276 7634944
23 0.0257 7622656
24 0.0305 7700480
25 0.0339 7749632
26 0.0305 7790592
27 0.03 7819264
28 0.0314 7880704
29 0.0341 7921664
30 0.0385 8040448
31 0.0389 8015872
32 0.0513 8105984
33 0.0388 8122368
34 0.0408 8179712
35 0.0373 8216576
36 0.0415 8290304
37 0.045 8355840
38 0.0393 8351744
39 0.0449 8417280
40 0.0443 8462336
41 0.0421 8486912
42 0.0494 8556544
43 0.0469 8617984
44 0.0488 8650752
45 0.0471 8761344
46 0.051 8810496
47 0.0523 8859648
48 0.0497 8953856
49 0.0553 8966144
50 0.0516 9011200
51 0.0595 9043968
52 0.0576 9052160
53 0.0583 9158656
54 0.0586 9195520
55 0.0632 9183232
56 0.0633 9248768
57 0.0603 9252864
58 0.0634 9342976
59 0.0653 9408512
60 0.0683 9433088
61 0.0613 9551872
62 0.067 9588736
63 0.0652 9580544
64 0.0704 9682944
65 0.076 9760768
66 0.0729 9785344
67 0.0742 9871360
68 0.0691 9887744
69 0.0784 9867264
70 0.0786 9961472
71 0.0785 10059776
72 0.0806 10047488
73 0.078 10096640
74 0.084 10113024
75 0.0786 10137600
76 0.0826 10280960
77 0.0788 10330112
78 0.0822 10330112
79 0.0868 10387456
80 0.0866 10473472
81 0.0819 10416128
82 0.0854 10526720
83 0.0933 10559488
84 0.0875 10678272
85 0.0894 10768384
86 0.0949 10686464
87 0.0942 10727424
88 0.0892 10854400
89 0.0887 10887168
90 0.0972 10878976
91 0.0948 10948608
92 0.0947 10956800
93 0.0957 11046912
94 0.0961 11071488
95 0.0984 11108352
96 0.1031 11214848
97 0.095 11264000
98 0.106 11251712
99 0.1041 11333632
100 0.1032 11390976
101 0.1089 11472896
102 0.1136 11517952
103 0.1106 11661312
104 0.1092 11669504
105 0.1126 11603968
106 0.1195 11673600
107 0.1238 11685888
108 0.118 11759616
109 0.1195 11771904
110 0.1137 11837440
111 0.1118 11911168
112 0.1253 12021760
113 0.1183 12046336
114 0.1161 12115968
115 0.1239 12173312
116 0.1204 12214272
117 0.1147 12189696
118 0.1227 12230656
119 0.1297 12328960
120 0.1222 12333056
121 0.1312 12570624
122 0.1267 12570624
123 0.1228 12521472
124 0.1224 12595200
125 0.1443 12640256
126 0.1271 12668928
127 0.1344 12648448
128 0.1412 12734464
129 0.1288 12763136
130 0.1296 12828672
131 0.1369 12873728
132 0.1332 12910592
133 0.1444 12967936
134 0.1385 13049856
135 0.1349 13049856
136 0.1353 13152256
137 0.1467 13180928
138 0.1444 13357056
139 0.1523 13488128
140 0.1387 13348864
141 0.1398 13455360
142 0.1481 13443072
143 0.1431 13430784
144 0.1525 13516800
145 0.1502 13721600
146 0.1427 13697024
147 0.1497 13783040
148 0.155 13836288
149 0.1568 13803520
150 0.1607 13819904
151 0.1475 13889536
152 0.1534 13987840
153 0.1602 14000128
154 0.1531 14036992
155 0.1591 14061568
156 0.153 14151680
157 0.1564 14295040
158 0.1683 14311424
159 0.1605 14237696
160 0.1742 14348288
161 0.1637 14344192
162 0.1608 14368768
163 0.1682 14512128
164 0.1709 14512128
165 0.1769 14532608
166 0.1679 14639104
167 0.1598 14700544
168 0.1778 14770176
169 0.1704 14675968
170 0.1768 14766080
171 0.1695 14766080
172 0.1682 14929920
173 0.182 14983168
174 0.1753 15110144
175 0.1861 14995456
176 0.1789 15036416
177 0.1777 15138816
178 0.1881 15110144
179 0.1827 15282176
180 0.1889 15400960
181 0.1727 15323136
182 0.1852 15319040
183 0.1914 15462400
184 0.1985 15597568
185 0.1785 15478784
186 0.1955 15577088
187 0.1943 15572992
188 0.1896 15605760
189 0.1844 15659008
190 0.2004 15884288
191 0.1953 15794176
192 0.1914 15855616
193 0.1998 15925248
194 0.1973 15937536
195 0.2019 15921152
196 0.2042 15990784
197 0.2033 16146432
198 0.1917 16031744
199 0.2021 16121856
200 0.2006 16138240
201 0.2062 16261120
202 0.1996 16281600
203 0.2039 16322560
204 0.2041 16388096
205 0.2094 16515072
206 0.2053 16601088
207 0.2042 16613376
208 0.2148 16687104
209 0.2132 16650240
210 0.2113 16613376
211 0.2157 16760832
212 0.2165 16687104
213 0.2254 16867328
214 0.2173 16875520
215 0.2154 16961536
216 0.2219 17121280
217 0.22 16986112
218 0.2149 16920576
219 0.2279 17203200
220 0.2258 17166336
221 0.2367 17215488
222 0.2137 17330176
223 0.2384 17367040
224 0.2233 17362944
225 0.2385 17453056
226 0.2244 17338368
227 0.2383 17420288
228 0.2348 17534976
229 0.235 17637376
230 0.2257 17502208
231 0.2428 17747968
232 0.2451 17690624
233 0.2252 17661952
234 0.236 17907712
235 0.2413 17969152
236 0.2495 17952768
237 0.2534 18182144
238 0.2523 18112512
239 0.2515 18247680
240 0.2344 18141184
241 0.2411 18161664
242 0.2469 18116608
243 0.2512 18313216
244 0.2528 18362368
245 0.2618 18530304
246 0.2598 18395136
247 0.2442 18505728
248 0.2517 18587648
249 0.2651 18767872
250 0.2547 18644992
251 0.2499 18665472
252 0.2591 18673664
253 0.2595 18649088
254 0.2447 18657280
255 0.257 18718720
256 0.261 18698240
257 0.2547 18944000
258 0.2553 18894848
259 0.2571 18874368
260 0.2622 19062784
261 0.2548 19156992
262 0.2666 19132416
263 0.2641 19128320
264 0.2559 19292160
265 0.2684 19341312
266 0.2797 19206144
267 0.2586 19353600
268 0.2744 19333120
269 0.2764 19525632
270 0.2709 19501056
271 0.2744 19615744
272 0.2759 19468288
273 0.2786 19759104
274 0.271 19730432
275 0.282 19746816
276 0.2785 19767296
277 0.2722 19705856
278 0.2887 20172800
279 0.2871 20049920
280 0.2784 20037632
281 0.2919 20152320
282 0.2957 20078592
283 0.2753 20312064
284 0.2953 20279296
285 0.2977 20201472
286 0.2862 20324352
287 0.3036 20348928
288 0.2945 20586496
289 0.2971 20606976
290 0.3051 20549632
291 0.3125 20738048
292 0.315 20713472
293 0.3183 20910080
294 0.3137 21069824
295 0.3209 20881408
296 0.2977 20934656
297 0.3031 20926464
298 0.3108 20889600
299 0.3222 21135360
300 0.2956 21065728