1 0.0431 9109504
2 0.0589 9342976
3 0.0574 9596928
4 0.0618 9711616
5 0.0684 9949184
6 0.0704 10186752
7 0.0755 10412032
8 0.082 10559488
9 0.0893 10825728
10 0.0892 10940416
11 0.0972 11202560
12 0.1024 11407360
13 0.1053 11612160
14 0.1084 11804672
15 0.115 12038144
16 0.1198 12148736
17 0.1245 12361728
18 0.1299 12537856
19 0.1408 12726272
20 0.147 13000704
21 0.1507 13283328
22 0.1548 13381632
23 0.1546 13615104
24 0.1596 13811712
25 0.172 13930496
26 0.1693 14135296
27 0.1788 14397440
28 0.1907 14614528
29 0.1878 14778368
30 0.1966 15003648
31 0.1968 15228928
32 0.2101 15355904
33 0.2077 15605760
34 0.2113 15798272
35 0.2171 15953920
36 0.2251 16228352
37 0.225 16379904
38 0.2338 16601088
39 0.2432 16871424
40 0.2449 16957440
41 0.2517 17133568
42 0.255 17321984
43 0.259 17510400
44 0.2663 17711104
45 0.27 17969152
46 0.2733 18100224
47 0.2767 18321408
48 0.2813 18505728
49 0.2894 18780160
50 0.2976 19013632
51 0.3088 19271680
52 0.3062 19271680
53 0.3092 19378176
54 0.3206 19795968
55 0.3239 19980288
56 0.3265 20131840
57 0.3318 20250624
58 0.3408 20553728
59 0.3397 20746240
60 0.3474 20832256
61 0.3511 21135360
62 0.3672 21377024
63 0.386 21540864
64 0.3701 21823488
65 0.3763 22032384
66 0.3805 22069248
67 0.3911 22245376
68 0.3945 22605824
69 0.3965 22638592
70 0.4032 22908928
71 0.4107 23060480
72 0.4126 23347200
73 0.4195 23572480
74 0.4182 23752704
75 0.4349 23982080
76 0.4317 23998464
77 0.4518 24514560
78 0.4382 24592384
79 0.4434 24772608
80 0.4535 24911872
81 0.4789 25333760
82 0.4637 25157632
83 0.4738 25513984
84 0.4704 25305088
85 0.48 25890816
86 0.4774 26152960
87 0.4879 26259456
88 0.4907 25927680
89 0.4937 26132480
90 0.508 27090944
91 0.5167 27041792
92 0.5368 27365376
93 0.5188 27484160
94 0.5364 27250688
95 0.5357 27348992
96 0.5292 28008448
97 0.5403 27713536
98 0.5597 28073984
99 0.5551 28704768
100 0.5622 28475392
101 0.5653 29081600
102 0.5692 29339648
103 0.5759 29016064
104 0.5928 29868032
105 0.6066 29577216
106 0.6072 30191616
107 0.604 30420992
108 0.5929 30445568
109 0.6111 30736384
110 0.615 30830592
111 0.6134 30535680
112 0.628 31363072
113 0.6243 31440896
114 0.6355 31182848
115 0.6358 31907840
116 0.6505 32100352
117 0.6544 32600064
118 0.65 32038912
119 0.6596 32620544
120 0.6718 32477184
121 0.6795 33267712
122 0.7072 33124352
123 0.7362 33730560
124 0.7199 33800192
125 0.7703 34017280
126 0.6941 33730560
127 0.7099 34103296
128 0.7228 34885632
129 0.7154 34492416
130 0.7251 34799616
131 0.719 35225600
132 0.7365 34881536
133 0.7336 35631104
134 0.7526 36200448
135 0.7608 35840000
136 0.7589 35667968
137 0.7543 36417536
138 0.7693 36564992
139 0.7653 36683776
140 0.7711 37064704
141 0.7891 37285888
142 0.7877 37638144
143 0.7832 37634048
144 0.7829 37773312
145 0.7908 38014976
146 0.8015 37584896
147 0.816 38727680
148 0.8191 38539264
149 0.8174 38735872
150 0.8196 38719488
151 0.8251 38625280
152 0.8389 39612416
153 0.8339 39477248
154 0.8415 39145472
155 0.8415 39346176
156 0.8635 40472576
157 0.8495 40222720
158 0.8802 40509440
159 0.8579 40087552
160 0.8675 40304640
161 0.8785 41033728
162 0.8784 40669184
163 0.8993 41852928
164 0.8899 41111552
165 0.8894 41824256
166 0.9009 42037248
167 0.9099 42684416
168 0.9162 42438656
169 0.9212 42074112
170 0.9184 43241472
171 0.9329 42979328
172 0.935 43356160
173 0.9395 43147264
174 0.948 42573824
175 0.9377 42721280
176 0.9632 43941888
177 0.9556 43626496
178 0.964 43315200
179 0.9898 44036096
180 1.001 44253184
181 0.9894 44462080
182 0.9952 44474368
183 1.0223 44867584
184 1.0346 45187072
185 1.0276 45039616
186 1.0209 45686784
187 1.0163 45027328
188 1.0348 46219264
189 1.0239 45965312
190 1.0355 45645824
191 1.0259 46362624
192 1.0368 46600192
193 1.0365 46227456
194 1.0431 46960640
195 1.0505 47251456
196 1.0563 46862336
197 1.0591 47620096
198 1.072 47734784
199 1.0725 47939584
200 1.0832 47632384
201 1.0784 48320512
202 1.0908 48508928
203 1.091 48779264
204 1.0934 48381952
205 1.1234 48975872
206 1.1099 49209344
207 1.1219 49319936
208 1.13 49553408
209 1.1756 49758208
210 1.1505 50098176
211 1.1527 50233344
212 1.1562 50671616
213 1.1642 50499584
214 1.1579 50716672
215 1.1598 50872320
216 1.1694 51576832
217 1.1712 51281920
218 1.1928 51531776
219 1.1868 51679232
220 1.2105 51908608
221 1.1964 52117504
222 1.2013 52232192
223 1.2001 52428800
224 1.2111 52613120
225 1.2273 53305344
226 1.2156 53002240
227 1.2423 53215232
228 1.2496 53383168
229 1.2493 54034432
230 1.2379 54267904
231 1.2413 54116352
232 1.2554 54288384
233 1.2644 54874112
234 1.2681 54972416
235 1.3284 55037952
236 1.281 55570432
237 1.272 55726080
238 1.3026 55926784
239 1.3031 56074240
240 1.2907 55836672
241 1.3033 56119296
242 1.3161 56180736
243 1.3322 56717312
244 1.3219 56897536
245 1.3216 57032704
246 1.3397 57716736
247 1.3513 57782272
248 1.3329 57638912
249 1.343 57905152
250 1.3743 58015744
251 1.3624 58257408
252 1.3506 58417152
253 1.381 58900480
254 1.379 59056128
255 1.3862 59260928
256 1.3978 59453440
257 1.3924 60014592
258 1.3897 60280832
259 1.4039 60039168
260 1.4147 60231680
261 1.4046 60432384
262 1.4006 60583936
263 1.4394 60895232
264 1.4438 61022208
265 1.4408 61538304
266 1.4488 61562880
267 1.441 61661184
268 1.4457 61804544
269 1.4719 62210048
270 1.4653 62259200
271 1.4617 62423040
272 1.4646 62562304
273 1.4783 62742528
274 1.531 63012864
275 1.4765 63205376
276 1.4861 63328256
277 1.4834 63541248
278 1.4954 63741952
279 1.5432 64045056
280 1.4987 64155648
281 1.524 64720896
282 1.5079 64552960
283 1.5154 64733184
284 1.5373 65400832
285 1.5338 65089536
286 1.5366 65302528
287 1.5727 65462272
288 1.5432 65638400
289 1.547 65843200
290 1.5601 66093056
291 1.5953 66727936
292 1.5762 66478080
293 1.5657 66658304
294 1.5812 67272704
295 1.5757 67026944
296 1.5835 67670016
297 1.615 67895296
298 1.5978 67608576
299 1.6059 67858432
300 1.6068 68018176