1 0.0456 9138176
2 0.0455 9281536
3 0.0501 9449472
4 0.0526 9613312
5 0.0581 9805824
6 0.0603 9969664
7 0.0645 10162176
8 0.0722 10366976
9 0.0759 10481664
10 0.0772 10641408
11 0.0798 10772480
12 0.0828 10960896
13 0.0887 11137024
14 0.0967 11292672
15 0.0949 11436032
16 0.0992 11595776
17 0.1034 11788288
18 0.1126 12128256
19 0.1111 12099584
20 0.1147 12263424
21 0.1185 12427264
22 0.1272 12632064
23 0.1284 12791808
24 0.1297 12922880
25 0.1388 13115392
26 0.1384 13250560
27 0.1425 13406208
28 0.1507 13615104
29 0.1501 13754368
30 0.1554 13942784
31 0.1623 14114816
32 0.1663 14274560
33 0.1676 14422016
34 0.1691 14606336
35 0.175 14790656
36 0.1791 14942208
37 0.1807 15122432
38 0.1855 15269888
39 0.1939 15446016
40 0.1934 15577088
41 0.1997 15765504
42 0.2046 15929344
43 0.2058 16097280
44 0.2102 16281600
45 0.2152 16441344
46 0.2212 16695296
47 0.2227 16760832
48 0.2249 16891904
49 0.2422 17072128
50 0.2324 17207296
51 0.242 17416192
52 0.2442 17620992
53 0.2565 17813504
54 0.2548 17907712
55 0.2561 18071552
56 0.2649 18235392
57 0.2664 18477056
58 0.2682 18583552
59 0.2726 18739200
60 0.2744 18903040
61 0.2786 19034112
62 0.2834 19234816
63 0.2899 19394560
64 0.2985 19673088
65 0.2967 19595264
66 0.298 19738624
67 0.3006 20049920
68 0.309 20226048
69 0.3157 20467712
70 0.3164 20402176
71 0.3175 20701184
72 0.3216 20840448
73 0.3401 21180416
74 0.328 21233664
75 0.3345 21385216
76 0.3397 21409792
77 0.3392 21708800
78 0.3504 21737472
79 0.3557 22159360
80 0.3591 22216704
81 0.3578 22335488
82 0.3601 22466560
83 0.3637 22634496
84 0.3922 22835200
85 0.3764 22896640
86 0.3807 23220224
87 0.3902 23396352
88 0.3892 23519232
89 0.3935 23703552
90 0.3946 23814144
91 0.3974 23990272
92 0.4054 24113152
93 0.4079 24199168
94 0.4113 24473600
95 0.4168 24477696
96 0.4209 24674304
97 0.4234 24997888
98 0.4269 24985600
99 0.4439 25276416
100 0.435 25333760
101 0.439 25579520
102 0.442 25792512
103 0.4515 25849856
104 0.4514 26148864
105 0.462 26083328
106 0.4751 26730496
107 0.4652 26066944
108 0.4808 26890240
109 0.4819 27033600
110 0.4791 27107328
111 0.4912 27283456
112 0.4869 26902528
113 0.4889 27037696
114 0.5133 27750400
115 0.4991 27377664
116 0.5049 28143616
117 0.5103 27766784
118 0.5144 28467200
119 0.5096 28594176
120 0.5223 28868608
121 0.5225 28401664
122 0.5222 28536832
123 0.5269 28721152
124 0.5326 29401088
125 0.5466 29790208
126 0.542 29724672
127 0.5432 29347840
128 0.5599 29798400
129 0.554 29691904
130 0.5534 30380032
131 0.565 30535680
132 0.5628 30666752
133 0.5666 30859264
134 0.5763 30580736
135 0.5794 31203328
136 0.5795 31330304
137 0.5876 31506432
138 0.5978 31186944
139 0.5915 31821824
140 0.595 31989760
141 0.5975 32169984
142 0.6062 32559104
143 0.6086 31944704
144 0.6145 32120832
145 0.6158 32288768
146 0.617 32968704
147 0.6303 33046528
148 0.6384 33488896
149 0.6361 33579008
150 0.6421 33726464
151 0.6441 33894400
152 0.6501 33525760
153 0.6568 34222080
154 0.6511 33841152
155 0.6569 34033664
156 0.6699 34754560
157 0.6627 34369536
158 0.6725 35033088
159 0.6708 34668544
160 0.6797 34828288
161 0.6965 35008512
162 0.7891 35733504
163 0.7803 35352576
164 0.7354 36077568
165 0.8385 36233216
166 0.8019 36384768
167 0.7256 36708352
168 0.7431 36880384
169 0.7293 36257792
170 0.7206 36458496
171 0.7196 37146624
172 0.7214 37228544
173 0.7335 36917248
174 0.7455 37834752
175 0.7536 37933056
176 0.766 38141952
177 0.7547 37777408
178 0.753 37904384
179 0.7551 38096896
180 0.7628 38744064
181 0.7689 38506496
182 0.7754 39309312
183 0.778 39231488
184 0.7841 39407616
185 0.823 39194624
186 0.8029 39890944
187 0.7916 39804928
188 0.9147 40157184
189 0.858 39694336
190 0.8405 39858176
191 0.8334 40701952
192 0.8328 41144320
193 0.9084 40517632
194 0.863 40714240
195 0.8256 41091072
196 0.8259 41254912
197 0.8309 41668608
198 0.8444 41046016
199 0.8378 41209856
200 0.843 42000384
201 0.8486 41844736
202 0.8503 41693184
203 0.8461 41857024
204 0.8534 42012672
205 0.8743 43114496
206 0.9018 43196416
207 0.8853 43106304
208 0.8825 43356160
209 0.8861 43544576
210 0.8877 43597824
211 0.8871 43716608
212 0.8999 43372544
213 0.9009 43552768
214 1.0552 43847680
215 1.12 44445696
216 1.0784 43843584
217 0.9326 44351488
218 0.9177 44367872
219 0.9182 43978752
220 0.9254 44695552
221 0.9348 44670976
222 0.9366 44982272
223 0.9465 45174784
224 0.9472 45330432
225 0.9434 45170688
226 0.9597 45756416
227 0.9632 45805568
228 0.9566 45977600
229 0.9686 45604864
230 1.0402 46485504
231 0.9859 47042560
232 0.9736 46694400
233 0.9931 47325184
234 0.9827 46473216
235 0.9822 47116288
236 0.9966 47312896
237 0.9875 46919680
238 0.9958 47161344
239 0.9995 47779840
240 1.0231 48500736
241 1.0243 48529408
242 1.017 47718400
243 1.0309 47960064
244 1.0267 48533504
245 1.0341 49053696
246 1.0339 48926720
247 1.0382 49053696
248 1.0436 49217536
249 1.0485 49922048
250 1.0498 50057216
251 1.0504 49258496
252 1.0569 49876992
253 1.0555 50073600
254 1.0621 50229248
255 1.0671 49852416
256 1.0652 50552832
257 1.0846 50692096
258 1.0813 50630656
259 1.0838 50483200
260 1.0847 50663424
261 1.0915 50823168
262 1.0911 50974720
263 1.096 51138560
264 1.1108 51335168
265 1.0993 51462144
266 1.114 51871744
267 1.1151 52199424
268 1.1264 52367360
269 1.1235 52621312
270 1.1163 52269056
271 1.1351 52432896
272 1.1303 52617216
273 1.1332 52748288
274 1.1435 52887552
275 1.1396 53039104
276 1.1532 53256192
277 1.162 53399552
278 1.1577 53547008
279 1.1598 53743616
280 1.1648 53858304
281 1.177 54198272
282 1.1714 54153216
283 1.1792 54329344
284 1.1797 54509568
285 1.1998 55242752
286 1.1934 55332864
287 1.1931 54984704
288 1.2082 55463936
289 1.1972 55324672
290 1.2047 55906304
291 1.2037 55603200
292 1.232 56369152
293 1.2311 55971840
294 1.22 56107008
295 1.2237 56541184
296 1.231 56721408
297 1.2357 56885248
298 1.234 57044992
299 1.2467 57188352
300 1.2486 57810944