1 0.1793 19222528
2 0.2125 19922944
3 0.1979 20172800
4 0.2039 20348928
5 0.2135 20815872
6 0.2214 20885504
7 0.23 21065728
8 0.2529 21508096
9 0.2629 21962752
10 0.263 22163456
11 0.2996 22474752
12 0.2781 22896640
13 0.2925 23068672
14 0.4118 23363584
15 0.3339 23707648
16 0.3434 24006656
17 0.3478 24322048
18 0.345 24764416
19 0.3991 24887296
20 0.3853 25419776
21 0.3976 25604096
22 0.4002 25882624
23 0.4002 26296320
24 0.4489 26505216
25 0.4208 26886144
26 0.4411 27328512
27 0.4439 27607040
28 0.5152 27815936
29 0.4673 28090368
30 0.5187 28475392
31 0.4973 28733440
32 0.4945 29040640
33 0.5139 29360128
34 0.5298 29638656
35 0.5013 29929472
36 0.5445 30334976
37 0.5082 30781440
38 0.5231 30879744
39 0.5357 31350784
40 0.5354 31641600
41 0.5644 31846400
42 0.5733 32149504
43 0.6036 32432128
44 0.6061 32923648
45 0.595 33198080
46 0.5868 33337344
47 0.6089 33800192
48 0.6324 34217984
49 0.6564 34373632
50 0.6369 34816000
51 0.6371 35143680
52 0.6451 35450880
53 0.6467 35639296
54 0.6675 35971072
55 0.7014 36306944
56 0.7122 36655104
57 0.7325 36970496
58 0.7192 37404672
59 0.712 37801984
60 0.7408 37957632
61 0.7251 38211584
62 0.7318 38649856
63 0.7585 38780928
64 0.7535 39362560
65 0.7872 39383040
66 0.7793 39714816
67 0.7718 40034304
68 0.7877 40419328
69 0.7882 40615936
70 0.7982 40865792
71 0.8093 41299968
72 0.829 41603072
73 0.8308 42033152
74 0.8318 42098688
75 0.8367 42373120
76 0.8511 42680320
77 0.8596 43106304
78 0.8783 43347968
79 0.9189 43823104
80 0.9401 43900928
81 0.9564 44421120
82 0.9679 44851200
83 0.9894 44867584
84 0.9602 45330432
85 0.9802 45608960
86 0.9873 46182400
87 1.0047 46198784
88 1.0008 46522368
89 1.0382 46903296
90 1.0604 47304704
91 1.0434 47587328
92 1.0362 47890432
93 1.015 48025600
94 1.0226 48365568
95 1.0222 48541696
96 1.1086 48955392
97 1.0722 49463296
98 1.061 49729536
99 1.0724 50069504
100 1.0795 50143232
101 1.114 50847744
102 1.1505 50909184
103 1.135 51515392
104 1.1433 51847168
105 1.1565 52219904
106 1.1717 52473856
107 1.1805 52449280
108 1.1547 52928512
109 1.219 53297152
110 1.2133 53800960
111 1.2589 53690368
112 1.2573 54243328
113 1.2279 54231040
114 1.2289 54591488
115 1.2568 55238656
116 1.2713 55324672
117 1.2394 55877632
118 1.3366 56053760
119 1.2689 56233984
120 1.285 56426496
121 1.2728 56303616
122 1.2833 56709120
123 1.361 56922112
124 1.3068 57368576
125 1.3108 57950208
126 1.318 57851904
127 1.3313 58281984
128 1.33 58421248
129 1.3556 58834944
130 1.5056 59047936
131 1.391 59658240
132 1.4021 60080128
133 1.3903 60375040
134 1.3988 60661760
135 1.4464 60567552
136 1.5078 60936192
137 1.4985 61255680
138 1.4535 61939712
139 1.4887 61779968
140 1.5111 62103552
141 1.5057 62496768
142 1.5123 63053824
143 1.5525 63045632
144 1.6599 63324160
145 1.5415 63619072
146 1.5088 64233472
147 1.5233 64724992
148 1.5539 64503808
149 1.5157 64630784
150 1.5298 64757760
151 1.5454 64888832
152 1.5535 64839680
153 1.5645 65126400
154 1.6117 65568768
155 1.5786 65617920
156 1.5861 66084864
157 1.5991 66351104
158 1.6093 66641920
159 1.6374 67018752
160 1.6323 67223552
161 1.6528 67502080
162 1.7479 68096000
163 1.6687 68444160
164 1.6706 68874240
165 1.6835 69210112
166 1.6929 69279744
167 1.6929 69693440
168 1.7406 69922816
169 1.7896 70279168
170 1.7447 70877184
171 1.7377 71012352
172 1.7513 71577600
173 1.7506 71684096
174 1.7676 72298496
175 1.781 73023488
176 1.8129 72867840
177 1.8582 73076736
178 1.8813 73310208
179 1.9631 73560064
180 2.0018 73965568
181 2.0538 74166272
182 2.0059 74502144
183 2.2537 74776576
184 1.9519 75063296
185 1.9403 75444224
186 1.9451 76210176
187 1.9621 76304384
188 1.9535 76480512
189 1.9583 76759040
190 1.979 76972032
191 1.9925 77787136
192 2.0156 77672448
193 1.9947 78082048
194 2.0346 78159872
195 2.0625 78450688
196 2.2791 78749696
197 2.0942 79171584
198 2.0355 79646720
199 2.0733 79720448
200 2.0795 80367616
201 2.0863 80584704
202 2.1005 80998400
203 2.0955 81289216
204 2.1248 81731584
205 2.1311 82608128
206 2.1206 82128896
207 2.1612 82595840
208 2.1582 82862080
209 2.18 83599360
210 2.1839 83623936
211 2.1931 84123648
212 2.1888 83955712
213 2.204 84652032
214 2.2124 84668416
215 2.3408 84938752
216 2.3006 85250048
217 2.3716 85704704
218 2.2235 86319104
219 2.4181 86155264
220 2.5191 86495232
221 2.4617 86925312
222 2.457 87085056
223 2.4865 87437312
224 2.5676 87683072
225 2.5544 87998464
226 2.3525 88358912
227 2.3583 88866816
228 2.3692 89137152
229 2.3375 89432064
230 2.3621 89481216
231 2.3542 90361856
232 2.3825 90566656
233 2.8607 90591232
234 2.3686 90902528
235 2.3379 91152384
236 2.3657 91873280
237 2.3568 92053504
238 2.3811 92729344
239 2.3796 92905472
240 2.3734 92745728
241 2.4502 93278208
242 2.4223 93507584
243 2.4106 93908992
244 2.4388 94298112
245 2.5359 93999104
246 3.0632 94232576
247 3.0937 93921280
248 2.8351 94175232
249 3.0004 94498816
250 2.7925 95031296
251 2.4866 95170560
252 2.4987 95330304
253 2.5038 95563776
254 2.5116 95989760
255 2.5196 96272384
256 2.5604 96698368
257 2.5618 97009664
258 2.5569 97214464
259 2.5549 97509376
260 2.5656 97984512
261 2.557 98656256
262 2.5944 98566144
263 2.598 99295232
264 2.6088 99012608
265 2.6221 99766272
266 2.6366 99831808
267 2.6348 100392960
268 2.6508 100716544
269 2.6411 100499456
270 2.6698 101060608
271 2.668 101400576
272 2.6536 101781504
273 2.6856 102285312
274 2.7024 102658048
275 2.7092 102883328
276 2.7043 102821888
277 2.725 103198720
278 2.7313 103424000
279 3.0762 103796736
280 2.9406 104136704
281 2.8596 104230912
282 3.0027 104554496
283 2.7736 104980480
284 2.7785 105320448
285 3.055 105439232
286 2.8243 106156032
287 2.8154 106749952
288 2.827 106708992
289 2.8393 107171840
290 2.8305 107196416
291 2.8391 107503616
292 2.8776 107560960
293 2.8622 108171264
294 2.8814 108871680
295 2.8871 109121536
296 2.8823 109006848
297 2.8928 109727744
298 2.8958 109600768
299 2.9191 109895680
300 2.9241 110731264