1 0.0427 9101312
2 0.0515 9330688
3 0.0525 9519104
4 0.0635 9842688
5 0.0626 9916416
6 0.071 10219520
7 0.0763 10379264
8 0.0819 10579968
9 0.086 10768384
10 0.0892 10973184
11 0.0925 11182080
12 0.0988 11444224
13 0.1065 11587584
14 0.1069 11747328
15 0.1136 12025856
16 0.1179 12169216
17 0.1288 12443648
18 0.1312 12595200
19 0.1335 12808192
20 0.1441 12996608
21 0.1443 13209600
22 0.152 13402112
23 0.1576 13635584
24 0.1584 13787136
25 0.164 14028800
26 0.1716 14192640
27 0.1741 14438400
28 0.1823 14626816
29 0.1864 14864384
30 0.1961 15110144
31 0.2035 15392768
32 0.2032 15511552
33 0.2061 15683584
34 0.2136 15880192
35 0.2152 16068608
36 0.2254 16257024
37 0.2373 16519168
38 0.2353 16699392
39 0.2351 16883712
40 0.2452 17055744
41 0.2474 17276928
42 0.2533 17461248
43 0.2581 17661952
44 0.2654 17862656
45 0.2704 18042880
46 0.2756 18362368
47 0.2819 18366464
48 0.2873 18558976
49 0.2893 18886656
50 0.2962 18980864
51 0.3011 19288064
52 0.3076 19570688
53 0.3121 19677184
54 0.3229 19996672
55 0.3251 20090880
56 0.3302 20291584
57 0.336 20377600
58 0.344 20619264
59 0.3432 20979712
60 0.35 21184512
61 0.3593 21397504
62 0.3668 21721088
63 0.4376 21868544
64 0.3764 22028288
65 0.3801 22085632
66 0.3867 22417408
67 0.393 22728704
68 0.3948 22798336
69 0.4012 23040000
70 0.399 23166976
71 0.4125 23408640
72 0.425 23633920
73 0.4186 23789568
74 0.4267 23867392
75 0.4293 24145920
76 0.4324 24375296
77 0.4432 24571904
78 0.4433 24772608
79 0.4507 24936448
80 0.4672 25198592
81 0.4615 25235456
82 0.4605 25563136
83 0.4751 25751552
84 0.4752 25968640
85 0.4779 26140672
86 0.4875 26345472
87 0.4929 26558464
88 0.4972 26202112
89 0.4947 26910720
90 0.5044 27148288
91 0.5145 27443200
92 0.5142 27529216
93 0.5184 27725824
94 0.5247 27901952
95 0.5307 27648000
96 0.5378 27820032
97 0.5421 28561408
98 0.5544 28815360
99 0.5481 28909568
100 0.5591 29286400
101 0.5686 29450240
102 0.5699 29683712
103 0.5858 29859840
104 0.5903 29483008
105 0.5914 29925376
106 0.5933 30461952
107 0.604 30642176
108 0.6147 30294016
109 0.6076 31019008
110 0.6178 31293440
111 0.6195 30904320
112 0.6322 31801344
113 0.6346 31817728
114 0.6404 31985664
115 0.6383 32215040
116 0.6535 31956992
117 0.66 32690176
118 0.6623 33005568
119 0.6684 33198080
120 0.6696 32878592
121 0.6714 33603584
122 0.6793 33779712
123 0.6928 34111488
124 0.7043 33832960
125 0.7028 34033664
126 0.7094 34779136
127 0.703 34336768
128 0.7141 34492416
129 0.7164 34701312
130 0.7259 35225600
131 0.7304 35598336
132 0.7314 35332096
133 0.7401 35487744
134 0.7462 36241408
135 0.7504 35876864
136 0.7576 36610048
137 0.757 36298752
138 0.7714 36454400
139 0.7673 37175296
140 0.7804 37380096
141 0.7856 37396480
142 0.8117 37986304
143 0.812 37965824
144 0.8058 38334464
145 0.8008 38367232
146 0.8121 38830080
147 0.809 38748160
148 0.8216 38936576
149 0.8215 39120896
150 0.8347 39251968
151 0.8283 39534592
152 0.8396 39739392
153 0.8515 40271872
154 0.8507 39927808
155 0.8507 40321024
156 0.864 40751104
157 0.8617 40177664
158 0.87 40910848
159 0.8792 41164800
160 0.8772 41316352
161 0.8867 41492480
162 0.8854 41189376
163 0.8981 42430464
164 0.9037 41623552
165 0.9037 42373120
166 0.9383 42586112
167 0.9131 42737664
168 0.9748 43106304
169 0.9238 43098112
170 0.9349 42971136
171 0.9379 42479616
172 0.9488 42975232
173 0.9522 42962944
174 0.958 43216896
175 0.9575 43823104
176 0.9612 44007424
177 0.9969 43692032
178 0.9908 44716032
179 0.9911 44634112
180 0.9893 45080576
181 0.9834 44466176
182 0.9933 44679168
183 0.9985 45301760
184 1.0084 45662208
185 1.0057 45789184
186 1.0159 45412352
187 1.019 45649920
188 1.0356 45838336
189 1.0278 46043136
190 1.0412 46911488
191 1.0369 46608384
192 1.0574 47210496
193 1.0496 46886912
194 1.0596 47075328
195 1.0657 47824896
196 1.0825 48361472
197 1.0793 47677440
198 1.083 48381952
199 1.0923 48627712
200 1.0885 48300032
201 1.0859 49000448
202 1.1064 49098752
203 1.1091 49381376
204 1.113 49430528
205 1.134 49840128
206 1.1358 49803264
207 1.1328 50016256
208 1.1434 50204672
209 1.1455 50380800
210 1.1523 50556928
211 1.1573 50790400
212 1.1674 51208192
213 1.1678 51183616
214 1.2104 51888128
215 1.1781 51892224
216 1.1874 51892224
217 1.1936 51961856
218 1.1968 52187136
219 1.1973 52379648
220 1.2008 52535296
221 1.2047 52764672
222 1.2166 52957184
223 1.2277 53161984
224 1.2315 53342208
225 1.2276 53559296
226 1.2407 53788672
227 1.2369 53948416
228 1.2451 54136832
229 1.2589 54341632
230 1.3647 54788096
231 1.2674 55091200
232 1.2707 55209984
233 1.2689 55177216
234 1.2775 55394304
235 1.2755 55611392
236 1.2935 56090624
237 1.3006 56250368
238 1.3121 56635392
239 1.3215 56635392
240 1.3186 56844288
241 1.3283 57135104
242 1.3259 57266176
243 1.3222 57462784
244 1.3452 57843712
245 1.3423 57876480
246 1.3485 58064896
247 1.3549 58716160
248 1.3558 58687488
249 1.4848 59363328
250 1.4914 59359232
251 1.3957 59465728
252 1.3924 59629568
253 1.4071 60157952
254 1.4033 59858944
255 1.4018 60133376
256 1.4164 60731392
257 1.4125 60915712
258 1.406 60669952
259 1.421 60829696
260 1.4253 61067264
261 1.4268 61247488
262 1.4362 61513728
263 1.4443 61640704
264 1.4608 61808640
265 1.4506 62013440
266 1.4543 62242816
267 1.4569 62476288
268 1.4693 62668800
269 1.4689 62803968
270 1.4822 63131648
271 1.4845 63283200
272 1.4816 63422464
273 1.4912 63594496
274 1.4914 63787008
275 1.4893 64049152
276 1.5336 64704512
277 1.5049 64413696
278 1.5604 64602112
279 1.5215 64831488
280 1.5379 65355776
281 1.5351 65634304
282 1.5292 65363968
283 1.5644 65953792
284 1.5416 65757184
285 1.5477 65953792
286 1.5835 66375680
287 1.5701 66461696
288 1.5717 67002368
289 1.5716 66768896
290 1.5862 66998272
291 1.5757 67244032
292 1.5957 67395584
293 1.593 67588096
294 1.6002 67952640
295 1.5986 67997696
296 1.611 68202496
297 1.615 68431872
298 1.6224 69054464
299 1.6598 68968448
300 1.6227 68980736