1 0.0384 8916992
2 0.0448 8998912
3 0.0454 9023488
4 0.0457 8994816
5 0.0438 9039872
6 0.0481 9068544
7 0.0464 9121792
8 0.0453 9101312
9 0.0488 9142272
10 0.0472 9125888
11 0.0444 9150464
12 0.0475 9203712
13 0.0465 9187328
14 0.0462 9244672
15 0.0523 9334784
16 0.0462 9244672
17 0.0497 9347072
18 0.0512 9408512
19 0.0494 9338880
20 0.0503 9355264
21 0.0527 9379840
22 0.0504 9437184
23 0.0583 9412608
24 0.0534 9474048
25 0.0549 9498624
26 0.0526 9486336
27 0.0515 9547776
28 0.0524 9547776
29 0.0538 9568256
30 0.0548 9588736
31 0.0574 9650176
32 0.0628 9637888
33 0.0556 9658368
34 0.0596 9723904
35 0.0631 9728000
36 0.0595 9793536
37 0.058 9789440
38 0.0588 9818112
39 0.0587 9895936
40 0.0642 9887744
41 0.0621 9940992
42 0.0624 9965568
43 0.0606 10010624
44 0.0662 10035200
45 0.0632 10059776
46 0.0632 10104832
47 0.064 10149888
48 0.0625 10178560
49 0.0665 10203136
50 0.0667 10207232
51 0.0666 10268672
52 0.0725 10330112
53 0.0697 10350592
54 0.0697 10391552
55 0.0688 10424320
56 0.0742 10457088
57 0.0733 10489856
58 0.0729 10518528
59 0.0757 10547200
60 0.0723 10612736
61 0.0699 10674176
62 0.0738 10743808
63 0.0799 10768384
64 0.0791 10825728
65 0.0743 10833920
66 0.076 10907648
67 0.0746 10924032
68 0.0814 10964992
69 0.0926 11030528
70 0.0865 11141120
71 0.0829 11091968
72 0.0825 11128832
73 0.0852 11194368
74 0.0816 11276288
75 0.0812 11243520
76 0.089 11284480
77 0.0825 11325440
78 0.0907 11423744
79 0.084 11415552
80 0.0852 11534336
81 0.0923 11505664
82 0.093 11579392
83 0.0949 11689984
84 0.0954 11665408
85 0.0971 11747328
86 0.0906 11780096
87 0.0948 11825152
88 0.0941 11943936
89 0.0903 11960320
90 0.1022 12070912
91 0.117 12075008
92 0.0956 12099584
93 0.0948 12144640
94 0.1005 12234752
95 0.1036 12288000
96 0.0985 12402688
97 0.1039 12390400
98 0.0999 12533760
99 0.11 12570624
100 0.1014 12562432
101 0.1043 12603392
102 0.105 12660736
103 0.1042 12689408
104 0.1088 12861440
105 0.1114 12922880
106 0.1067 12918784
107 0.1149 12959744
108 0.1084 13025280
109 0.1112 13144064
110 0.1107 13119488
111 0.1193 13266944
112 0.1108 13209600
113 0.1118 13361152
114 0.1147 13447168
115 0.1149 13410304
116 0.1169 13533184
117 0.1144 13602816
118 0.1188 13623296
119 0.116 13656064
120 0.1212 13717504
121 0.1212 13774848
122 0.1264 13856768
123 0.1232 13893632
124 0.1237 13979648
125 0.1245 14028800
126 0.1248 14106624
127 0.1266 14176256
128 0.1237 14213120
129 0.13 14303232
130 0.133 14422016
131 0.1615 14434304
132 0.1313 14626816
133 0.1308 14585856
134 0.1334 14659584
135 0.1373 14712832
136 0.1338 14848000
137 0.1403 14909440
138 0.1404 14905344
139 0.1358 14974976
140 0.1384 15056896
141 0.1449 15278080
142 0.1404 15196160
143 0.1391 15261696
144 0.143 15343616
145 0.1416 15413248
146 0.1473 15511552
147 0.1476 15646720
148 0.1451 15659008
149 0.1543 15757312
150 0.1519 15872000
151 0.1492 15921152
152 0.1528 16007168
153 0.1513 16162816
154 0.1555 16154624
155 0.1576 16240640
156 0.1629 16396288
157 0.1576 16408576
158 0.157 16580608
159 0.164 16592896
160 0.1648 16764928
161 0.1753 16793600
162 0.168 16867328
163 0.158 16855040
164 0.1649 16965632
165 0.1732 17133568
166 0.1674 17190912
167 0.1643 17190912
168 0.1722 17346560
169 0.1778 17420288
170 0.1756 17453056
171 0.1738 17473536
172 0.1737 17616896
173 0.1728 17682432
174 0.174 17793024
175 0.1887 17846272
176 0.1776 17883136
177 0.1773 17989632
178 0.1806 18087936
179 0.1848 18149376
180 0.1814 18305024
181 0.1843 18366464
182 0.1833 18432000
183 0.1867 18554880
184 0.1941 18624512
185 0.1859 18665472
186 0.1912 18825216
187 0.2002 18972672
188 0.1947 18952192
189 0.2002 19120128
190 0.196 19206144
191 0.1978 19296256
192 0.1967 19279872
193 0.1988 19415040
194 0.1999 19476480
195 0.1984 19582976
196 0.2032 19750912
197 0.205 19779584
198 0.2115 19877888
199 0.2118 20070400
200 0.2105 20164608
201 0.2099 20127744
202 0.2159 20344832
203 0.2166 20475904
204 0.2124 20357120
205 0.2142 20557824
206 0.2155 20561920
207 0.2171 20729856
208 0.2192 20856832
209 0.2258 20836352
210 0.221 20934656
211 0.231 20934656
212 0.2279 21282816
213 0.2251 21188608
214 0.2321 21295104
215 0.2284 21389312
216 0.2325 21397504
217 0.2298 21590016
218 0.2351 21663744
219 0.2319 21757952
220 0.2319 21839872
221 0.2342 21913600
222 0.2376 22003712
223 0.2399 22118400
224 0.2394 22237184
225 0.2441 22388736
226 0.2458 22413312
227 0.2448 22544384
228 0.2445 22638592
229 0.2476 22740992
230 0.2484 22892544
231 0.2539 22966272
232 0.2624 23109632
233 0.2591 23212032
234 0.2524 23318528
235 0.2616 23478272
236 0.2577 23523328
237 0.259 23601152
238 0.2572 23691264
239 0.2719 24023040
240 0.2693 23953408
241 0.2615 24088576
242 0.2729 24178688
243 0.2707 24297472
244 0.27 24338432
245 0.2733 24522752
246 0.2733 24551424
247 0.2787 24809472
248 0.2726 24768512
249 0.2869 25169920
250 0.2818 24993792
251 0.2858 25075712
252 0.2822 25210880
253 0.2914 25657344
254 0.2866 25473024
255 0.2826 25530368
256 0.2899 25673728
257 0.2884 25743360
258 0.2974 25952256
259 0.2942 26087424
260 0.3056 26144768
261 0.3039 26361856
262 0.3021 26431488
263 0.3081 26546176
264 0.3064 26914816
265 0.3094 26693632
266 0.3098 26857472
267 0.3014 26935296
268 0.3084 27045888
269 0.3027 27201536
270 0.3157 27512832
271 0.3149 27484160
272 0.3098 27578368
273 0.3158 27648000
274 0.3133 27738112
275 0.3259 27951104
276 0.3168 28110848
277 0.3164 28250112
278 0.323 28262400
279 0.3263 28561408
280 0.326 28528640
281 0.3278 28676096
282 0.3323 28798976
283 0.3308 28884992
284 0.3269 29032448
285 0.3305 29122560
286 0.3374 29270016
287 0.3479 29384704
288 0.3329 29642752
289 0.338 29786112
290 0.339 29908992
291 0.3427 30048256
292 0.3479 30244864
293 0.3462 30400512
294 0.3491 30445568
295 0.3543 30629888
296 0.3561 30732288
297 0.3523 30871552
298 0.3613 30912512
299 0.3531 31150080
300 0.3612 31199232
301 0.3588 31432704
302 0.3593 31473664
303 0.3752 31744000
304 0.3788 31809536
305 0.3682 31948800
306 0.3661 32051200
307 0.3724 32198656
308 0.3679 32239616
309 0.3701 32473088
310 0.3783 32538624
311 0.3783 32661504
312 0.3767 32862208
313 0.3825 32993280
314 0.3852 33083392
315 0.3812 33210368
316 0.3907 33370112
317 0.3897 33595392
318 0.5119 33820672
319 0.4521 34025472
320 0.4164 34222080
321 0.4091 34205696
322 0.412 34639872
323 0.4253 34598912
324 0.542 34684928
325 0.4053 34607104
326 0.409 34738176
327 0.4077 34951168
328 0.406 35106816
329 0.4109 35278848
330 0.4125 35307520
331 0.4084 35459072
332 0.4135 35606528
333 0.4153 35762176
334 0.4141 35872768
335 0.4211 36040704
336 0.4206 36167680
337 0.4212 36331520
338 0.4259 36470784
339 0.4363 36622336
340 0.4399 36818944
341 0.4505 36900864
342 0.4391 37441536
343 0.4348 37220352
344 0.4375 37441536
345 0.4676 37683200
346 0.4437 37896192
347 0.4455 37826560
348 0.4546 38305792
349 0.4579 38207488
350 0.4576 38367232
351 0.4486 38449152
352 0.4564 38658048
353 0.4596 38952960
354 0.4552 38961152
355 0.46 39116800
356 0.5399 39448576
357 0.4705 39710720
358 0.4905 39563264
359 0.467 39759872
360 0.4725 39940096
361 0.4728 40038400
362 0.476 40194048
363 0.4764 40423424
364 0.4828 40595456
365 0.4809 40697856
366 0.4822 40914944
367 0.4863 41127936
368 0.4895 41562112
369 0.4833 41357312
370 0.4942 41635840
371 0.4884 41672704
372 0.4888 41820160
373 0.5063 42008576
374 0.4963 42143744
375 0.5168 42369024
376 0.5102 42504192
377 0.5048 42643456
378 0.5325 42946560
379 0.5209 43040768
380 0.5142 43163648
381 0.5195 43397120
382 0.5198 43577344
383 0.5205 43671552
384 0.5168 43810816
385 0.5301 44105728
386 0.5443 44163072
387 0.541 44347392
388 0.5285 44568576
389 0.5358 44736512
390 0.5532 45002752
391 0.6639 45232128
392 0.667 45383680
393 0.5534 45486080
394 0.5603 45723648
395 0.568 45899776
396 0.5463 45891584
397 0.5538 46022656
398 0.5518 46284800
399 0.5687 46419968
400 0.5772 46641152
401 0.5669 46776320
402 0.5764 46964736
403 0.5782 47247360
404 0.5756 47230976
405 0.5857 47386624
406 0.5741 47792128
407 0.5701 47718400
408 0.5677 47955968
409 0.5871 48275456
410 0.5705 48308224
411 0.5994 48803840
412 0.5844 48672768
413 0.5838 48848896
414 0.5822 49057792
415 0.5944 49242112
416 0.585 49340416
417 0.6365 49721344
418 0.6078 49967104
419 0.6181 50143232
420 0.6021 50110464
421 0.6093 50257920
422 0.6179 51077120
423 0.6034 50638848
424 0.6155 50847744
425 0.6182 50974720
426 0.6397 51159040
427 0.6246 51347456
428 0.615 51613696
429 0.6376 52330496
430 0.6313 51961856
431 0.6422 52645888
432 0.6225 52219904
433 0.6342 52740096
434 0.6514 52707328
435 0.633 52789248
436 0.6408 53055488
437 0.6423 53252096
438 0.6336 53325824
439 0.6514 53518336
440 0.6651 53710848
441 0.6461 53899264
442 0.6569 54071296
443 0.6526 54337536
444 0.6505 54480896
445 0.6587 54874112
446 0.6602 54833152
447 0.6686 55361536
448 0.6752 55414784
449 0.6677 55484416
450 0.672 55672832
451 0.665 55734272
452 0.6657 56070144
453 0.6968 56221696
454 0.6784 56414208
455 0.6974 56635392
456 0.6887 56832000
457 0.695 57098240
458 0.7065 57585664
459 0.6957 57360384
460 0.6969 57528320
461 0.6966 57704448
462 0.6933 57909248
463 0.6941 58175488
464 0.704 58392576
465 0.7154 58707968
466 0.7016 58757120
467 0.7118 58908672
468 0.7045 59056128
469 0.731 59326464
470 0.7348 59527168
471 0.726 59535360
472 0.7339 59883520
473 0.7171 59916288
474 0.7302 60194816
475 0.7268 60284928
476 0.733 60518400
477 0.734 60989440
478 0.7416 60952576
479 0.7383 61194240
480 0.7524 61333504
481 0.7559 62046208
482 0.7542 62455808
483 0.7477 61923328
484 0.7563 62726144
485 0.7743 63111168
486 0.7546 62578688
487 0.7589 62836736
488 0.7628 63021056
489 0.7717 63131648
490 0.784 63447040
491 0.763 63565824
492 0.7699 63811584
493 0.7774 63954944
494 0.7904 64290816
495 0.779 64401408
496 0.792 64917504
497 0.7988 64851968
498 0.7968 65380352
499 0.7935 65384448
500 0.7986 65425408
501 0.7956 65728512
502 0.7952 65921024
503 0.8077 66142208
504 0.8451 66256896
505 0.8234 66461696
506 0.8062 66682880
507 0.8132 66908160
508 0.8155 67100672
509 0.8178 67334144
510 0.8145 67616768
511 0.8184 67829760
512 0.834 68128768
513 0.8429 68194304
514 0.8571 68423680
515 0.8451 69058560
516 0.8366 68861952
517 0.928 69107712
518 0.9194 69337088
519 0.8535 69533696
520 0.8793 69812224
521 0.8511 69963776
522 0.8699 70537216
523 0.8649 70459392
524 0.853 70631424
525 0.8565 70955008
526 0.8661 71069696
527 0.8668 71344128
528 0.8913 71839744
529 0.8813 71704576
530 0.8865 72388608
531 0.8808 72216576
532 0.8727 72433664
533 0.8877 72585216
534 0.8832 72925184
535 0.8898 73191424
536 0.9196 73342976
537 0.8926 73601024
538 0.9039 74498048
539 0.9117 74043392
540 0.9014 74276864
541 0.932 75067392
542 0.9088 74670080
543 0.9105 74944512
544 0.9234 75067392
545 0.9161 75313152
546 0.9084 75538432
547 0.9305 76423168
548 0.9176 75972608
549 0.9243 76263424
550 0.939 76689408
551 0.9331 76615680
552 0.9648 77258752
553 0.9428 77176832
554 0.9462 77934592
555 0.9328 77594624
556 0.9371 77881344
557 0.9522 78036992
558 0.9552 78315520
559 0.954 78516224
560 0.9645 78856192
561 0.9654 79491072
562 0.9714 79769600
563 0.9604 79486976
564 0.9669 79671296
565 0.991 80003072
566 1.0131 80498688
567 1.071 80904192
568 0.9836 80613376
569 1.0124 80883712
570 0.9797 81117184
571 0.9869 81514496
572 0.9883 81563648
573 0.9952 82292736
574 1.0034 82034688
575 1.0129 82329600
576 1.0211 82714624
577 1.005 82821120
578 1.0225 83124224
579 1.0322 83947520
580 1.0486 83902464
581 1.0494 83877888
582 1.0437 84238336
583 1.1543 84451328
584 1.1961 84803584
585 1.0765 85450752
586 1.0312 85028864
587 1.0471 85237760
588 1.043 85520384
589 1.0346 85753856
590 1.0518 86343680
591 1.0704 86224896
592 1.1704 86802432
593 1.1713 87113728
594 1.0639 87642112
595 1.0602 87175168
596 1.0534 87429120
597 1.0816 87687168
598 1.0673 88018944
599 1.0992 88174592
600 1.0705 88403968
601 1.0912 88854528
602 1.1063 89456640
603 1.0839 89583616
604 1.091 90165248
605 1.0807 89681920
606 1.1561 90705920
607 1.115 90845184
608 1.1085 90427392
609 1.091 90677248
610 1.1066 90976256
611 1.1202 91500544
612 1.1123 91463680
613 1.112 91770880
614 1.1489 92549120
615 1.1382 92983296
616 1.1385 93065216
617 1.1595 93442048
618 1.1386 92950528
619 1.1398 93245440
620 1.159 94203904
621 1.1304 93765632
622 1.1448 93995008
623 1.1387 94273536
624 1.1663 94621696
625 1.1861 94785536
626 1.1671 95043584
627 1.1865 96063488
628 1.1554 96165888
629 1.1495 95793152
630 1.1545 96096256
631 1.2092 96419840
632 1.1824 97230848
633 1.2385 96964608
634 1.1951 97525760
635 1.2023 97476608
636 1.1761 97607680
637 1.1916 97906688
638 1.2113 98287616
639 1.229 98525184
640 1.2174 98930688
641 1.2102 99774464
642 1.1956 99840000
643 1.2009 99479552
644 1.2259 99766272
645 1.2066 100130816
646 1.2174 100249600
647 1.2377 100573184
648 1.2594 101060608
649 1.2205 101101568
650 1.2515 101408768
651 1.229 101654528
652 1.2256 101900288
653 1.2576 102170624
654 1.2445 103153664
655 1.2497 102752256
656 1.2682 103071744
657 1.2715 103227392
658 1.2523 103518208
659 1.2675 103788544
660 1.2791 104050688
661 1.2708 104800256
662 1.2789 105009152
663 1.3073 105402368
664 1.301 105467904
665 1.2743 105381888
666 1.2781 105701376
667 1.284 105963520
668 1.2944 107106304
669 1.2883 107335680
670 1.3042 106917888
671 1.3503 107229184
672 1.3073 108056576
673 1.3165 107589632
674 1.3063 107921408
675 1.3102 108167168
676 1.3316 109404160
677 1.3178 108720128
678 1.3349 108969984
679 1.3223 109989888
680 1.3623 109768704
681 1.3729 109928448
682 1.3348 110157824
683 1.3753 111263744
684 1.3588 110751744
685 1.3402 111030272
686 1.3849 111923200
687 1.3372 111521792
688 1.342 111812608
689 1.3895 112111616
690 1.3733 112402432
691 1.3826 113250304
692 1.3677 112939008
693 1.3776 113352704
694 1.3967 113549312
695 1.3909 114257920
696 1.3965 114126848
697 1.4039 114503680
698 1.3959 115245056
699 1.3854 114950144
700 1.3995 115990528
701 1.5777 116121600
702 1.3985 115867648
703 1.4052 116183040
704 1.4075 116670464
705 1.4134 116752384
706 1.4133 117051392
707 1.4239 117583872
708 1.4472 117981184
709 1.4545 119169024
710 1.428 118292480
711 1.4587 118652928
712 1.4772 118874112
713 1.4556 119934976
714 1.4896 119758848
715 1.5166 120238080
716 1.5179 120283136
717 1.4537 120369152
718 1.4731 121311232
719 1.4817 121573376
720 1.4736 121380864
721 1.5021 121679872
722 1.4968 122560512
723 1.4727 122179584
724 1.4888 122454016
725 1.5028 123068416
726 1.5104 123060224
727 1.5031 123363328
728 1.4973 123846656
729 1.5122 124506112
730 1.5409 124342272
731 1.5216 124588032
732 1.5165 125767680
733 1.5083 125206528
734 1.5278 125509632
735 1.5245 125915136
736 1.9018 126279680
737 1.6163 126648320
738 1.5883 127016960
739 1.6795 127328256
740 1.6284 127795200
741 1.6025 128040960
742 1.8383 128577536
743 1.6974 129257472
744 1.5476 128602112
745 1.5561 128892928
746 1.5973 129204224
747 1.5979 129499136
748 1.5673 131112960
749 1.5977 130158592
750 1.5761 131338240
751 1.5816 131239936
752 1.6514 131502080
753 1.6343 131899392
754 1.5932 131768320
755 1.6221 132055040
756 1.7316 132923392
757 1.6286 133029888
758 1.5964 132980736
759 1.659 133709824
760 1.6534 134721536
761 1.6098 133922816
762 1.6666 135135232
763 1.64 135372800
764 1.6838 134844416
765 1.6421 135421952
766 1.6565 135815168
767 1.6317 135815168
768 1.6428 136159232
769 1.6653 136437760
770 1.6769 137142272
771 1.6559 137191424
772 1.6574 137420800
773 1.683 137916416
774 1.663 138027008
775 1.6839 138375168
776 1.6931 138768384
777 1.684 139362304
778 1.7161 139325440
779 1.6831 139689984
780 1.7363 140779520
781 1.7283 140296192
782 1.731 140836864
783 1.7511 141766656
784 1.7076 141246464
785 1.7159 141774848
786 1.7194 142757888
787 1.7682 142254080
788 1.7379 142675968
789 1.7689 142974976
790 1.7482 143572992
791 1.7873 143495168
792 1.7435 145096704
793 1.7565 144297984
794 1.7502 144510976
795 1.7516 145625088
796 1.7606 145268736
797 1.7897 145719296
798 1.7693 145838080
799 1.7687 146259968
800 1.7881 146911232