1 0.0027 6471680
2 0.0028 6488064
3 0.0038 6500352
4 0.003 6488064
5 0.0031 6492160
6 0.0031 6500352
7 0.0032 6508544
8 0.0043 6545408
9 0.0034 6516736
10 0.0045 6545408
11 0.0035 6533120
12 0.0047 6569984
13 0.0049 6569984
14 0.0044 6553600
15 0.005 6590464
16 0.0052 6590464
17 0.0051 6598656
18 0.0054 6606848
19 0.0044 6590464
20 0.0056 6619136
21 0.0044 6598656
22 0.006 6627328
23 0.0047 6639616
24 0.005 6660096
25 0.0054 6635520
26 0.0067 6660096
27 0.0063 6656000
28 0.0052 6664192
29 0.0052 6647808
30 0.006 6668288
31 0.0054 6664192
32 0.0057 6672384
33 0.007 6705152
34 0.0057 6684672
35 0.008 6717440
36 0.0062 6754304
37 0.0086 6742016
38 0.006 6721536
39 0.0088 6758400
40 0.0077 6762496
41 0.0091 6778880
42 0.008 6778880
43 0.008 6787072
44 0.0068 6770688
45 0.0082 6803456
46 0.0069 6782976
47 0.007 6828032
48 0.0085 6823936
49 0.0076 6828032
50 0.0072 6815744
51 0.0075 6819840
52 0.0076 6823936
53 0.0091 6868992
54 0.0077 6840320
55 0.0097 6868992
56 0.0095 6877184
57 0.0094 6873088
58 0.0084 6893568
59 0.0091 6873088
60 0.0084 6885376
61 0.0086 6897664
62 0.0107 6926336
63 0.009 6934528
64 0.0091 6918144
65 0.0095 6922240
66 0.0091 6975488
67 0.0093 6987776
68 0.0096 6955008
69 0.0096 7000064
70 0.0111 7000064
71 0.0095 6979584
72 0.0111 7008256
73 0.0107 7020544
74 0.0102 7008256
75 0.0107 7012352
76 0.0146 7053312
77 0.0119 7057408
78 0.0151 7069696
79 0.0111 7077888
80 0.011 7102464
81 0.011 7102464
82 0.0114 7090176
83 0.0355 7114752
84 0.0371 7131136
85 0.0242 7143424
86 0.0117 7127040
87 0.012 7147520
88 0.0157 7176192
89 0.0134 7168000
90 0.0175 7200768
91 0.0124 7225344
92 0.0165 7233536
93 0.014 7237632
94 0.014 7237632
95 0.014 7254016
96 0.0172 7258112
97 0.0141 7270400
98 0.0148 7286784
99 0.0133 7274496
100 0.0137 7294976
101 0.0147 7311360
102 0.0136 7290880
103 0.0137 7315456
104 0.0152 7356416
105 0.0145 7331840
106 0.014 7327744
107 0.0142 7356416
108 0.0144 7356416
109 0.0147 7397376
110 0.0188 7405568
111 0.0147 7385088
112 0.0146 7380992
113 0.0146 7409664
114 0.0194 7450624
115 0.0194 7450624
116 0.0155 7438336
117 0.0171 7475200
118 0.0158 7462912
119 0.0201 7516160
120 0.0179 7544832
121 0.0161 7553024
122 0.0175 7553024
123 0.0167 7561216
124 0.021 7569408
125 0.0177 7581696
126 0.0166 7557120
127 0.0169 7565312
128 0.0211 7606272
129 0.0186 7634944
130 0.0218 7634944
131 0.0177 7639040
132 0.0176 7626752
133 0.0181 7651328
134 0.018 7700480
135 0.018 7671808
136 0.0226 7708672
137 0.0208 7688192
138 0.0186 7737344
139 0.0187 7741440
140 0.0188 7725056
141 0.026 7790592
142 0.0233 7794688
143 0.0193 7761920
144 0.0193 7811072
145 0.0195 7806976
146 0.0209 7831552
147 0.0196 7811072
148 0.0212 7839744
149 0.0204 7852032
150 0.0219 7856128
151 0.024 7864320
152 0.0204 7860224
153 0.0254 7929856
154 0.0213 7868416
155 0.0225 7897088
156 0.0214 7925760
157 0.0214 7933952
158 0.0254 7942144
159 0.0216 7921664
160 0.0259 7991296
161 0.0261 7966720
162 0.0222 7974912
163 0.0224 8007680
164 0.0241 8015872
165 0.0223 8003584
166 0.0232 8032256
167 0.024 8044544
168 0.0255 8093696
169 0.0233 8073216
170 0.0279 8060928
171 0.0232 8044544
172 0.0279 8093696
173 0.0241 8077312
174 0.024 8093696
175 0.0254 8126464
176 0.0242 8142848
177 0.0256 8146944
178 0.0289 8151040
179 0.0254 8142848
180 0.025 8179712
181 0.0293 8212480
182 0.0276 8200192
183 0.0259 8216576
184 0.0271 8228864
185 0.0255 8220672
186 0.0277 8245248
187 0.0276 8257536
188 0.0262 8273920
189 0.0266 8282112
190 0.0283 8388608
191 0.0281 8343552
192 0.0304 8368128
193 0.0272 8376320
194 0.0272 8347648
195 0.0271 8359936
196 0.0319 8380416
197 0.0276 8359936
198 0.0319 8421376
199 0.0281 8437760
200 0.0291 8417280
201 0.0285 8425472
202 0.0332 8503296
203 0.0307 8466432
204 0.0317 8478720
205 0.0325 8527872
206 0.0312 8515584
207 0.0335 8499200
208 0.0293 8495104
209 0.0301 8564736
210 0.0345 8564736
211 0.0314 8581120
212 0.0339 8622080
213 0.0313 8601600
214 0.0305 8601600
215 0.0303 8601600
216 0.0306 8613888
217 0.0308 8617984
218 0.0327 8658944
219 0.0317 8675328
220 0.0311 8667136
221 0.0362 8695808
222 0.0322 8699904
223 0.0322 8720384
224 0.034 8716288
225 0.0367 8728576
226 0.0368 8794112
227 0.037 8769536
228 0.0341 8794112
229 0.0348 8794112
230 0.034 8822784
231 0.0379 8855552
232 0.0337 8835072
233 0.0352 8851456
234 0.0341 8859648
235 0.0348 8892416
236 0.0405 8925184
237 0.0347 8941568
238 0.0356 8921088
239 0.0349 8921088
240 0.0356 8974336
241 0.036 8970240
242 0.0369 9007104
243 0.0356 8990720
244 0.0357 9027584
245 0.0413 9093120
246 0.0373 9039872
247 0.041 9076736
248 0.0371 9056256
249 0.0383 9060352
250 0.0376 9072640
251 0.0384 9109504
252 0.0438 9236480
253 0.0392 9105408
254 0.0391 9084928
255 0.0381 9121792
256 0.0427 9203712
257 0.0382 9154560
258 0.0428 9207808
259 0.0437 9203712
260 0.0394 9199616
261 0.0391 9207808
262 0.0397 9216000
263 0.0402 9261056
264 0.0477 9334784
265 0.0451 9306112
266 0.0419 9306112
267 0.0403 9297920
268 0.0405 9355264
269 0.0421 9330688
270 0.0426 9379840
271 0.043 9383936
272 0.0462 9424896
273 0.0416 9383936
274 0.0416 9416704
275 0.0441 9445376
276 0.0426 9453568
277 0.0426 9469952
278 0.0471 9506816
279 0.0434 9482240
280 0.0444 9490432
281 0.0429 9539584
282 0.0447 9539584
283 0.0435 9572352
284 0.0455 9584640
285 0.0445 9547776
286 0.0439 9605120
287 0.0473 9625600
288 0.0459 9625600
289 0.0466 9662464
290 0.0456 9654272
291 0.0461 9674752
292 0.0457 9715712
293 0.046 9670656
294 0.0477 9781248
295 0.0502 9773056
296 0.0489 9768960
297 0.0467 9777152
298 0.0471 9764864
299 0.048 9785344
300 0.047 9789440
301 0.0535 9871360
302 0.0476 9818112
303 0.0482 9871360
304 0.0496 9883648
305 0.0525 9945088
306 0.0542 9900032
307 0.0502 9912320
308 0.0497 9965568
309 0.0487 9969664
310 0.0494 9973760
311 0.0502 9977856
312 0.0544 10067968
313 0.0551 10031104
314 0.0512 10022912
315 0.0505 10043392
316 0.0616 10096640
317 0.0515 10067968
318 0.0508 10092544
319 0.0513 10067968
320 0.0526 10133504
321 0.0557 10158080
322 0.0532 10129408
323 0.0524 10158080
324 0.0533 10199040
325 0.0522 10194944
326 0.0576 10223616
327 0.0532 10211328
328 0.0626 10403840
329 0.0626 10375168
330 0.0571 10268672
331 0.055 10252288
332 0.0542 10297344
333 0.0583 10334208
334 0.0588 10350592
335 0.0564 10305536
336 0.0567 10362880
337 0.0555 10399744
338 0.0564 10362880
339 0.0564 10399744
340 0.0583 10436608
341 0.0624 10510336
342 0.058 10477568
343 0.0568 10436608
344 0.0575 10493952
345 0.0571 10526720
346 0.0618 10539008
347 0.0615 10551296
348 0.0574 10575872
349 0.0596 10596352
350 0.06 10608640
351 0.0608 10625024
352 0.0636 10657792
353 0.06 10657792
354 0.0597 10653696
355 0.0612 10678272
356 0.0669 10883072
357 0.0614 10735616
358 0.0599 10719232
359 0.0613 10752000
360 0.0604 10788864
361 0.0616 10866688
362 0.0608 10797056
363 0.0625 10838016
364 0.062 10821632
365 0.0617 10878976
366 0.0617 10887168
367 0.0646 10903552
368 0.0673 10911744
369 0.0626 10907648
370 0.0665 10956800
371 0.0666 10969088
372 0.0649 10993664
373 0.0682 11096064
374 0.0659 11034624
375 0.0637 11059200
376 0.0645 11059200
377 0.0661 11116544
378 0.0666 11141120
379 0.0684 11137024
380 0.0668 11169792
381 0.0656 11186176
382 0.071 11321344
383 0.0663 11194368
384 0.0746 11419648
385 0.0668 11259904
386 0.0689 11300864
387 0.0677 11255808
388 0.07 11304960
389 0.068 11272192
390 0.074 11583488
391 0.0684 11370496
392 0.0699 11448320
393 0.0732 11464704
394 0.0757 11517952
395 0.0696 11468800
396 0.0704 11542528
397 0.0711 11534336
398 0.0705 11522048
399 0.0748 11538432
400 0.0762 11669504
401 0.0709 11550720
402 0.0722 11612160
403 0.0725 11649024
404 0.0715 11669504
405 0.0717 11653120
406 0.0761 11657216
407 0.0766 11673600
408 0.0738 11677696
409 0.0737 11751424
410 0.0746 11706368
411 0.0736 11771904
412 0.0834 11919360
413 0.0771 11857920
414 0.0823 11812864
415 0.0795 12017664
416 0.0796 11841536
417 0.0794 11948032
418 0.0792 11902976
419 0.0753 11870208
420 0.0772 12062720
421 0.0803 11968512
422 0.081 11972608
423 0.0816 11980800
424 0.0773 11972608
425 0.083 12034048
426 0.0785 12029952
427 0.0775 12075008
428 0.0801 12103680
429 0.0774 12075008
430 0.08 12070912
431 0.0779 12132352
432 0.0846 12197888
433 0.0819 12242944
434 0.0813 12185600
435 0.0851 12337152
436 0.0842 12222464
437 0.0811 12234752
438 0.0828 12267520
439 0.0803 12292096
440 0.083 12288000
441 0.0852 12365824
442 0.0831 12390400
443 0.0833 12374016
444 0.0826 12419072
445 0.0824 12427264
446 0.084 12410880
447 0.0826 12451840
448 0.0872 12484608
449 0.0875 12476416
450 0.0831 12484608
451 0.0854 12505088
452 0.0861 12525568
453 0.0844 12595200
454 0.0886 12595200
455 0.088 12652544
456 0.0894 12656640
457 0.089 12636160
458 0.0861 12619776
459 0.0867 12681216
460 0.0893 12746752
461 0.0889 12795904
462 0.0918 12902400
463 0.0891 12795904
464 0.088 12754944
465 0.0896 12845056
466 0.0932 12840960
467 0.0889 12898304
468 0.0888 12869632
469 0.0887 12951552
470 0.0964 13189120
471 0.0906 12963840
472 0.0928 12984320
473 0.0969 13021184
474 0.0909 13066240
475 0.0959 13099008
476 0.0935 13033472
477 0.0926 13062144
478 0.0925 13090816
479 0.0929 13135872
480 0.0933 13213696
481 0.0925 13205504
482 0.0919 13160448
483 0.0923 13197312
484 0.0964 13262848
485 0.0934 13221888
486 0.0964 13262848
487 0.0945 13246464
488 0.0943 13303808
489 0.0969 13332480
490 0.099 13381632
491 0.0957 13393920
492 0.099 13422592
493 0.1 13443072
494 0.0977 13443072
495 0.0974 13475840
496 0.0991 13475840
497 0.0979 13488128
498 0.1001 13516800
499 0.0974 13529088
500 0.0989 13520896
501 0.0984 13623296
502 0.1035 13602816
503 0.1001 13602816
504 0.1069 13643776
505 0.1 13635584
506 0.101 13688832
507 0.0998 13701120
508 0.1015 13717504
509 0.0998 13721600
510 0.1084 14061568
511 0.1066 13824000
512 0.1031 13815808
513 0.1034 13819904
514 0.1082 14090240
515 0.1027 13914112
516 0.1045 13926400
517 0.1033 13934592
518 0.1037 13963264
519 0.104 13983744
520 0.1043 13987840
521 0.1089 14069760
522 0.1075 14045184
523 0.1066 14061568
524 0.11 14090240
525 0.1098 14094336
526 0.1058 14163968
527 0.1067 14180352
528 0.1094 14221312
529 0.1069 14258176
530 0.1086 14245888
531 0.1088 14249984
532 0.1165 14594048
533 0.1081 14270464
534 0.1103 14323712
535 0.1105 14340096
536 0.1116 14471168
537 0.1102 14381056
538 0.1125 14454784
539 0.1151 14467072
540 0.1133 14467072
541 0.1127 14495744
542 0.1135 14524416
543 0.1142 14565376
544 0.1139 14585856
545 0.1142 14581760
546 0.115 14647296
547 0.1275 15085568
548 0.1159 14680064
549 0.1162 14729216
550 0.115 14704640
551 0.1163 14753792
552 0.116 14827520
553 0.1171 14819328
554 0.1211 15110144
555 0.1161 14815232
556 0.1219 14987264
557 0.1158 14872576
558 0.12 14897152
559 0.1162 14929920
560 0.1205 14913536
561 0.1228 15233024
562 0.1172 15024128
563 0.1192 15077376
564 0.1191 15036416
565 0.1192 15044608
566 0.1197 15126528
567 0.1194 15122432
568 0.1212 15171584
569 0.1223 15187968
570 0.1234 15196160
571 0.122 15228928
572 0.122 15290368
573 0.1273 15253504
574 0.1231 15278080
575 0.133 15626240
576 0.1221 15372288
577 0.1306 15380480
578 0.1286 15376384
579 0.1241 15413248
580 0.1243 15466496
581 0.1254 15450112
582 0.1254 15482880
583 0.1242 15540224
584 0.1274 15540224
585 0.1301 15577088
586 0.1257 15593472
587 0.1268 15564800
588 0.1264 15654912
589 0.1273 15667200
590 0.131 15716352
591 0.1295 15724544
592 0.133 16019456
593 0.134 15740928
594 0.1286 15839232
595 0.1294 15843328
596 0.1285 15822848
597 0.1334 15835136
598 0.1338 15908864
599 0.1322 15949824
600 0.1319 15990784
601 0.1327 15978496
602 0.1385 16007168
603 0.133 15978496
604 0.1319 16007168
605 0.1321 16072704
606 0.1323 16084992
607 0.1337 16130048
608 0.1345 16220160
609 0.1333 16162816
610 0.1373 16207872
611 0.1404 16306176
612 0.1337 16265216
613 0.1357 16252928
614 0.1424 16605184
615 0.1403 16351232
616 0.1363 16318464
617 0.1408 16363520
618 0.1365 16379904
619 0.1373 16416768
620 0.1458 16470016
621 0.144 16474112
622 0.1392 16449536
623 0.1396 16465920
624 0.1387 16515072
625 0.1391 16564224
626 0.1387 16605184
627 0.1489 16617472
628 0.1418 16658432
629 0.1469 16801792
630 0.1494 16715776
631 0.143 16703488
632 0.1418 16736256
633 0.1433 16777216
634 0.1505 16801792
635 0.1442 16814080
636 0.1436 16814080
637 0.1435 16941056
638 0.1532 16875520
639 0.1476 16916480
640 0.15 17334272
641 0.1442 16977920
642 0.145 17076224
643 0.1461 17006592
644 0.1474 17022976
645 0.1463 17092608
646 0.1511 17092608
647 0.1471 17084416
648 0.1478 17158144
649 0.1487 17219584
650 0.1565 17223680
651 0.1497 17223680
652 0.1492 17297408
653 0.1557 17309696
654 0.1495 17309696
655 0.1534 17440768
656 0.1555 17391616
657 0.1512 17391616
658 0.1541 17412096
659 0.1538 17485824
660 0.1562 17494016
661 0.152 17567744
662 0.1553 17539072
663 0.154 17580032
664 0.1542 17575936
665 0.1586 17633280
666 0.1601 17707008
667 0.1636 17924096
668 0.1659 18223104
669 0.1547 17743872
670 0.1572 17752064
671 0.1631 17772544
672 0.1614 17817600
673 0.1661 17850368
674 0.1573 17838080
675 0.1625 17874944
676 0.1598 17903616
677 0.1621 17899520
678 0.1721 18526208
679 0.1649 18071552
680 0.1596 18006016
681 0.1641 18046976
682 0.1606 18087936
683 0.1605 18079744
684 0.1628 18124800
685 0.1655 18120704
686 0.1614 18161664
687 0.1615 18153472
688 0.1685 18292736
689 0.1651 18239488
690 0.1683 18288640
691 0.165 18305024
692 0.1681 18305024
693 0.1659 18337792
694 0.1659 18403328
695 0.1681 18432000
696 0.168 18485248
697 0.1666 18481152
698 0.1657 18477056
699 0.1714 18575360
700 0.1666 18608128
701 0.1776 18632704
702 0.1678 18599936
703 0.1755 18665472
704 0.1721 18698240
705 0.1823 19492864
706 0.1765 19345408
707 0.169 18796544
708 0.1739 18841600
709 0.1723 18825216
710 0.1806 18968576
711 0.172 18853888
712 0.1764 18907136
713 0.175 18960384
714 0.172 19001344
715 0.1778 19054592
716 0.1747 19079168
717 0.1842 19709952
718 0.1856 19288064
719 0.1758 19156992
720 0.1747 19185664
721 0.1841 19197952
722 0.1803 19173376
723 0.1837 19369984
724 0.1771 19259392
725 0.18 19324928
726 0.1794 19320832
727 0.1769 19345408
728 0.1844 19529728
729 0.1795 19402752
730 0.1837 19431424
731 0.18 19525632
732 0.1784 19496960
733 0.1888 19628032
734 0.1802 19587072
735 0.184 19611648
736 0.1818 19632128
737 0.187 19656704
738 0.1952 20021248
739 0.1818 19718144
740 0.1898 19812352
741 0.1849 19767296
742 0.1828 19861504
743 0.1887 19886080
744 0.1843 19845120
745 0.1853 19877888
746 0.1862 19951616
747 0.1892 19984384
748 0.1971 20586496
749 0.1867 20074496
750 0.1873 20066304
751 0.1952 20140032
752 0.193 20070400
753 0.1908 20172800
754 0.1912 20160512
755 0.2009 20291584
756 0.1973 20271104
757 0.1954 20385792
758 0.1905 20328448
759 0.2005 20369408
760 0.1959 20402176
761 0.1913 20520960
762 0.202 21102592
763 0.2021 20488192
764 0.2096 20631552
765 0.1926 20566016
766 0.1963 20570112
767 0.1942 20619264
768 0.1977 20684800
769 0.2089 20766720
770 0.2023 20692992
771 0.2012 20705280
772 0.1969 20807680
773 0.2109 20783104
774 0.198 20848640
775 0.2099 21053440
776 0.2042 21049344
777 0.1991 20885504
778 0.2077 21385216
779 0.2048 21053440
780 0.2003 20983808
781 0.202 21065728
782 0.2023 21090304
783 0.2043 21082112
784 0.2115 21135360
785 0.2034 21188608
786 0.2035 21274624
787 0.2053 21233664
788 0.2054 21151744
789 0.2084 21319680
790 0.211 21512192
791 0.2056 21307392
792 0.207 21385216
793 0.2084 21356544
794 0.208 21434368
795 0.2076 21508096
796 0.2073 21528576
797 0.2155 21524480
798 0.2157 21573632
799 0.216 21614592
800 0.2112 21532672