1 0.0368 8896512
2 0.0409 8945664
3 0.0407 8916992
4 0.0417 8978432
5 0.0416 8970240
6 0.0446 8982528
7 0.045 9031680
8 0.0435 9027584
9 0.0426 9048064
10 0.0464 9084928
11 0.0463 9109504
12 0.0517 9117696
13 0.0522 9179136
14 0.0465 9170944
15 0.0478 9244672
16 0.0475 9240576
17 0.0498 9265152
18 0.0571 9285632
19 0.0482 9297920
20 0.0489 9326592
21 0.0528 9396224
22 0.0596 9404416
23 0.0552 9437184
24 0.0583 9502720
25 0.0564 9515008
26 0.052 9506816
27 0.0555 9568256
28 0.0574 9609216
29 0.0774 9695232
30 0.058 9670656
31 0.0582 9691136
32 0.0587 9728000
33 0.0601 9838592
34 0.0582 9842688
35 0.0613 9854976
36 0.0605 9887744
37 0.0733 10002432
38 0.0603 9953280
39 0.0612 9994240
40 0.0658 10027008
41 0.07 10096640
42 0.0633 10076160
43 0.0657 10137600
44 0.0649 10178560
45 0.0688 10223616
46 0.0681 10256384
47 0.0696 10293248
48 0.0699 10346496
49 0.0725 10371072
50 0.074 10493952
51 0.0728 10457088
52 0.0715 10559488
53 0.0744 10579968
54 0.0762 10604544
55 0.0797 10698752
56 0.0736 10752000
57 0.0745 10788864
58 0.0741 10833920
59 0.0767 10829824
60 0.0771 10936320
61 0.0782 10924032
62 0.0858 10989568
63 0.0837 11034624
64 0.0791 11075584
65 0.0821 11182080
66 0.0821 11165696
67 0.0865 11190272
68 0.0898 11321344
69 0.0881 11296768
70 0.088 11350016
71 0.0884 11472896
72 0.087 11542528
73 0.0888 11591680
74 0.0877 11636736
75 0.0913 11608064
76 0.0929 11710464
77 0.092 11808768
78 0.0897 11833344
79 0.0983 11816960
80 0.1 11874304
81 0.0945 12029952
82 0.0977 11980800
83 0.096 12128256
84 0.0953 12062720
85 0.1055 12156928
86 0.0977 12181504
87 0.1028 12357632
88 0.102 12378112
89 0.1016 12447744
90 0.1089 12496896
91 0.1039 12468224
92 0.1106 12541952
93 0.1055 12607488
94 0.1052 12673024
95 0.1081 12726272
96 0.1055 12840960
97 0.1082 12836864
98 0.1111 12988416
99 0.1121 12967936
100 0.114 13107200
101 0.1166 13119488
102 0.1153 13152256
103 0.1188 13262848
104 0.1167 13328384
105 0.1146 13324288
106 0.1233 13438976
107 0.118 13516800
108 0.1226 13615104
109 0.122 13611008
110 0.1234 13774848
111 0.1233 13737984
112 0.1313 14016512
113 0.1238 13873152
114 0.131 14061568
115 0.1325 14131200
116 0.1272 14176256
117 0.1329 14274560
118 0.1286 14229504
119 0.1325 14393344
120 0.1348 14458880
121 0.1323 14495744
122 0.1334 14475264
123 0.1343 14569472
124 0.1367 14614528
125 0.1377 14721024
126 0.1391 14815232
127 0.1394 14901248
128 0.1489 15032320
129 0.1413 15065088
130 0.1412 15122432
131 0.1458 15187968
132 0.146 15290368
133 0.1505 15331328
134 0.1532 15392768
135 0.1519 15544320
136 0.153 15593472
137 0.1542 15634432
138 0.155 15761408
139 0.158 15839232
140 0.1585 15847424
141 0.1556 15900672
142 0.1561 16056320
143 0.1625 16080896
144 0.164 16248832
145 0.1606 16351232
146 0.1661 16334848
147 0.165 16506880
148 0.1641 16596992
149 0.169 16609280
150 0.1693 16687104
151 0.1675 16773120
152 0.1742 16850944
153 0.1751 16990208
154 0.1703 17137664
155 0.1707 17223680
156 0.1741 17231872
157 0.1754 17317888
158 0.176 17403904
159 0.1804 17657856
160 0.1773 17543168
161 0.1873 17670144
162 0.1852 17723392
163 0.1858 17817600
164 0.1857 17870848
165 0.1854 17948672
166 0.1925 18042880
167 0.1861 18100224
168 0.19 18284544
169 0.198 18337792
170 0.1909 18362368
171 0.1949 18468864
172 0.1959 18558976
173 0.2008 18694144
174 0.1983 18726912
175 0.2003 18857984
176 0.2014 18890752
177 0.2022 18964480
178 0.2067 19005440
179 0.2049 19054592
180 0.2027 19111936
181 0.2063 19197952
182 0.2049 19283968
183 0.2184 19476480
184 0.2155 19537920
185 0.212 19636224
186 0.2185 19664896
187 0.2227 19865600
188 0.2271 19918848
189 0.2203 19947520
190 0.2225 20066304
191 0.2215 20217856
192 0.2246 20303872
193 0.2311 20451328
194 0.2243 20529152
195 0.229 20537344
196 0.2251 20742144
197 0.2286 20819968
198 0.2337 20815872
199 0.2294 20910080
200 0.2394 21078016
201 0.2323 21078016
202 0.235 21299200
203 0.2417 21368832
204 0.2396 21401600
205 0.2471 21483520
206 0.2449 21659648
207 0.2463 21807104
208 0.2436 21766144
209 0.278 22118400
210 0.246 22016000
211 0.2518 22188032
212 0.2588 22294528
213 0.2551 22564864
214 0.2572 22491136
215 0.2582 22605824
216 0.2673 22630400
217 0.2688 22761472
218 0.2683 22913024
219 0.2644 22941696
220 0.2693 23293952
221 0.2644 23228416
222 0.2675 23351296
223 0.2693 23384064
224 0.2742 23613440
225 0.2714 23687168
226 0.2745 23891968
227 0.2761 23822336
228 0.2846 24014848
229 0.2785 24109056
230 0.2785 24281088
231 0.2819 24330240
232 0.2838 24440832
233 0.2903 24793088
234 0.2898 24883200
235 0.2871 24723456
236 0.2906 24829952
237 0.2979 25018368
238 0.2962 25059328
239 0.2922 25174016
240 0.2983 25296896
241 0.3043 25419776
242 0.302 25526272
243 0.3023 25661440
244 0.2995 25731072
245 0.3042 26157056
246 0.3048 26091520
247 0.3067 26103808
248 0.3155 26312704
249 0.3141 26460160
250 0.3128 26443776
251 0.3193 26636288