1 0.037 8876032
2 0.0426 8908800
3 0.0464 9003008
4 0.0416 8953856
5 0.045 8978432
6 0.0489 8994816
7 0.0439 9064448
8 0.0441 9060352
9 0.0477 9121792
10 0.0474 9162752
11 0.0463 9146368
12 0.0467 9216000
13 0.0466 9211904
14 0.0532 9240576
15 0.0493 9273344
16 0.0492 9310208
17 0.0528 9318400
18 0.0486 9334784
19 0.0496 9383936
20 0.0538 9428992
21 0.0531 9461760
22 0.0531 9482240
23 0.0546 9519104
24 0.0549 9560064
25 0.0569 9576448
26 0.0528 9658368
27 0.0586 9666560
28 0.0639 9687040
29 0.0573 9797632
30 0.0571 9781248
31 0.0591 9793536
32 0.0582 9883648
33 0.0583 9871360
34 0.0632 9908224
35 0.0606 9994240
36 0.0639 9986048
37 0.0687 10080256
38 0.0603 10092544
39 0.0702 10096640
40 0.0645 10153984
41 0.0692 10219520
42 0.0635 10227712
43 0.0696 10260480
44 0.0696 10301440
45 0.0713 10358784
46 0.0681 10395648
47 0.0731 10506240
48 0.071 10489856
49 0.0721 10522624
50 0.0727 10551296
51 0.0794 10588160
52 0.0732 10743808
53 0.0794 10752000
54 0.0724 10756096
55 0.075 10854400
56 0.0775 10850304
57 0.0846 10899456
58 0.0804 11005952
59 0.0762 11010048
60 0.0766 11038720
61 0.0785 11173888
62 0.0795 11309056
63 0.08 11206656
64 0.0822 11247616
65 0.0831 11358208
66 0.0832 11440128
67 0.0831 11390976
68 0.0865 11497472
69 0.0868 11554816
70 0.0861 11624448
71 0.0888 11669504
72 0.0915 11665408
73 0.0901 11788288
74 0.0891 11857920
75 0.0966 11870208
76 0.0919 11874304
77 0.0929 12017664
78 0.0915 12005376
79 0.102 12120064
80 0.101 12111872
81 0.0968 12152832
82 0.1038 12300288
83 0.0972 12349440
84 0.0982 12333056
85 0.0978 12386304
86 0.0999 12525568
87 0.0995 12578816
88 0.1047 12640256
89 0.1057 12623872
90 0.1055 12763136
91 0.1113 12808192
92 0.1074 12791808
93 0.1109 12951552
94 0.1104 13012992
95 0.1103 12972032
96 0.1086 13066240
97 0.1143 13160448
98 0.1141 13160448
99 0.1166 13262848
100 0.1111 13271040
101 0.1125 13393920
102 0.1143 13516800
103 0.1175 13488128
104 0.12 13635584
105 0.1192 13713408
106 0.1208 13684736
107 0.1183 13762560
108 0.1223 13864960
109 0.1238 13897728
110 0.1247 13971456
111 0.1288 14082048
112 0.1266 14118912
113 0.1276 14266368
114 0.1272 14249984
115 0.1279 14311424
116 0.1291 14454784
117 0.1321 14450688
118 0.1294 14524416
119 0.1307 14610432
120 0.1324 14716928
121 0.1338 14786560
122 0.1343 14831616
123 0.1329 14925824
124 0.1371 14950400
125 0.1368 15065088
126 0.1463 15200256
127 0.1378 15175680
128 0.1397 15294464
129 0.1481 15368192
130 0.1549 15593472
131 0.1462 15601664
132 0.145 15593472
133 0.1496 15732736
134 0.172 15962112
135 0.1537 15912960
136 0.1511 16015360
137 0.151 15994880
138 0.1538 16142336
139 0.1546 16138240
140 0.1589 16240640
141 0.1556 16371712
142 0.1586 16506880
143 0.1612 16486400
144 0.1617 16695296
145 0.1625 16691200
146 0.1643 16871424
147 0.1633 16867328
148 0.1669 16961536
149 0.166 17104896
150 0.1663 17190912
151 0.1692 17223680
152 0.1702 17289216
153 0.1704 17371136
154 0.1725 17510400
155 0.176 17715200
156 0.176 17752064
157 0.1821 17846272
158 0.1757 17821696
159 0.1781 18001920
160 0.1786 17969152
161 0.1793 18120704
162 0.1849 18272256
163 0.1834 18341888
164 0.1858 18296832
165 0.188 18374656
166 0.1901 18665472
167 0.1914 18595840
168 0.1917 18501632
169 0.1907 18763776
170 0.1918 18751488
171 0.193 18751488
172 0.1971 18890752
173 0.2035 19017728
174 0.193 19025920
175 0.1968 19214336
176 0.2051 19374080
177 0.2005 19406848
178 0.2109 19468288
179 0.2086 19558400
180 0.2072 19562496
181 0.2058 19738624
182 0.2058 19881984
183 0.21 19935232
184 0.208 19939328
185 0.214 20066304
186 0.2112 20193280
187 0.2143 20242432
188 0.2173 20369408
189 0.2257 20496384
190 0.2167 20590592
191 0.2209 20697088
192 0.224 20725760
193 0.2242 20840448
194 0.2229 21069824
195 0.2317 21041152
196 0.2338 21155840
197 0.2277 21319680
198 0.242 21467136
199 0.2343 21446656
200 0.2333 21532672
201 0.2387 21692416
202 0.236 21753856
203 0.2388 21983232
204 0.2366 22007808
205 0.2484 22081536
206 0.2466 22249472
207 0.2431 22335488
208 0.2503 22364160
209 0.2458 22417408
210 0.2441 22511616
211 0.2446 22601728
212 0.2443 22712320
213 0.256 22855680
214 0.2501 22933504
215 0.2499 23080960
216 0.2571 23146496
217 0.2555 23363584
218 0.2671 23674880
219 0.264 23494656
220 0.2594 23707648
221 0.2706 24064000
222 0.2686 23908352
223 0.2613 24010752
224 0.2676 24141824
225 0.272 24420352
226 0.2765 24281088
227 0.2778 24784896
228 0.2737 24510464
229 0.2732 24748032
230 0.2732 24752128
231 0.2743 24866816
232 0.2901 24956928
233 0.2832 25309184
234 0.2836 25317376
235 0.2863 25362432
236 0.2868 25485312
237 0.2952 25927680
238 0.2895 25661440
239 0.2935 25890816
240 0.2911 25915392
241 0.2923 26058752
242 0.3028 26140672
243 0.2981 26304512
244 0.3019 26460160
245 0.3042 26542080
246 0.3024 27017216
247 0.3038 26779648
248 0.3072 26898432
249 0.3058 26976256
250 0.3061 27189248
251 0.3069 27299840
252 0.3129 27377664
253 0.3183 27566080