1 0.0025 6430720
2 0.0022 6438912
3 0.0029 6467584
4 0.0023 6459392
5 0.0025 6467584
6 0.1284 6479872
7 0.0036 6504448
8 0.0037 6524928
9 0.003 6520832
10 0.004 6561792
11 0.0033 6549504
12 0.0044 6578176
13 0.0036 6578176
14 0.0048 6615040
15 0.0049 6627328
16 0.004 6623232
17 0.0041 6635520
18 0.0043 6651904
19 0.0044 6664192
20 0.0046 6680576
21 0.0048 6688768
22 0.0062 6725632
23 0.0052 6717440
24 0.0053 6733824
25 0.0068 6766592
26 0.1403 6782976
27 0.0072 6795264
28 0.0065 6791168
29 0.0076 6828032
30 0.0063 6840320
31 0.0069 6852608
32 0.0068 6873088
33 0.0084 6897664
34 0.0073 6901760
35 0.0074 6914048
36 0.0078 6938624
37 0.0093 6975488
38 0.008 6975488
39 0.0082 6991872
40 0.0085 7008256
41 0.01 7049216
42 0.0102 7073792
43 0.0106 7090176
44 0.0093 7081984
45 0.0097 7098368
46 0.1604 7127040
47 0.01 7196672
48 0.0116 7184384
49 0.0122 7217152
50 0.0108 7213056
51 0.011 7241728
52 0.0114 7258112
53 0.013 7286784
54 0.0119 7294976
55 0.0121 7364608
56 0.0166 7380992
57 0.0126 7360512
58 0.0173 7421952
59 0.0135 7438336
60 0.0133 7462912
61 0.0181 7483392
62 0.0139 7503872
63 0.0143 7536640
64 0.0146 7532544
65 0.0162 7581696
66 0.0169 7618560
67 0.0156 7626752
68 0.016 7692288
69 0.0159 7680000
70 0.0165 7704576
71 0.0209 7766016
72 0.017 7766016
73 0.019 7815168
74 0.0176 7815168
75 0.0194 7860224
76 0.0181 7876608
77 0.0187 7901184
78 0.0188 7974912
79 0.0193 7970816
80 0.0244 8032256
81 0.0199 8028160
82 0.0204 8097792
83 0.0273 8089600
84 0.0245 8163328
85 0.0211 8187904
86 0.0214 8192000
87 0.0266 8286208
88 0.0238 8273920
89 0.0225 8282112
90 0.0229 8314880
91 0.0274 8372224
92 0.0235 8376320
93 0.0255 8433664
94 0.0243 8458240
95 0.0249 8478720
96 0.0252 8544256
97 0.0256 8548352
98 0.0264 8581120
99 0.0268 8613888
100 0.0283 8675328
101 0.0332 8716288
102 0.0293 8753152
103 0.0276 8765440
104 0.0324 8826880
105 0.0298 8839168
106 0.0288 8859648
107 0.0315 8912896
108 0.0344 8941568
109 0.0303 8949760
110 0.0314 8974336
111 0.0355 9056256
112 0.0313 9035776
113 0.0361 9117696
114 0.0321 9113600
115 0.0339 9162752
116 0.0348 9195520
117 0.0339 9211904
118 0.0385 9281536
119 0.0354 9306112
120 0.0358 9342976
121 0.035 9388032
122 0.0355 9367552
123 0.0362 9478144
124 0.0368 9482240
125 0.039 9510912
126 0.0376 9596928
127 0.0379 9588736
128 0.0382 9617408
129 0.0436 9691136
130 0.0396 9695232
131 0.0398 9752576
132 0.0456 9822208
133 0.0423 9822208
134 0.0417 9846784
135 0.0419 9879552
136 0.0437 9965568
137 0.0432 9969664
138 0.0449 10018816
139 0.046 10059776
140 0.0443 10117120
141 0.0449 10129408
142 0.0469 10186752
143 0.0456 10207232
144 0.046 10231808
145 0.0468 10313728
146 0.0516 10330112
147 0.0474 10321920
148 0.048 10346496
149 0.049 10391552
150 0.051 10457088
151 0.0499 10448896
152 0.0521 10506240
153 0.0519 10588160
154 0.0511 10575872
155 0.0532 10645504
156 0.0572 10711040
157 0.0531 10768384
158 0.0546 10764288
159 0.0548 10809344
160 0.0547 10932224
161 0.055 10919936
162 0.0604 11067392
163 0.057 11091968
164 0.0581 11087872
165 0.0584 11173888
166 0.0577 11218944
167 0.0581 11247616
168 0.0606 11337728
169 0.0615 11399168
170 0.0601 11415552
171 0.061 11517952
172 0.0687 11632640
173 0.062 11612160
174 0.063 11657216
175 0.0647 11653120
176 0.0637 11677696
177 0.0643 11784192
178 0.0673 11804672
179 0.0663 11825152
180 0.066 11833344
181 0.0671 11874304
182 0.0715 11943936
183 0.0678 11931648
184 0.0685 12001280
185 0.0689 12034048
186 0.0747 12042240
187 0.0703 12070912
188 0.0725 12144640
189 0.0726 12124160
190 0.0738 12173312
191 0.0725 12271616
192 0.0779 12255232
193 0.0768 12288000
194 0.0742 12316672
195 0.0748 12378112
196 0.0777 12402688
197 0.0767 12451840
198 0.0794 12496896
199 0.0777 12533760
200 0.078 12623872
201 0.0854 12713984
202 0.0816 12730368
203 0.0807 12787712
204 0.0885 12840960
205 0.0809 12853248
206 0.0822 12902400
207 0.0876 13008896
208 0.0941 13066240
209 0.0856 13094912
210 0.0902 13152256
211 0.0868 13152256
212 0.0898 13295616
213 0.0886 13262848
214 0.0897 13336576
215 0.0901 13393920
216 0.089 13422592
217 0.0982 13545472
218 0.0927 13598720
219 0.092 13627392
220 0.0918 13676544
221 0.0973 13774848
222 0.0956 13860864
223 0.0981 13885440
224 0.0984 13926400
225 0.0956 13959168
226 0.1053 14172160
227 0.1009 14188544
228 0.1263 14286848
229 0.1312 14307328
230 0.1276 14385152
231 0.133 14450688
232 0.1252 14467072
233 0.1093 14422016
234 0.1049 14483456
235 0.1033 14540800
236 0.1138 14618624
237 0.1068 14618624
238 0.117 14770176
239 0.1082 14692352
240 0.1207 14909440
241 0.1072 14835712
242 0.1074 14901248
243 0.1085 15024128
244 0.1159 15007744
245 0.1363 15122432
246 0.1328 15265792
247 0.1215 15347712
248 0.1258 15331328
249 0.1313 15462400
250 0.1174 15405056
251 0.1233 15577088
252 0.1153 15507456
253 0.1179 15597568
254 0.1322 15814656
255 0.1279 15843328