1 0.0383 8888320
2 0.0378 8933376
3 0.0383 8953856
4 0.0422 8966144
5 0.0389 8962048
6 0.0407 8998912
7 0.0395 9003008
8 0.0448 9060352
9 0.0406 9097216
10 0.045 9113600
11 0.0432 9125888
12 0.0424 9129984
13 0.0428 9162752
14 0.045 9216000
15 0.0438 9261056
16 0.0445 9244672
17 0.0449 9273344
18 0.0457 9297920
19 0.0473 9338880
20 0.0463 9388032
21 0.0515 9404416
22 0.0491 9433088
23 0.0491 9461760
24 0.0529 9498624
25 0.0493 9498624
26 0.0512 9551872
27 0.0519 9588736
28 0.0513 9637888
29 0.052 9670656
30 0.0549 9691136
31 0.059 9728000
32 0.0543 9760768
33 0.0584 9805824
34 0.0595 9830400
35 0.0597 9875456
36 0.0566 9912320
37 0.0607 9945088
38 0.0572 9986048
39 0.0585 10027008
40 0.0586 10027008
41 0.0594 10059776
42 0.0644 10133504
43 0.061 10137600
44 0.0614 10186752
45 0.0641 10244096
46 0.0646 10289152
47 0.0679 10334208
48 0.0643 10338304
49 0.0665 10395648
50 0.0656 10420224
51 0.0679 10481664
52 0.0718 10526720
53 0.0723 10649600
54 0.0695 10698752
55 0.0711 10723328
56 0.0716 10764288
57 0.0752 10809344
58 0.0729 10829824
59 0.0737 10911744
60 0.0745 10915840
61 0.0755 10960896
62 0.0828 11137024
63 0.0799 11046912
64 0.0776 11104256
65 0.0796 11149312
66 0.078 11157504
67 0.084 11243520
68 0.0838 11284480
69 0.0846 11333632
70 0.086 11382784
71 0.0834 11423744
72 0.084 11476992
73 0.0843 11563008
74 0.0861 11591680
75 0.0873 11640832
76 0.0875 11681792
77 0.1115 11841536
78 0.0886 11804672
79 0.0898 11849728
80 0.0936 11911168
81 0.0904 11927552
82 0.0923 12005376
83 0.1017 12165120
84 0.0974 12115968
85 0.0943 12136448
86 0.0956 12230656
87 0.1535 12271616
88 0.0961 12304384
89 0.0984 12386304
90 0.0997 12455936
91 0.1004 12500992
92 0.1012 12550144
93 0.1051 12611584
94 0.1023 12652544
95 0.1081 12759040
96 0.1048 12787712
97 0.1063 12840960
98 0.1065 12926976
99 0.1106 12976128
100 0.1077 13049856
101 0.113 13115392
102 0.1114 13172736
103 0.112 13246464
104 0.1134 13312000
105 0.1136 13377536
106 0.1164 13430784
107 0.1195 13602816
108 0.1156 13574144
109 0.1209 13631488
110 0.1188 13717504
111 0.1231 13758464
112 0.1206 13832192
113 0.122 13869056
114 0.1225 13971456
115 0.1273 14049280
116 0.1305 14278656
117 0.1262 14168064
118 0.1265 14241792
119 0.1286 14290944
120 0.1321 14381056
121 0.1292 14467072
122 0.1375 14557184
123 0.135 14610432
124 0.1373 14671872
125 0.1355 14737408
126 0.1357 14819328
127 0.1408 14884864
128 0.138 14962688
129 0.1415 15048704
130 0.1433 15130624
131 0.1414 15208448
132 0.141 15265792
133 0.1439 15339520
134 0.1603 15400960
135 0.1559 15482880
136 0.1487 15515648
137 0.1487 15613952
138 0.1485 15728640
139 0.1554 15802368
140 0.1534 15863808
141 0.1597 15925248
142 0.1535 15978496
143 0.154 16056320
144 0.1573 16175104
145 0.1608 16261120
146 0.1596 16363520
147 0.1593 16437248
148 0.1621 16523264
149 0.1636 16629760
150 0.1639 16695296
151 0.1673 16801792
152 0.1656 16891904
153 0.167 17002496
154 0.1694 17084416
155 0.1675 17166336
156 0.1737 17252352
157 0.1722 17350656
158 0.18 17547264
159 0.1745 17477632
160 0.1747 17584128
161 0.1799 17678336
162 0.1784 17731584
163 0.1799 17801216
164 0.1803 17907712
165 0.1827 17989632
166 0.1852 18079744
167 0.1876 18145280
168 0.185 18194432
169 0.1862 18329600
170 0.1884 18362368
171 0.187 18423808
172 0.1907 18493440
173 0.1929 18620416
174 0.1946 18575360
175 0.1986 18771968
176 0.2038 18911232
177 0.1964 18923520
178 0.2052 18944000
179 0.2039 19058688
180 0.2085 19234816
181 0.2087 19247104
182 0.2107 19451904
183 0.2093 19398656
184 0.2087 19480576
185 0.2071 19554304
186 0.2134 19693568
187 0.2159 19845120
188 0.2132 19881984
189 0.2224 20115456
190 0.2189 20054016
191 0.2169 20164608
192 0.2198 20209664
193 0.2202 20336640
194 0.2207 20402176
195 0.2225 20525056
196 0.2224 20635648
197 0.2255 20738048
198 0.2336 20819968
199 0.2346 20938752
200 0.2291 20996096
201 0.2419 21098496
202 0.2366 21221376
203 0.238 21299200
204 0.238 21389312
205 0.2406 21483520
206 0.2388 21581824
207 0.2501 21716992
208 0.2413 21839872
209 0.2428 21901312
210 0.2506 22028288
211 0.2524 22106112
212 0.2509 22241280
213 0.2531 22323200
214 0.2505 22401024
215 0.2518 22540288
216 0.2557 22642688
217 0.2556 22745088
218 0.2573 22835200
219 0.2613 22958080
220 0.2635 23064576
221 0.2622 23183360
222 0.2686 23285760
223 0.2674 23392256
224 0.2776 23568384
225 0.2666 23605248
226 0.2845 24154112
227 0.2732 23838720
228 0.2709 23977984
229 0.2783 24055808
230 0.2749 24145920
231 0.275 24268800
232 0.2785 24375296
233 0.281 24473600
234 0.2821 24571904
235 0.2829 24686592
236 0.2927 24825856
237 0.2905 24981504
238 0.2934 25104384
239 0.2974 25210880
240 0.294 25317376
241 0.2923 25427968
242 0.296 25542656
243 0.3043 25657344
244 0.2994 25747456
245 0.3038 25874432
246 0.3176 26091520
247 0.308 26107904
248 0.3068 26189824
249 0.3057 26357760
250 0.3105 26456064