1 0.1582 18731008
2 0.1711 18915328
3 0.1647 19095552
4 0.1675 19025920
5 0.1712 19087360
6 0.1692 19013632
7 0.1721 19185664
8 0.1759 19345408
9 0.1694 19169280
10 0.1777 19406848
11 0.1761 19374080
12 0.1776 19537920
13 0.1826 19472384
14 0.185 19644416
15 0.1899 19836928
16 0.1837 19804160
17 0.2154 19873792
18 0.2574 19877888
19 0.1876 19922944
20 0.1975 20086784
21 0.2033 20168704
22 0.1988 20193280
23 0.2027 20414464
24 0.2015 20385792
25 0.2023 20320256
26 0.2062 20336640
27 0.2022 20455424
28 0.2026 20533248
29 0.2084 20586496
30 0.2097 20566016
31 0.2141 20852736
32 0.2173 20836352
33 0.2159 20963328
34 0.2217 21180416
35 0.2232 21147648
36 0.2255 21168128
37 0.2227 21073920
38 0.2286 21282816
39 0.2262 21192704
40 0.2293 21409792
41 0.2348 21516288
42 0.2407 21708800
43 0.2401 21639168
44 0.2438 21688320
45 0.2472 21803008
46 0.2507 21925888
47 0.2502 22011904
48 0.255 22155264
49 0.2524 22126592
50 0.2542 22052864
51 0.2561 22093824
52 0.26 22298624
53 0.263 22347776
54 0.2658 22425600
55 0.2782 22425600
56 0.3184 22474752
57 0.2736 22622208
58 0.2778 22614016
59 0.2754 22503424
60 0.2845 22753280
61 0.283 22728704
62 0.2853 22851584
63 0.2856 22827008
64 0.2896 22921216
65 0.2943 22978560
66 0.2934 22876160
67 0.2953 22933504
68 0.3021 23162880
69 0.3008 23019520
70 0.3033 23224320
71 0.3608 23216128
72 0.3206 23326720
73 0.3124 23371776
74 0.315 23461888
75 0.3251 23478272
76 0.3224 23535616
77 0.3252 23588864
78 0.325 23666688
79 0.3299 23560192
80 0.3357 23760896
81 0.3343 23678976
82 0.3375 23883776
83 0.3423 23949312
84 0.3444 23994368
85 0.3491 24035328
86 0.3545 24244224
87 0.3543 24129536
88 0.3556 24064000
89 0.3651 24236032
90 0.3607 24166400
91 0.3717 24440832
92 0.3754 24449024
93 0.3785 24342528
94 0.3763 24379392
95 0.3783 24424448
96 0.3855 24621056
97 0.3868 24690688
98 0.4037 24924160
99 0.3949 24866816
100 0.4047 24739840
101 0.3996 24788992
102 0.4067 24973312
103 0.4094 25010176
104 0.4091 24928256
105 0.4142 24985600
106 0.4205 25202688
107 0.4248 25251840
108 0.4261 25296896
109 0.4303 25341952
110 0.4331 25264128
111 0.437 25395200
112 0.4402 25505792
113 0.4444 25546752
114 0.4456 25489408
115 0.4629 25792512
116 0.4549 25714688
117 0.4668 25931776
118 0.4654 25812992
119 0.4667 25739264
120 0.4671 25808896
121 0.4749 26025984
122 0.4794 25919488
123 0.4858 25968640
124 0.485 26173440
125 0.4938 26251264
126 0.4927 26275840
127 0.5019 26329088
128 0.5226 26640384
129 0.6835 26701824
130 0.6642 26812416
131 0.5717 26591232
132 0.5815 26890240
133 0.6102 26939392
134 0.6108 26931200
135 0.6735 27070464
136 0.7052 27115520
137 0.6104 27148288
138 0.5829 27275264
139 0.6844 27353088
140 0.5908 27373568
141 0.574 27316224
142 0.732 27500544
143 0.7546 27545600
144 0.7326 27574272
145 0.6504 27774976
146 0.6054 27615232
147 0.6299 27635712
148 0.598 27607040
149 0.7886 27942912
150 0.7753 27975680
151 0.8092 28033024
152 0.6665 28114944
153 0.6682 28209152
154 0.6574 28327936
155 0.6604 28286976
156 0.8087 28340224
157 0.7769 28413952
158 0.7149 28463104
159 0.6844 28524544
160 0.6537 28200960
161 0.674 28463104
162 0.7719 28708864
163 0.7597 28823552
164 0.8386 28893184
165 0.7238 28811264
166 0.7041 28991488
167 0.902 29024256
168 0.8939 29102080
169 0.7932 29024256
170 0.7643 28930048
171 0.7697 29200384
172 0.7216 29081600
173 0.7268 29233152
174 0.7376 29204480
175 0.7304 29253632
176 0.7396 29339648
177 0.7491 29396992
178 0.7625 29601792
179 0.7609 29544448
180 0.7619 29597696
181 0.78 29663232
182 0.7774 29736960
183 0.7835 29802496
184 0.8048 29863936
185 0.8328 30183424
186 1.0326 30253056
187 1.0514 30351360
188 0.8525 30437376
189 0.9604 30449664
190 1.0947 30511104
191 1.0041 30597120
192 1.0337 30687232
193 0.8978 30416896
194 0.9103 30527488
195 1.1254 30769152
196 1.005 30789632
197 1.1719 30887936
198 1.149 30965760
199 0.9849 31051776