1 0.1415 17940480
2 0.1497 18104320
3 0.1437 17973248
4 0.1473 17985536
5 0.1469 18149376
6 0.146 18161664
7 0.1541 18149376
8 0.146 18210816
9 0.1502 18202624
10 0.1546 18231296
11 0.1558 18305024
12 0.1498 18456576
13 0.1525 18509824
14 0.1591 18530304
15 0.1529 18321408
16 0.1544 18432000
17 0.1558 18661376
18 0.1522 18378752
19 0.1583 18505728
20 0.1579 18522112
21 0.1652 18759680
22 0.1571 18591744
23 0.158 18706432
24 0.1614 18620416
25 0.16 18866176
26 0.1596 18657280
27 0.1608 18927616
28 0.1597 18710528
29 0.1587 18735104
30 0.1633 19042304
31 0.1658 19181568
32 0.1625 19132416
33 0.1676 19202048
34 0.1652 19042304
35 0.1659 19120128
36 0.1648 19206144
37 0.1697 19165184
38 0.1726 19271680
39 0.1696 19279872
40 0.1743 19300352
41 0.1734 19492864
42 0.1744 19664896
43 0.1775 19673088
44 0.1754 19587072
45 0.1725 19615744
46 0.1896 19652608
47 0.1793 19656704
48 0.1762 19664896
49 0.1746 19582976
50 0.1791 19750912
51 0.1782 19763200
52 0.1828 19636224
53 0.1781 19779584
54 0.1792 19865600
55 0.1809 19746816
56 0.1813 19759104
57 0.1785 19636224
58 0.1821 19804160
59 0.1789 19759104
60 0.1788 19656704
61 0.1791 19763200
62 0.1777 19636224
63 0.1805 19759104
64 0.1768 19640320
65 0.1749 19615744
66 0.176 19877888
67 0.1771 19619840
68 0.184 19906560
69 0.1774 19615744
70 0.1782 19746816
71 0.1848 19869696
72 0.1826 19742720
73 0.184 19738624
74 0.1761 19984384
75 0.1762 19771392
76 0.1844 19628032
77 0.1769 19607552
78 0.177 19931136
79 0.1778 19722240
80 0.1777 19910656
81 0.1742 19795968
82 0.1786 19591168
83 0.1815 19775488
84 0.1827 19660800
85 0.178 19836928
86 0.1852 19701760
87 0.1808 19857408
88 0.1886 19673088
89 0.1768 19587072
90 0.1773 19922944
91 0.1772 19845120
92 0.1777 19714048
93 0.1781 19836928
94 0.1799 19685376
95 0.1856 19804160
96 0.2125 19673088
97 0.1768 19804160
98 0.177 19832832
99 0.188 19812352
100 0.176 19570688
101 0.1786 19664896
102 0.1777 19951616
103 0.1781 19681280
104 0.1818 19587072
105 0.1798 19607552
106 0.1769 19591168
107 0.1758 19714048
108 0.1778 19697664
109 0.1807 19705856
110 0.1837 19767296
111 0.1896 19841024
112 0.1751 19755008
113 0.1766 19828736
114 0.183 19664896
115 0.1769 19664896
116 0.177 19664896
117 0.1816 19746816
118 0.1746 19681280
119 0.178 19783680
120 0.1783 19791872
121 0.1847 19701760
122 0.1789 19685376
123 0.1768 19693568
124 0.1785 19709952
125 0.1769 19824640
126 0.1795 19718144
127 0.1769 19869696
128 0.1802 20062208
129 0.1812 19959808
130 0.1755 19881984
131 0.2109 20090880
132 0.1757 19898368
133 0.1815 19898368
134 0.1764 19763200
135 0.1782 19894272
136 0.1788 19767296
137 0.1847 20115456
138 0.1779 20037632
139 0.1815 20008960
140 0.1779 19898368
141 0.1864 19927040
142 0.1823 20037632
143 0.1806 19927040
144 0.1777 19968000
145 0.1857 19947520
146 0.1834 19939328
147 0.1822 19947520
148 0.1787 19984384
149 0.1893 20021248
150 0.1819 19996672
151 0.1803 20041728
152 0.185 20000768
153 0.1803 19894272
154 0.1792 19910656
155 0.1848 20185088
156 0.1783 20021248
157 0.1797 19918848
158 0.1872 20054016
159 0.1813 19918848
160 0.1793 20037632
161 0.1858 20209664
162 0.1776 20074496
163 0.1872 20054016
164 0.1872 20328448
165 0.1792 19943424
166 0.1808 20066304
167 0.1812 20324352
168 0.1845 20078592
169 0.1808 19988480
170 0.1869 19988480
171 0.18 20119552
172 0.1828 20099072
173 0.1821 20008960
174 0.1817 20140032
175 0.1822 20267008
176 0.1811 20041728
177 0.1885 20144128
178 0.1801 20156416
179 0.1797 20230144
180 0.1811 20287488
181 0.1832 20332544
182 0.1836 20201472
183 0.1811 20123648
184 0.193 20180992
185 0.1808 20455424
186 0.181 20197376
187 0.1843 20234240
188 0.1857 20332544
189 0.1879 20344832
190 0.1799 20250624
191 0.1864 20271104
192 0.1869 20381696
193 0.1809 20242432
194 0.1923 20340736
195 0.1833 20250624
196 0.1896 20172800
197 0.1865 20393984
198 0.1845 20156416
199 0.1861 20357120
200 0.1862 20197376
201 0.1828 20234240
202 0.1861 20365312
203 0.1855 20402176
204 0.1821 20316160
205 0.1934 20410368
206 0.1837 20533248
207 0.1835 20332544
208 0.1956 20365312
209 0.1905 20353024
210 0.1903 20246528
211 0.1866 20385792
212 0.1875 20267008
213 0.1888 20262912
214 0.1897 20545536
215 0.1894 20590592
216 0.1858 20299776
217 0.1845 20398080
218 0.1896 20402176
219 0.1923 20672512
220 0.1816 20529152
221 0.1897 20406272
222 0.1859 20324352
223 0.1923 20443136
224 0.184 20574208
225 0.1826 20414464
226 0.1837 20340736
227 0.193 20463616
228 0.1852 20742144
229 0.1885 20529152
230 0.1843 20606976
231 0.1862 20377600
232 0.1821 20365312
233 0.1867 20545536
234 0.1875 20529152
235 0.1823 20377600
236 0.1903 20525056
237 0.1927 20529152
238 0.1839 20549632
239 0.1881 20643840
240 0.1914 20672512
241 0.1937 20533248
242 0.1865 20647936
243 0.1858 20439040
244 0.1875 20553728
245 0.1854 20627456
246 0.1841 20578304
247 0.1853 20701184
248 0.1895 20602880
249 0.1875 20598784
250 0.1901 20480000
251 0.1852 20770816
252 0.1856 20611072
253 0.1845 20488192
254 0.1879 20615168
255 0.1858 20500480
256 0.1841 20705280
257 0.1965 20828160
258 0.187 20537344
259 0.1863 20660224
260 0.1932 20656128
261 0.1896 20680704
262 0.1944 20676608
263 0.1843 20549632
264 0.1861 20582400
265 0.1879 20676608
266 0.1909 20819968
267 0.1912 20643840
268 0.192 20942848
269 0.2106 20717568
270 0.1875 20725760
271 0.1874 20791296
272 0.1858 20873216
273 0.1912 20844544
274 0.197 20783104
275 0.1887 20766720
276 0.1893 20762624
277 0.1899 20774912
278 0.1899 20901888
279 0.1867 20905984
280 0.1847 20750336
281 0.1951 20852736
282 0.1909 20897792
283 0.1895 20951040
284 0.1965 20807680
285 0.1889 20807680
286 0.1882 20815872
287 0.1874 20865024
288 0.1919 20795392
289 0.1904 20836352
290 0.1875 20844544
291 0.2046 20938752
292 0.2053 21057536
293 0.1893 20865024
294 0.1929 21004288
295 0.188 20938752
296 0.1954 21032960
297 0.1928 20860928
298 0.1965 20881408
299 0.1942 21041152
300 0.1895 20885504
301 0.1936 21020672
302 0.1896 21041152
303 0.1922 21123072
304 0.1882 20996096
305 0.1904 20955136
306 0.1864 20811776
307 0.1906 21041152
308 0.1885 20946944
309 0.1892 21086208
310 0.1881 20848640
311 0.1898 20971520
312 0.1891 21073920
313 0.1894 21016576
314 0.1939 20979712
315 0.1882 21082112
316 0.1882 20873216
317 0.1902 21164032
318 0.1982 21135360
319 0.1933 21184512
320 0.1942 21012480
321 0.1922 21204992
322 0.1991 20955136
323 0.1931 21078016
324 0.1922 21110784
325 0.1916 21262336
326 0.1902 21065728
327 0.1883 21151744
328 0.1907 21086208
329 0.1945 21102592
330 0.1971 21278720
331 0.1897 20992000
332 0.191 20987904
333 0.1922 20996096
334 0.1911 21114880
335 0.194 21213184
336 0.1968 21123072
337 0.1947 21135360
338 0.1936 21258240
339 0.1955 21274624
340 0.1907 21049344
341 0.1932 21065728
342 0.1913 21229568
343 0.1913 21184512
344 0.2011 21340160
345 0.1883 21151744
346 0.198 21286912
347 0.1961 21495808
348 0.1956 21241856
349 0.1959 21508096
350 0.1974 21508096
351 0.1923 21233664
352 0.1922 21262336
353 0.1928 21307392
354 0.1949 21401600
355 0.1915 21270528
356 0.1935 21393408
357 0.1978 21151744
358 0.1891 21241856
359 0.1905 21278720
360 0.2033 21389312
361 0.1964 21413888
362 0.1921 21278720
363 0.195 21397504
364 0.1918 21327872
365 0.1979 21471232
366 0.1928 21479424
367 0.1996 21434368
368 0.1926 21352448
369 0.197 21344256
370 0.1922 21401600
371 0.202 21532672
372 0.1916 21364736
373 0.1985 21491712
374 0.1948 21377024
375 0.1958 21372928
376 0.192 21405696
377 0.2026 21381120
378 0.1968 21393408
379 0.195 21426176
380 0.1952 21319680
381 0.1956 21549056
382 0.1975 21676032
383 0.1965 21684224
384 0.1945 21499904
385 0.1948 21381120
386 0.1979 21442560
387 0.1937 21540864
388 0.1984 21454848
389 0.1935 21450752
390 0.1953 21483520
391 0.1953 21467136
392 0.1938 21508096
393 0.1934 21643264
394 0.1973 21786624
395 0.1952 21630976
396 0.1939 21524480
397 0.1967 21655552
398 0.195 21585920
399 0.1985 21737472
400 0.1932 21544960
401 0.1952 21532672
402 0.1962 21770240
403 0.1958 21618688
404 0.1989 21577728
405 0.215 21680128
406 0.1977 21692416
407 0.1955 21565440
408 0.1976 21540864
409 0.1947 21577728
410 0.1976 21475328
411 0.1954 21590016
412 0.2014 21913600
413 0.2017 21671936
414 0.1962 21606400
415 0.1967 21680128
416 0.2001 21622784
417 0.1965 21561344
418 0.1979 21700608
419 0.1992 21643264
420 0.2 21790720
421 0.2005 21848064
422 0.2009 21659648
423 0.1963 21729280
424 0.1981 21798912
425 0.1954 21835776
426 0.1968 21811200
427 0.1971 21704704
428 0.2001 21704704
429 0.201 21692416
430 0.1968 21786624
431 0.1987 21614592
432 0.2007 21794816
433 0.1972 21864448
434 0.1967 21831680
435 0.1988 21639168
436 0.1968 21782528
437 0.2061 21872640
438 0.2007 21856256
439 0.1986 21770240
440 0.1984 21770240
441 0.2027 21897216
442 0.1964 21872640
443 0.1956 21803008
444 0.2036 21901312
445 0.2033 21942272
446 0.2015 22032384
447 0.1999 21860352
448 0.2031 21979136
449 0.2003 21975040
450 0.199 21929984
451 0.1983 21860352
452 0.1982 21745664
453 0.1992 21917696
454 0.2022 22011904
455 0.1998 22036480
456 0.2094 22069248
457 0.1998 21807104
458 0.2076 22007808
459 0.2028 21929984
460 0.1984 21962752
461 0.2013 22163456
462 0.197 21966848
463 0.2101 21966848
464 0.197 21872640
465 0.2054 21831680
466 0.1981 22024192
467 0.1996 21934080
468 0.1979 21942272
469 0.1989 21839872
470 0.2068 22048768
471 0.1981 21995520
472 0.1992 21958656
473 0.1988 21975040
474 0.199 21884928
475 0.198 22056960
476 0.2057 22118400
477 0.199 21991424
478 0.1996 22020096
479 0.2015 22134784
480 0.2048 22188032
481 0.2026 22159360
482 0.2029 21991424
483 0.1972 21987328
484 0.2018 22179840
485 0.1973 22048768
486 0.213 22249472
487 0.2073 22298624
488 0.2003 22122496
489 0.2049 22196224
490 0.204 22126592
491 0.1981 22048768
492 0.2045 22241280
493 0.205 22245376
494 0.2013 22183936
495 0.2061 22224896
496 0.2039 22200320
497 0.2052 22265856
498 0.2054 22245376
499 0.2038 21991424
500 0.2021 22245376
501 0.202 22147072
502 0.2049 22208512
503 0.2022 22224896
504 0.2045 22208512
505 0.2015 22208512
506 0.2083 22155264
507 0.2038 22290432
508 0.2034 22138880
509 0.2058 22188032
510 0.1997 22290432
511 0.2065 22294528
512 0.2013 22167552
513 0.2034 22351872
514 0.2009 22224896
515 0.2027 22310912
516 0.2047 22278144
517 0.2041 22384640
518 0.2015 22212608
519 0.2021 22421504
520 0.2061 22282240
521 0.2111 22286336
522 0.2013 22265856
523 0.2077 22380544
524 0.2004 22327296
525 0.2048 22364160
526 0.2019 22372352
527 0.2058 22212608
528 0.2029 22306816
529 0.2041 22372352
530 0.2093 22478848
531 0.2034 22401024
532 0.2087 22429696
533 0.2178 22462464
534 0.206 22515712
535 0.2027 22450176
536 0.2027 22368256
537 0.2034 22429696
538 0.2039 22446080
539 0.2091 22405120
540 0.2028 22405120
541 0.2115 22548480
542 0.2052 22433792
543 0.2045 22425600
544 0.2086 22470656
545 0.2089 22294528
546 0.2112 22577152
547 0.2111 22507520
548 0.212 22421504
549 0.2017 22499328
550 0.2022 22446080
551 0.2047 22511616
552 0.2083 22499328
553 0.2032 22319104
554 0.2053 22450176
555 0.2051 22532096
556 0.2037 22564864
557 0.2069 22577152
558 0.2037 22650880
559 0.2094 22745088
560 0.2059 22659072
561 0.2036 22720512
562 0.2081 22626304
563 0.2047 22544384
564 0.2046 22552576
565 0.2098 22716416
566 0.2057 22761472
567 0.2093 22945792
568 0.2085 22761472
569 0.2073 22859776
570 0.2078 22781952
571 0.2056 22827008
572 0.209 22839296
573 0.205 22605824
574 0.2089 22851584
575 0.2038 22757376
576 0.2098 22827008
577 0.2068 22872064
578 0.2087 22847488
579 0.2086 22810624
580 0.2087 22876160
581 0.2074 23027712
582 0.205 22822912
583 0.2093 22863872
584 0.2082 22876160
585 0.2117 22810624
586 0.2047 22855680
587 0.2103 22949888
588 0.2128 22945792
589 0.2104 22814720
590 0.2085 22806528
591 0.2088 22966272
592 0.2065 22855680
593 0.2062 22917120
594 0.2078 22929408
595 0.2064 22753280
596 0.208 22876160
597 0.206 22851584
598 0.2073 22900736
599 0.2061 23085056
600 0.2077 22908928
601 0.2095 22986752
602 0.2087 22929408
603 0.2066 22945792
604 0.2102 23003136
605 0.2079 23142400
606 0.2073 22966272
607 0.2069 22974464
608 0.2123 22908928
609 0.2071 23052288
610 0.2106 23068672
611 0.2077 22933504
612 0.2118 23031808
613 0.2139 23080960
614 0.2146 23212032
615 0.2073 23015424
616 0.2104 23097344
617 0.2133 23085056
618 0.2079 23191552
619 0.2085 23228416
620 0.2071 23040000
621 0.2062 23093248
622 0.2087 23060480
623 0.2091 23109632
624 0.2091 23105536
625 0.2087 23089152
626 0.2084 23080960
627 0.209 23080960
628 0.2146 23248896
629 0.2073 23150592
630 0.2096 23089152
631 0.2075 22974464
632 0.2138 23175168
633 0.2068 23089152
634 0.2096 23150592
635 0.2089 23146496
636 0.2118 23158784
637 0.2079 23138304
638 0.2077 23113728
639 0.2089 23216128
640 0.2091 23326720
641 0.2129 23183360
642 0.2143 23224320
643 0.2086 23351296
644 0.2089 23240704
645 0.2142 23400448
646 0.2079 23265280
647 0.209 23252992
648 0.2157 23281664
649 0.2085 23285760
650 0.2137 23203840
651 0.2091 23298048
652 0.2149 23187456
653 0.227 23461888
654 0.2119 23257088
655 0.2091 23150592
656 0.2107 23347200
657 0.2102 23326720
658 0.212 23359488
659 0.2091 23339008
660 0.2104 23416832
661 0.2104 23298048
662 0.2137 23379968
663 0.2102 23363584
664 0.2185 23404544
665 0.2105 23429120
666 0.2115 23486464
667 0.2105 23318528
668 0.2132 23474176
669 0.2145 23261184
670 0.214 23375872
671 0.2138 23498752
672 0.2142 23539712
673 0.2139 23384064
674 0.2134 23252992
675 0.213 23445504
676 0.2131 23564288
677 0.2129 23400448
678 0.2208 23523328
679 0.2123 23449600
680 0.2113 23564288
681 0.2153 23379968
682 0.2136 23416832
683 0.2239 23519232
684 0.2208 23633920
685 0.2175 23515136
686 0.2155 23543808
687 0.2123 23461888
688 0.211 23572480
689 0.211 23474176
690 0.2147 23506944
691 0.2113 23339008
692 0.2111 23490560
693 0.2322 23441408
694 0.2181 23502848
695 0.2132 23502848
696 0.2144 23597056
697 0.2113 23523328
698 0.2163 23429120
699 0.2137 23691264
700 0.213 23527424
701 0.2129 23527424
702 0.212 23527424
703 0.2148 23654400
704 0.2209 23613440
705 0.2137 23625728
706 0.2176 23633920
707 0.2121 23666688
708 0.2163 23633920
709 0.2223 23760896
710 0.218 23654400
711 0.2119 23605248
712 0.2128 23638016
713 0.2205 23740416
714 0.2169 23568384
715 0.2124 23613440
716 0.2126 23588864
717 0.2148 23642112
718 0.2134 23752704
719 0.2134 23523328
720 0.2173 23674880
721 0.2115 23674880
722 0.2126 23642112
723 0.2131 23699456
724 0.2196 23871488
725 0.2139 23715840
726 0.2145 23699456
727 0.2137 23801856
728 0.218 23670784
729 0.2175 23695360
730 0.213 23629824
731 0.2191 23793664
732 0.2123 23609344
733 0.217 23764992
734 0.2227 23818240
735 0.2137 23617536
736 0.2184 23715840
737 0.2153 23805952
738 0.2159 23822336
739 0.2199 23826432
740 0.217 23855104
741 0.2166 23957504
742 0.2171 23965696
743 0.2195 23896064
744 0.2205 23769088
745 0.2155 23949312
746 0.213 23691264
747 0.2154 23969792
748 0.2139 23797760
749 0.216 23977984
750 0.2153 23896064
751 0.2158 23904256
752 0.2165 23810048
753 0.215 23769088
754 0.2236 24014848
755 0.2167 23887872
756 0.2151 23842816
757 0.2198 24064000
758 0.2151 23912448
759 0.216 23773184
760 0.217 23920640
761 0.2159 23920640
762 0.216 23928832
763 0.2159 23982080
764 0.2172 23949312
765 0.217 23945216
766 0.2189 23965696
767 0.2179 23851008
768 0.2152 23912448
769 0.2168 23924736
770 0.2205 24109056
771 0.2229 24035328
772 0.215 23896064
773 0.2195 24096768
774 0.2375 24084480
775 0.2171 23859200
776 0.219 23998464
777 0.2304 23928832
778 0.2174 24080384
779 0.2164 23891968
780 0.2174 24031232
781 0.2193 24080384
782 0.2176 24104960
783 0.2167 24092672
784 0.2169 24055808
785 0.2181 24047616
786 0.2173 23928832
787 0.217 23982080
788 0.2193 24154112
789 0.2193 24129536
790 0.2169 24154112
791 0.2208 24109056
792 0.2212 24154112
793 0.2182 23969792
794 0.2211 23986176
795 0.2162 24018944
796 0.2225 24195072
797 0.2192 24178688
798 0.2235 24190976
799 0.2178 24166400
800 0.2179 24150016