1 0.0283 6172672
2 0.0244 6139904
3 0.0244 6160384
4 0.0245 6180864
5 0.0287 6238208
6 0.029 6283264
7 0.0252 6307840
8 0.0253 6262784
9 0.0257 6279168
10 0.0257 6348800
11 0.026 6373376
12 0.0261 6344704
13 0.0268 6356992
14 0.0267 6381568
15 0.027 6451200
16 0.0272 6426624
17 0.027 6455296
18 0.0273 6475776
19 0.0274 6504448
20 0.0278 6533120
21 0.028 6602752
22 0.0285 6574080
23 0.0286 6590464
24 0.0326 6668288
25 0.0287 6639616
26 0.034 6737920
27 0.0294 6680576
28 0.0335 6754304
29 0.0301 6729728
30 0.0301 6758400
31 0.0305 6782976
32 0.0343 6852608
33 0.0306 6893568
34 0.0308 6864896
35 0.0353 6955008
36 0.0313 6930432
37 0.0357 6995968
38 0.0318 6983680
39 0.0323 7020544
40 0.0324 7114752
41 0.0329 7094272
42 0.0331 7139328
43 0.0338 7172096
44 0.038 7258112
45 0.0338 7229440
46 0.0347 7270400
47 0.0375 7376896
48 0.0361 7327744
49 0.0352 7364608
50 0.0351 7389184
51 0.0401 7479296
52 0.0361 7475200
53 0.0362 7516160
54 0.0365 7553024
55 0.0367 7581696
56 0.0402 7622656
57 0.0375 7647232
58 0.0375 7684096
59 0.0379 7716864
60 0.0431 7815168
61 0.0385 7802880
62 0.0387 7921664
63 0.0391 7942144
64 0.0398 7979008
65 0.0399 8019968
66 0.0402 8028160
67 0.0404 8065024
68 0.0404 8110080
69 0.0408 8146944
70 0.0461 8261632
71 0.0416 8241152
72 0.0421 8314880
73 0.0422 8318976
74 0.0428 8392704
75 0.0427 8388608
76 0.0433 8478720
77 0.0434 8482816
78 0.0438 8519680
79 0.0441 8568832
80 0.0484 8658944
81 0.0448 8667136
82 0.0454 8712192
83 0.0496 8818688
84 0.0462 8818688
85 0.0462 8859648
86 0.0465 8970240
87 0.0511 9015296
88 0.0482 9035776
89 0.0479 9089024
90 0.0488 9150464
91 0.0487 9244672
92 0.049 9252864
93 0.0496 9326592
94 0.05 9383936
95 0.0501 9433088
96 0.0505 9482240
97 0.0516 9535488
98 0.0522 9588736
99 0.0545 9641984
100 0.0974 9703424
101 0.0568 9814016
102 0.0535 9805824
103 0.0537 9875456
104 0.0538 9916416
105 0.0542 9990144
106 0.0553 10039296
107 0.0555 10080256
108 0.0569 10149888
109 0.0562 10186752
110 0.0568 10252288
111 0.0568 10330112
112 0.057 10379264
113 0.0584 10436608
114 0.058 10489856
115 0.0627 10596352
116 0.0638 10760192
117 0.0589 10665984
118 0.0601 10731520
119 0.0603 10792960
120 0.0604 10846208
121 0.061 10919936
122 0.0615 10969088
123 0.0617 11046912
124 0.062 11112448
125 0.0627 11161600
126 0.0635 11231232
127 0.0631 11362304
128 0.0641 11382784
129 0.0648 11440128
130 0.0651 11526144
131 0.0657 11636736
132 0.0665 11665408
133 0.0662 11702272
134 0.0665 11784192
135 0.0671 11845632
136 0.0682 11976704
137 0.068 11997184
138 0.0726 12099584
139 0.0695 12128256
140 0.0692 12193792
141 0.0699 12242944
142 0.0744 12369920
143 0.0748 12451840
144 0.0713 12468224
145 0.0723 12541952
146 0.0729 12652544
147 0.0728 12738560
148 0.0739 12816384
149 0.0738 12898304
150 0.0744 12972032
151 0.075 13049856
152 0.0755 13139968
153 0.0796 13283328
154 0.0763 13303808
155 0.0768 13377536
156 0.0812 13508608
157 0.0782 13553664
158 0.0793 13631488
159 0.0786 13705216
160 0.0834 13852672
161 0.0793 13864960
162 0.0803 13922304
163 0.0813 13996032
164 0.0811 14106624
165 0.0831 14163968
166 0.0823 14245888
167 0.0824 14376960
168 0.0831 14393344
169 0.0839 14503936
170 0.0957 14585856
171 0.086 14610432
172 0.0857 14725120
173 0.0863 14761984
174 0.0886 14827520
175 0.0873 14938112
176 0.0883 15052800
177 0.0886 15101952
178 0.0891 15196160
179 0.0944 15421440
180 0.0903 15347712
181 0.0962 15503360
182 0.0916 15519744
183 0.0923 15626240
184 0.0945 15724544
185 0.0936 15826944
186 0.0945 15937536
187 0.0955 16039936
188 0.0957 16064512
189 0.0968 16171008
190 0.0965 16257024
191 0.0974 16343040
192 0.1029 16490496
193 0.1037 16678912
194 0.1001 16695296
195 0.0998 16769024
196 0.1054 16855040
197 0.1053 16961536
198 0.1016 17006592
199 0.1075 17371136
200 0.1024 17170432
201 0.1082 17334272
202 0.1091 17461248
203 0.105 17477632
204 0.1065 17526784
205 0.1061 17612800
206 0.1109 17780736
207 0.1074 17739776
208 0.108 17870848
209 0.1098 17887232
210 0.1098 17940480
211 0.1107 18104320
212 0.1107 18165760
213 0.1161 18325504
214 0.1161 18419712
215 0.1177 18792448
216 0.1146 18542592
217 0.1181 18784256
218 0.1149 18743296
219 0.1158 18833408
220 0.1161 18952192
221 0.1162 19066880
222 0.1178 19165184
223 0.118 19308544
224 0.1184 19365888
225 0.1188 19460096
226 0.1204 19562496
227 0.1209 19738624
228 0.1212 19763200
229 0.1225 19865600
230 0.1264 20033536
231 0.1229 20058112
232 0.1241 20164608
233 0.1254 20283392
234 0.1245 20365312
235 0.1312 20738048
236 0.1271 20615168
237 0.134 20951040
238 0.1277 20873216
239 0.1282 20914176
240 0.1342 21086208
241 0.1301 21123072
242 0.135 21282816
243 0.1322 21401600
244 0.1318 21438464
245 0.1323 21553152
246 0.1331 21667840
247 0.1338 21786624
248 0.1344 21872640
249 0.1353 21995520
250 0.1363 22167552
251 0.1372 22188032
252 0.138 22306816
253 0.1379 22421504
254 0.1385 22532096
255 0.1484 22695936
256 0.1406 22761472
257 0.1426 22851584
258 0.1432 22970368
259 0.1437 23113728
260 0.1484 23293952
261 0.1487 23400448
262 0.1458 23461888
263 0.1466 23646208
264 0.1473 23707648
265 0.1476 23818240
266 0.148 24014848
267 0.1493 24059904
268 0.1539 24227840
269 0.1546 24338432
270 0.1515 24424448
271 0.1525 24547328
272 0.1525 24653824
273 0.1543 24756224
274 0.1635 25206784
275 0.1548 25006080
276 0.156 25149440
277 0.1568 25251840
278 0.1615 25440256
279 0.1581 25493504
280 0.1587 25636864
281 0.1633 25804800
282 0.16 25862144
283 0.1606 26001408
284 0.1651 26169344
285 0.1627 26243072
286 0.1638 26349568
287 0.1636 26636288
288 0.1652 26771456
289 0.1658 26902528
290 0.1664 27041792
291 0.1664 27127808
292 0.1682 27275264
293 0.1695 27418624
294 0.1691 27525120
295 0.1703 27660288
296 0.1801 27766784
297 0.176 27963392
298 0.1726 28028928
299 0.1734 28155904
300 0.1741 28303360
301 0.1757 28446720
302 0.1832 28680192
303 0.2212 29007872
304 0.1774 28839936
305 0.1792 28971008
306 0.1795 29106176
307 0.1805 29233152
308 0.181 29405184
309 0.1819 29515776
310 0.1824 29638656
311 0.1886 30183424
312 0.1883 29962240
313 0.1846 30035968
314 0.186 30175232
315 0.1909 30679040
316 0.1912 30527488
317 0.1882 30597120
318 0.1938 30793728
319 0.1895 30867456
320 0.1909 31014912
321 0.1911 31162368
322 0.1996 31375360
323 0.1951 31469568
324 0.1934 31576064
325 0.1954 31715328
326 0.196 31920128
327 0.1966 32006144
328 0.1978 32137216
329 0.1985 32301056
330 0.1985 32432128
331 0.2015 32673792
332 0.2011 32714752
333 0.2031 32903168
334 0.2022 32976896
335 0.2035 33148928
336 0.2047 33333248
337 0.2054 33415168
338 0.2059 33570816
339 0.2071 33763328
340 0.208 33837056
341 0.2093 33996800
342 0.2136 34197504
343 0.2097 34299904
344 0.2116 34451456
345 0.2122 34611200
346 0.2167 34799616
347 0.2197 34951168
348 0.2148 35041280
349 0.2212 35278848
350 0.2172 35381248
351 0.2178 35528704
352 0.2196 35676160
353 0.2195 35852288
354 0.2213 36007936
355 0.2259 36212736
356 0.2286 36757504
357 0.2241 36474880
358 0.2295 36687872
359 0.2311 37212160
360 0.2307 37015552
361 0.2278 37117952
362 0.2281 37269504
363 0.2348 37494784
364 0.2313 37584896
365 0.2312 37818368
366 0.2368 37978112
367 0.2385 38141952
368 0.2347 38264832
369 0.2402 38465536
370 0.2382 38580224
371 0.2425 38780928
372 0.2426 38932480
373 0.2396 39141376
374 0.2407 39223296
375 0.2488 39575552
376 0.2477 39976960
377 0.2433 39714816
378 0.2447 39874560
379 0.2466 40054784
380 0.2473 40235008
381 0.2494 40431616
382 0.2494 40574976
383 0.2564 40816640
384 0.2522 40992768
385 0.2569 41197568
386 0.2601 41328640
387 0.2658 41562112
388 0.2663 41693184
389 0.2574 41762816
390 0.2614 41967616
391 0.2639 42151936
392 0.2687 42496000
393 0.2611 42467328
394 0.2618 42635264
395 0.2629 42754048
396 0.2651 42930176
397 0.2696 43167744
398 0.2666 43257856
399 0.2717 43483136
400 0.269 43606016
401 0.2694 43769856
402 0.2705 43966464
403 0.2714 44122112
404 0.2732 44306432
405 0.2736 44474368
406 0.2748 44658688
407 0.2801 44867584
408 0.2819 45068288
409 0.278 45191168
410 0.278 45441024
411 0.28 45547520
412 0.2814 45780992
413 0.2854 45948928
414 0.285 46055424
415 0.2885 46317568
416 0.2853 46407680
417 0.2859 46579712
418 0.288 46759936
419 0.2885 46956544
420 0.29 47128576
421 0.29 47378432
422 0.2965 47562752
423 0.2961 48246784
424 0.2943 47874048
425 0.3002 48099328
426 0.2967 48226304
427 0.298 48406528
428 0.3024 48644096
429 0.2998 48771072
430 0.3001 48955392
431 0.3021 49131520
432 0.3049 49369088
433 0.3041 49496064
434 0.3076 49676288
435 0.3051 49926144
436 0.3088 50036736
437 0.308 50212864
438 0.3139 50556928
439 0.3104 50585600
440 0.3123 50786304
441 0.3188 51646464
442 0.3142 51163136
443 0.3152 51347456
444 0.3169 51531776
445 0.3222 51720192
446 0.3238 51908608
447 0.3241 52097024
448 0.3259 52273152
449 0.323 52531200
450 0.3262 52658176
451 0.3242 52924416
452 0.3261 53059584
453 0.326 53248000
454 0.3271 53436416
455 0.3286 53612544
456 0.3335 53862400
457 0.3367 54263808
458 0.3327 54185984
459 0.3339 54386688
460 0.3336 54579200
461 0.3397 55107584
462 0.3367 54964224
463 0.3385 55148544
464 0.3384 55357440
465 0.3441 55603200
466 0.3454 55791616
467 0.3423 55992320
468 0.3509 56238080
469 0.3459 56332288
470 0.3502 57442304
471 0.3468 56725504
472 0.3518 57528320
473 0.3479 57167872
474 0.3503 57315328
475 0.3523 57520128
476 0.3523 57704448
477 0.3548 57905152
478 0.3561 58134528
479 0.3559 58322944
480 0.3614 58503168
481 0.3647 58683392
482 0.3683 59486208
483 0.3672 59453440
484 0.3628 59203584
485 0.3639 59404288
486 0.3683 59662336
487 0.3667 59822080
488 0.3664 60088320
489 0.3685 60211200
490 0.3724 60481536
491 0.3702 60624896
492 0.3726 60837888
493 0.3743 61050880
494 0.3727 61300736
495 0.3798 61501440
496 0.3773 61673472
497 0.3784 61882368
498 0.3836 62136320
499 0.3843 62328832
500 0.3871 62607360
501 0.3875 62767104
502 0.3895 62976000
503 0.3915 63205376
504 0.3905 63389696
505 0.3879 63533056
506 0.3905 63737856
507 0.392 63971328
508 0.3917 64167936
509 0.3933 64393216
510 0.3952 64589824
511 0.3994 64864256
512 0.4027 65097728
513 0.401 65261568
514 0.4154 66174976
515 0.4091 65785856
516 0.4098 66564096
517 0.4118 66199552
518 0.4117 66396160
519 0.4104 66576384
520 0.4104 66793472
521 0.412 67018752
522 0.4131 67231744
523 0.4172 67506176
524 0.4175 67661824
525 0.4153 67940352
526 0.432 68210688
527 0.4195 68321280
528 0.4195 68591616
529 0.4233 68751360
530 0.4228 68980736
531 0.4243 69193728
532 0.4259 69427200
533 0.4278 69656576
534 0.4285 69861376
535 0.4335 70160384
536 0.4374 70991872
537 0.4315 70557696
538 0.4375 71417856
539 0.4358 70995968
540 0.4372 71221248
541 0.4381 71450624
542 0.4397 71663616
543 0.4407 71888896
544 0.4468 72339456
545 0.4427 72331264
546 0.4473 72638464
547 0.4451 72802304
548 0.452 73117696
549 0.4472 73248768
550 0.4487 73543680
551 0.4501 73699328
552 0.4553 74473472
553 0.4519 74231808
554 0.4555 74387456
555 0.4567 74641408
556 0.4644 75689984
557 0.4588 75087872
558 0.4612 75321344
559 0.4608 75554816
560 0.4621 75874304
561 0.4681 76627968
562 0.4699 76750848
563 0.4706 76554240
564 0.4689 76726272
565 0.4704 76967936
566 0.4725 77180928
567 0.4726 77438976
568 0.4779 77721600
569 0.4791 77914112
570 0.4847 78516224
571 0.4814 78376960
572 0.4846 78893056
573 0.4803 78860288
574 0.4851 79122432
575 0.4833 79310848
576 0.4829 79675392
577 0.4863 79892480
578 0.4911 80117760
579 0.4893 80359424
580 0.4896 80625664
581 0.4919 80842752
582 0.4927 81068032
583 0.4947 81301504
584 0.4962 81543168
585 0.4978 81772544
586 0.4997 82034688
587 0.5011 82280448
588 0.5082 82685952
589 0.5226 83431424
590 0.5072 82997248
591 0.5068 83238912
592 0.5075 83484672
593 0.5093 83701760
594 0.5088 84025344
595 0.5101 84185088
596 0.5124 84496384
597 0.5146 84688896
598 0.5162 84946944
599 0.5218 85901312
600 0.5197 85434368
601 0.5262 86122496
602 0.5226 85929984
603 0.5238 86183936
604 0.5276 86499328
605 0.5261 86695936
606 0.5358 87015424
607 0.5378 87240704
608 0.5423 87687168
609 0.533 87719936
610 0.5414 88088576
611 0.5345 88203264
612 0.5373 88457216
613 0.5426 89391104
614 0.5396 88973312
615 0.5399 89219072
616 0.5414 89481216
617 0.5437 89739264
618 0.5439 89989120
619 0.5467 90267648
620 0.5481 90517504
621 0.5522 90783744
622 0.5599 91095040
623 0.5533 91287552
624 0.5592 92102656
625 0.5602 92028928
626 0.563 92647424
627 0.5565 92307456
628 0.5602 92549120
629 0.562 92856320
630 0.5612 93143040
631 0.5647 93372416
632 0.5647 93663232
633 0.5696 93859840
634 0.5666 94167040
635 0.57 94400512
636 0.5707 94707712
637 0.5713 94932992
638 0.5776 95232000
639 0.5739 95444992
640 0.5762 95698944
641 0.5772 95981568
642 0.5811 96243712
643 0.5824 96579584
644 0.582 96796672
645 0.584 97107968
646 0.5846 97300480
647 0.5883 97574912
648 0.5894 97845248
649 0.5919 98168832
650 0.5922 98381824
651 0.5989 98693120
652 0.5948 98979840
653 0.6015 99221504
654 0.6029 99471360
655 0.6198 99950592
656 0.6985 101019648
657 0.7419 101208064
658 0.6355 100511744
659 0.6084 100790272
660 0.6363 101199872
661 0.7246 102137856
662 0.6271 102449152
663 0.9763 102227968
664 0.6245 102268928
665 0.6335 102477824
666 0.6674 103559168
667 0.6215 102989824
668 0.6335 103444480
669 0.648 104165376
670 0.6274 103841792
671 0.6322 104108032
672 0.6283 104378368
673 0.633 104665088
674 0.63 104935424
675 0.6376 105242624
676 0.6389 105463808
677 0.6406 105971712
678 0.6433 106160128
679 0.6371 106303488
680 0.6434 106885120
681 0.6592 107081728
682 0.7058 107601920
683 0.6834 108048384
684 0.7084 108019712
685 0.7158 108240896
686 0.6826 108761088
687 0.7119 108777472
688 0.6805 108871680
689 0.6555 109133824
690 0.6578 109465600
691 0.6591 109699072
692 0.6674 110055424
693 0.8183 110510080
694 0.7518 111038464
695 0.6655 110845952
696 0.6702 111181824
697 0.6737 111480832
698 0.6748 112291840
699 0.6706 111964160
700 0.6766 112410624
701 0.6748 112627712
702 0.68 113577984
703 0.6802 113147904
704 0.6793 113459200
705 0.6863 113807360
706 0.6824 114053120
707 0.6889 114442240
708 0.6861 114638848
709 0.7026 115785728
710 0.6888 115310592
711 0.692 115605504
712 0.6951 115843072
713 0.703 116137984
714 0.7062 116412416
715 0.702 116768768
716 0.7034 117841920
717 0.7009 117313536
718 0.7065 118161408
719 0.7072 117964800
720 0.7106 118272000
721 0.7183 118534144
722 0.7246 119664640
723 0.779 119201792
724 0.723 119570432
725 0.7144 119717888
726 0.718 120045568
727 0.7191 120328192
728 0.7268 120688640
729 0.723 120954880
730 0.7258 121290752
731 0.7262 121581568
732 0.7262 121876480
733 0.7327 122265600
734 0.7298 122494976
735 0.7323 122802176
736 0.7416 123527168
737 0.7367 123400192
738 0.7373 123723776
739 0.7394 124026880
740 0.744 124485632
741 0.743 124645376
742 0.745 124944384
743 0.7479 125321216
744 0.7537 125698048
745 0.7503 125870080
746 0.752 126169088
747 0.7541 126496768
748 0.7575 126824448
749 0.7629 127193088
750 0.7583 127434752
751 0.7683 127860736
752 0.7662 128114688
753 0.7692 128446464
754 0.7682 128671744
755 0.7776 130150400
756 0.77 129323008
757 0.7722 129626112
758 0.7797 131022848
759 0.7767 130269184
760 0.7767 130637824
761 0.7796 130879488
762 0.7812 131194880
763 0.7846 131481600
764 0.7896 132177920
765 0.7859 132132864
766 0.7909 132448256
767 0.7919 132788224
768 0.7949 133136384
769 0.7961 133472256
770 0.7967 133779456
771 0.7982 134115328
772 0.8015 134430720
773 0.8107 134733824
774 0.8157 135057408
775 0.8171 135958528
776 0.8772 135954432
777 0.8126 135995392
778 0.8196 137478144
779 0.8143 136654848
780 0.8183 137850880
781 0.8229 137367552
782 0.8206 137601024
783 0.8232 137928704
784 0.8293 138264576
785 0.8393 138862592
786 0.8279 138870784
787 0.8365 139337728
788 0.8399 139681792
789 0.8361 140042240
790 0.8343 140181504
791 0.8352 140525568
792 0.8371 140845056
793 0.8376 141238272
794 0.8471 142454784
795 0.8448 141873152
796 0.845 142159872
797 0.8507 142491648
798 0.8496 142794752
799 0.8529 143196160
800 0.8534 143454208