1 0.0019 3481600
2 0.0018 3485696
3 0.0027 3514368
4 0.0019 3497984
5 0.002 3502080
6 0.0035 3547136
7 0.0022 3543040
8 0.0021 3555328
9 0.0022 3555328
10 0.0021 3579904
11 0.0029 3563520
12 0.0023 3571712
13 0.0024 3575808
14 0.0023 3608576
15 0.0024 3596288
16 0.0023 3600384
17 0.0028 3592192
18 0.0025 3612672
19 0.0027 3616768
20 0.0025 3620864
21 0.0037 3657728
22 0.0026 3641344
23 0.0027 3633152
24 0.0028 3649536
25 0.0037 3674112
26 0.008 3670016
27 0.003 3653632
28 0.0031 3657728
29 0.0037 3661824
30 0.0044 3678208
31 0.0031 3698688
32 0.0031 3702784
33 0.0039 3719168
34 0.0032 3706880
35 0.0042 3731456
36 0.0046 3772416
37 0.0038 3739648
38 0.0034 3776512
39 0.0033 3747840
40 0.0033 3751936
41 0.0041 3784704
42 0.0035 3788800
43 0.0047 3813376
44 0.0036 3796992
45 0.0047 3846144
46 0.0039 3817472
47 0.0044 3821568
48 0.0038 3833856
49 0.0057 3842048
50 0.0038 3833856
51 0.0045 3846144
52 0.004 3846144
53 0.0043 3854336
54 0.0044 3891200
55 0.0042 3874816
56 0.0041 3891200
57 0.0042 3923968
58 0.005 3887104
59 0.0058 3936256
60 0.0042 3907584
61 0.0049 3960832
62 0.0043 3932160
63 0.0055 3956736
64 0.0045 3952640
65 0.0055 3948544
66 0.0045 3960832
67 0.0058 3989504
68 0.0048 4022272
69 0.0071 4034560
70 0.0047 3989504
71 0.0063 4009984
72 0.0049 4009984
73 0.0057 4075520
74 0.005 4026368
75 0.006 4079616
76 0.0049 4046848
77 0.0063 4075520
78 0.0053 4063232
79 0.0058 4116480
80 0.0057 4083712
81 0.0069 4141056
82 0.0052 4100096
83 0.0058 4104192
84 0.0054 4132864
85 0.0071 4182016
86 0.0057 4141056
87 0.0069 4186112
88 0.0056 4157440
89 0.0077 4206592
90 0.0073 4210688
91 0.0059 4218880
92 0.006 4202496
93 0.0067 4206592
94 0.0059 4214784
95 0.008 4296704
96 0.0063 4284416
97 0.0076 4280320
98 0.0062 4280320
99 0.0067 4284416
100 0.0074 4329472
101 0.0082 4341760
102 0.0064 4313088
103 0.0075 4333568
104 0.007 4345856
105 0.0071 4337664
106 0.0067 4362240
107 0.0103 4403200
108 0.0069 4374528
109 0.0083 4399104
110 0.007 4440064
111 0.0081 4452352
112 0.007 4399104
113 0.0086 4485120
114 0.0072 4448256
115 0.0078 4448256
116 0.0074 4485120
117 0.0087 4526080
118 0.0073 4489216
119 0.0083 4485120
120 0.0076 4493312
121 0.0083 4505600
122 0.012 4567040
123 0.0136 4521984
124 0.0097 4612096
125 0.0095 4546560
126 0.0092 4591616
127 0.0103 4616192
128 0.0079 4612096
129 0.0094 4669440
130 0.0083 4648960
131 0.0106 4669440
132 0.0101 4685824
133 0.0103 4706304
134 0.0084 4661248
135 0.0104 4739072
136 0.0167 4755456
137 0.0122 4759552
138 0.0105 4771840
139 0.0143 4751360
140 0.0141 4771840
141 0.0133 4751360
142 0.0135 4829184
143 0.0128 4775936
144 0.0102 4833280
145 0.0115 4878336
146 0.0127 4902912
147 0.0093 4820992
148 0.0109 4878336
149 0.011 4870144
150 0.011 4898816
151 0.01 4874240
152 0.0135 4919296
153 0.0102 4907008
154 0.0123 4915200
155 0.0122 4956160
156 0.0101 4956160
157 0.0124 4939776
158 0.0123 4984832
159 0.0117 5017600
160 0.0102 5005312
161 0.0112 4947968
162 0.0132 5025792
163 0.0128 5021696
164 0.0117 5029888
165 0.0125 5009408
166 0.0121 5038080
167 0.0113 5021696
168 0.0158 5074944
169 0.011 5140480
170 0.0133 5099520
171 0.0115 5103616
172 0.014 5181440
173 0.011 5189632
174 0.0129 5140480
175 0.014 5177344
176 0.0145 5181440
177 0.015 5206016
178 0.0117 5193728
179 0.012 5226496
180 0.0139 5242880
181 0.0152 5275648
182 0.0148 5251072
183 0.0119 5238784
184 0.0154 5255168
185 0.0137 5246976
186 0.0136 5296128
187 0.0154 5304320
188 0.0142 5308416
189 0.0151 5316608
190 0.0167 5378048
191 0.0138 5361664
192 0.0138 5373952
193 0.0159 5390336
194 0.0167 5390336
195 0.0139 5386240
196 0.0168 5378048
197 0.0166 5402624
198 0.014 5476352
199 0.0143 5443584
200 0.013 5492736
201 0.016 5554176
202 0.0168 5529600
203 0.0146 5537792
204 0.0144 5582848
205 0.014 5574656
206 0.0205 5562368
207 0.0134 5525504
208 0.0154 5578752
209 0.0154 5558272
210 0.0174 5632000
211 0.0157 5591040
212 0.0195 5603328
213 0.0144 5677056
214 0.0156 5656576
215 0.0154 5615616
216 0.017 5697536
217 0.0147 5685248
218 0.0161 5722112
219 0.0174 5701632
220 0.016 5722112
221 0.015 5668864
222 0.0149 5816320
223 0.0208 5865472
224 0.0177 5754880
225 0.0233 5808128
226 0.018 5808128
227 0.0159 5791744
228 0.0153 5857280
229 0.0174 5828608
230 0.0225 5767168
231 0.0155 5853184
232 0.0181 5881856
233 0.0166 5951488
234 0.0159 5910528
235 0.0174 5943296
236 0.0176 5931008
237 0.0177 5951488
238 0.0176 5976064
239 0.0172 5898240
240 0.022 6074368
241 0.0162 5902336
242 0.0219 6041600
243 0.0195 5988352
244 0.0222 6103040
245 0.024 6017024
246 0.0179 6041600
247 0.0312 6152192
248 0.017 6066176
249 0.0259 6082560
250 0.0194 6119424
251 0.0181 6156288
252 0.02 6189056
253 0.0238 6168576
254 0.0195 6103040
255 0.0227 6201344
256 0.0204 6135808
257 0.0184 6123520
258 0.0189 6148096
259 0.0184 6225920
260 0.0184 6217728
261 0.0211 6332416
262 0.0283 6205440
263 0.0299 6311936
264 0.0238 6377472
265 0.0182 6279168
266 0.0227 6320128
267 0.0219 6320128
268 0.0209 6324224
269 0.0223 6545408
270 0.022 6447104
271 0.0262 6496256
272 0.021 6414336
273 0.0273 6561792
274 0.0196 6438912
275 0.0242 6569984
276 0.0241 6619136
277 0.0213 6520832
278 0.0213 6537216
279 0.0235 6639616
280 0.0239 6488064
281 0.0277 6602752
282 0.0268 6651904
283 0.0218 6594560
284 0.029 6684672
285 0.0237 6590464
286 0.0258 6643712
287 0.021 6639616
288 0.0233 6635520
289 0.026 6742016
290 0.0262 6766592
291 0.0272 6737920
292 0.0273 6754304
293 0.0245 6709248
294 0.0273 6733824
295 0.0211 6770688
296 0.0262 6942720
297 0.0258 6803456
298 0.0233 6803456
299 0.0242 6799360
300 0.0277 6893568
301 0.0261 6848512
302 0.0263 6914048
303 0.0269 6934528
304 0.0223 6885376
305 0.0282 6979584
306 0.0296 7081984
307 0.0278 6922240
308 0.0273 6930432
309 0.0309 7036928
310 0.0256 7024640
311 0.0297 7106560
312 0.0282 7143424
313 0.0289 7172096
314 0.0294 7073792
315 0.0301 7213056
316 0.0267 7041024
317 0.0269 7225344
318 0.0313 7204864
319 0.0268 7131136
320 0.024 7151616
321 0.0287 7192576
322 0.0286 7180288
323 0.0305 7200768
324 0.0309 7303168
325 0.0286 7188480
326 0.0305 7258112
327 0.0283 7372800
328 0.0315 7311360
329 0.0304 7303168
330 0.0307 7344128
331 0.0303 7380992
332 0.0268 7323648
333 0.025 7327744
334 0.0375 7442432
335 0.0313 7397376
336 0.0275 7471104
337 0.0257 7397376
338 0.0263 7454720
339 0.0271 7503872
340 0.033 7634944
341 0.0329 7446528
342 0.0269 7520256
343 0.0312 7512064
344 0.0288 7479296
345 0.0352 7532544
346 0.0338 7581696
347 0.0274 7606272
348 0.0313 7696384
349 0.033 7589888
350 0.035 7790592
351 0.0271 7655424
352 0.0323 7770112
353 0.0338 7675904
354 0.028 7606272
355 0.0324 7913472
356 0.0334 7733248
357 0.0343 7852032
358 0.0331 7802880
359 0.0309 7839744
360 0.0282 7794688
361 0.0347 7991296
362 0.0321 7880704
363 0.0335 7938048
364 0.0368 7970816
365 0.0289 7925760
366 0.0325 7987200
367 0.0321 7979008
368 0.0342 8024064
369 0.0374 8028160
370 0.0371 7983104
371 0.0344 8036352
372 0.0366 8093696
373 0.037 8122368
374 0.033 8073216
375 0.0364 8155136
376 0.0372 8183808
377 0.0313 8167424
378 0.0339 8163328
379 0.0396 8339456
380 0.0305 8196096
381 0.0375 8196096
382 0.0413 8359936
383 0.0377 8376320
384 0.039 8445952
385 0.0386 8417280
386 0.0361 8388608
387 0.0346 8282112
388 0.0362 8482816
389 0.0365 8335360
390 0.0395 8491008
391 0.0391 8355840
392 0.036 8491008
393 0.042 8585216
394 0.0384 8433664
395 0.0348 8495104
396 0.0406 8597504
397 0.04 8503296
398 0.0349 8577024
399 0.0408 8507392
400 0.0388 8527872
401 0.0387 8577024
402 0.0419 8634368
403 0.0381 8761344
404 0.0358 8605696
405 0.0411 8572928
406 0.0399 8720384
407 0.0394 8814592
408 0.0405 8761344
409 0.0405 8744960
410 0.0425 8822784
411 0.0409 9027584
412 0.0354 8802304
413 0.0368 8843264
414 0.0414 8966144
415 0.0413 9019392
416 0.0421 8929280
417 0.0423 8941568
418 0.0428 9076736
419 0.0413 9007104
420 0.0438 8933376
421 0.0409 9043968
422 0.0415 9027584
423 0.0436 9150464
424 0.0439 9154560
425 0.0463 9211904
426 0.0463 9195520
427 0.0449 9355264
428 0.0412 9097216
429 0.0434 9388032
430 0.0433 9367552
431 0.0447 9117696
432 0.0426 9310208
433 0.0469 9256960
434 0.0421 9334784
435 0.0398 9342976
436 0.0448 9363456
437 0.0424 9244672
438 0.0404 9306112
439 0.0491 9465856
440 0.0436 9433088
441 0.0448 9498624
442 0.0448 9617408
443 0.0467 9588736
444 0.0454 9515008
445 0.0457 9646080
446 0.0473 9662464
447 0.0465 9502720
448 0.0457 9601024
449 0.0396 9539584
450 0.0442 9609216
451 0.0456 9691136
452 0.045 9723904
453 0.0474 9842688
454 0.0453 9793536
455 0.0487 9850880
456 0.0471 9826304
457 0.0494 9658368
458 0.3179 9805824
459 0.3631 9781248
460 0.0439 9932800
461 0.0691 9834496
462 0.0505 9752576
463 0.0475 10063872
464 0.0549 9969664
465 0.0631 10133504
466 0.0668 9977856
467 0.0692 10076160
468 0.1553 9879552
469 0.05 10084352
470 0.05 10166272
471 0.0485 10006528
472 0.0441 10010624
473 0.0435 9924608
474 0.0434 10162176
475 0.0508 10227712
476 0.0543 10211328
477 0.0516 10280960
478 0.053 10203136
479 0.0508 10125312
480 0.0519 10240000
481 0.0465 10203136
482 0.0555 10379264
483 0.0506 10248192
484 0.052 10485760
485 0.0446 10145792
486 0.0502 10289152
487 0.0555 10485760
488 0.047 10403840
489 0.0513 10321920
490 0.0482 10399744
491 0.0513 10534912
492 0.0514 10526720
493 0.0532 10362880
494 0.0545 10592256
495 0.0566 10600448
496 0.0535 10567680
497 0.0489 10432512
498 0.0536 10616832
499 0.05 10604544
500 0.0498 10809344
501 0.0506 10551296
502 0.0527 10801152
503 0.0534 10571776
504 0.057 10833920
505 0.0518 10645504
506 0.0547 10776576
507 0.057 10924032
508 0.0555 10895360
509 0.0605 11014144
510 0.0522 10756096
511 0.0572 10891264
512 0.0544 10862592
513 0.0548 10989568
514 0.0589 10973184
515 0.0547 11010048
516 0.0565 11055104
517 0.0546 11157504
518 0.0577 11120640
519 0.0566 11194368
520 0.06 10985472
521 0.0529 11202560
522 0.0539 11128832
523 0.0548 11317248
524 0.0533 11280384
525 0.0544 11194368
526 0.0624 11378688
527 0.0573 11264000
528 0.0538 11218944
529 0.0647 11358208
530 0.0562 11386880
531 0.0604 11403264
532 0.0589 11616256
533 0.06 11493376
534 0.0646 11698176
535 0.0552 11231232
536 0.0556 11452416
537 0.0614 11644928
538 0.0569 11620352
539 0.061 11673600
540 0.0625 11706368
541 0.0557 11517952
542 0.0603 11776000
543 0.055 11620352
544 0.0569 11587584
545 0.0646 11862016
546 0.0628 11853824
547 0.064 11894784
548 0.064 11870208
549 0.0579 11624448
550 0.0619 11849728
551 0.0678 12029952
552 0.0657 12091392
553 0.0626 12021760
554 0.0635 12173312
555 0.0623 12075008
556 0.0635 12038144
557 0.0663 12218368
558 0.0637 12111872
559 0.0605 11927552
560 0.0627 12320768
561 0.0645 12398592
562 0.0668 12275712
563 0.0619 12222464
564 0.0685 12312576
565 0.0628 12451840
566 0.0641 12193792
567 0.0591 12058624
568 0.0664 12484608
569 0.0642 12472320
570 0.0711 12484608
571 0.0668 12509184
572 0.0644 12492800
573 0.0679 12455936
574 0.0673 12480512
575 0.07 12488704
576 0.0667 12582912
577 0.0691 12611584
578 0.0657 12570624
579 0.0664 12742656
580 0.0674 12488704
581 0.0668 12656640
582 0.067 12562432
583 0.0655 12820480
584 0.073 12775424
585 0.0685 12877824
586 0.0696 12611584
587 0.0712 12812288
588 0.0699 12869632
589 0.0726 12853248
590 0.0694 12873728
591 0.064 12881920
592 0.0684 12877824
593 0.0699 12849152
594 0.0729 13156352
595 0.0708 12890112
596 0.0704 13078528
597 0.0688 12963840
598 0.0756 13160448
599 0.0662 12906496
600 0.0729 13189120
601 0.0728 13012992
602 0.0678 13103104
603 0.073 13340672
604 0.0712 13086720
605 0.0769 13352960
606 0.0746 13312000
607 0.0769 13344768
608 0.0715 13500416
609 0.0723 13410304
610 0.0726 13418496
611 0.0728 13426688
612 0.0729 13434880
613 0.0779 13455360
614 0.0806 13512704
615 0.0705 13688832
616 0.0761 13615104
617 0.0759 13516800
618 0.069 13619200
619 0.0794 13705216
620 0.0696 13713408
621 0.0741 13524992
622 0.0746 13737984
623 0.0711 13500416
624 0.0707 13819904
625 0.079 13918208
626 0.089 13811712
627 0.0761 13873152
628 0.0764 13672448
629 0.0699 13807616
630 0.1127 14045184
631 0.0878 13914112
632 0.0823 14041088
633 0.0785 13946880
634 0.0804 13971456
635 0.0756 14053376
636 0.0774 14110720
637 0.0782 13983744
638 0.0774 14008320
639 0.0807 14290944
640 0.072 13848576
641 0.0792 14229504
642 0.0787 14098432
643 0.0807 14315520
644 0.0796 14397440
645 0.0823 14295040
646 0.0852 14360576
647 0.0775 14376960
648 0.0832 14450688
649 0.0763 14577664
650 0.0798 14303232
651 0.0794 14479360
652 0.0792 14614528
653 0.0781 14610432
654 0.0753 14647296
655 0.0854 14684160
656 0.0809 14622720
657 0.082 14790656
658 0.0862 14618624
659 0.0804 14643200
660 0.084 14614528
661 0.0799 14876672
662 0.0821 14508032
663 0.0879 14995456
664 0.085 14893056
665 0.0838 14974976
666 0.0887 15015936
667 0.086 15126528
668 0.0836 14831616
669 0.084 15024128
670 0.0846 15093760
671 0.0797 14917632
672 0.0801 14798848
673 0.0904 15052800
674 0.0892 15159296
675 0.0894 15114240
676 0.0883 15093760
677 0.0824 15032320
678 0.0877 15282176
679 0.0766 15073280
680 0.0866 15106048
681 0.0858 15257600
682 0.0796 15126528
683 0.0821 15335424
684 0.0824 15560704
685 0.085 15319040
686 0.0927 15527936
687 0.0878 15278080
688 0.0965 15659008
689 0.0949 15650816
690 0.0869 15613952
691 0.0978 15720448
692 0.095 15712256
693 0.083 15523840
694 0.0951 15646720
695 0.0912 15785984
696 0.0886 15499264
697 0.0851 15446016
698 0.0985 15736832
699 0.0939 16011264
700 0.1316 15896576
701 0.1088 16003072
702 0.0893 15794176
703 0.09 16113664
704 0.0946 15818752
705 0.0889 16044032
706 0.095 16019456
707 0.088 16236544
708 0.0953 16089088
709 0.0883 15929344
710 0.0872 16113664
711 0.0875 16281600
712 0.0929 16285696
713 0.0925 16359424
714 0.0954 16560128
715 0.0937 16404480
716 0.0928 16470016
717 0.0986 16367616
718 0.0984 16637952
719 0.0918 16347136
720 0.0939 16371712
721 0.0939 16576512
722 0.0946 16781312
723 0.096 16367616
724 0.093 16785408
725 0.0935 16445440
726 0.093 16678912
727 0.094 16805888
728 0.0977 16949248
729 0.0978 16760832
730 0.0957 16764928
731 0.0971 16809984
732 0.0941 16584704
733 0.0908 16969728
734 0.0936 16568320
735 0.0951 17051648
736 0.1018 16973824
737 0.1023 17022976
738 0.1016 17170432
739 0.0951 17227776
740 0.0908 16949248
741 0.0985 17063936
742 0.1009 17293312
743 0.1015 17281024
744 0.0993 16920576
745 0.1023 17248256
746 0.0994 17096704
747 0.1007 17285120
748 0.1027 17399808
749 0.1046 17420288
750 0.0985 17248256
751 0.1063 17367040
752 0.1043 17440768
753 0.1059 17453056
754 0.1013 17408000
755 0.1045 17723392
756 0.1044 17530880
757 0.1051 17440768
758 0.1028 17743872
759 0.1022 17657856
760 0.1025 17612800
761 0.0989 17539072
762 0.1032 17809408
763 0.101 17944576
764 0.1048 17833984
765 0.1038 17891328
766 0.1006 17793024
767 0.1062 17977344
768 0.1049 18001920
769 0.1082 18096128
770 0.108 18092032
771 0.1159 18046976
772 0.113 18067456
773 0.1054 18092032
774 0.1068 18001920
775 0.1071 17866752
776 0.1058 18288640
777 0.1097 18255872
778 0.1109 18190336
779 0.1104 18411520
780 0.1036 18055168
781 0.1074 18358272
782 0.1096 18546688
783 0.1123 18247680
784 0.105 18505728
785 0.1108 18616320
786 0.1121 18411520
787 0.1122 18538496
788 0.1136 18501632
789 0.106 18219008
790 0.1054 18825216
791 0.1138 18624512
792 0.1163 18759680
793 0.1267 18841600
794 0.1155 18907136
795 0.1146 18849792
796 0.1108 18821120
797 0.1151 18968576
798 0.1094 19111936
799 0.1114 18857984
800 0.1082 18886656