1 0.0018 3489792
2 0.0019 3502080
3 0.0021 3493888
4 0.0025 3497984
5 0.0026 3534848
6 0.002 3538944
7 0.0021 3543040
8 0.0026 3563520
9 0.0027 3555328
10 0.0021 3559424
11 0.0022 3563520
12 0.0023 3584000
13 0.0024 3575808
14 0.0027 3596288
15 0.0023 3584000
16 0.0023 3600384
17 0.0024 3592192
18 0.0031 3637248
19 0.0025 3616768
20 0.0026 3620864
21 0.0028 3653632
22 0.003 3657728
23 0.0039 3657728
24 0.0027 3641344
25 0.0028 3645440
26 0.0029 3674112
27 0.0027 3653632
28 0.0031 3657728
29 0.0029 3661824
30 0.0029 3678208
31 0.003 3690496
32 0.0033 3719168
33 0.0031 3698688
34 0.0044 3747840
35 0.0034 3710976
36 0.0033 3731456
37 0.0036 3776512
38 0.0037 3756032
39 0.0033 3747840
40 0.0049 3796992
41 0.0043 3760128
42 0.0035 3788800
43 0.0035 3792896
44 0.0036 3796992
45 0.0035 3801088
46 0.004 3813376
47 0.0039 3809280
48 0.0038 3825664
49 0.0042 3829760
50 0.0038 3833856
51 0.0044 3837952
52 0.0044 3883008
53 0.0043 3887104
54 0.0042 3866624
55 0.0042 3874816
56 0.0041 3883008
57 0.0062 3907584
58 0.0041 3887104
59 0.0042 3895296
60 0.0042 3948544
61 0.0044 3915776
62 0.005 3923968
63 0.0048 3932160
64 0.0044 3944448
65 0.0063 3969024
66 0.0046 3952640
67 0.0052 4001792
68 0.0059 3997696
69 0.0065 4005888
70 0.0047 3997696
71 0.0058 4018176
72 0.0049 4009984
73 0.0049 4022272
74 0.005 4034560
75 0.0054 4046848
76 0.0057 4046848
77 0.0052 4079616
78 0.0052 4071424
79 0.0052 4079616
80 0.0053 4083712
81 0.0053 4100096
82 0.0056 4100096
83 0.0055 4112384
84 0.0055 4141056
85 0.0056 4136960
86 0.0056 4149248
87 0.0057 4157440
88 0.0074 4190208
89 0.0092 4206592
90 0.0058 4186112
91 0.0071 4235264
92 0.0058 4202496
93 0.0061 4218880
94 0.0061 4239360
95 0.0061 4263936
96 0.0061 4268032
97 0.0081 4329472
98 0.0063 4288512
99 0.0068 4284416
100 0.0063 4280320
101 0.0071 4321280
102 0.0067 4313088
103 0.008 4325376
104 0.0066 4345856
105 0.0079 4382720
106 0.0067 4370432
107 0.0067 4403200
108 0.0069 4399104
109 0.0075 4395008
110 0.0072 4403200
111 0.009 4448256
112 0.0072 4448256
113 0.0086 4423680
114 0.0072 4460544
115 0.0092 4485120
116 0.0071 4485120
117 0.0073 4456448
118 0.0076 4489216
119 0.0079 4485120
120 0.0091 4493312
121 0.0102 4591616
122 0.0093 4526080
123 0.0091 4558848
124 0.0083 4534272
125 0.0082 4567040
126 0.0097 4567040
127 0.009 4640768
128 0.0102 4657152
129 0.0081 4657152
130 0.0097 4657152
131 0.0082 4624384
132 0.0104 4665344
133 0.0099 4673536
134 0.0102 4722688
135 0.009 4718592
136 0.01 4763648
137 0.0087 4780032
138 0.0102 4718592
139 0.0088 4718592
140 0.0097 4792320
141 0.0089 4751360
142 0.0112 4845568
143 0.0091 4820992
144 0.011 4866048
145 0.0092 4800512
146 0.0116 4849664
147 0.0092 4820992
148 0.01 4829184
149 0.0097 4886528
150 0.0113 4861952
151 0.0143 4919296
152 0.0106 4890624
153 0.0099 4927488
154 0.0124 4952064
155 0.0096 4882432
156 0.0112 4902912
157 0.0099 4968448
158 0.0121 4927488
159 0.0105 5021696
160 0.0108 4956160
161 0.0115 4984832
162 0.0119 5013504
163 0.0135 5033984
164 0.0122 5009408
165 0.0104 5042176
166 0.013 5079040
167 0.0136 5083136
168 0.0123 5095424
169 0.0109 5062656
170 0.0128 5124096
171 0.0146 5107712
172 0.0124 5120000
173 0.0121 5148672
174 0.0109 5099520
175 0.013 5189632
176 0.0144 5214208
177 0.0125 5173248
178 0.0115 5206016
179 0.013 5218304
180 0.0124 5300224
181 0.0133 5263360
182 0.0119 5193728
183 0.0122 5218304
184 0.017 5251072
185 0.0128 5271552
186 0.0139 5246976
187 0.0129 5271552
188 0.0131 5345280
189 0.0153 5328896
190 0.0132 5353472
191 0.0125 5365760
192 0.0288 5386240
193 0.0147 5365760
194 0.0171 5427200
195 0.0127 5398528
196 0.0149 5423104
197 0.0169 5455872
198 0.0165 5439488
199 0.0151 5443584
200 0.0145 5484544
201 0.0136 5480448
202 0.0142 5550080
203 0.0137 5550080
204 0.0133 5566464
205 0.0193 5574656
206 0.0134 5566464
207 0.0155 5591040
208 0.0155 5586944
209 0.015 5570560
210 0.0146 5693440
211 0.0186 5697536
212 0.0139 5632000
213 0.016 5656576
214 0.016 5627904
215 0.0165 5693440
216 0.0222 5713920
217 0.0172 5685248
218 0.0181 5677056
219 0.0186 5672960
220 0.0143 5652480
221 0.0158 5738496
222 0.0188 5754880
223 0.0197 5771264
224 0.0163 5742592
225 0.0196 5877760
226 0.0172 5799936
227 0.0198 5804032
228 0.0164 5836800
229 0.015 5771264
230 0.0174 5902336
231 0.0161 5865472
232 0.0202 5885952
233 0.0204 5914624
234 0.0158 5906432
235 0.0161 5918720
236 0.0201 5984256
237 0.022 6062080
238 0.0208 5943296
239 0.0161 5996544
240 0.0166 6045696
241 0.0175 6004736
242 0.0188 6008832
243 0.0164 6033408
244 0.0196 6074368
245 0.0193 6045696
246 0.0219 6074368
247 0.0209 6197248
248 0.0189 6070272
249 0.0176 6086656
250 0.022 6160384
251 0.0217 6139904
252 0.0191 6205440
253 0.0208 6164480
254 0.0175 6139904
255 0.0238 6144000
256 0.019 6176768
257 0.0175 6209536
258 0.0205 6189056
259 0.0218 6230016
260 0.0255 6316032
261 0.0186 6209536
262 0.0201 6209536
263 0.0181 6242304
264 0.0241 6438912
265 0.023 6426624
266 0.0234 6434816
267 0.019 6320128
268 0.0239 6385664
269 0.024 6422528
270 0.0241 6447104
271 0.0211 6381568
272 0.0194 6414336
273 0.0216 6402048
274 0.0196 6447104
275 0.0232 6467584
276 0.0217 6496256
277 0.0239 6524928
278 0.0261 6651904
279 0.0198 6463488
280 0.0221 6516736
281 0.0246 6545408
282 0.0202 6574080
283 0.0219 6569984
284 0.0224 6594560
285 0.0225 6623232
286 0.0261 6692864
287 0.0279 6664192
288 0.0267 6631424
289 0.0226 6672384
290 0.0266 6766592
291 0.0225 6758400
292 0.0285 6787072
293 0.0214 6746112
294 0.0228 6709248
295 0.0213 6729728
296 0.023 6766592
297 0.0266 6774784
298 0.022 6811648
299 0.0224 6782976
300 0.0292 6811648
301 0.0274 6807552
302 0.0254 6873088
303 0.0236 7008256
304 0.0272 6967296
305 0.0295 7004160
306 0.026 6885376
307 0.0267 7073792
308 0.0296 7016448
309 0.024 6946816
310 0.0246 7020544
311 0.0278 7094272
312 0.0422 7057408
313 0.0244 6963200
314 0.0235 7065600
315 0.0248 7049216
316 0.0276 7159808
317 0.0277 7172096
318 0.0248 7200768
319 0.0274 7245824
320 0.0256 7208960
321 0.0256 7184384
322 0.0335 7159808
323 0.0261 7327744
324 0.0249 7122944
325 0.0281 7294976
326 0.0249 7159808
327 0.0275 7233536
328 0.0256 7331840
329 0.0247 7254016
330 0.0265 7299072
331 0.0283 7421952
332 0.0252 7245824
333 0.0268 7421952
334 0.0257 7303168
335 0.0303 7335936
336 0.027 7385088
337 0.0304 7544832
338 0.028 7409664
339 0.0281 7622656
340 0.0282 7442432
341 0.0292 7557120
342 0.0311 7634944
343 0.0277 7507968
344 0.0282 7520256
345 0.031 7561216
346 0.0333 7622656
347 0.0285 7528448
348 0.0336 7675904
349 0.0345 7692288
350 0.0364 7774208
351 0.0343 7778304
352 0.0329 7753728
353 0.0334 7782400
354 0.0344 7798784
355 0.0307 7839744
356 0.0329 7761920
357 0.028 7815168
358 0.0325 7925760
359 0.0283 7843840
360 0.0359 7954432
361 0.0342 7921664
362 0.0376 7991296
363 0.0369 7815168
364 0.038 7970816
365 0.0357 7901184
366 0.0362 8015872
367 0.034 7921664
368 0.0295 7938048
369 0.0327 8028160
370 0.0347 7995392
371 0.0359 8138752
372 0.0351 8245248
373 0.0371 8073216
374 0.0336 8077312
375 0.0349 8286208
376 0.0325 8134656
377 0.0353 8167424
378 0.0381 8151040
379 0.0309 8056832
380 0.0354 8212480
381 0.0375 8228864
382 0.0374 8290304
383 0.0344 8339456
384 0.0366 8376320
385 0.0412 8318976
386 0.0374 8269824
387 0.0383 8388608
388 0.0362 8269824
389 0.0382 8556544
390 0.0369 8531968
391 0.0374 8392704
392 0.04 8388608
393 0.0346 8364032
394 0.0398 8556544
395 0.0386 8482816
396 0.0388 8458240
397 0.0396 8466432
398 0.0392 8597504
399 0.0373 8589312
400 0.0381 8617984
401 0.0425 8568832
402 0.0397 8699904
403 0.0403 8691712
404 0.0406 8679424
405 0.0416 8757248
406 0.0412 8765440
407 0.0401 8679424
408 0.0433 8814592
409 0.0433 8826880
410 0.04 8925184
411 0.0457 8962048
412 0.0443 8986624
413 0.0417 9003008
414 0.0412 8830976
415 0.0386 8966144
416 0.041 8916992
417 0.0411 8916992
418 0.042 9060352
419 0.0425 8962048
420 0.0412 9043968
421 0.0436 9084928
422 0.0437 9158656
423 0.0441 9199616
424 0.0433 9125888
425 0.0415 9015296
426 0.0405 8998912
427 0.0488 9158656
428 0.0547 9297920
429 0.05 9216000
430 0.049 9388032
431 0.045 9392128
432 0.0453 9273344
433 0.0428 9281536
434 0.0422 9342976
435 0.0418 9404416
436 0.0536 9502720
437 0.0451 9404416
438 0.0389 9277440
439 0.0441 9359360
440 0.042 9576448
441 0.0428 9453568
442 0.0442 9572352
443 0.0465 9707520
444 0.0429 9355264
445 0.0465 9592832
446 0.0427 9404416
447 0.0456 9531392
448 0.0431 9474048
449 0.0447 9510912
450 0.046 9728000
451 0.0415 9564160
452 0.0447 9662464
453 0.0473 9760768
454 0.046 9601024
455 0.0517 9703424
456 0.0494 9760768
457 0.0437 9678848
458 0.0496 9809920
459 0.0427 9760768
460 0.0469 9936896
461 0.0477 9838592
462 0.046 9973760
463 0.0479 9928704
464 0.0512 9797632
465 0.0573 10014720
466 0.0576 9834496
467 0.0601 9961472
468 0.0595 10108928
469 0.0586 10031104
470 0.0488 10141696
471 0.0482 10182656
472 0.0495 10223616
473 0.0475 10162176
474 0.0424 9994240
475 0.0463 10162176
476 0.0506 10153984
477 0.0476 10313728
478 0.0512 10305536
479 0.047 10100736
480 0.0467 10158080
481 0.0481 10412032
482 0.0517 10342400
483 0.05 10416128
484 0.047 10436608
485 0.0485 10219520
486 0.0521 10362880
487 0.0557 10481664
488 0.0513 10563584
489 0.0484 10366976
490 0.0473 10448896
491 0.053 10383360
492 0.0518 10641408
493 0.0545 10424320
494 0.0526 10379264
495 0.0558 10588160
496 0.0512 10575872
497 0.0529 10600448
498 0.0569 10682368
499 0.056 10678272
500 0.053 10674176
501 0.055 10653696
502 0.0528 10543104
503 0.0546 10817536
504 0.0512 10924032
505 0.0515 10743808
506 0.0572 10866688
507 0.0568 11022336
508 0.0531 10792960
509 0.0636 10944512
510 0.0559 10838016
511 0.0589 10940416
512 0.0538 10878976
513 0.0565 11022336
514 0.0591 11096064
515 0.0579 10969088
516 0.0569 10973184
517 0.0504 10862592
518 0.0596 11190272
519 0.0516 10846208
520 0.0569 11157504
521 0.0535 11177984
522 0.0523 10977280
523 0.0591 11223040
524 0.0582 11288576
525 0.0578 11296768
526 0.0542 11243520
527 0.0522 11112448
528 0.0592 11345920
529 0.0571 11427840
530 0.0601 11300864
531 0.0578 11407360
532 0.0616 11411456
533 0.0651 11530240
534 0.0612 11640832
535 0.0619 11354112
536 0.0582 11595776
537 0.0659 11616256
538 0.0583 11628544
539 0.0658 11706368
540 0.0674 11751424
541 0.059 11542528
542 0.063 11726848
543 0.06 11800576
544 0.0635 11841536
545 0.0633 11804672
546 0.0646 11739136
547 0.0577 11939840
548 0.0645 11984896
549 0.0574 11665408
550 0.062 11939840
551 0.0569 11968512
552 0.0644 12046336
553 0.0611 12034048
554 0.065 12136448
555 0.0669 12083200
556 0.0609 11980800
557 0.0646 12193792
558 0.0615 11948032
559 0.0676 12255232
560 0.0591 12165120
561 0.0665 12292096
562 0.0631 12320768
563 0.067 12398592
564 0.063 12271616
565 0.062 12201984
566 0.0696 12464128
567 0.0705 12308480
568 0.0698 12275712
569 0.0618 12247040
570 0.0644 12263424
571 0.0707 12496896
572 0.0651 12619776
573 0.0673 12660736
574 0.0672 12550144
575 0.0716 12374016
576 0.065 12468224
577 0.0632 12754944
578 0.0702 12599296
579 0.0724 12644352
580 0.0708 12677120
581 0.0701 12619776
582 0.0602 12468224
583 0.0691 12763136
584 0.0729 12808192
585 0.0652 12541952
586 0.0683 12935168
587 0.0651 12763136
588 0.0716 12824576
589 0.0706 12922880
590 0.0701 13041664
591 0.0767 12980224
592 0.0754 12894208
593 0.0701 13123584
594 0.0671 13012992
595 0.0712 13017088
596 0.0697 13066240
597 0.0709 12873728
598 0.0724 13066240
599 0.0705 13176832
600 0.0718 13254656
601 0.0698 13197312
602 0.0697 13180928
603 0.0719 13266944
604 0.0683 13139968
605 0.0699 13283328
606 0.0731 13320192
607 0.0744 13303808
608 0.0711 13312000
609 0.0708 13328384
610 0.0717 13508608
611 0.0678 13234176
612 0.0771 13430784
613 0.0726 13258752
614 0.1099 13393920
615 0.077 13467648
616 0.0771 13471744
617 0.0762 13447168
618 0.074 13541376
619 0.0728 13705216
620 0.0731 13889536
621 0.07 13656064
622 0.0782 13750272
623 0.0756 13783040
624 0.0735 13824000
625 0.0785 13770752
626 0.0789 13869056
627 0.0803 13807616
628 0.0733 13824000
629 0.0766 13758464
630 0.0795 13967360
631 0.0821 14024704
632 0.07 13746176
633 0.0701 13750272
634 0.0798 14041088
635 0.0802 13942784
636 0.0783 14118912
637 0.0748 14069760
638 0.0785 14172160
639 0.08 14209024
640 0.0763 14315520
641 0.0763 14045184
642 0.0748 14168064
643 0.0808 14233600
644 0.0781 14385152
645 0.0773 14159872
646 0.0828 14356480
647 0.08 14356480
648 0.0821 14462976
649 0.0806 14598144
650 0.086 14536704
651 0.0753 14331904
652 0.0874 14516224
653 0.0893 14454784
654 0.0919 14622720
655 0.0847 14655488
656 0.0765 14577664
657 0.0814 14471168
658 0.084 14876672
659 0.0843 14774272
660 0.0789 14925824
661 0.0792 14868480
662 0.0794 14815232
663 0.0839 14790656
664 0.0891 15065088
665 0.0889 14917632
666 0.0785 14712832
667 0.0871 15065088
668 0.0828 14712832
669 0.0836 14958592
670 0.0871 15257600
671 0.0829 15179776
672 0.0865 15208448
673 0.0904 15151104
674 0.0843 15208448
675 0.0833 15224832
676 0.0927 15265792
677 0.0884 15069184
678 0.0849 15282176
679 0.0871 15171584
680 0.0882 15355904
681 0.0839 15372288
682 0.0832 15216640
683 0.0863 15347712
684 0.0867 15405056
685 0.0898 15605760
686 0.0916 15503360
687 0.0879 15491072
688 0.0914 15384576
689 0.0844 15638528
690 0.0901 15745024
691 0.0906 15568896
692 0.0913 15757312
693 0.0841 15413248
694 0.0853 15835136
695 0.0909 15691776
696 0.0891 15716352
697 0.0869 15609856
698 0.0942 15937536
699 0.1003 15802368
700 0.0933 15867904
701 0.0932 16044032
702 0.0894 15867904
703 0.094 15847424
704 0.0904 15990784
705 0.1055 16199680
706 0.1291 16347136
707 0.0869 16338944
708 0.1016 16343040
709 0.0902 16359424
710 0.0919 16191488
711 0.0923 16019456
712 0.0924 16224256
713 0.095 16347136
714 0.0901 16461824
715 0.0931 16359424
716 0.0953 16449536
717 0.0937 16338944
718 0.0921 16674816
719 0.0943 16633856
720 0.0979 16474112
721 0.0945 16392192
722 0.0908 16388096
723 0.0971 16494592
724 0.0976 16187392
725 0.0958 16535552
726 0.0911 16478208
727 0.0892 16265216
728 0.0937 16379904
729 0.0955 16674816
730 0.0948 16642048
731 0.0941 16453632
732 0.1037 16891904
733 0.093 16650240
734 0.1003 16850944
735 0.0984 16986112
736 0.0982 16789504
737 0.0971 16920576
738 0.1036 16908288
739 0.0945 16945152
740 0.0938 16908288
741 0.0939 17141760
742 0.0997 16973824
743 0.0993 17223680
744 0.0997 17231872
745 0.0996 17121280
746 0.0987 17190912
747 0.0961 17129472
748 0.0966 17235968
749 0.0955 17068032
750 0.1057 17506304
751 0.0998 17358848
752 0.1051 17412096
753 0.1006 17514496
754 0.1041 17797120
755 0.0983 17408000
756 0.0996 17240064
757 0.1036 17518592
758 0.1044 17788928
759 0.1046 17559552
760 0.1074 17752064
761 0.0973 17539072
762 0.1077 17805312
763 0.1035 17747968
764 0.0987 17989632
765 0.1068 17788928
766 0.1033 17833984
767 0.0974 17653760
768 0.113 17920000
769 0.0979 17707008
770 0.1041 18038784
771 0.1108 18128896
772 0.11 18067456
773 0.1093 18096128
774 0.1065 18280448
775 0.1002 17874944
776 0.1091 18030592
777 0.1086 18173952
778 0.1122 18206720
779 0.1124 18378752
780 0.1124 18374656
781 0.1065 18255872
782 0.1096 18276352
783 0.1052 18149376
784 0.1188 18550784
785 0.1097 18300928
786 0.111 18452480
787 0.1096 18423808
788 0.1083 18620416
789 0.1126 18477056
790 0.1117 18640896
791 0.107 18743296
792 0.114 18649088
793 0.1133 18841600
794 0.1183 18702336
795 0.1184 18857984
796 0.1153 18874368
797 0.1115 18911232
798 0.1135 18796544
799 0.1081 18919424
800 0.1172 18837504