1 0.0246 6127616
2 0.0284 6184960
3 0.0285 6201344
4 0.0245 6180864
5 0.0247 6193152
6 0.0254 6225920
7 0.0292 6299648
8 0.0252 6262784
9 0.0256 6344704
10 0.0256 6291456
11 0.0259 6373376
12 0.0261 6344704
13 0.0267 6356992
14 0.0305 6426624
15 0.0271 6397952
16 0.0268 6426624
17 0.031 6500352
18 0.0276 6475776
19 0.0275 6504448
20 0.0278 6533120
21 0.0279 6549504
22 0.0282 6574080
23 0.0284 6590464
24 0.0288 6610944
25 0.0287 6639616
26 0.0331 6705152
27 0.0292 6680576
28 0.0299 6705152
29 0.0296 6729728
30 0.03 6803456
31 0.0305 6782976
32 0.0304 6860800
33 0.0305 6840320
34 0.0308 6864896
35 0.0314 6942720
36 0.0315 6991872
37 0.0317 6955008
38 0.0319 7041024
39 0.0323 7020544
40 0.0324 7110656
41 0.0328 7094272
42 0.0373 7172096
43 0.0342 7225344
44 0.0337 7196672
45 0.0344 7229440
46 0.0342 7270400
47 0.0346 7307264
48 0.0351 7327744
49 0.0349 7364608
50 0.0352 7389184
51 0.0444 7483392
52 0.0361 7475200
53 0.0363 7516160
54 0.0372 7606272
55 0.0409 7622656
56 0.0373 7622656
57 0.0414 7700480
58 0.0375 7684096
59 0.0382 7770112
60 0.038 7757824
61 0.0425 7847936
62 0.039 7970816
63 0.0393 7987200
64 0.0437 8024064
65 0.0397 8052736
66 0.0489 8097792
67 0.0444 8105984
68 0.0405 8110080
69 0.0453 8187904
70 0.0411 8183808
71 0.0415 8241152
72 0.0483 8302592
73 0.0607 8318976
74 0.0498 8409088
75 0.0427 8388608
76 0.0431 8478720
77 0.0436 8482816
78 0.0479 8572928
79 0.0483 8609792
80 0.0445 8609792
81 0.0488 8712192
82 0.0491 8749056
83 0.0459 8835072
84 0.0458 8818688
85 0.0462 8859648
86 0.0473 8916992
87 0.0513 9031680
88 0.0517 9080832
89 0.0485 9089024
90 0.0483 9150464
91 0.0489 9187328
92 0.0498 9252864
93 0.0494 9326592
94 0.0499 9383936
95 0.0508 9433088
96 0.0508 9482240
97 0.051 9535488
98 0.0518 9588736
99 0.0559 9691136
100 0.0523 9756672
101 0.0528 9760768
102 0.0532 9805824
103 0.0538 9875456
104 0.0579 9957376
105 0.0543 9990144
106 0.0589 10076160
107 0.0612 10264576
108 0.0673 10199040
109 0.0559 10235904
110 0.057 10252288
111 0.0576 10330112
112 0.0571 10379264
113 0.0575 10436608
114 0.0584 10489856
115 0.0583 10551296
116 0.0586 10665984
117 0.0594 10719232
118 0.0594 10731520
119 0.0756 10956800
120 0.0645 10895360
121 0.0609 10973184
122 0.0612 10969088
123 0.0614 11046912
124 0.0622 11112448
125 0.0622 11161600
126 0.067 11276288
127 0.0637 11309056
128 0.0679 11427840
129 0.0644 11440128
130 0.065 11526144
131 0.0652 11579392
132 0.0697 11710464
133 0.0662 11767808
134 0.0668 11784192
135 0.0674 11845632
136 0.0678 11923456
137 0.0678 11997184
138 0.0688 12046336
139 0.0686 12128256
140 0.0695 12193792
141 0.0738 12296192
142 0.0704 12316672
143 0.0707 12406784
144 0.0713 12468224
145 0.0719 12541952
146 0.0722 12652544
147 0.0731 12738560
148 0.0774 12869632
149 0.0738 12955648
150 0.0739 12972032
151 0.0747 13049856
152 0.0793 13189120
153 0.0754 13225984
154 0.0763 13303808
155 0.0769 13377536
156 0.0776 13463552
157 0.0773 13553664
158 0.0789 13692928
159 0.0792 13705216
160 0.0797 13807616
161 0.0795 13864960
162 0.0802 13922304
163 0.0808 13996032
164 0.0812 14106624
165 0.0814 14163968
166 0.0822 14245888
167 0.0831 14327808
168 0.0833 14393344
169 0.0881 14508032
170 0.0882 14589952
171 0.085 14610432
172 0.086 14725120
173 0.0861 14761984
174 0.0863 14827520
175 0.0873 14938112
176 0.0919 15040512
177 0.0885 15101952
178 0.0897 15269888
179 0.0902 15282176
180 0.0909 15347712
181 0.0954 15503360
182 0.0959 15728640
183 0.0927 15626240
184 0.0936 15773696
185 0.0936 15826944
186 0.0948 15937536
187 0.0954 15978496
188 0.0996 16195584
189 0.0967 16171008
190 0.0971 16257024
191 0.0973 16343040
192 0.0982 16437248
193 0.0988 16535552
194 0.0988 16633856
195 0.1001 16703488
196 0.1005 16793600
197 0.1008 16900096
198 0.1019 17006592
199 0.1024 17080320
200 0.1029 17170432
201 0.1036 17272832
202 0.1081 17408000
203 0.1053 17469440
204 0.1095 17584128
205 0.106 17612800
206 0.1071 17719296
207 0.1118 17801216
208 0.1131 17928192
209 0.1092 17887232
210 0.1097 17940480
211 0.1147 18161664
212 0.1153 18223104
213 0.1158 18325504
214 0.1118 18354176
215 0.1126 18456576
216 0.1141 18542592
217 0.114 18636800
218 0.1149 18808832
219 0.115 18833408
220 0.1159 18952192
221 0.1167 19066880
222 0.1174 19165184
223 0.1174 19243008
224 0.1194 19365888
225 0.1188 19460096
226 0.1196 19562496
227 0.1202 19673088
228 0.1211 19763200
229 0.1215 19865600
230 0.1269 20029440
231 0.1233 20058112
232 0.1281 20221952
233 0.1248 20283392
234 0.1291 20430848
235 0.1262 20500480
236 0.1262 20615168
237 0.1274 20701184
238 0.1276 20889600
239 0.1286 20983808
240 0.1336 21184512
241 0.1296 21123072
242 0.1301 21221376
243 0.1312 21331968
244 0.1313 21438464
245 0.132 21553152
246 0.1326 21667840
247 0.1342 21786624
248 0.1345 21872640
249 0.1347 21995520
250 0.1353 22093824
251 0.1366 22257664
252 0.1514 22749184
253 0.1387 22421504
254 0.1384 22532096
255 0.1402 22642688
256 0.1406 22761472
257 0.1421 22851584
258 0.1429 22970368
259 0.1513 23375872
260 0.1441 23232512
261 0.1448 23343104
262 0.1501 23523328
263 0.1504 23633920
264 0.1513 23769088
265 0.1474 23818240
266 0.1487 23941120
267 0.1488 24059904
268 0.1503 24162304
269 0.1554 24334336
270 0.1518 24485888
271 0.1521 24547328
272 0.1528 24653824
273 0.1603 24805376
274 0.1553 24875008
275 0.1554 25006080
276 0.1575 25149440
277 0.1559 25251840
278 0.1577 25366528
279 0.158 25493504
280 0.1587 25636864
281 0.1594 25808896
282 0.1642 25915392
283 0.1661 26288128
284 0.1613 26185728
285 0.1631 26243072
286 0.164 26349568
287 0.1649 26714112
288 0.1651 26771456
289 0.165 26968064
290 0.1666 27041792
291 0.1668 27127808
292 0.1674 27275264
293 0.1698 27418624
294 0.1692 27525120
295 0.1705 27660288
296 0.1716 27832320
297 0.1718 27910144
298 0.1766 28069888
299 0.1744 28155904
300 0.1785 28553216
301 0.1753 28446720
302 0.1761 28577792
303 0.1763 28717056
304 0.1774 28897280
305 0.193 28971008
306 0.1891 29245440
307 0.18 29233152
308 0.1816 29392896
309 0.1824 29515776
310 0.1819 29638656
311 0.1879 29827072
312 0.1837 29908992
313 0.1847 30035968
314 0.1865 30187520
315 0.1868 30339072
316 0.1919 30507008
317 0.188 30597120
318 0.1886 30744576
319 0.1901 30867456
320 0.1913 31014912
321 0.1959 31219712
322 0.1953 31358976
323 0.1935 31436800
324 0.1981 31649792
325 0.1952 31715328
326 0.1961 31862784
327 0.1967 32006144
328 0.1974 32137216
329 0.1976 32301056
330 0.2036 32481280
331 0.1996 32571392
332 0.2016 32714752
333 0.202 32849920
334 0.2034 32976896
335 0.2031 33148928
336 0.2059 33329152
337 0.2057 33480704
338 0.2059 33570816
339 0.2068 33710080
340 0.2116 33886208
341 0.2144 34140160
342 0.2118 34140160
343 0.2106 34299904
344 0.2162 34500608
345 0.2123 34611200
346 0.2135 34742272
347 0.2145 34906112
348 0.2153 35041280
349 0.2174 35258368
350 0.2176 35381248
351 0.2237 35598336
352 0.223 35733504
353 0.2198 35852288
354 0.2254 36061184
355 0.2219 36155392
356 0.2234 36376576
357 0.2236 36474880
358 0.2259 36638720
359 0.2269 36814848
360 0.2302 37040128
361 0.2327 37163008
362 0.2285 37269504
363 0.2301 37425152
364 0.2357 37642240
365 0.2369 37810176
366 0.233 37920768
367 0.2414 38141952
368 0.2471 38264832
369 0.2403 38465536
370 0.2374 38580224
371 0.2384 38739968
372 0.2392 38891520
373 0.2405 39059456
374 0.2408 39301120
375 0.2416 39383040
376 0.2433 39563264
377 0.2436 39714816
378 0.2454 39874560
379 0.2462 40054784
380 0.2512 40288256
381 0.2499 40431616
382 0.2508 40574976
383 0.2509 40755200
384 0.2561 40968192
385 0.2577 41127936
386 0.2546 41259008
387 0.2582 41480192
388 0.2555 41582592
389 0.2576 41762816
390 0.258 41914368
391 0.2623 42098688
392 0.2605 42258432
393 0.2651 42467328
394 0.267 42627072
395 0.2682 42811392
396 0.2642 42930176
397 0.2647 43098112
398 0.2666 43257856
399 0.2682 43433984
400 0.272 43655168
401 0.2688 43769856
402 0.2744 43966464
403 0.2763 44183552
404 0.277 44306432
405 0.2781 44503040
406 0.2786 44658688
407 0.2772 44810240
408 0.2775 45047808
409 0.2787 45191168
410 0.2794 45367296
411 0.2803 45547520
412 0.2825 45719552
413 0.2874 46006272
414 0.2872 46108672
415 0.2846 46239744
416 0.2904 46469120
417 0.2883 46641152
418 0.2886 46759936
419 0.2905 46956544
420 0.2903 47128576
421 0.292 47321088
422 0.2913 47570944
423 0.2993 47779840
424 0.3001 47919104
425 0.2954 48050176
426 0.2975 48226304
427 0.2996 48500736
428 0.2995 48599040
429 0.3003 48771072
430 0.3006 48955392
431 0.309 49782784
432 0.304 49311744
433 0.3081 49557504
434 0.3065 49688576
435 0.3115 49983488
436 0.3127 50098176
437 0.3083 50212864
438 0.3109 50409472
439 0.3106 50585600
440 0.3117 50786304
441 0.3139 50970624
442 0.3144 51163136
443 0.3154 51347456
444 0.3197 51580928
445 0.3173 51720192
446 0.3192 51908608
447 0.3205 52097024
448 0.3218 52273152
449 0.3225 52473856
450 0.3238 52658176
451 0.3249 52858880
452 0.3249 53108736
453 0.3267 53248000
454 0.3279 53436416
455 0.3281 53673984
456 0.33 53805056
457 0.3309 54001664
458 0.3336 54185984
459 0.3334 54444032
460 0.3335 54579200
461 0.3358 54779904
462 0.3369 54964224
463 0.3388 55148544
464 0.3392 55357440
465 0.3394 55615488
466 0.3446 55824384
467 0.3429 55939072
468 0.3442 56127488
469 0.3488 56381440
470 0.3462 56524800
471 0.3473 56725504
472 0.349 56930304
473 0.3529 57552896
474 0.3506 57315328
475 0.3513 57520128
476 0.3539 57704448
477 0.3614 57978880
478 0.3557 58134528
479 0.3573 58253312
480 0.3576 58445824
481 0.3595 58621952
482 0.3652 58822656
483 0.362 59002880
484 0.3626 59203584
485 0.3681 59465728
486 0.3647 59658240
487 0.3669 59822080
488 0.371 60313600
489 0.3687 60211200
490 0.3703 60420096
491 0.378 60780544
492 0.3718 60895232
493 0.3755 61050880
494 0.3749 61235200
495 0.3762 61448192
496 0.3802 61726720
497 0.379 61882368
498 0.3842 62132224
499 0.3785 62328832
500 0.3829 62509056
501 0.3839 62717952
502 0.3898 62984192
503 0.3866 63172608
504 0.3864 63320064
505 0.3921 63586304
506 0.3903 63737856
507 0.4004 64626688
508 0.3918 64167936
509 0.3977 64573440
510 0.4009 64667648
511 0.3966 64851968
512 0.3989 65097728
513 0.4067 65318912
514 0.4037 65478656
515 0.4045 65695744
516 0.4058 65933312
517 0.4076 66146304
518 0.4089 66363392
519 0.4119 66576384
520 0.4139 66850816
521 0.413 67018752
522 0.4138 67231744
523 0.4153 67510272
524 0.4169 67661824
525 0.4227 68464640
526 0.4207 68128768
527 0.4191 68321280
528 0.4225 68530176
529 0.4217 68751360
530 0.4236 68980736
531 0.4254 69193728
532 0.4259 69427200
533 0.4305 69705728
534 0.4279 69935104
535 0.4292 70098944
536 0.4373 70426624
537 0.436 70922240
538 0.4401 71200768
539 0.4485 71655424
540 0.4381 71221248
541 0.438 71450624
542 0.4383 71663616
543 0.4458 71938048
544 0.4449 72167424
545 0.4467 72388608
546 0.4497 72720384
547 0.4441 72802304
548 0.4472 73097216
549 0.4496 73248768
550 0.4579 73469952
551 0.4513 73711616
552 0.455 73940992
553 0.4572 74223616
554 0.4554 74387456
555 0.4572 74641408
556 0.4601 74924032
557 0.4623 75677696
558 0.4617 75321344
559 0.4612 75554816
560 0.4631 75808768
561 0.4641 76025856
562 0.4654 76337152
563 0.4743 76615680
564 0.4693 76726272
565 0.4727 77094912
566 0.4717 77180928
567 0.4766 77475840
568 0.4742 77656064
569 0.4786 77975552
570 0.4813 78770176
571 0.4797 78376960
572 0.4832 78655488
573 0.4839 78897152
574 0.4816 79073280
575 0.4836 79310848
576 0.4852 79618048
577 0.4866 79892480
578 0.4871 80117760
579 0.4967 80437248
580 0.4908 80584704
581 0.4963 80842752
582 0.5012 81068032
583 0.502 81301504
584 0.4982 81543168
585 0.4991 81772544
586 0.499 82034688
587 0.5 82280448
588 0.5021 82497536
589 0.5033 82739200
590 0.5045 82997248
591 0.5078 83238912
592 0.5073 83484672
593 0.5088 83701760
594 0.5134 84017152
595 0.5121 84185088
596 0.5114 84434944
597 0.5157 84688896
598 0.5188 85000192
599 0.5178 85184512
600 0.5227 85524480
601 0.5261 85757952
602 0.5215 85929984
603 0.5249 86183936
604 0.5285 86552576
605 0.5262 86695936
606 0.5277 86962176
607 0.527 87285760
608 0.5308 87453696
609 0.5323 87719936
610 0.5384 87969792
611 0.5409 88358912
612 0.5358 88457216
613 0.5426 89534464
614 0.5387 88973312
615 0.5503 89378816
616 0.5456 89481216
617 0.5462 89739264
618 0.5482 90046464
619 0.5469 90267648
620 0.5517 91176960
621 0.55 90783744
622 0.5512 91017216
623 0.5507 91336704
624 0.5535 91561984
625 0.5562 91811840
626 0.555 92114944
627 0.5565 92356608
628 0.5609 92549120
629 0.5628 92856320
630 0.5641 93089792
631 0.5654 93372416
632 0.5683 93646848
633 0.5709 93929472
634 0.5704 94216192
635 0.5752 94478336
636 0.5758 94707712
637 0.5727 94932992
638 0.5733 95248384
639 0.5744 95444992
640 0.5768 95698944
641 0.5779 95981568
642 0.5815 96243712
643 0.5811 96501760
644 0.5863 96845824
645 0.5832 97042432
646 0.5853 97300480
647 0.5905 97574912
648 0.5927 97906688
649 0.5922 98111488
650 0.6077 98750464
651 0.6052 98639872
652 0.6002 98988032
653 0.5984 99168256
654 0.5983 99430400
655 0.6005 99708928
656 0.6019 99999744
657 0.6036 100249600
658 0.6042 100511744
659 0.6067 100802560
660 0.6111 101072896
661 0.6096 101339136
662 0.6111 101638144
663 0.6107 101957632
664 0.6132 102166528
665 0.6192 102608896
666 0.6218 102719488
667 0.6176 102989824
668 0.6196 103284736
669 0.6206 103571456
670 0.6223 103841792
671 0.6255 104108032
672 0.6258 104378368
673 0.6296 104652800
674 0.6318 105627648
675 0.6292 105181184
676 0.6334 105463808
677 0.6334 105746432
678 0.6357 106053632
679 0.6424 106360832
680 0.6394 106577920
681 0.6436 106864640
682 0.6438 107159552
683 0.6443 107442176
684 0.6516 107769856
685 0.647 108064768
686 0.6473 108302336
687 0.6499 108584960
688 0.6573 108888064
689 0.6586 109187072
690 0.6546 109400064
691 0.6583 109699072
692 0.659 110002176
693 0.6595 110346240
694 0.6611 110559232
695 0.6645 110845952
696 0.6639 111124480
697 0.6716 111603712
698 0.6682 111702016
699 0.6719 111964160
700 0.6807 112275456
701 0.6846 113332224
702 0.6747 112881664
703 0.6849 113209344
704 0.6785 113459200
705 0.6853 113750016
706 0.6828 114053120
707 0.6879 115175424
708 0.6904 114688000
709 0.6871 114950144
710 0.6955 115609600
711 0.6908 115609600
712 0.6936 115843072
713 0.6946 116137984
714 0.6954 116412416
715 0.7041 116764672
716 0.705 117092352
717 0.7032 117366784
718 0.7038 117678080
719 0.7081 117968896
720 0.7067 118210560
721 0.713 118579200
722 0.7108 118820864
723 0.7164 119177216
724 0.714 119414784
725 0.7201 120655872
726 0.7164 120045568
727 0.7195 120328192
728 0.7215 120696832
729 0.7286 121012224
730 0.7245 121290752
731 0.7266 121581568
732 0.7268 121876480
733 0.728 122249216
734 0.7304 122494976
735 0.7425 122970112
736 0.7373 123142144
737 0.7414 123465728
738 0.7508 123781120
739 0.7492 124534784
740 0.7409 124329984
741 0.7488 124702720
742 0.7438 124944384
743 0.7588 125804544
744 0.7491 125554688
745 0.7593 125923328
746 0.7512 126169088
747 0.7588 126750720
748 0.755 126824448
749 0.758 127123456
750 0.7591 127434752
751 0.7621 127737856
752 0.7641 128053248
753 0.7647 128397312
754 0.7685 128684032
755 0.7789 129966080
756 0.7794 130269184
757 0.7729 129626112
758 0.7742 130007040
759 0.7767 130269184
760 0.7767 130588672
761 0.78 130879488
762 0.78 131194880
763 0.7891 131629056
764 0.7858 131813376
765 0.7943 132476928
766 0.7935 132513792
767 0.8058 133414912
768 0.7918 133136384
769 0.7969 133459968
770 0.798 133779456
771 0.7996 134115328
772 0.8014 134430720
773 0.8043 134733824
774 0.8066 135057408
775 0.8075 135385088
776 0.8109 135766016
777 0.8171 136040448
778 0.815 136347648
779 0.8143 136654848
780 0.8174 137027584
781 0.8205 137302016
782 0.8302 137789440
783 0.8285 138194944
784 0.8254 138252288
785 0.826 138571776
786 0.8286 138870784
787 0.8371 139386880
788 0.836 139575296
789 0.8352 139845632
790 0.838 140181504
791 0.8481 141213696
792 0.8515 141647872
793 0.8448 141221888
794 0.8461 141557760
795 0.8425 141803520
796 0.8512 142209024
797 0.8536 142491648
798 0.8517 142794752
799 0.8522 143147008
800 0.8525 143454208