1 0.0244 6070272
2 0.0244 6139904
3 0.0259 6152192
4 0.0249 6115328
5 0.0247 6189056
6 0.0293 6176768
7 0.0264 6205440
8 0.0258 6225920
9 0.0255 6234112
10 0.0279 6299648
11 0.0311 6328320
12 0.026 6295552
13 0.0266 6356992
14 0.0267 6389760
15 0.0287 6397952
16 0.0277 6381568
17 0.0273 6467584
18 0.0315 6492160
19 0.0276 6508544
20 0.0291 6524928
21 0.0282 6504448
22 0.0286 6578176
23 0.0346 6561792
24 0.0296 6578176
25 0.0317 6606848
26 0.0303 6676480
27 0.0299 6688768
28 0.0354 6709248
29 0.0304 6701056
30 0.0347 6758400
31 0.0327 6770688
32 0.031 6766592
33 0.0358 6840320
34 0.0313 6828032
35 0.0365 6909952
36 0.0335 6889472
37 0.0321 6975488
38 0.0329 7008256
39 0.0332 6987776
40 0.035 7077888
41 0.0362 7086080
42 0.0395 7225344
43 0.0387 7176192
44 0.0361 7188480
45 0.0353 7229440
46 0.0364 7262208
47 0.0366 7303168
48 0.0356 7360512
49 0.0397 7364608
50 0.0371 7389184
51 0.0366 7401472
52 0.0373 7434240
53 0.0414 7516160
54 0.0404 7520256
55 0.0407 7577600
56 0.0418 7602176
57 0.0418 7684096
58 0.0391 7651328
59 0.0441 7786496
60 0.0433 7753728
61 0.0419 7782400
62 0.0438 7958528
63 0.043 7946240
64 0.0421 7979008
65 0.0407 7987200
66 0.0423 8065024
67 0.0459 8085504
68 0.0485 8073216
69 0.044 8187904
70 0.0446 8232960
71 0.046 8273920
72 0.0437 8232960
73 0.046 8339456
74 0.0487 8388608
75 0.0455 8470528
76 0.0458 8462336
77 0.0448 8441856
78 0.0496 8519680
79 0.0466 8638464
80 0.0631 8753152
81 0.0471 8671232
82 0.0493 8708096
83 0.0491 8769536
84 0.0497 8826880
85 0.0502 8884224
86 0.0495 9007104
87 0.0508 9064448
88 0.0544 9043968
89 0.0508 9105408
90 0.0542 9187328
91 0.0508 9175040
92 0.0612 9277440
93 0.0531 9334784
94 0.057 9359360
95 0.0606 9437184
96 0.0554 9482240
97 0.0548 9555968
98 0.0609 9605120
99 0.0548 9646080
100 0.0641 9871360
101 0.0591 9756672
102 0.0564 9908224
103 0.0557 9834496
104 0.0577 10022912
105 0.0592 10006528
106 0.0622 10088448
107 0.0587 10125312
108 0.0587 10170368
109 0.0585 10215424
110 0.0589 10240000
111 0.0601 10354688
112 0.0669 10399744
113 0.0605 10457088
114 0.0606 10510336
115 0.0622 10526720
116 0.0628 10620928
117 0.0684 10665984
118 0.0624 10747904
119 0.0639 10801152
120 0.0691 10858496
121 0.0651 10940416
122 0.0715 11005952
123 0.0663 11063296
124 0.0673 11153408
125 0.0744 11198464
126 0.066 11247616
127 0.0679 11333632
128 0.0691 11481088
129 0.0672 11419648
130 0.0683 11583488
131 0.07 11595776
132 0.0691 11673600
133 0.0689 11702272
134 0.0752 11829248
135 0.0705 11870208
136 0.0716 11964416
137 0.0718 12005376
138 0.0721 12087296
139 0.0722 12136448
140 0.0733 12222464
141 0.0729 12271616
142 0.0744 12369920
143 0.0745 12427264
144 0.0779 12525568
145 0.0754 12562432
146 0.0772 12681216
147 0.0763 12742656
148 0.0768 12832768
149 0.0772 12922880
150 0.081 13045760
151 0.0762 13070336
152 0.0773 13185024
153 0.0804 13275136
154 0.0789 13340672
155 0.0798 13430784
156 0.0843 13639680
157 0.0804 13541376
158 0.0814 13742080
159 0.0864 13758464
160 0.0808 13795328
161 0.0849 13901824
162 0.0837 14094336
163 0.085 14041088
164 0.0917 14143488
165 0.0844 14217216
166 0.0854 14376960
167 0.0884 14364672
168 0.0882 14438400
169 0.0872 14520320
170 0.0892 14581760
171 0.087 14671872
172 0.0901 14766080
173 0.0909 14839808
174 0.0895 14856192
175 0.091 15011840
176 0.0913 15073280
177 0.092 15114240
178 0.0916 15212544
179 0.0934 15273984
180 0.0973 15441920
181 0.0956 15491072
182 0.0956 15536128
183 0.0959 15855616
184 0.097 15773696
185 0.0973 15822848
186 0.1074 15970304
187 0.1449 16007168
188 0.1 16121856
189 0.0998 16236544
190 0.0995 16265216
191 0.1023 16347136
192 0.101 16441344
193 0.106 16617472
194 0.1031 16695296
195 0.1021 16711680
196 0.1024 16871424
197 0.1046 16969728
198 0.1061 17088512
199 0.1064 17166336
200 0.106 17281024
201 0.1158 17342464
202 0.1077 17428480
203 0.1144 17416192
204 0.1101 17543168
205 0.119 17682432
206 0.1136 17772544
207 0.112 17805312
208 0.1116 18264064
209 0.1128 17973248
210 0.1135 18018304
211 0.1217 18440192
212 0.1149 18251776
213 0.1203 18325504
214 0.1133 18386944
215 0.1256 18583552
216 0.1215 18632704
217 0.1175 18632704
218 0.1181 19066880
219 0.1239 18968576
220 0.1207 19079168
221 0.1302 19300352
222 0.1235 19300352
223 0.1291 19406848
224 0.125 19439616
225 0.124 19628032
226 0.1244 19808256
227 0.1302 19787776
228 0.1247 20070400
229 0.1261 19939328
230 0.1268 20103168
231 0.1262 20230144
232 0.1285 20324352
233 0.1265 20275200
234 0.1291 20529152
235 0.1356 20643840
236 0.1337 20996096
237 0.1339 20848640
238 0.1379 20983808
239 0.1328 20987904
240 0.133 21024768
241 0.1336 21245952
242 0.1335 21393408
243 0.1414 21463040
244 0.1361 21573632
245 0.1447 21716992
246 0.1383 21753856
247 0.1399 21901312
248 0.1388 21938176
249 0.1399 22093824
250 0.1391 22233088
251 0.1396 22372352
252 0.1409 22441984
253 0.1434 22577152
254 0.1574 22532096
255 0.1439 22683648
256 0.1487 23085056
257 0.1531 23023616
258 0.1472 23138304
259 0.1475 23138304
260 0.1502 23289856
261 0.149 23486464
262 0.149 23597056
263 0.1486 23584768
264 0.1594 23863296
265 0.1531 23941120
266 0.151 23969792
267 0.1564 24203264
268 0.1545 24379392
269 0.1528 24289280
270 0.1558 24436736
271 0.1567 24682496
272 0.157 24793088
273 0.1587 24858624
274 0.1602 24969216
275 0.1585 25149440
276 0.1613 25227264
277 0.1616 25350144
278 0.1649 25481216
279 0.1682 25624576
280 0.1629 25636864
281 0.1621 25767936
282 0.1669 25952256
283 0.167 26116096
284 0.1665 26140672
285 0.1725 26353664
286 0.1686 26451968
287 0.1679 26632192
288 0.169 26890240
289 0.1686 27045888
290 0.1692 27070464
291 0.1731 27308032
292 0.174 27402240
293 0.173 27545600
294 0.1801 27893760
295 0.182 27803648
296 0.1768 27901952
297 0.1825 28082176
298 0.1798 28131328
299 0.1742 28205056
300 0.1763 28393472
301 0.1815 28565504
302 0.1789 28643328
303 0.1793 28704768
304 0.1886 29016064
305 0.1855 29048832
306 0.1857 29339648
307 0.1903 29421568
308 0.1877 29548544
309 0.1843 29540352
310 0.1882 29728768
311 0.1879 29966336
312 0.1877 30015488
313 0.1896 30384128
314 0.1956 30511104
315 0.1896 30433280
316 0.1961 30527488
317 0.1927 30617600
318 0.1955 30900224
319 0.1945 30892032
320 0.2028 31150080
321 0.197 31272960
322 0.1963 31420416
323 0.1987 31580160
324 0.2044 31690752
325 0.2044 31830016
326 0.2024 31989760
327 0.2007 32133120
328 0.202 32264192
329 0.2023 32407552
330 0.2104 32571392
331 0.2034 32686080
332 0.2068 32743424
333 0.2132 32972800
334 0.2074 33099776
335 0.2119 33259520
336 0.2083 33374208
337 0.2179 33562624
338 0.2091 33583104
339 0.2131 33837056
340 0.2249 34222080
341 0.2145 34168832
342 0.2131 34189312
343 0.2162 34480128
344 0.2148 34611200
345 0.2229 34746368
346 0.2175 35098624
347 0.2245 35000320
348 0.2234 35164160
349 0.2215 35360768
350 0.2276 35639296
351 0.2242 35581952
352 0.2238 35848192
353 0.2242 35901440
354 0.232 36298752
355 0.2267 36339712
356 0.2288 36462592
357 0.2314 36614144
358 0.2338 36741120
359 0.2314 37019648
360 0.2399 37257216
361 0.2374 37363712
362 0.2391 37654528
363 0.2357 37634048
364 0.2353 37871616
365 0.2348 37814272
366 0.2386 37961728
367 0.2453 38359040
368 0.2411 38473728
369 0.2428 38637568
370 0.2416 39030784
371 0.241 38821888
372 0.2434 39116800
373 0.2444 39309312
374 0.2454 39473152
375 0.2463 39444480
376 0.2536 39825408
377 0.2553 39899136
378 0.2508 39985152
379 0.2627 40214528
380 0.2488 40329216
381 0.2521 40599552
382 0.2532 40775680
383 0.2607 41029632
384 0.2547 40960000
385 0.2621 41410560
386 0.2644 41574400
387 0.2623 41508864
388 0.262 41672704
389 0.2605 41795584
390 0.2603 41979904
391 0.2639 42131456
392 0.2795 42811392
393 0.2636 42471424
394 0.2656 42930176
395 0.2722 42864640
396 0.2746 43175936
397 0.2691 43311104
398 0.2693 43356160
399 0.2765 43536384
400 0.2729 44134400
401 0.272 44154880
402 0.2811 44212224
403 0.2772 44376064
404 0.2857 44568576
405 0.2779 44728320
406 0.2791 44908544
407 0.2772 44900352
408 0.2823 45146112
409 0.2835 45293568
410 0.2835 45432832
411 0.286 45662208
412 0.2828 45830144
413 0.2841 45957120
414 0.2936 46587904
415 0.2922 46469120
416 0.2941 46612480
417 0.2893 46628864
418 0.2904 46833664
419 0.294 47063040
420 0.2961 47235072
421 0.2926 47366144
422 0.3066 47620096
423 0.299 47771648
424 0.301 48001024
425 0.3125 48259072
426 0.3004 48562176
427 0.301 48910336
428 0.3039 48857088
429 0.3037 48975872
430 0.3059 49074176
431 0.3126 49426432
432 0.308 49549312
433 0.3138 49770496
434 0.3089 49926144
435 0.3119 50044928
436 0.3125 50319360
437 0.3152 50356224
438 0.314 50606080
439 0.3181 50724864
440 0.3178 51482624
441 0.316 51294208
442 0.3188 51412992
443 0.321 51605504
444 0.3201 51822592
445 0.3214 51974144
446 0.3295 52240384
447 0.3304 52342784
448 0.3293 52555776
449 0.3435 52985856
450 0.3637 52961280
451 0.358 53202944
452 0.3734 53534720
453 0.3477 53854208
454 0.3485 54259712
455 0.3892 53968896
456 0.3598 54464512
457 0.3551 54853632
458 0.3852 54431744
459 0.4041 54624256
460 0.3886 55144448
461 0.4416 55468032
462 0.5479 55291904
463 0.4456 55414784
464 0.4154 56008704
465 0.4006 55930880
466 0.4304 56414208
467 0.5042 56500224
468 0.461 56979456
469 0.3851 57028608
470 0.4487 57024512
471 0.3928 57331712
472 0.4752 57065472
473 0.6165 57286656
474 0.5983 57798656
475 0.6303 57733120
476 0.6869 57823232
477 0.47 58347520
478 0.4409 58572800
479 0.4396 58564608
480 0.5178 58646528
481 0.5827 59039744
482 0.4564 59219968
483 0.4243 59506688
484 0.428 59613184
485 0.3784 59629568
486 0.4211 60162048
487 0.3732 59961344
488 0.3814 60346368
489 0.3776 60813312
490 0.3821 61026304
491 0.3848 60846080
492 0.3826 61251584
493 0.4615 61939712
494 0.3785 61440000
495 0.3825 61730816
496 0.3825 61902848
497 0.3905 62283776
498 0.3917 62341120
499 0.3854 62570496
500 0.3898 62734336
501 0.388 63008768
502 0.392 63057920
503 0.3933 63356928
504 0.4047 63827968
505 0.4946 64425984
506 0.4066 63995904
507 0.415 64274432
508 0.4108 64380928
509 0.4195 64946176
510 0.4375 65441792
511 0.4892 65421312
512 0.4158 65167360
513 0.4133 65556480
514 0.4264 65744896
515 0.4116 65998848
516 0.415 66174976
517 0.4214 66424832
518 0.4107 66469888
519 0.4128 66650112
520 0.4179 67055616
521 0.4183 67248128
522 0.4238 67678208
523 0.4206 67674112
524 0.4195 67932160
525 0.4221 68124672
526 0.4253 68366336
527 0.427 68567040
528 0.4305 69464064
529 0.4423 69419008
530 0.4321 69525504
531 0.4375 70012928
532 0.433 69488640
533 0.4405 70008832
534 0.433 70098944
535 0.433 70168576
536 0.4351 70565888
537 0.4409 70692864
538 0.4458 71028736
539 0.4519 71987200
540 0.4421 71471104
541 0.4512 71569408
542 0.4728 72368128
543 0.46 72208384
544 0.4536 72278016
545 0.4501 73003008
546 0.4562 72859648
547 0.4515 73019392
548 0.4624 73338880
549 0.4601 73515008
550 0.4529 73740288
551 0.4554 73777152
552 0.4616 74244096
553 0.4578 74317824
554 0.4595 74674176
555 0.4651 74760192
556 0.462 75169792
557 0.4654 75481088
558 0.467 75464704
559 0.485 76333056
560 0.467 76038144
561 0.4739 76460032
562 0.4703 76460032
563 0.4851 77058048
564 0.4739 76914688
565 0.4859 77172736
566 0.4851 77885440
567 0.4742 77512704
568 0.4806 77938688
569 0.4816 78270464
570 0.484 78815232
571 0.4865 78798848
572 0.4866 79482880
573 0.4864 79032320
574 0.4863 79302656
575 0.4873 79601664
576 0.4958 80019456
577 0.4942 80089088
578 0.4904 80179200
579 0.4974 80490496
580 0.499 80867328
581 0.4972 81154048
582 0.4966 81334272
583 0.4992 81608704
584 0.5098 82563072
585 0.5052 82231296
586 0.511 82780160
587 0.5018 82370560
588 0.5118 82792448
589 0.5187 83410944
590 0.5226 83324928
591 0.5086 83329024
592 0.5122 83820544
593 0.5128 83992576
594 0.5187 84197376
595 0.5274 84578304
596 0.5162 85155840
597 0.5235 84914176
598 0.5249 85188608
599 0.5226 85446656
600 0.5246 85741568
601 0.5269 85798912
602 0.5405 86413312
603 0.5283 86454272
604 0.5319 86740992
605 0.532 87003136
606 0.5355 87220224
607 0.542 87711744
608 0.5404 87789568
609 0.5372 87965696
610 0.5459 88383488
611 0.5422 88616960
612 0.5426 88752128
613 0.5475 89686016
614 0.5493 89980928
615 0.5552 90169344
616 0.5529 89804800
617 0.5569 89911296
618 0.5591 90267648
619 0.5619 90513408
620 0.5657 90980352
621 0.5616 91365376
622 0.5553 91168768
623 0.5616 91693056
624 0.5672 91910144
625 0.5604 92139520
626 0.5683 92860416
627 0.5644 92495872
628 0.5625 92946432
629 0.5656 93212672
630 0.5687 93401088
631 0.5691 93732864
632 0.5702 93917184
633 0.5865 94355456
634 0.579 94605312
635 0.5782 94609408
636 0.5854 94912512
637 0.5893 95838208
638 0.5805 95490048
639 0.5817 95703040
640 0.5823 95817728
641 0.5896 96292864
642 0.6029 97013760
643 0.5939 96817152
644 0.5904 97107968
645 0.5989 97714176
646 0.5935 97488896
647 0.5962 98066432
648 0.6018 98213888
649 0.5968 98394112
650 0.5983 98492416
651 0.6056 99295232
652 0.6095 99971072
653 0.6098 99962880
654 0.6064 99606528
655 0.6073 99901440
656 0.6113 100134912
657 0.6127 100425728
658 0.6197 101216256
659 0.6114 100921344
660 0.6167 101847040
661 0.6186 101609472
662 0.618 101773312
663 0.6292 102195200
664 0.6354 103079936
665 0.6302 102748160
666 0.6532 103383040
667 0.6353 103292928
668 0.6333 103616512
669 0.6342 104591360
670 0.63 103997440
671 0.6294 104185856
672 0.6337 104476672
673 0.6384 104828928
674 0.6348 105238528
675 0.6432 105537536
676 0.6488 105918464
677 0.6443 106082304
678 0.6483 106311680
679 0.6463 106663936
680 0.6497 106774528
681 0.656 107479040
682 0.6612 107544576
683 0.6629 108191744
684 0.6541 107892736
685 0.655 108335104
686 0.667 108642304
687 0.6608 108691456
688 0.663 109432832
689 0.6644 109563904
690 0.6628 109744128
691 0.666 110223360
692 0.6647 110292992
693 0.6763 110690304
694 0.6693 110936064
695 0.6718 111652864
696 0.6775 111509504
697 0.6836 112193536
698 0.6771 112484352
699 0.6887 112443392
700 0.679 112820224
701 0.6841 112885760
702 0.692 113414144
703 0.6917 113623040
704 0.6868 113790976
705 0.6892 114094080
706 0.6876 114245632
707 0.6996 115068928
708 0.6969 114839552
709 0.6955 115126272
710 0.6968 115691520
711 0.7071 115838976
712 0.6995 116080640
713 0.7006 116592640
714 0.7064 116801536
715 0.7087 117104640
716 0.7052 117194752
717 0.7137 117870592
718 0.7129 118312960
719 0.7131 118083584
720 0.7206 118906880
721 0.7194 118894592
722 0.7272 119808000
723 0.7224 119427072
724 0.7362 120369152
725 0.7306 120131584
726 0.7358 120750080
727 0.7337 120860672
728 0.7362 121032704
729 0.7291 121380864
730 0.7451 121905152
731 0.7334 121991168
732 0.7358 122425344
733 0.7406 122654720
734 0.7421 123113472
735 0.7503 123457536
736 0.7415 123428864
737 0.753 123871232
738 0.7458 124162048
739 0.7511 124477440
740 0.7491 124657664
741 0.749 124768256
742 0.7514 125116416
743 0.7659 125751296
744 0.7579 126013440
745 0.7585 126271488
746 0.7856 126787584
747 0.7595 126689280
748 0.7619 127205376
749 0.7662 127500288
750 0.7837 128053248
751 0.7777 128380928
752 0.7749 128606208
753 0.7782 128696320
754 0.793 129404928
755 0.87 129716224
756 0.7824 129667072
757 0.7794 129900544
758 0.7846 130396160
759 0.7911 130547712
760 0.7863 130707456
761 0.7871 131051520
762 0.8037 132169728
763 0.7909 132087808
764 0.7934 132227072
765 0.7946 132542464
766 0.8025 132861952
767 0.7978 133169152
768 0.7999 133451776
769 0.8107 133640192
770 0.8018 133955584
771 0.806 134463488
772 0.8093 135634944
773 0.8104 135086080
774 0.8256 135352320
775 0.8155 136019968
776 0.8155 136052736
777 0.8209 136540160
778 0.8272 137105408
779 0.8243 137203712
780 0.8262 137375744
781 0.8285 137523200
782 0.8385 138670080
783 0.8263 138256384
784 0.8331 138567680
785 0.8269 138739712
786 0.8394 139313152
787 0.8334 139481088
788 0.8519 140623872
789 0.8356 140275712
790 0.8405 140607488
791 0.841 140869632
792 0.8432 141262848
793 0.8524 141590528
794 0.8513 141799424
795 0.8479 142163968
796 0.8638 142573568
797 0.8643 143593472
798 0.8558 143224832
799 0.8567 143532032
800 0.8673 143765504