1 0.0281 6176768
2 0.0243 6139904
3 0.0247 6160384
4 0.0248 6180864
5 0.0246 6193152
6 0.0249 6225920
7 0.0252 6303744
8 0.0294 6307840
9 0.0257 6279168
10 0.0265 6291456
11 0.0299 6369280
12 0.0262 6344704
13 0.0262 6356992
14 0.0305 6430720
15 0.0266 6397952
16 0.0309 6467584
17 0.0313 6500352
18 0.0314 6524928
19 0.0315 6553600
20 0.0278 6533120
21 0.028 6549504
22 0.0282 6574080
23 0.0285 6590464
24 0.0285 6610944
25 0.029 6680576
26 0.0331 6709248
27 0.0292 6680576
28 0.0335 6762496
29 0.0298 6729728
30 0.0301 6803456
31 0.0303 6782976
32 0.0303 6811648
33 0.0307 6840320
34 0.0308 6864896
35 0.0352 6955008
36 0.0317 6930432
37 0.0356 7000064
38 0.0319 6983680
39 0.0362 7069696
40 0.0352 7127040
41 0.0327 7094272
42 0.0331 7139328
43 0.0335 7172096
44 0.0337 7196672
45 0.034 7229440
46 0.0385 7315456
47 0.0351 7307264
48 0.0354 7327744
49 0.0351 7364608
50 0.0354 7389184
51 0.0359 7421952
52 0.0361 7475200
53 0.0361 7516160
54 0.0366 7553024
55 0.0368 7581696
56 0.037 7622656
57 0.0376 7647232
58 0.0376 7684096
59 0.038 7716864
60 0.0418 7798784
61 0.0425 7839744
62 0.039 7921664
63 0.0432 7987200
64 0.0456 8060928
65 0.0395 8019968
66 0.0408 8126464
67 0.0404 8065024
68 0.0446 8175616
69 0.0409 8146944
70 0.041 8183808
71 0.0419 8241152
72 0.0461 8306688
73 0.0463 8384512
74 0.0425 8347648
75 0.0426 8388608
76 0.0434 8478720
77 0.0436 8482816
78 0.0435 8519680
79 0.0444 8568832
80 0.0449 8663040
81 0.0451 8712192
82 0.0454 8712192
83 0.0453 8773632
84 0.0458 8818688
85 0.0466 8912896
86 0.0474 8970240
87 0.0479 8970240
88 0.0518 9080832
89 0.0485 9134080
90 0.0483 9150464
91 0.0495 9187328
92 0.053 9297920
93 0.0534 9367552
94 0.0547 9433088
95 0.0546 9478144
96 0.0505 9482240
97 0.0509 9535488
98 0.0513 9588736
99 0.0563 9691136
100 0.0523 9760768
101 0.0531 9822208
102 0.0531 9805824
103 0.0536 9875456
104 0.0543 9916416
105 0.0586 10031104
106 0.055 10088448
107 0.0552 10080256
108 0.0556 10149888
109 0.0562 10186752
110 0.0605 10297344
111 0.0568 10330112
112 0.0572 10379264
113 0.0582 10473472
114 0.0578 10489856
115 0.0584 10604544
116 0.059 10612736
117 0.059 10723328
118 0.06 10731520
119 0.0598 10792960
120 0.0605 10903552
121 0.0606 10919936
122 0.0612 10969088
123 0.0616 11046912
124 0.062 11112448
125 0.0623 11161600
126 0.0668 11276288
127 0.0633 11309056
128 0.0638 11382784
129 0.0646 11440128
130 0.0693 11571200
131 0.0653 11579392
132 0.0658 11665408
133 0.0665 11702272
134 0.0671 11796480
135 0.0792 11870208
136 0.071 11923456
137 0.0714 11997184
138 0.0752 12095488
139 0.0812 12177408
140 0.0716 12193792
141 0.0737 12242944
142 0.0751 12369920
143 0.0714 12406784
144 0.0728 12468224
145 0.0773 12599296
146 0.0785 12709888
147 0.0849 12783616
148 0.0749 12869632
149 0.0903 13066240
150 0.0753 12972032
151 0.0756 13049856
152 0.0756 13139968
153 0.0847 13291520
154 0.0767 13361152
155 0.0773 13377536
156 0.0807 13520896
157 0.0847 13611008
158 0.093 13684736
159 0.0821 13705216
160 0.0792 13807616
161 0.0846 13918208
162 0.082 13983744
163 0.0818 13996032
164 0.0821 14106624
165 0.0826 14163968
166 0.0838 14323712
167 0.0905 14524416
168 0.0867 14393344
169 0.09 14462976
170 0.0845 14536704
171 0.0853 14610432
172 0.0858 14725120
173 0.0864 14761984
174 0.0876 14827520
175 0.0877 14938112
176 0.0885 14991360
177 0.093 15159296
178 0.0893 15196160
179 0.0898 15282176
180 0.0905 15409152
181 0.0947 15511552
182 0.0955 15552512
183 0.0927 15687680
184 0.0937 15724544
185 0.0947 15826944
186 0.0941 15937536
187 0.1012 16052224
188 0.1232 16093184
189 0.0963 16171008
190 0.1012 16314368
191 0.0978 16343040
192 0.1022 16490496
193 0.0986 16535552
194 0.0993 16633856
195 0.1002 16777216
196 0.1057 16855040
197 0.1066 16953344
198 0.1057 17072128
199 0.102 17080320
200 0.1074 17235968
201 0.1081 17342464
202 0.1086 17408000
203 0.1064 17412096
204 0.1054 17526784
205 0.1105 17670144
206 0.1072 17719296
207 0.1073 17739776
208 0.1078 17870848
209 0.1136 17944576
210 0.1092 17940480
211 0.1195 18280448
212 0.1151 18223104
213 0.1115 18264064
214 0.1126 18427904
215 0.113 18456576
216 0.1139 18542592
217 0.1135 18636800
218 0.1144 18743296
219 0.1167 18833408
220 0.1162 18952192
221 0.1165 19066880
222 0.1218 19226624
223 0.1177 19312640
224 0.1194 19365888
225 0.1232 19517440
226 0.1258 19705856
227 0.1212 19673088
228 0.1216 19763200
229 0.1262 19935232
230 0.1233 19972096
231 0.1262 20103168
232 0.1237 20164608
233 0.1296 20324352
234 0.1261 20365312
235 0.1263 20561920
236 0.1315 20684800
237 0.1268 20701184
238 0.128 20807680
239 0.1277 20914176
240 0.1293 21012480
241 0.1296 21192704
242 0.1308 21221376
243 0.1356 21393408
244 0.1324 21438464
245 0.1364 21893120
246 0.1328 21667840
247 0.1342 21786624
248 0.1345 21872640
249 0.1348 21995520
250 0.1365 22093824
251 0.1369 22188032
252 0.1378 22306816
253 0.1375 22487040
254 0.14 22532096
255 0.1436 22700032
256 0.1411 22761472
257 0.1426 22851584
258 0.1426 22970368
259 0.1437 23113728
260 0.1441 23232512
261 0.1447 23343104
262 0.1456 23461888
263 0.1465 23576576
264 0.1472 23707648
265 0.1519 23871488
266 0.1484 24010752
267 0.1499 24059904
268 0.1497 24162304
269 0.1509 24285184
270 0.1512 24485888
271 0.1564 24596480
272 0.1529 24653824
273 0.1534 24756224
274 0.1545 24875008
275 0.1552 25006080
276 0.1562 25149440
277 0.1574 25251840
278 0.1568 25366528
279 0.1584 25493504
280 0.1586 25636864
281 0.1594 25751552
282 0.1597 25862144
283 0.1614 26001408
284 0.1665 26124288
285 0.1626 26243072
286 0.1644 26349568
287 0.164 26636288
288 0.1745 27127808
289 0.1657 26902528
290 0.1707 27099136
291 0.1718 27213824
292 0.1678 27275264
293 0.1687 27475968
294 0.1698 27525120
295 0.1701 27660288
296 0.1711 27766784
297 0.1723 27910144
298 0.1765 28069888
299 0.1735 28155904
300 0.1829 28336128
301 0.1751 28446720
302 0.1754 28639232
303 0.1766 28717056
304 0.177 28839936
305 0.179 28971008
306 0.1794 29106176
307 0.1804 29233152
308 0.1847 29442048
309 0.1828 29515776
310 0.1864 29687808
311 0.1833 29835264
312 0.1841 29908992
313 0.1848 30035968
314 0.186 30175232
315 0.1867 30339072
316 0.1866 30511104
317 0.1876 30597120
318 0.1897 30744576
319 0.1935 31186944
320 0.1945 31072256
321 0.1919 31162368
322 0.1954 31358976
323 0.1933 31494144
324 0.1946 31576064
325 0.1998 31760384
326 0.196 31862784
327 0.1963 32006144
328 0.2021 32190464
329 0.2027 32350208
330 0.1994 32432128
331 0.2052 32829440
332 0.2049 32768000
333 0.2016 32849920
334 0.2028 32976896
335 0.2033 33148928
336 0.2087 33325056
337 0.2058 33415168
338 0.2057 33570816
339 0.2071 33710080
340 0.2081 33837056
341 0.2089 33996800
342 0.2105 34140160
343 0.2112 34299904
344 0.2116 34451456
345 0.2172 34787328
346 0.2138 34742272
347 0.215 34906112
348 0.2165 35041280
349 0.2157 35209216
350 0.2212 35426304
351 0.2188 35528704
352 0.2191 35676160
353 0.2213 35852288
354 0.2205 36065280
355 0.2218 36155392
356 0.2229 36315136
357 0.228 36532224
358 0.2297 36704256
359 0.2371 37314560
360 0.2263 36945920
361 0.2274 37117952
362 0.2289 37269504
363 0.2312 37425152
364 0.2355 37646336
365 0.2323 37752832
366 0.2326 37978112
367 0.2346 38092800
368 0.2356 38264832
369 0.2358 38412288
370 0.2373 38580224
371 0.2425 38785024
372 0.2422 38940672
373 0.2438 39112704
374 0.247 39329792
375 0.2429 39383040
376 0.25 39718912
377 0.2438 39714816
378 0.2449 39874560
379 0.2469 40132608
380 0.2557 40333312
381 0.249 40493056
382 0.2497 40574976
383 0.251 40755200
384 0.2562 40964096
385 0.2531 41082880
386 0.2543 41259008
387 0.2659 41426944
388 0.2649 41852928
389 0.258 41762816
390 0.2576 41914368
391 0.259 42098688
392 0.2613 42258432
393 0.2605 42409984
394 0.2615 42582016
395 0.2639 42754048
396 0.2646 42930176
397 0.2651 43098112
398 0.2706 43319296
399 0.2777 43671552
400 0.2697 43606016
401 0.2693 43769856
402 0.2706 43966464
403 0.2719 44122112
404 0.2731 44306432
405 0.2744 44474368
406 0.2761 44720128
407 0.2801 44879872
408 0.2819 45113344
409 0.2836 45703168
410 0.2798 45367296
411 0.28 45547520
412 0.2815 45719552
413 0.2872 45957120
414 0.2891 46247936
415 0.2853 46239744
416 0.286 46407680
417 0.2874 46579712
418 0.2883 46759936
419 0.2886 46956544
420 0.2942 47337472
421 0.2952 48017408
422 0.2928 47517696
423 0.2944 47742976
424 0.3037 48680960
425 0.3049 48050176
426 0.3005 48291840
427 0.3031 48447488
428 0.3033 48599040
429 0.3054 48771072
430 0.3061 49618944
431 0.3024 49184768
432 0.3039 49311744
433 0.3047 49496064
434 0.3043 49676288
435 0.3063 49930240
436 0.3066 50110464
437 0.3122 50274304
438 0.3098 50409472
439 0.3107 50585600
440 0.3161 50851840
441 0.3177 51089408
442 0.3179 51212288
443 0.3151 51347456
444 0.316 51531776
445 0.3174 51720192
446 0.3232 51957760
447 0.322 52150272
448 0.3209 52273152
449 0.3224 52539392
450 0.334 52658176
451 0.3243 52858880
452 0.3308 53202944
453 0.3351 53637120
454 0.3269 53436416
455 0.3288 53612544
456 0.3334 53858304
457 0.3311 54001664
458 0.3348 54185984
459 0.3778 54923264
460 0.3342 54579200
461 0.341 54878208
462 0.3368 55017472
463 0.338 55148544
464 0.3421 55410688
465 0.3445 55599104
466 0.3475 55930880
467 0.3431 55939072
468 0.348 56193024
469 0.3453 56332288
470 0.3464 56524800
471 0.3474 56725504
472 0.3516 56979456
473 0.3578 57368576
474 0.3592 57790464
475 0.3521 57520128
476 0.353 57704448
477 0.3558 57905152
478 0.3551 58134528
479 0.357 58253312
480 0.3612 58515456
481 0.3583 58687488
482 0.3615 58880000
483 0.3613 59002880
484 0.3626 59203584
485 0.3632 59404288
486 0.3685 59658240
487 0.3669 59822080
488 0.3765 60354560
489 0.3732 60387328
490 0.3697 60420096
491 0.3711 60624896
492 0.3747 60887040
493 0.3771 61108224
494 0.3749 61235200
495 0.3845 61820928
496 0.4058 62312448
497 0.3799 61882368
498 0.3797 62083072
499 0.3808 62275584
500 0.3799 62554112
501 0.3838 62717952
502 0.3868 62980096
503 0.3868 63107072
504 0.3861 63320064
505 0.3917 64139264
506 0.3901 63737856
507 0.3922 63971328
508 0.392 64167936
509 0.3968 64438272
510 0.3961 64589824
511 0.3959 64819200
512 0.3997 65040384
513 0.4022 65261568
514 0.4036 65478656
515 0.4053 65695744
516 0.4093 65986560
517 0.409 66146304
518 0.4106 66412544
519 0.4106 66576384
520 0.4119 66842624
521 0.4214 67198976
522 0.4131 67231744
523 0.4148 67452928
524 0.4194 67710976
525 0.4175 67895296
526 0.4184 68128768
527 0.4196 68321280
528 0.4215 68530176
529 0.4232 68751360
530 0.4251 68980736
531 0.4243 69193728
532 0.431 70184960
533 0.4435 69758976
534 0.4324 69918720
535 0.4548 70119424
536 0.4357 70569984
537 0.4323 70557696
538 0.4333 70762496
539 0.4367 71057408
540 0.4341 71278592
541 0.4381 71450624
542 0.4409 71663616
543 0.4459 71958528
544 0.443 72118272
545 0.4476 72433664
546 0.4439 72577024
547 0.4448 72802304
548 0.4464 73027584
549 0.4525 73310208
550 0.4494 73531392
551 0.4518 73699328
552 0.4517 73940992
553 0.4532 74174464
554 0.455 74387456
555 0.4567 74641408
556 0.4574 74878976
557 0.4573 75153408
558 0.4604 75321344
559 0.4665 76312576
560 0.4629 75808768
561 0.4673 76095488
562 0.4644 76267520
563 0.4669 76500992
564 0.4717 76791808
565 0.4692 76967936
566 0.4767 77328384
567 0.4732 77438976
568 0.4735 77656064
569 0.4741 77914112
570 0.4762 78127104
571 0.4799 78376960
572 0.4809 78606336
573 0.4801 78827520
574 0.4871 79175680
575 0.4888 79413248
576 0.4846 79618048
577 0.4869 79892480
578 0.4879 80117760
579 0.4952 81031168
580 0.4882 80642048
581 0.4912 80842752
582 0.4968 81113088
583 0.4987 81887232
584 0.5047 81707008
585 0.5006 82403328
586 0.4998 82034688
587 0.5047 82309120
588 0.5018 82497536
589 0.5041 82739200
590 0.5074 83050496
591 0.5064 83238912
592 0.5075 83484672
593 0.5095 83701760
594 0.5233 83963904
595 0.5182 84185088
596 0.52 84434944
597 0.5171 84688896
598 0.5159 84946944
599 0.5172 85184512
600 0.5232 85495808
601 0.5231 85749760
602 0.5226 85929984
603 0.5268 86249472
604 0.5254 86458368
605 0.5299 86745088
606 0.5292 86962176
607 0.5301 87228416
608 0.5345 87511040
609 0.5321 87719936
610 0.5336 87969792
611 0.543 88453120
612 0.5367 88457216
613 0.5395 88780800
614 0.5456 89292800
615 0.5442 89264128
616 0.5398 89522176
617 0.5427 89739264
618 0.5448 89989120
619 0.5468 90267648
620 0.5598 90517504
621 0.5568 90783744
622 0.5513 91017216
623 0.5537 91287552
624 0.5606 92438528
625 0.5545 91811840
626 0.557 92049408
627 0.5566 92307456
628 0.5593 92549120
629 0.5625 92856320
630 0.5631 93089792
631 0.5656 93372416
632 0.5666 93597696
633 0.5676 93859840
634 0.5708 94216192
635 0.5684 94470144
636 0.5708 94650368
637 0.5703 94986240
638 0.5811 95236096
639 0.586 96317440
640 0.5832 95752192
641 0.5791 95981568
642 0.5809 96243712
643 0.5807 96555008
644 0.5861 96985088
645 0.5848 97042432
646 0.589 97382400
647 0.6137 97603584
648 0.5971 97910784
649 0.5901 98111488
650 0.5917 98381824
651 0.5939 98639872
652 0.6004 99041280
653 0.5962 99168256
654 0.6047 99864576
655 0.6034 99778560
656 0.6061 100052992
657 0.6037 100249600
658 0.6035 100511744
659 0.6053 100790272
660 0.6072 101072896
661 0.6084 101339136
662 0.6105 101638144
663 0.6109 101896192
664 0.613 102166528
665 0.6151 102461440
666 0.6239 102772736
667 0.6217 103739392
668 0.6208 103284736
669 0.6223 103571456
670 0.6281 103890944
671 0.6237 104108032
672 0.6273 104378368
673 0.6278 104652800
674 0.6289 104935424
675 0.6305 105181184
676 0.6438 105521152
677 0.6334 105746432
678 0.6368 106053632
679 0.6407 106360832
680 0.639 106577920
681 0.6469 106913792
682 0.648 107204608
683 0.6474 107958272
684 0.6466 107720704
685 0.6514 108007424
686 0.65 108302336
687 0.6603 108584960
688 0.6548 108892160
689 0.6533 109133824
690 0.6555 109400064
691 0.6622 109731840
692 0.6582 110002176
693 0.6624 110288896
694 0.6599 110559232
695 0.6646 110845952
696 0.67 111239168
697 0.6649 111435776
698 0.6692 111702016
699 0.6701 111964160
700 0.6728 112275456
701 0.6757 112582656
702 0.6786 112926720
703 0.6824 113238016
704 0.6824 113520640
705 0.6817 113815552
706 0.6826 114053120
707 0.6847 114360320
708 0.6838 114638848
709 0.6951 114950144
710 0.6992 115245056
711 0.6945 115589120
712 0.6937 115843072
713 0.6937 116137984
714 0.7004 116477952
715 0.7113 116772864
716 0.7023 117100544
717 0.7 117313536
718 0.7039 117608448
719 0.704 117923840
720 0.7065 118210560
721 0.7082 118521856
722 0.7104 118820864
723 0.7105 119123968
724 0.7189 119476224
725 0.7138 119717888
726 0.7224 120107008
727 0.719 120393728
728 0.7175 120696832
729 0.7226 120954880
730 0.7241 121290752
731 0.7299 121634816
732 0.7363 122068992
733 0.7303 122191872
734 0.7301 122494976
735 0.7449 123326464
736 0.7331 123088896
737 0.7374 123400192
738 0.7377 123723776
739 0.7386 124026880
740 0.7402 124403712
741 0.7421 124645376
742 0.7515 125026304
743 0.7469 125263872
744 0.7523 125603840
745 0.749 125870080
746 0.7556 126287872
747 0.7527 126496768
748 0.7546 126881792
749 0.7618 127188992
750 0.7602 127434752
751 0.7624 127819776
752 0.7652 128053248
753 0.764 128397312
754 0.7716 128761856
755 0.7671 129003520
756 0.7713 129323008
757 0.8288 129683456
758 0.7787 130347008
759 0.7761 130269184
760 0.7762 130588672
761 0.7792 130879488
762 0.7812 131194880
763 0.7838 131481600
764 0.7892 132042752
765 0.7865 132132864
766 0.7893 132448256
767 0.7934 132993024
768 0.8118 133439488
769 0.8239 133468160
770 0.8172 133791744
771 0.818 134164480
772 0.8199 134529024
773 0.8228 134819840
774 0.8342 135634944
775 0.8055 135385088
776 0.8109 135680000
777 0.8114 135995392
778 0.8154 136347648
779 0.8258 137625600
780 0.8209 137101312
781 0.8191 137302016
782 0.8218 137601024
783 0.8214 137928704
784 0.8244 138252288
785 0.8262 138584064
786 0.829 138870784
787 0.8334 139268096
788 0.836 139579392
789 0.8359 139907072
790 0.8404 140926976
791 0.8524 140525568
792 0.8376 140845056
793 0.841 141160448
794 0.8474 141561856
795 0.844 141803520
796 0.8452 142159872
797 0.8479 142491648
798 0.8524 142807040
799 0.8648 143228928
800 0.864 143454208