1 0.0244 6078464
2 0.0239 6094848
3 0.0241 6164480
4 0.026 6123520
5 0.0245 6164480
6 0.0256 6172672
7 0.0295 6258688
8 0.0256 6217728
9 0.0292 6295552
10 0.0298 6316032
11 0.027 6299648
12 0.0266 6324224
13 0.0267 6410240
14 0.0266 6377472
15 0.0275 6434816
16 0.0275 6426624
17 0.0273 6451200
18 0.0276 6479872
19 0.032 6569984
20 0.033 6610944
21 0.0293 6615040
22 0.0293 6582272
23 0.0298 6627328
24 0.0373 6754304
25 0.0302 6684672
26 0.0353 6750208
27 0.0312 6733824
28 0.031 6766592
29 0.0314 6803456
30 0.0334 6844416
31 0.0327 6877184
32 0.0364 6938624
33 0.0326 6938624
34 0.0336 6963200
35 0.0384 7057408
36 0.0365 7081984
37 0.0337 7069696
38 0.0342 7118848
39 0.0394 7159808
40 0.0361 7176192
41 0.0353 7221248
42 0.0357 7241728
43 0.044 7303168
44 0.0368 7327744
45 0.0367 7364608
46 0.0375 7413760
47 0.0414 7483392
48 0.0388 7479296
49 0.0396 7520256
50 0.0383 7614464
51 0.039 7598080
52 0.0397 7639040
53 0.041 7745536
54 0.0403 7847936
55 0.0447 7884800
56 0.0451 7917568
57 0.041 7897088
58 0.0434 7987200
59 0.0469 8085504
60 0.0419 7999488
61 0.0429 8052736
62 0.0428 8093696
63 0.0448 8130560
64 0.0434 8175616
65 0.0439 8220672
66 0.0465 8269824
67 0.0489 8364032
68 0.0457 8359936
69 0.047 8445952
70 0.0526 8503296
71 0.0475 8503296
72 0.0507 8601600
73 0.0466 8609792
74 0.0475 8663040
75 0.0482 8724480
76 0.0479 8761344
77 0.0488 8814592
78 0.0534 8916992
79 0.0494 8916992
80 0.0522 9121792
81 0.0506 9011200
82 0.0518 9121792
83 0.0514 9113600
84 0.0515 9166848
85 0.0531 9224192
86 0.0586 9363456
87 0.0536 9326592
88 0.0532 9379840
89 0.0568 9502720
90 0.0573 9584640
91 0.0551 9551872
92 0.0595 9662464
93 0.0565 9654272
94 0.0593 9711616
95 0.0615 9834496
96 0.0576 9838592
97 0.0585 9945088
98 0.0626 9998336
99 0.0636 10063872
100 0.0602 10133504
101 0.0643 10194944
102 0.0609 10219520
103 0.0646 10489856
104 0.0627 10354688
105 0.0612 10391552
106 0.0668 10498048
107 0.0627 10514432
108 0.0628 10579968
109 0.0687 10809344
110 0.0633 10706944
111 0.0645 10776576
112 0.0653 10842112
113 0.0668 10907648
114 0.0679 10993664
115 0.0665 11046912
116 0.0688 11120640
117 0.068 11186176
118 0.0679 11247616
119 0.0799 11354112
120 0.1835 11472896
121 0.0712 11452416
122 0.0716 11526144
123 0.0791 11788288
124 0.0733 11681792
125 0.0714 11804672
126 0.0755 11804672
127 0.0799 12021760
128 0.0746 12001280
129 0.0748 12042240
130 0.0743 12103680
131 0.0774 12210176
132 0.0754 12308480
133 0.0754 12382208
134 0.0784 12439552
135 0.0803 12468224
136 0.1307 12558336
137 0.078 12603392
138 0.0825 12734464
139 0.0788 12750848
140 0.0818 12820480
141 0.0814 12881920
142 0.0805 12963840
143 0.0811 13045760
144 0.0859 13193216
145 0.0885 13307904
146 0.0828 13299712
147 0.0943 13451264
148 0.0839 13561856
149 0.0899 13631488
150 0.0854 13660160
151 0.0859 13746176
152 0.087 13832192
153 0.0875 14004224
154 0.0885 14020608
155 0.0942 14200832
156 0.0972 14249984
157 0.0971 14368768
158 0.0936 14442496
159 0.1284 14557184
160 0.138 14680064
161 0.1204 14823424
162 0.0983 14745600
163 0.1017 14811136
164 0.0972 14852096
165 0.0964 14905344
166 0.1104 15155200
167 0.0969 15085568
168 0.0981 15237120
169 0.1015 15290368
170 0.0977 15310848
171 0.0989 15450112
172 0.0989 15433728
173 0.1011 15544320
174 0.1031 15564800
175 0.1011 15691776
176 0.1014 15814656
177 0.1051 15872000
178 0.1029 16023552
179 0.1031 15974400
180 0.1045 16101376
181 0.1087 16187392
182 0.1065 16228352
183 0.1083 16322560
184 0.1072 16486400
185 0.1082 16510976
186 0.1096 16584704
187 0.1117 16756736
188 0.1108 16764928
189 0.1105 16867328
190 0.1119 16961536
191 0.1123 17047552
192 0.1128 17141760
193 0.1205 17285120
194 0.1143 17334272
195 0.1161 17498112
196 0.1171 17666048
197 0.1167 17633280
198 0.1178 17707008
199 0.1189 17891328
200 0.1182 17895424
201 0.1206 17969152
202 0.121 18157568
203 0.1285 18550784
204 0.1284 18550784
205 0.1283 18452480
206 0.1295 18702336
207 0.1276 18755584
208 0.1299 18755584
209 0.129 19054592
210 0.1282 18960384
211 0.1295 19099648
212 0.1323 19214336
213 0.1433 19419136
214 0.1566 19636224
215 0.1383 19513344
216 0.1325 19587072
217 0.1507 19755008
218 0.1581 19935232
219 0.1373 20004864
220 0.1445 20058112
221 0.1424 20230144
222 0.1403 20275200
223 0.1856 20373504
224 0.14 20434944
225 0.1651 20815872
226 0.1541 20783104
227 0.2234 20725760
228 0.166 20959232
229 0.1509 21037056
230 0.1753 21344256
231 0.1758 21344256
232 0.1769 21393408
233 0.2725 21696512
234 0.1546 21868544
235 0.1782 21831680
236 0.2111 22192128
237 0.1512 21880832
238 0.1595 21995520
239 0.1855 22405120
240 0.1913 22605824
241 0.2195 22482944
242 0.1668 22429696
243 0.199 22777856
244 0.3898 22929408
245 0.232 22945792
246 0.2529 22986752
247 0.1734 23248896
248 0.1601 23351296
249 0.164 23277568
250 0.1624 23494656