1 0.0297 6086656
2 0.0255 6090752
3 0.0348 6127616
4 0.0246 6131712
5 0.0272 6193152
6 0.0263 6172672
7 0.0262 6193152
8 0.0252 6213632
9 0.0474 6320128
10 0.0312 6344704
11 0.0371 6291456
12 0.0308 6356992
13 0.0501 6463488
14 0.0324 6406144
15 0.0456 6385664
16 0.0273 6397952
17 0.0325 6475776
18 0.0551 6541312
19 0.0457 6471680
20 0.0325 6504448
21 0.0377 6619136
22 0.0444 6627328
23 0.0479 6574080
24 0.0826 6549504
25 0.0303 6578176
26 0.0386 6688768
27 0.0298 6619136
28 0.0307 6639616
29 0.0333 6705152
30 0.0319 6737920
31 0.0348 6709248
32 0.0315 6737920
33 0.0332 6795264
34 0.0344 6774784
35 0.0467 6860800
36 0.0344 6848512
37 0.0531 6905856
38 0.037 6930432
39 0.0534 6942720
40 0.0391 6914048
41 0.036 6946816
42 0.0345 6955008
43 0.0365 6987776
44 0.035 7016448
45 0.0343 7008256
46 0.0346 7041024
47 0.0346 7102464
48 0.0349 7081984
49 0.0384 7118848
50 0.035 7114752
51 0.0354 7131136
52 0.0378 7176192
53 0.0368 7282688
54 0.0392 7303168
55 0.0381 7319552
56 0.0377 7344128
57 0.0374 7323648
58 0.0415 7393280
59 0.0408 7421952
60 0.0374 7389184
61 0.0393 7442432
62 0.0422 7467008
63 0.0393 7491584
64 0.0384 7426048
65 0.0394 7462912
66 0.0401 7553024
67 0.0391 7491584
68 0.0412 7610368
69 0.0425 7577600
70 0.0411 7569408
71 0.0426 7634944
72 0.0431 7704576
73 0.0418 7630848
74 0.0423 7757824
75 0.0413 7684096
76 0.0424 7802880
77 0.0426 7741440
78 0.0424 7729152
79 0.0464 7811072
80 0.0437 7880704
81 0.0433 7819264
82 0.05 7962624
83 0.0449 7847936
84 0.0466 7901184
85 0.0506 7970816
86 0.0448 7946240
87 0.0511 8011776
88 0.0448 7946240
89 0.0471 7979008
90 0.0568 8097792
91 0.0507 8040448
92 0.045 8028160
93 0.0529 8138752
94 0.0454 8069120
95 0.0469 8118272
96 0.0475 8130560
97 0.048 8175616
98 0.0482 8200192
99 0.0552 8228864
100 0.0531 8364032
101 0.0503 8265728
102 0.0566 8273920
103 0.0527 8331264
104 0.0558 8318976
105 0.0501 8339456
106 0.0498 8380416
107 0.0491 8368128
108 0.0488 8372224
109 0.0516 8454144
110 0.0524 8450048
111 0.051 8474624
112 0.0523 8495104
113 0.0531 8568832
114 0.051 8523776
115 0.0527 8540160
116 0.0524 8585216
117 0.0588 8585216
118 0.053 8613888
119 0.053 8638464
120 0.0534 8650752
121 0.0563 8671232
122 0.0574 8716288
123 0.0547 8712192
124 0.0543 8749056
125 0.0549 8777728
126 0.0596 8781824
127 0.0551 8785920
128 0.0605 8830976
129 0.0559 8962048
130 0.0608 8880128
131 0.0571 8916992
132 0.0633 8929280
133 0.0584 8949760
134 0.0584 8974336
135 0.0598 8998912
136 0.0589 9011200
137 0.0589 9039872
138 0.0576 9039872
139 0.0592 9084928
140 0.0643 9109504
141 0.0603 9121792
142 0.0612 9138176
143 0.0595 9203712
144 0.0594 9240576
145 0.0598 9236480
146 0.0646 9248768
147 0.0604 9326592
148 0.0609 9314304
149 0.0612 9338880
150 0.061 9392128
151 0.0633 9400320
152 0.0642 9424896
153 0.0642 9433088
154 0.0631 9445376
155 0.0628 9441280
156 0.0641 9510912
157 0.0657 9601024
158 0.0643 9527296
159 0.0635 9543680
160 0.0641 9580544
161 0.0659 9617408
162 0.0723 9625600
163 0.0658 9756672
164 0.0658 9654272
165 0.0648 9654272
166 0.0641 9707520
167 0.0661 9740288
168 0.0706 9826304
169 0.0694 9781248
170 0.0651 9797632
171 0.0694 9875456
172 0.0663 9846784
173 0.0674 9859072
174 0.0668 9895936
175 0.0687 10027008
176 0.0678 9924608
177 0.074 9945088
178 0.0754 9973760
179 0.0679 9957376
180 0.0705 10002432
181 0.0689 10039296
182 0.0753 10047488
183 0.0688 10072064
184 0.0688 10104832
185 0.0695 10059776
186 0.0692 10084352
187 0.07 10153984
188 0.0714 10190848
189 0.0703 10166272
190 0.0778 10227712
191 0.0709 10215424
192 0.0712 10268672
193 0.0731 10272768
194 0.0733 10313728
195 0.0755 10330112
196 0.0734 10379264
197 0.0738 10362880
198 0.0734 10330112
199 0.0748 10387456
200 0.0738 10416128
201 0.0741 10452992
202 0.0798 10457088
203 0.0764 10461184
204 0.0758 10514432
205 0.0816 10522624
206 0.0731 10502144
207 0.0844 10694656
208 0.0762 10612736
209 0.0772 10592256
210 0.0756 10645504
211 0.0776 10665984
212 0.0805 10682368
213 0.0773 10649600
214 0.0779 10731520
215 0.0806 10747904
216 0.0795 10776576
217 0.079 10792960
218 0.0816 10842112
219 0.0789 10780672
220 0.0798 10829824
221 0.0787 10887168
222 0.0793 10903552
223 0.0802 10977280
224 0.0793 10936320
225 0.0795 10960896
226 0.0803 10969088
227 0.0829 10997760
228 0.0991 11010048
229 0.0811 10997760
230 0.087 11063296
231 0.0815 11096064
232 0.0806 11051008
233 0.0848 11096064
234 0.0824 11112448
235 0.0843 11182080
236 0.0821 11165696
237 0.0864 11202560
238 0.0835 11243520
239 0.0831 11223040
240 0.0843 11313152
241 0.0843 11272192
242 0.0848 11362304
243 0.0909 11341824
244 0.0899 11485184
245 0.0872 11374592
246 0.0871 11419648
247 0.0883 11456512
248 0.089 11452416
249 0.0997 11493376
250 0.0973 11517952