1 0.0019 3514368
2 0.0019 3493888
3 0.0021 3502080
4 0.0019 3506176
5 0.002 3502080
6 0.002 3538944
7 0.002 3543040
8 0.0021 3555328
9 0.0025 3555328
10 0.0022 3559424
11 0.0024 3563520
12 0.0023 3579904
13 0.0023 3584000
14 0.0037 3575808
15 0.0023 3584000
16 0.0024 3612672
17 0.0024 3592192
18 0.0025 3612672
19 0.0026 3616768
20 0.0028 3620864
21 0.0026 3624960
22 0.0036 3641344
23 0.0026 3641344
24 0.0027 3641344
25 0.0029 3670016
26 0.0029 3661824
27 0.0028 3653632
28 0.0029 3657728
29 0.0028 3661824
30 0.0041 3678208
31 0.003 3690496
32 0.0038 3715072
33 0.003 3710976
34 0.0039 3727360
35 0.0031 3731456
36 0.0034 3731456
37 0.0035 3768320
38 0.004 3756032
39 0.0037 3784704
40 0.0042 3780608
41 0.0048 3784704
42 0.0047 3833856
43 0.0036 3792896
44 0.0039 3796992
45 0.004 3809280
46 0.0041 3805184
47 0.0037 3829760
48 0.0044 3825664
49 0.0038 3829760
50 0.0045 3833856
51 0.0041 3846144
52 0.004 3858432
53 0.004 3854336
54 0.0041 3887104
55 0.0041 3874816
56 0.0048 3895296
57 0.0043 3887104
58 0.0049 3915776
59 0.0046 3895296
60 0.0053 3952640
61 0.0043 3915776
62 0.0053 3960832
63 0.0049 3932160
64 0.0049 3944448
65 0.0046 3960832
66 0.0048 3952640
67 0.0058 4018176
68 0.0059 3985408
69 0.0048 4001792
70 0.0057 4001792
71 0.0049 3997696
72 0.0058 4042752
73 0.0049 4022272
74 0.0062 4046848
75 0.0064 4096000
76 0.0063 4083712
77 0.0051 4055040
78 0.0066 4083712
79 0.006 4108288
80 0.0065 4116480
81 0.0083 4108288
82 0.0058 4100096
83 0.0055 4112384
84 0.006 4132864
85 0.0056 4149248
86 0.0064 4153344
87 0.0057 4165632
88 0.0078 4190208
89 0.0058 4173824
90 0.0083 4231168
91 0.0059 4202496
92 0.0072 4235264
93 0.0059 4206592
94 0.0081 4243456
95 0.006 4239360
96 0.0068 4268032
97 0.0062 4272128
98 0.0077 4358144
99 0.0064 4292608
100 0.0084 4333568
101 0.0063 4321280
102 0.0071 4325376
103 0.0069 4325376
104 0.007 4345856
105 0.0065 4345856
106 0.0091 4407296
107 0.01 4448256
108 0.0075 4415488
109 0.0069 4403200
110 0.0084 4460544
111 0.007 4399104
112 0.0089 4485120
113 0.0072 4440064
114 0.0085 4489216
115 0.0077 4464640
116 0.0099 4501504
117 0.0072 4456448
118 0.0079 4456448
119 0.0074 4485120
120 0.0089 4558848
121 0.0083 4526080
122 0.0096 4558848
123 0.008 4562944
124 0.0105 4591616
125 0.0087 4567040
126 0.0096 4624384
127 0.0082 4628480
128 0.0092 4587520
129 0.0094 4628480
130 0.0096 4689920
131 0.0088 4624384
132 0.009 4669440
133 0.0099 4685824
134 0.0095 4722688
135 0.0101 4730880
136 0.0096 4722688
137 0.0099 4771840
138 0.0106 4767744
139 0.01 4812800
140 0.0093 4743168
141 0.0102 4829184
142 0.0111 4825088
143 0.01 4812800
144 0.009 4804608
145 0.0112 4849664
146 0.0105 4878336
147 0.01 4857856
148 0.0118 4853760
149 0.0101 4931584
150 0.0111 4878336
151 0.0118 4911104
152 0.0097 4939776
153 0.0095 4866048
154 0.0121 4943872
155 0.0108 4915200
156 0.0131 4968448
157 0.0125 4960256
158 0.0145 4988928
159 0.0103 4935680
160 0.0128 5021696
161 0.0102 5013504
162 0.0125 5009408
163 0.0135 5062656
164 0.012 5038080
165 0.0104 4997120
166 0.013 5050368
167 0.011 5091328
168 0.0109 5095424
169 0.0108 5120000
170 0.0138 5111808
171 0.0151 5132288
172 0.0131 5165056
173 0.0115 5083136
174 0.0153 5140480
175 0.015 5226496
176 0.0128 5210112
177 0.0151 5230592
178 0.0112 5140480
179 0.0115 5230592
180 0.0141 5230592
181 0.0117 5185536
182 0.0149 5230592
183 0.0155 5263360
184 0.0151 5263360
185 0.0117 5226496
186 0.015 5308416
187 0.0182 5369856
188 0.0155 5332992
189 0.0133 5378048
190 0.0164 5357568
191 0.0136 5341184
192 0.0165 5414912
193 0.0128 5312512
194 0.0141 5365760
195 0.0161 5431296
196 0.0144 5455872
197 0.014 5455872
198 0.0168 5476352
199 0.013 5406720
200 0.0133 5468160
201 0.0131 5521408
202 0.0169 5533696
203 0.0133 5480448
204 0.0134 5578752
205 0.0133 5537792
206 0.0176 5623808
207 0.0184 5644288
208 0.0136 5591040
209 0.0137 5615616
210 0.0179 5664768
211 0.0162 5623808
212 0.0158 5611520
213 0.0139 5640192
214 0.014 5660672
215 0.0178 5660672
216 0.0181 5713920
217 0.0152 5693440
218 0.0161 5746688
219 0.0158 5701632
220 0.0166 5734400
221 0.0157 5668864
222 0.0157 5734400
223 0.015 5697536
224 0.0176 5742592
225 0.0171 5828608
226 0.0162 5820416
227 0.0208 5918720
228 0.0213 5791744
229 0.0171 5877760
230 0.0167 5844992
231 0.0157 5910528
232 0.0174 5828608
233 0.0157 5898240
234 0.0163 5967872
235 0.0209 5980160
236 0.0171 5947392
237 0.019 5955584
238 0.017 5926912
239 0.017 5976064
240 0.0193 6070272
241 0.0209 6057984
242 0.022 6123520
243 0.0164 6017024
244 0.0178 6017024
245 0.0234 6074368
246 0.0229 6139904
247 0.0214 6066176
248 0.0219 6045696
249 0.0196 6086656
250 0.0228 6221824
251 0.0225 6074368
252 0.0197 6152192
253 0.0205 6156288
254 0.019 6135808
255 0.0215 6156288
256 0.0182 6201344
257 0.0236 6316032
258 0.0244 6238208
259 0.0177 6217728
260 0.019 6193152
261 0.021 6209536
262 0.0179 6164480
263 0.0193 6225920
264 0.0202 6307840
265 0.0197 6270976
266 0.0246 6356992
267 0.0235 6320128
268 0.0238 6336512
269 0.0202 6352896
270 0.0203 6385664
271 0.0199 6389760
272 0.0218 6410240
273 0.0234 6418432
274 0.0222 6561792
275 0.0239 6520832
276 0.0248 6545408
277 0.0197 6447104
278 0.0213 6504448
279 0.0247 6524928
280 0.0247 6520832
281 0.0244 6578176
282 0.0254 6651904
283 0.0272 6660096
284 0.0206 6574080
285 0.0225 6602752
286 0.0222 6602752
287 0.0263 6762496
288 0.0261 6782976
289 0.0267 6647808
290 0.0268 6848512
291 0.0265 6742016
292 0.0261 6807552
293 0.027 6840320
294 0.0236 6680576
295 0.0222 6795264
296 0.0269 6803456
297 0.027 6737920
298 0.0276 6807552
299 0.0261 6873088
300 0.0289 6959104
301 0.0285 6914048
302 0.022 6799360
303 0.0245 6868992
304 0.0278 7004160
305 0.0244 6893568
306 0.0264 6991872
307 0.0251 7008256
308 0.03 6914048
309 0.0288 7102464
310 0.0306 6987776
311 0.0246 7057408
312 0.0228 6955008
313 0.0276 7090176
314 0.0233 7049216
315 0.0286 7208960
316 0.0258 7086080
317 0.0296 7118848
318 0.0297 7106560
319 0.0302 7180288
320 0.028 7163904
321 0.0294 7151616
322 0.0276 7147520
323 0.0241 7217152
324 0.0292 7192576
325 0.0261 7208960
326 0.0321 7319552
327 0.0315 7360512
328 0.0299 7262208
329 0.0334 7282688
330 0.0292 7380992
331 0.0313 7319552
332 0.0308 7340032
333 0.0328 7389184
334 0.031 7446528
335 0.033 7495680
336 0.0263 7401472
337 0.0322 7421952
338 0.027 7438336
339 0.0321 7454720
340 0.0334 7553024
341 0.031 7548928
342 0.0351 7569408
343 0.0265 7507968
344 0.0326 7639040
345 0.0336 7495680
346 0.027 7548928
347 0.0339 7712768
348 0.0325 7618560
349 0.0339 7618560
350 0.0361 7663616
351 0.0304 7737344
352 0.0344 7774208
353 0.0322 7798784
354 0.0282 7688192
355 0.0375 7815168
356 0.0365 7761920
357 0.0303 7663616
358 0.0326 7782400
359 0.0336 7950336
360 0.0329 7802880
361 0.0328 7872512
362 0.0298 7794688
363 0.0365 7979008
364 0.036 7852032
365 0.0351 7954432
366 0.0348 7929856
367 0.0348 8056832
368 0.0353 7999488
369 0.0315 8126464
370 0.036 8179712
371 0.0385 8093696
372 0.0362 8163328
373 0.0353 8060928
374 0.0298 8003584
375 0.0307 8134656
376 0.0379 8056832
377 0.0332 8179712
378 0.0359 8253440
379 0.0371 8146944
380 0.0358 8224768
381 0.0398 8314880
382 0.0384 8310784
383 0.0383 8261632
384 0.0364 8384512
385 0.0313 8331264
386 0.0316 8278016
387 0.0365 8269824
388 0.034 8323072
389 0.0358 8478720
390 0.0357 8339456
391 0.0398 8495104
392 0.0342 8400896
393 0.0384 8396800
394 0.0384 8445952
395 0.0393 8544256
396 0.0371 8683520
397 0.0331 8466432
398 0.0369 8450048
399 0.0353 8687616
400 0.0387 8589312
401 0.04 8556544
402 0.0425 8675328
403 0.038 8630272
404 0.0394 8691712
405 0.0419 8822784
406 0.0371 8617984
407 0.034 8581120
408 0.0424 8790016
409 0.0354 8675328
410 0.0404 8953856
411 0.039 8855552
412 0.0386 9019392
413 0.0398 8925184
414 0.0442 8908800
415 0.0358 8888320
416 0.0371 8896512
417 0.0362 8929280
418 0.0382 8908800
419 0.0437 9007104
420 0.0445 9093120
421 0.042 9056256
422 0.0418 9134080
423 0.0404 9039872
424 0.0424 9179136
425 0.0423 9101312
426 0.0446 9179136
427 0.0418 9146368
428 0.0431 9154560
429 0.0433 9207808
430 0.0404 9240576
431 0.043 9355264
432 0.0427 9289728
433 0.0474 9334784
434 0.0407 9392128
435 0.0429 9404416
436 0.0469 9228288
437 0.0465 9400320
438 0.0451 9326592
439 0.0393 9367552
440 0.0436 9433088
441 0.0432 9498624
442 0.049 9351168
443 0.0486 9588736
444 0.0458 9555968
445 0.0474 9658368
446 0.0464 9625600
447 0.0425 9478144
448 0.0448 9519104
449 0.0487 9637888
450 0.0453 9654272
451 0.0486 9555968
452 0.041 9662464
453 0.0436 9658368
454 0.0496 9859072
455 0.0469 9752576
456 0.045 9785344
457 0.0468 9662464
458 0.0446 9773056
459 0.0483 9740288
460 0.0467 9949184
461 0.0439 9793536
462 0.0484 9879552
463 0.0511 10043392
464 0.045 9891840
465 0.0474 10059776
466 0.0568 10043392
467 0.0794 9936896
468 0.0491 10014720
469 0.0496 10096640
470 0.0448 9900032
471 0.0495 9940992
472 0.0501 10100736
473 0.0444 10149888
474 0.0516 10223616
475 0.0469 10244096
476 0.0512 10113024
477 0.0453 10182656
478 0.0428 10158080
479 0.0591 10366976
480 0.0507 10108928
481 0.0509 10416128
482 0.0512 10366976
483 0.0539 10227712
484 0.0473 10256384
485 0.0474 10465280
486 0.0508 10313728
487 0.0515 10432512
488 0.051 10424320
489 0.0502 10543104
490 0.0547 10526720
491 0.0497 10727424
492 0.0547 10424320
493 0.055 10604544
494 0.0531 10563584
495 0.0472 10620928
496 0.0546 10563584
497 0.0523 10579968
498 0.0548 10723328
499 0.0537 10633216
500 0.0528 10563584
501 0.053 10846208
502 0.0518 10715136
503 0.054 10731520
504 0.0542 10649600
505 0.0609 10940416
506 0.0542 10842112
507 0.0558 10702848
508 0.0539 10649600
509 0.054 10760192
510 0.0559 10981376
511 0.0543 10752000
512 0.0555 11034624
513 0.0576 10891264
514 0.0557 10870784
515 0.0597 11063296
516 0.0566 10964992
517 0.0532 11051008
518 0.0536 11038720
519 0.0573 11137024
520 0.0552 11071488
521 0.0532 11132928
522 0.0566 11374592
523 0.0565 11272192
524 0.0604 11354112
525 0.0596 11276288
526 0.0589 11341824
527 0.0563 11333632
528 0.0582 11223040
529 0.0548 11513856
530 0.0634 11456512
531 0.059 11497472
532 0.0547 11390976
533 0.0534 11325440
534 0.06 11616256
535 0.0568 11464704
536 0.062 11677696
537 0.0562 11407360
538 0.0551 11554816
539 0.0588 11517952
540 0.0572 11624448
541 0.0594 11902976
542 0.0602 11747328
543 0.0625 11603968
544 0.0647 11882496
545 0.0628 11636736
546 0.0639 11866112
547 0.0586 11644928
548 0.0603 11743232
549 0.0663 11886592
550 0.0601 11980800
551 0.0608 12009472
552 0.066 11956224
553 0.0645 11964416
554 0.0616 11997184
555 0.0657 11972608
556 0.0668 12152832
557 0.063 12144640
558 0.0666 12140544
559 0.0673 12328960
560 0.06 12136448
561 0.0637 12197888
562 0.0676 12161024
563 0.0645 12357632
564 0.0686 12369920
565 0.0619 12353536
566 0.065 12271616
567 0.0605 12447744
568 0.0612 12251136
569 0.0652 12447744
570 0.0706 12406784
571 0.0621 12234752
572 0.0648 12361728
573 0.0655 12529664
574 0.062 12357632
575 0.0629 12410880
576 0.0638 12623872
577 0.0612 12689408
578 0.0656 12664832
579 0.0684 12328960
580 0.0689 12713984
581 0.0642 12517376
582 0.0649 12681216
583 0.0641 12529664
584 0.066 12935168
585 0.0726 12791808
586 0.0692 12824576
587 0.0678 12640256
588 0.0707 12820480
589 0.0677 12656640
590 0.0654 12861440
591 0.0645 12685312
592 0.066 12804096
593 0.0688 12922880
594 0.0663 13062144
595 0.0712 13148160
596 0.0719 12865536
597 0.0704 13037568
598 0.0731 13066240
599 0.0705 13344768
600 0.0676 13021184
601 0.0648 13115392
602 0.0643 13148160
603 0.0651 13021184
604 0.0653 13295616
605 0.0663 13070336
606 0.0648 13336576
607 0.0665 13279232
608 0.0674 13410304
609 0.0691 13307904
610 0.0684 13557760
611 0.0665 13307904
612 0.067 13643776
613 0.0662 13287424
614 0.068 13484032
615 0.0666 13705216
616 0.0667 13410304
617 0.0673 13676544
618 0.0692 13373440
619 0.0718 13357056
620 0.0783 13692928
621 0.0826 13516800
622 0.0783 13721600
623 0.074 13795328
624 0.0741 13565952
625 0.0793 13799424
626 0.08 13897728
627 0.0788 13729792
628 0.0791 13836288
629 0.0748 13914112
630 0.078 13918208
631 0.0805 13856768
632 0.0784 13987840
633 0.0812 13967360
634 0.0771 14053376
635 0.0739 14077952
636 0.0745 13795328
637 0.08 14114816
638 0.0758 13983744
639 0.0798 13930496
640 0.0808 14077952
641 0.0799 14290944
642 0.0754 14041088
643 0.0761 14315520
644 0.0835 14290944
645 0.0841 14352384
646 0.076 14180352
647 0.0775 14475264
648 0.0796 14495744
649 0.0798 14524416
650 0.0806 14241792
651 0.0842 14610432
652 0.0825 14393344
653 0.0826 14561280
654 0.0817 14528512
655 0.078 14573568
656 0.0859 14704640
657 0.0812 14725120
658 0.0769 14835712
659 0.0852 14880768
660 0.0823 14770176
661 0.0834 14819328
662 0.0863 14884864
663 0.0854 14860288
664 0.075 14729216
665 0.0834 15060992
666 0.0804 14938112
667 0.0817 14688256
668 0.0861 15097856
669 0.0839 15167488
670 0.0775 14991360
671 0.0855 15028224
672 0.0835 15310848
673 0.0903 15171584
674 0.0837 14888960
675 0.0876 15167488
676 0.0802 14925824
677 0.086 15425536
678 0.0834 15220736
679 0.0822 15314944
680 0.0905 15273984
681 0.0834 15036416
682 0.088 15462400
683 0.0861 15278080
684 0.0865 15507456
685 0.0871 15491072
686 0.0882 15560704
687 0.0858 15736832
688 0.0804 15400960
689 0.0832 15495168
690 0.0912 15593472
691 0.0883 15486976
692 0.0878 15474688
693 0.0877 15663104
694 0.0948 15765504
695 0.0852 15454208
696 0.0861 15511552
697 0.0894 15577088
698 0.0888 15695872
699 0.0892 16068608
700 0.091 16076800
701 0.0898 15880192
702 0.0917 16072704
703 0.0923 16072704
704 0.0911 16130048
705 0.0896 16117760
706 0.0905 15884288
707 0.0855 15777792
708 0.0977 16220160
709 0.0911 16523264
710 0.0955 16175104
711 0.0921 16347136
712 0.0968 16216064
713 0.0933 16404480
714 0.0944 16281600
715 0.0969 16433152
716 0.0956 16252928
717 0.0932 16232448
718 0.097 16449536
719 0.0963 16351232
720 0.0923 16429056
721 0.0974 16654336
722 0.1001 16666624
723 0.0919 16592896
724 0.0969 16482304
725 0.0937 16470016
726 0.0935 16666624
727 0.0987 16662528
728 0.095 16621568
729 0.0963 16842752
730 0.1023 16842752
731 0.098 16805888
732 0.0944 16777216
733 0.1004 16941056
734 0.0961 16887808
735 0.0912 16736256
736 0.0992 17170432
737 0.0946 16932864
738 0.0964 16830464
739 0.1035 17121280
740 0.0946 16867328
741 0.0988 17059840
742 0.1006 17264640
743 0.1048 17149952
744 0.0964 17362944
745 0.102 17358848
746 0.0996 17297408
747 0.0995 17133568
748 0.1053 17293312
749 0.0988 17424384
750 0.1012 17321984
751 0.1012 17448960
752 0.1133 17350656
753 0.0971 17424384
754 0.1035 17301504
755 0.1087 17657856
756 0.106 17633280
757 0.0972 17518592
758 0.1083 17567744
759 0.0985 17641472
760 0.1014 17719296
761 0.0968 17485824
762 0.1049 17846272
763 0.104 17858560
764 0.1058 17756160
765 0.1075 18001920
766 0.1078 17825792
767 0.105 17997824
768 0.1039 17895424
769 0.1015 17670144
770 0.1072 18259968
771 0.1057 18059264
772 0.1115 18128896
773 0.1126 18042880
774 0.1021 17903616
775 0.103 17960960
776 0.1143 18145280
777 0.1087 18182144
778 0.1069 18079744
779 0.1021 18395136
780 0.1057 18325504
781 0.1144 18255872
782 0.1027 18214912
783 0.1025 18096128
784 0.1168 18386944
785 0.1083 18522112
786 0.112 18530304
787 0.121 18653184
788 0.1105 18542592
789 0.1152 18706432
790 0.109 18636800
791 0.1138 18624512
792 0.1062 18386944
793 0.1127 18907136
794 0.1143 18968576
795 0.1044 18829312
796 0.1087 18763776
797 0.12 18817024
798 0.112 18763776
799 0.1144 18956288
800 0.1152 19001344