1 0.1462 16605184
2 0.1451 16846848
3 0.1465 16973824
4 0.1499 17166336
5 0.1676 17915904
6 0.1472 17600512
7 0.1474 17612800
8 0.1482 17559552
9 0.1478 17764352
10 0.1481 17948672
11 0.1493 17473536
12 0.1671 18157568
13 0.179 17788928
14 0.1549 18280448
15 0.1569 17956864
16 0.1546 18132992
17 0.1529 18112512
18 0.1537 17694720
19 0.1544 18317312
20 0.1574 18350080
21 0.1645 18735104
22 0.1596 18034688
23 0.1605 18948096
24 0.161 18911232
25 0.1664 18886656
26 0.1623 18800640
27 0.1647 18468864
28 0.1615 18726912
29 0.1642 18952192
30 0.1647 18423808
31 0.2056 18821120
32 0.1687 19324928
33 0.1699 18771968
34 0.171 19255296
35 0.1711 19501056
36 0.1717 18935808
37 0.1747 18989056
38 0.1736 19386368
39 0.1746 19120128
40 0.175 19451904
41 0.2598 19771392
42 0.1795 19402752
43 0.1805 19841024
44 0.1831 20279296
45 0.1843 19689472
46 0.1835 19759104
47 0.1862 19791872
48 0.1854 20254720
49 0.2002 18964480
50 0.1898 20348928
51 0.1885 19841024
52 0.1961 20201472
53 0.1919 20500480
54 0.1905 20406272
55 0.1951 20152320
56 0.2057 20766720
57 0.2221 19214336
58 0.195 20631552
59 0.2297 19292160
60 0.1996 21028864
61 0.2292 20930560
62 0.2169 21086208
63 0.2091 20848640
64 0.2079 20484096
65 0.2096 21086208
66 0.2454 19689472
67 0.2529 19910656
68 0.2133 21438464
69 0.2426 21229568
70 0.2205 21336064
71 0.2674 21487616
72 0.2093 20914176
73 0.2185 20975616
74 0.2226 22224896
75 0.2235 21708800
76 0.2433 20287488
77 0.2413 21823488
78 0.243 21573632
79 0.2681 21426176
80 0.2494 22568960
81 0.2199 22093824
82 0.2329 21721088
83 0.2877 21680128
84 0.2305 20623360
85 0.2341 21852160
86 0.2227 22036480
87 0.2381 22188032
88 0.2629 22740992
89 0.2462 22261760
90 0.257 22056960
91 0.2397 20959232
92 0.2355 22134784
93 0.2626 21078016
94 0.2416 22147072
95 0.244 22773760
96 0.2524 22335488
97 0.2701 21475328
98 0.2647 22511616
99 0.257 23027712
100 0.2574 21475328
101 0.2625 22654976
102 0.3234 21659648
103 0.2667 23134208
104 0.3892 23212032
105 0.397 23224320
106 0.2764 22786048
107 0.2661 23351296
108 0.3263 23101440
109 0.3506 23121920
110 0.2953 23576576
111 0.3214 23388160
112 0.4155 23691264
113 0.3142 23232512
114 0.292 23695360
115 0.2798 23351296
116 0.3158 23949312
117 0.2709 23351296
118 0.2923 22515712
119 0.2846 23515136
120 0.2747 24014848
121 0.2771 24129536
122 0.2993 23851008
123 0.3426 23838720
124 0.3831 24305664
125 0.327 24371200
126 0.2916 24461312
127 0.2865 23863296
128 0.3552 24301568
129 0.3428 25337856
130 0.3532 23322624
131 0.3553 24793088
132 0.3635 24403968
133 0.3585 24645632
134 0.3561 25604096
135 0.334 24702976
136 0.3708 25608192
137 0.3631 25141248
138 0.3502 25165824
139 0.3139 24834048
140 0.3761 25047040
141 0.3711 23891968
142 0.3729 25395200
143 0.3115 24797184
144 0.382 25661440
145 0.3408 25935872
146 0.3521 26038272
147 0.3852 25825280
148 0.3725 25432064
149 0.3213 25726976
150 0.3276 25219072
151 0.3268 25915392
152 0.319 25907200
153 0.3278 25956352
154 0.3274 26025984
155 0.3289 26042368
156 0.3276 26120192
157 0.3848 25878528
158 0.3807 25882624
159 0.4206 26198016
160 0.4138 26263552
161 0.3654 26705920
162 0.429 26406912
163 0.3956 26791936
164 0.3643 26841088
165 0.36 26411008
166 0.3464 26206208
167 0.3537 26841088
168 0.3564 26910720
169 0.3527 26972160
170 0.3535 26468352
171 0.3612 26836992
172 0.3602 26583040
173 0.3614 26644480
174 0.3633 26697728
175 0.3765 25980928
176 0.3818 26947584
177 0.3894 27529216
178 0.3744 26972160
179 0.3835 27230208
180 0.3845 27451392
181 0.3861 27619328
182 0.3881 27787264
183 0.387 27312128
184 0.4105 27705344
185 0.4513 28254208
186 0.3999 28098560
187 0.3911 27561984
188 0.4007 28545024
189 0.4035 28155904
190 0.4081 27914240
191 0.4028 28368896
192 0.4127 28758016
193 0.4087 28504064
194 0.4123 28561408
195 0.4088 28618752
196 0.4117 28131328
197 0.4157 28741632
198 0.4241 28815360
199 0.4203 28893184