1 0.1316 16576512
2 0.1309 16044032
3 0.1295 16052224
4 0.1294 16068608
5 0.1373 16650240
6 0.1311 16113664
7 0.1301 16130048
8 0.13 16138240
9 0.1341 16711680
10 0.139 17022976
11 0.1347 16994304
12 0.1316 16318464
13 0.1328 16343040
14 0.1333 16355328
15 0.1325 16367616
16 0.1329 16384000
17 0.1368 16519168
18 0.1379 16945152
19 0.1332 16437248
20 0.1366 16842752
21 0.145 17145856
22 0.1356 16629760
23 0.1353 16642048
24 0.1354 16650240
25 0.1399 17448960
26 0.136 16699392
27 0.1383 16744448
28 0.1356 16732160
29 0.139 17305600
30 0.1465 17186816
31 0.1476 17604608
32 0.1461 17182720
33 0.1443 17698816
34 0.1493 17596416
35 0.1444 17666048
36 0.1459 17502208
37 0.1521 17690624
38 0.1456 17321984
39 0.1464 17350656
40 0.1406 17182720
41 0.1429 17973248
42 0.1433 17444864
43 0.1432 17469440
44 0.147 18014208
45 0.1441 17522688
46 0.1434 17547264
47 0.1484 18395136
48 0.1475 18223104
49 0.1439 17616896
50 0.1442 17637376
51 0.1449 17657856
52 0.149 18206720
53 0.1451 17694720
54 0.1493 18239488
55 0.1448 18264064
56 0.1461 17735680
57 0.145 17764352
58 0.1477 17805312
59 0.1498 18399232
60 0.1485 18501632
61 0.1456 17846272
62 0.1458 17862656
63 0.1496 18399232
64 0.1516 18718720
65 0.1465 17915904
66 0.1509 18395136
67 0.1521 17915904
68 0.1471 17874944
69 0.1522 18518016
70 0.1476 17879040
71 0.1525 18493440
72 0.1481 17879040
73 0.1519 18415616
74 0.1524 18411520
75 0.152 18432000
76 0.1482 17911808
77 0.1527 18452480
78 0.1486 17952768
79 0.1491 17969152
80 0.1496 18489344
81 0.1535 18653184
82 0.1496 18026496
83 0.1496 18571264
84 0.1495 18063360
85 0.1533 18608128
86 0.1499 18096128
87 0.1498 18124800
88 0.1504 18132992
89 0.1508 18161664
90 0.1502 18173952
91 0.1539 18788352
92 0.1506 18206720
93 0.1504 18235392
94 0.1516 18796544
95 0.1615 19111936
96 0.1554 18825216
97 0.1512 18305024
98 0.1533 18313216
99 0.1552 18870272
100 0.1641 18747392
101 0.1524 18370560
102 0.1568 18378752
103 0.1564 18939904
104 0.1523 18407424
105 0.1527 18436096
106 0.1558 18448384
107 0.153 18456576
108 0.1531 18468864
109 0.1581 19034112
110 0.1541 19034112
111 0.1576 19075072
112 0.1547 18546688
113 0.1553 18575360
114 0.156 18595840
115 0.1548 18599936
116 0.1543 18612224
117 0.1544 19181568
118 0.1592 19197952
119 0.155 18681856
120 0.1551 18694144
121 0.1553 18718720
122 0.1553 18735104
123 0.1604 19062784
124 0.1565 19292160
125 0.1598 19329024
126 0.1605 19337216
127 0.1658 19148800
128 0.1561 18845696
129 0.1562 18878464
130 0.157 18890752
131 0.158 19419136
132 0.1582 18911232
133 0.1568 18935808
134 0.1602 18952192
135 0.158 19505152
136 0.1607 19755008
137 0.1592 19005440
138 0.1591 19017728
139 0.1592 19550208
140 0.1587 19050496
141 0.1595 19079168
142 0.1622 19689472
143 0.1641 19939328
144 0.1674 19144704
145 0.1637 19705856
146 0.1692 19816448
147 0.1631 19693568
148 0.1601 19202048
149 0.1602 19234816
150 0.1598 19247104
151 0.1601 19255296
152 0.1609 19271680
153 0.1601 19304448
154 0.1674 19828736
155 0.1635 19857408
156 0.1617 19341312
157 0.1644 19902464
158 0.1697 20025344
159 0.1603 19935232
160 0.1615 19410944
161 0.1838 19439616
162 0.1971 19976192
163 0.1669 20258816
164 0.1637 19505152
165 0.1625 19525632
166 0.2678 20209664
167 0.1834 19959808
168 0.1628 19574784
169 0.1627 19595264
170 0.1672 19656704
171 0.1712 20254720
172 0.1778 20221952
173 0.1641 19668992
174 0.1655 19693568
175 0.1645 19709952
176 0.1732 20414464
177 0.1775 19755008
178 0.1706 19931136
179 0.1686 20307968
180 0.1637 20336640
181 0.1642 19828736
182 0.1699 20369408
183 0.1657 19853312
184 0.167 20463616
185 0.165 19898368
186 0.1654 19906560
187 0.1664 19931136
188 0.1695 20484096
189 0.1662 19972096
190 0.1708 20721664
191 0.1667 20525056
192 0.1672 20017152
193 0.1682 20045824
194 0.167 20058112
195 0.1674 20070400
196 0.1694 20082688
197 0.1687 20111360
198 0.1716 20144128
199 0.1718 20684800
200 0.1689 20164608
201 0.171 20221952
202 0.1738 20733952
203 0.1696 20217856
204 0.1692 20787200
205 0.1724 20357120
206 0.178 20967424
207 0.1701 20295680
208 0.1779 20885504
209 0.1759 20889600
210 0.1713 20348928
211 0.1784 20709376
212 0.1708 20385792
213 0.175 20942848
214 0.1716 20430848
215 0.1778 20475904
216 0.1709 20459520
217 0.1712 20488192
218 0.1764 21032960
219 0.1713 20512768
220 0.1719 20533248
221 0.1725 20561920
222 0.1764 21139456
223 0.1714 20594688
224 0.1711 21151744
225 0.1716 20631552
226 0.1719 20647936
227 0.1748 21360640
228 0.1724 20688896
229 0.1758 21270528
230 0.1719 20758528
231 0.1723 20783104
232 0.1801 21512192
233 0.1739 21336064
234 0.1765 21352448
235 0.1729 20848640
236 0.1778 21401600
237 0.1732 20893696
238 0.174 20905984
239 0.1821 21381120
240 0.1747 20934656
241 0.174 20959232
242 0.1749 20979712
243 0.1739 20987904
244 0.1749 21520384
245 0.174 21573632
246 0.1758 21590016
247 0.175 21082112
248 0.1756 21098496
249 0.1751 21651456
250 0.1785 21131264
251 0.1768 21147648
252 0.1814 21192704
253 0.1803 21934080
254 0.1789 21196800
255 0.1767 21213184
256 0.1768 21225472
257 0.1784 21270528
258 0.1769 21827584
259 0.1815 21344256
260 0.1915 21770240
261 0.1781 21340160
262 0.1795 21352448
263 0.1788 21368832
264 0.1816 21905408
265 0.1817 21938176
266 0.1794 21426176
267 0.1784 21450752
268 0.1798 21471232
269 0.1792 21491712
270 0.1803 21512192
271 0.1835 22044672
272 0.1804 21532672
273 0.1846 22081536
274 0.1805 22134784
275 0.1797 22122496
276 0.1843 22339584
277 0.1794 22167552
278 0.1906 22310912
279 0.1817 22077440
280 0.1801 21688320
281 0.1806 21716992
282 0.1816 21725184
283 0.183 21745664
284 0.1818 21762048
285 0.1823 21790720
286 0.1814 21803008
287 0.1917 22949888
288 0.1929 22241280
289 0.184 22462464
290 0.1871 22228992
291 0.1902 22351872
292 0.1873 22454272
293 0.1852 21950464
294 0.1896 22011904
295 0.2011 22933504
296 0.1832 21991424
297 0.1917 22503424
298 0.1861 22032384
299 0.1856 22052864
300 0.1858 22073344
301 0.1848 22093824
302 0.1873 22114304
303 0.1939 22888448
304 0.1852 22192128
305 0.1857 22204416
306 0.1867 22220800
307 0.1869 22822912
308 0.19 23052288
309 0.1876 22282240
310 0.1889 22294528
311 0.1943 23113728
312 0.1868 22327296
313 0.187 22360064
314 0.187 22368256
315 0.1858 22380544
316 0.1903 22933504
317 0.1877 22421504
318 0.187 22437888
319 0.1874 22466560
320 0.1879 22478848
321 0.1919 23093248
322 0.2048 22958080
323 0.2018 23101440
324 0.1887 22532096
325 0.1932 22708224
326 0.1873 23109632
327 0.1871 22589440
328 0.1906 22609920
329 0.188 22638592
330 0.1883 23187456
331 0.1886 22667264
332 0.1927 23212032
333 0.1891 23273472
334 0.1907 22761472
335 0.1924 22781952
336 0.1896 22798336
337 0.191 22818816
338 0.1965 23355392
339 0.1935 22855680
340 0.1932 23404544
341 0.1968 23400448
342 0.1965 22917120
343 0.194 23449600
344 0.1943 22941696
345 0.1943 23502848
346 0.191 22986752
347 0.1947 23019520
348 0.191 23015424
349 0.2013 23662592
350 0.1918 23052288
351 0.1934 23068672
352 0.194 23080960
353 0.1919 23113728
354 0.1922 23130112
355 0.1927 23146496
356 0.1924 23158784
357 0.1933 23183360
358 0.1928 23212032
359 0.193 23220224
360 0.1975 23633920
361 0.1944 23261184
362 0.1943 23273472
363 0.1942 23273472
364 0.1947 23298048
365 0.1948 23318528
366 0.195 23334912
367 0.1985 23547904
368 0.195 23363584
369 0.1962 23396352
370 0.1945 23416832
371 0.1955 23425024
372 0.1952 23453696
373 0.1973 23465984
374 0.1952 23478272
375 0.1992 23728128
376 0.2008 23703552
377 0.1965 23539712
378 0.1961 23560192
379 0.1961 23580672
380 0.1973 23785472
381 0.2012 23797760
382 0.1972 23629824
383 0.1969 23646208
384 0.1972 23842816
385 0.1974 23683072
386 0.1995 23699456
387 0.1981 23715840
388 0.2017 23908352
389 0.2045 23941120
390 0.1974 23777280
391 0.1974 23793664
392 0.1978 23818240
393 0.2031 24051712
394 0.2023 24031232
395 0.1991 24055808
396 0.1991 24072192
397 2.1152 23920640
398 0.3431 23932928
399 0.1994 23945216
400 0.1992 23957504
401 0.1993 23986176
402 0.2048 24412160
403 0.2052 24248320
404 0.205 24260608
405 0.1998 24059904
406 0.2029 24080384
407 0.2 24096768
408 0.2012 24109056
409 0.2055 24600576
410 0.2076 24436736
411 0.2162 24326144
412 0.2149 24379392
413 0.2091 24662016
414 0.2079 24440832
415 0.2094 24444928
416 0.2491 24449024
417 0.2525 24469504
418 0.2153 24702976
419 0.216 24485888
420 0.2021 24342528
421 0.2354 24469504
422 0.2266 24481792
423 0.2079 24391680
424 0.2095 24588288
425 0.2282 24465408
426 0.2089 24559616
427 0.2559 24592384
428 0.2127 24571904
429 0.2125 24563712
430 0.2731 24735744
431 0.2124 24604672
432 0.2117 24637440
433 0.2286 24625152
434 0.2171 24809472
435 0.2235 24743936
436 0.2183 24707072
437 0.2256 24940544
438 0.2105 24674304
439 0.2686 24829952
440 0.2202 24825856
441 0.2271 24842240
442 0.2213 25014272
443 0.2177 25194496
444 0.2657 25014272
445 0.2142 25075712
446 0.239 24989696
447 0.2299 24932352
448 0.2563 25178112
449 0.2488 25034752
450 0.2094 24899584
451 0.2503 25010176
452 0.2181 25124864
453 0.2579 25972736
454 0.2169 25124864
455 0.2455 25141248
456 0.2176 25378816
457 0.211 25280512
458 0.2295 25157632
459 0.2258 25210880
460 0.2341 25313280
461 0.25 26435584
462 0.2625 26193920
463 0.2319 25464832
464 0.211 25145344
465 0.2114 25174016
466 0.2122 25194496
467 0.2202 25378816
468 0.209 25219072
469 0.2089 25247744
470 0.2094 25268224
471 0.2092 25276416
472 0.2095 25288704
473 0.2102 25317376
474 0.2286 25518080
475 0.2279 25534464
476 0.2289 25509888
477 0.2255 25980928
478 0.2277 25755648
479 0.2242 25726976
480 0.2137 25440256
481 0.2108 25706496
482 0.211 25485312
483 0.2124 25501696
484 0.2115 25518080
485 0.2117 25546752
486 0.2163 25739264
487 0.2114 25575424
488 0.2118 25587712
489 0.2135 25808896
490 0.2121 25628672
491 0.2125 25645056
492 0.2135 25669632
493 0.2153 25853952
494 0.2129 25706496
495 0.2177 25886720
496 0.2157 25755648
497 0.213 25763840
498 0.2138 25780224
499 0.2133 25792512
500 0.214 25812992
501 0.2139 25833472
502 0.2184 26107904
503 0.2163 26046464
504 0.2143 26058752
505 0.2154 25919488
506 0.2149 25935872
507 0.2148 25948160
508 0.2148 25968640
509 0.2155 25997312
510 0.2211 26238976
511 0.2148 26030080
512 0.2156 26058752
513 0.2174 26091520
514 0.2171 26107904
515 0.217 26124288
516 0.2173 26144768
517 0.2197 26169344
518 0.2221 26353664
519 0.2296 26312704
520 0.2181 26218496
521 0.2227 26406912
522 0.2175 26263552
523 0.2189 26279936
524 0.219 26296320
525 0.2198 26320896
526 0.2235 26583040
527 0.2204 26525696
528 0.2186 26370048
529 0.22 26394624
530 0.2188 26587136
531 0.2207 26431488
532 0.2241 26603520
533 0.2196 26464256
534 0.224 26537984
535 0.2202 26497024
536 0.2364 26722304
537 0.2204 26529792
538 0.2216 26730496
539 0.2215 26750976
540 0.2219 26587136
541 0.2262 26640384
542 0.2256 26791936
543 0.2224 26800128
544 0.2213 26664960
545 0.2223 26865664
546 0.2212 26701824
547 0.2221 26714112
548 0.2249 26898432
549 0.222 26763264
550 0.2278 26988544
551 0.2219 26787840
552 0.2229 26980352
553 0.2234 26828800
554 0.2233 26845184
555 0.2234 26857472
556 0.2228 26877952
557 0.2227 26906624
558 0.2247 26947584
559 0.2243 26959872
560 0.2243 26976256
561 0.2253 27004928
562 0.225 27021312
563 0.2279 27201536
564 0.2245 27049984
565 0.2298 27242496
566 0.2246 27095040
567 0.2252 27111424
568 0.2249 27131904
569 0.2257 27332608
570 0.227 27238400
571 0.2259 27250688
572 0.2273 27267072
573 0.2276 27295744
574 0.2524 27480064
575 0.2366 27332608
576 0.2333 27361280
577 0.2621 27533312
578 0.2533 27590656
579 0.2524 27840512
580 0.2336 27439104
581 0.2866 27623424
582 0.239 27586560
583 0.2417 27484160
584 0.2807 27602944
585 0.2425 27934720
586 0.2429 27611136
587 0.2468 27832320
588 0.2464 27791360
589 0.2443 27746304
590 0.2356 27815936
591 0.2358 27660288
592 0.2315 27664384
593 0.2347 27701248
594 0.2348 27889664
595 0.2417 27779072
596 0.2313 27750400
597 0.2454 27951104
598 0.2405 28073984
599 0.2327 27803648
600 0.2406 27918336
601 0.236 27848704
602 0.2405 27860992
603 0.2318 27860992
604 0.2412 27930624
605 0.2496 28151808
606 0.2417 27975680
607 0.2337 27930624
608 0.2408 28209152
609 0.2383 27987968
610 0.2333 27987968
611 0.238 27992064
612 0.2718 28606464
613 0.2383 28045312
614 0.2386 28225536
615 0.2441 28311552
616 0.2402 28090368
617 0.2383 28114944
618 0.242 28127232
619 0.2435 28147712
620 0.2447 28164096
621 0.2383 28360704
622 0.2431 28385280
623 0.2533 28237824
624 0.2735 28454912
625 0.277 28483584
626 0.2427 28712960
627 0.2422 28286976
628 0.2373 28475392
629 0.2413 28332032
630 0.2456 28635136
631 0.2461 28577792
632 0.2369 28389376
633 0.252 28602368
634 0.2429 28598272
635 0.2597 28585984
636 0.2703 28610560
637 0.2596 28553216
638 0.2436 28655616
639 0.2474 28643328
640 0.238 28532736
641 0.2563 28651520
642 0.2397 28577792
643 0.2472 28835840
644 0.2386 28606464
645 0.2476 28712960
646 0.2478 28684288
647 0.2386 28663808
648 0.2436 28852224
649 0.244 28864512
650 0.2493 28889088
651 0.2449 28991488
652 0.2444 28762112
653 0.2483 28815360
654 0.2404 28811264
655 0.2494 28876800
656 0.2421 28835840
657 0.2452 28860416
658 0.2453 29040640
659 0.2464 28897280
660 0.2473 29061120
661 0.2416 28938240
662 0.2627 29093888
663 0.2443 28962816
664 0.2672 29118464
665 0.286 29323264
666 0.2507 29147136
667 0.2663 29151232
668 0.2756 29298688
669 0.2536 29249536
670 0.2515 29253632
671 0.2441 29270016
672 0.2507 29302784
673 0.244 29331456
674 0.2547 29241344
675 0.2481 29425664
676 0.2491 29274112
677 0.2468 29294592
678 0.2541 29556736
679 0.2505 29331456
680 0.2449 29347840
681 0.2663 29454336
682 0.2656 29544448
683 0.2578 29683712
684 0.2465 29585408
685 0.2592 29810688
686 0.2642 29548544
687 0.2483 29474816
688 0.2506 29642752
689 0.2764 29794304
690 0.2765 29839360
691 0.2582 29552640
692 0.2536 29573120
693 0.2534 29749248
694 0.2587 29802496
695 0.2523 29622272
696 0.2833 29843456
697 0.2505 29671424
698 0.2637 30490624
699 0.2496 29700096
700 0.2577 29888512
701 0.2533 29741056
702 0.2544 29937664
703 0.2667 29839360
704 0.2679 30203904
705 0.2644 30031872
706 0.2544 29995008
707 0.2775 30040064
708 0.2893 30076928
709 0.2783 29929472
710 0.2788 30314496
711 0.256 30126080
712 0.2751 30314496
713 0.3017 30138368
714 0.2638 30019584
715 0.2596 30154752
716 0.2657 30351360
717 0.2614 30031872
718 0.2532 30228480
719 0.2732 30277632
720 0.2909 30183424
721 0.2637 30461952
722 0.2637 30253056
723 0.2855 30203904
724 0.2683 30416896
725 0.2733 30412800
726 0.2705 30212096
727 0.2657 30310400
728 0.2608 30195712
729 0.2576 30400512
730 0.2777 30400512
731 0.2596 30330880
732 0.2722 30457856
733 0.2639 30572544
734 0.2705 30441472
735 0.2552 30572544
736 0.2734 30601216
737 0.2706 30609408
738 0.2892 30539776
739 0.3192 30658560
740 0.2582 30482432
741 0.2708 30965760
742 0.2715 30687232
743 0.2577 30699520
744 0.2656 30642176
745 0.2577 30752768
746 0.2692 30769152
747 0.2788 30695424
748 0.2597 30801920
749 0.2628 30814208
750 0.2598 30670848
751 0.2611 30683136
752 0.2681 31064064
753 0.2571 30715904
754 0.2668 31084544
755 0.2624 30728192
756 0.2675 31145984
757 0.2704 30957568
758 0.267 30818304
759 0.2658 31072256
760 0.2643 31002624
761 0.2695 31174656
762 0.2648 31051776
763 0.2634 31064064
764 0.272 30932992
765 0.2648 31084544
766 0.28 31252480
767 0.2649 31137792
768 0.2943 31277056
769 0.2644 31170560
770 0.2777 31019008
771 0.2739 31244288
772 0.267 31219712
773 0.2695 31092736
774 0.2698 31145984
775 0.2697 31444992
776 0.2909 31334400
777 0.3247 31322112
778 0.3287 31363072
779 0.3162 31305728
780 0.2648 31199232
781 0.3078 31395840
782 0.2972 31617024
783 0.302 31387648
784 0.3063 31428608
785 0.2757 31498240
786 0.3143 31412224
787 0.2896 31780864
788 0.2737 31584256
789 0.2902 31731712
790 0.2742 31924224
791 0.2768 31567872
792 0.2654 31588352
793 0.2726 31760384
794 0.2844 31633408
795 0.2657 31641600
796 0.2759 31821824
797 0.2717 31510528
798 0.2702 31698944
799 0.2708 31739904
800 0.2688 31555584