1 0.0372 10809344
2 0.042 10825728
3 0.0388 10850304
4 0.04 10903552
5 0.0453 10887168
6 0.0455 10944512
7 0.0411 10964992
8 0.0428 10956800
9 0.046 11063296
10 0.0448 11030528
11 0.043 11059200
12 0.0502 11087872
13 0.0498 11079680
14 0.046 11132928
15 0.0448 11128832
16 0.0469 11161600
17 0.0459 11173888
18 0.052 11206656
19 0.051 11239424
20 0.05 11251712
21 0.0493 11264000
22 0.0513 11341824
23 0.048 11313152
24 0.052 11313152
25 0.0524 11329536
26 0.0541 11460608
27 0.0501 11374592
28 0.0524 11407360
29 0.051 11444224
30 0.0577 11476992
31 0.0527 11464704
32 0.0588 11550720
33 0.0517 11563008
34 0.0551 11550720
35 0.054 11599872
36 0.0587 11603968
37 0.0584 11649024
38 0.0581 11665408
39 0.0558 11661312
40 0.0563 11685888
41 0.0604 11694080
42 0.062 11714560
43 0.0583 11849728
44 0.0591 11767808
45 0.0612 11792384
46 0.0619 11845632
47 0.0615 11894784
48 0.0601 11931648
49 0.0682 11915264
50 0.0598 11898880
51 0.063 11919360
52 0.0653 11935744
53 0.066 12034048
54 0.0622 12046336
55 0.07 12070912
56 0.0643 12111872
57 0.0662 12152832
58 0.0661 12132352
59 0.0646 12144640
60 0.0691 12255232
61 0.068 12296192
62 0.066 12193792
63 0.0695 12312576
64 0.0695 12320768
65 0.0671 12292096
66 0.0681 12320768
67 0.0814 12402688
68 0.0687 12406784
69 0.0675 12382208
70 0.0692 12365824
71 0.0711 12460032
72 0.0705 12414976
73 0.0696 12500992
74 0.0706 12423168
75 0.0754 12578816
76 0.0726 12500992
77 0.0796 12533760
78 0.0719 12517376
79 0.0768 12595200
80 0.0774 12570624
81 0.0765 12587008
82 0.0744 12656640
83 0.0742 12640256
84 0.0811 12697600
85 0.0801 12697600
86 0.0773 12705792
87 0.0816 12804096
88 0.0777 12783616
89 0.0861 12795904
90 0.0857 12828672
91 0.0799 12849152
92 0.0775 12836864
93 0.0806 12902400
94 0.0843 12918784
95 0.0807 12955648
96 0.0883 13000704
97 0.0814 12935168
98 0.0836 13074432
99 0.0845 12988416
100 0.0816 12992512
101 0.086 13070336
102 0.091 13197312
103 0.0884 13217792
104 0.0918 13168640
105 0.0849 13205504
106 0.0887 13213696
107 0.0902 13246464
108 0.0917 13250560
109 0.0852 13238272
110 0.0902 13303808
111 0.0896 13332480
112 0.09 13332480
113 0.0885 13381632
114 0.0909 13307904
115 0.0945 13451264
116 0.0918 13430784
117 0.0922 13369344
118 0.0935 13557760
119 0.0957 13594624
120 0.0911 13438976
121 0.093 13529088
122 0.0977 13590528
123 0.0938 13545472
124 0.0982 13582336
125 0.0941 13520896
126 0.0979 13688832
127 0.1017 13664256
128 0.1007 13611008
129 0.0971 13692928
130 0.1008 13688832
131 0.1018 13721600
132 0.0984 13725696
133 0.0991 13856768
134 0.1006 13791232
135 0.1064 13864960
136 0.099 13811712
137 0.1029 13905920
138 0.1014 13885440
139 0.0986 13914112
140 0.1115 13983744
141 0.1058 13950976
142 0.1094 14016512
143 0.1028 13975552
144 0.1092 14000128
145 0.1104 14102528
146 0.1032 14041088
147 0.1141 14098432
148 0.1109 14270464
149 0.1081 14127104
150 0.1074 14192640
151 0.1137 14295040
152 0.1065 14204928
153 0.106 14241792
154 0.1107 14315520
155 0.1099 14249984
156 0.1081 14270464
157 0.1155 14409728
158 0.1171 14471168
159 0.1102 14340096
160 0.111 14364672
161 0.113 14409728
162 0.1102 14409728
163 0.1117 14422016
164 0.1228 14557184
165 0.1127 14467072
166 0.1152 14491648
167 0.1177 14499840
168 0.1149 14528512
169 0.1183 14696448
170 0.1227 14704640
171 0.1259 14729216
172 0.1184 14614528
173 0.1163 14671872
174 0.121 14639104
175 0.1249 14700544
176 0.1212 14712832
177 0.1193 14823424
178 0.1257 14905344
179 0.1251 14790656
180 0.1229 14798848
181 0.1195 14852096
182 0.1227 14884864
183 0.1228 14852096
184 0.1775 15020032
185 0.1955 14954496
186 0.198 14991360
187 0.1773 15011840
188 0.1392 14991360
189 0.1589 15151104
190 0.1283 15118336
191 0.1254 15015936
192 0.1271 15036416
193 0.1264 15065088
194 0.1917 15171584
195 0.1706 15183872
196 0.1599 15237120
197 0.161 15257600
198 0.1468 15327232
199 0.1686 15237120
200 0.2049 15302656
201 0.2175 15355904
202 0.1986 15335424
203 0.2045 15368192
204 0.2472 15314944
205 0.2089 15351808
206 0.2059 15454208
207 0.2107 15425536
208 0.1532 15437824
209 0.1434 15486976
210 0.1419 15507456
211 0.1327 15462400
212 0.1384 15474688
213 0.145 15572992
214 0.15 15593472
215 0.1406 15532032
216 0.1421 15589376
217 0.1466 15646720
218 0.1366 15581184
219 0.1396 15708160
220 0.1509 15695872
221 0.1483 15826944
222 0.1414 15699968
223 0.1431 15704064
224 0.1411 15745024
225 0.1424 15777792
226 0.1465 15798272
227 0.1412 15794176
228 0.146 15949824
229 0.149 15863808
230 0.1499 15892480
231 0.1536 15937536
232 0.1454 15904768
233 0.1486 15912960
234 0.147 15974400
235 0.1462 16056320
236 0.1463 16023552
237 0.1573 16089088
238 0.1496 16138240
239 0.1545 16121856
240 0.1581 16248832
241 0.1491 16216064
242 0.1565 16146432
243 0.1526 16232448
244 0.1573 16265216
245 0.1619 16306176
246 0.1506 16248832
247 0.1643 16338944
248 0.1537 16277504
249 0.1554 16375808
250 0.1576 16371712