1 0.0377 10854400
2 0.0452 10899456
3 0.0432 10952704
4 0.0458 10936320
5 0.0492 10952704
6 0.0485 10948608
7 0.0471 11030528
8 0.0481 11042816
9 0.0466 11051008
10 0.0457 11071488
11 0.0469 11100160
12 0.0476 11169792
13 0.0474 11157504
14 0.0522 11206656
15 0.0492 11243520
16 0.0527 11239424
17 0.0505 11255808
18 0.0547 11276288
19 0.0586 11333632
20 0.0557 11374592
21 0.0526 11436032
22 0.0599 11415552
23 0.0525 11436032
24 0.0579 11595776
25 0.0588 11542528
26 0.0607 11653120
27 0.0566 11612160
28 0.0573 11628544
29 0.0589 11677696
30 0.0636 11689984
31 0.0588 11751424
32 0.059 11776000
33 0.0617 11816960
34 0.0637 11837440
35 0.0604 11886592
36 0.0616 11902976
37 0.0637 11972608
38 0.0631 11997184
39 0.0684 12034048
40 0.072 12066816
41 0.0714 12103680
42 0.067 12140544
43 0.0665 12271616
44 0.067 12304384
45 0.0671 12345344
46 0.0675 12378112
47 0.0739 12492800
48 0.0722 12484608
49 0.0727 12472320
50 0.0703 12550144
51 0.0716 12582912
52 0.0744 12595200
53 0.0792 12648448
54 0.0918 12746752
55 0.0759 12779520
56 0.078 12771328
57 0.0819 12869632
58 0.0816 12918784
59 0.0858 12955648
60 0.0853 12931072
61 0.0793 13004800
62 0.0822 13066240
63 0.0846 13139968
64 0.0842 13148160
65 0.0846 13205504
66 0.0911 13299712
67 0.0837 13361152
68 0.0856 13369344
69 0.0885 13541376
70 0.0894 13553664
71 0.0959 13512704
72 0.0911 13656064
73 0.0892 13635584
74 0.0952 13733888
75 0.099 13725696
76 0.096 13848576
77 0.0963 13901824
78 0.0978 13955072
79 0.098 14004224
80 0.0985 14024704
81 0.0965 14090240
82 0.1004 14143488
83 0.1011 14245888
84 0.1036 14254080
85 0.0998 14303232
86 0.1024 14364672
87 0.1063 14397440
88 0.1062 14573568
89 0.1028 14606336
90 0.1033 14561280
91 0.107 14675968
92 0.1086 14716928
93 0.1093 14843904
94 0.1103 14823424
95 0.1122 14983168
96 0.1088 14942208
97 0.1147 15097856
98 0.1108 15151104
99 0.1146 15208448
100 0.1161 15216640
101 0.1146 15364096
102 0.126 15400960
103 0.123 15491072
104 0.1227 15560704
105 0.1214 15630336
106 0.1209 15679488
107 0.1269 15654912
108 0.1274 15790080
109 0.124 15810560
110 0.126 15949824
111 0.1236 15945728
112 0.129 16052224
113 0.1274 16101376
114 0.1352 16191488
115 0.1326 16297984
116 0.131 16310272
117 0.1304 16400384
118 0.1379 16441344
119 0.1389 16515072
120 0.1348 16629760
121 0.1345 16691200
122 0.1363 16711680
123 0.1382 16764928
124 0.1422 16871424
125 0.1466 16965632
126 0.1396 17051648
127 0.1432 17084416
128 0.1459 17231872
129 0.1446 17285120
130 0.1458 17424384
131 0.1456 17379328
132 0.1503 17518592
133 0.1546 17616896
134 0.1492 17657856
135 0.1539 17813504
136 0.1552 17788928
137 0.1575 17842176
138 0.153 17899520
139 0.1572 18026496
140 0.1569 18169856
141 0.1596 18223104
142 0.1638 18391040
143 0.1617 18460672
144 0.169 18448384
145 0.1676 18554880
146 0.1672 18644992
147 0.1733 18833408
148 0.1678 18903040
149 0.1666 18882560
150 0.1694 19017728
151 0.169 19083264
152 0.1699 19169280
153 0.1804 19234816
154 0.1756 19386368
155 0.1791 19386368
156 0.1761 19484672
157 0.179 19636224
158 0.1798 19652608
159 0.1824 19824640
160 0.1808 19922944
161 0.1809 19935232
162 0.1829 19951616
163 0.1859 19914752
164 0.1923 20156416
165 0.1853 20209664
166 0.188 20316160
167 0.1891 20324352
168 0.1897 20463616
169 0.2013 20623360
170 0.1974 20738048
171 0.193 20811776
172 0.1992 20865024
173 0.1983 20840448
174 0.2028 20901888
175 0.2 21049344
176 0.2013 21073920
177 0.2048 21352448
178 0.2054 21225472
179 0.2078 21356544
180 0.2049 21467136
181 0.2109 21647360
182 0.213 21630976
183 0.2079 21721088
184 0.2126 21827584
185 0.2113 21938176
186 0.2226 22007808
187 0.2133 22171648
188 0.2182 22257664
189 0.2226 22290432
190 0.2192 22425600
191 0.2202 22478848
192 0.227 22556672
193 0.2247 22724608
194 0.2244 22867968
195 0.2295 22917120
196 0.2283 22966272
197 0.2322 23175168
198 0.2285 23240704
199 0.2403 23363584
200 0.2411 23576576
201 0.2376 23658496
202 0.2369 23658496
203 0.2398 23764992
204 0.2394 23879680
205 0.2388 23973888
206 0.2403 23994368
207 0.2486 24150016
208 0.25 24498176
209 0.2464 24358912
210 0.2492 24342528
211 0.2467 24580096
212 0.2496 24596480
213 0.2494 24711168
214 0.2511 24821760
215 0.2785 25096192
216 0.2598 24989696
217 0.2565 25206784
218 0.2578 25366528
219 0.2644 25456640
220 0.2668 25493504
221 0.2629 25640960
222 0.2649 25735168
223 0.2745 25849856
224 0.2702 25939968
225 0.2727 26095616
226 0.2734 26243072
227 0.2776 26320896
228 0.2747 26390528
229 0.2733 26488832
230 0.2796 26566656
231 0.2741 26689536
232 0.2883 26820608
233 0.2796 26931200
234 0.2866 27045888
235 0.2846 27222016
236 0.2921 27394048
237 0.2883 27394048
238 0.2945 27783168
239 0.2928 27734016
240 0.2908 27738112
241 0.2962 27922432
242 0.2958 27951104
243 0.2985 28053504
244 0.3039 28553216
245 0.3028 28299264
246 0.3083 28434432
247 0.3068 28561408
248 0.3048 28647424
249 0.3043 28811264
250 0.3064 28991488
251 0.3125 28999680
252 0.3149 29122560
253 0.3174 29544448
254 0.3205 29470720
255 0.3203 29589504
256 0.323 29614080
257 0.3203 29753344
258 0.3312 29900800
259 0.3264 30048256
260 0.3255 30154752
261 0.3346 30343168
262 0.3351 30466048
263 0.3298 30511104
264 0.341 30789632
265 0.3362 30797824
266 0.3344 30941184
267 0.3429 31141888
268 0.3459 31162368
269 0.3459 31346688
270 0.3475 31424512
271 0.3442 31567872
272 0.3446 31682560
273 0.3508 31870976
274 0.3524 31928320
275 0.3564 32043008
276 0.3598 32215040
277 0.3626 32387072
278 0.3638 32493568
279 0.3599 32665600
280 0.3644 32780288
281 0.3705 33021952
282 0.3665 33067008
283 0.36 33226752
284 0.3713 33288192
285 0.377 33603584
286 0.3744 33681408
287 0.3741 33693696
288 0.3701 33910784
289 0.3784 34025472
290 0.3816 34373632
291 0.3816 34349056
292 0.3795 34492416
293 0.3909 34877440
294 0.3852 34758656
295 0.3874 34816000
296 0.3865 35065856
297 0.3939 35139584
298 0.391 35217408
299 0.4106 35467264
300 0.3925 35495936
301 0.4008 35659776
302 0.4068 35885056
303 0.4007 35942400
304 0.4089 36061184
305 0.4058 36274176
306 0.4129 36347904
307 0.4034 36528128
308 0.4113 36749312
309 0.4075 36782080
310 0.423 36941824
311 0.4199 37064704
312 0.4193 37302272
313 0.4236 37437440
314 0.4388 37646336
315 0.4286 37773312
316 0.4316 37826560
317 0.433 37920768
318 0.4318 38137856
319 0.4335 38420480
320 0.4291 38387712
321 0.4385 38539264
322 0.4415 38682624
323 0.4386 38854656
324 0.4502 39059456
325 0.4392 39202816
326 0.4438 39374848
327 0.4554 39780352
328 0.4451 39673856
329 0.4495 39698432
330 0.4521 39747584
331 0.4548 39911424
332 0.4673 40058880
333 0.4671 40366080
334 0.4637 40329216
335 0.4607 40574976
336 0.4621 40759296
337 0.4713 41140224
338 0.4725 40996864
339 0.4769 41185280
340 0.4675 41283584
341 0.4876 41447424
342 0.4761 41582592
343 0.4747 41783296
344 0.4878 42004480
345 0.4815 42074112
346 0.4803 42246144
347 0.491 42446848
348 0.4917 42774528
349 0.4917 42778624
350 0.491 42917888
351 0.4921 43237376
352 0.495 43302912
353 0.5099 43626496
354 0.5041 43687936
355 0.5056 43831296
356 0.5188 44154880
357 0.5131 44150784
358 0.5131 44335104
359 0.5143 44564480
360 0.5092 44605440
361 0.5159 44974080
362 0.5437 45146112
363 0.5269 45158400
364 0.5238 45510656
365 0.5385 45445120
366 0.5251 45715456
367 0.5352 45891584
368 0.5374 46014464
369 0.5357 46157824
370 0.5457 46338048
371 0.5324 46514176
372 0.542 46624768
373 0.5532 47116288
374 0.5504 47108096
375 0.5475 47185920
376 0.5551 47263744
377 0.5395 47538176
378 0.5467 47665152
379 0.5479 47804416
380 0.5603 48033792
381 0.5543 48205824
382 0.5739 48291840
383 0.5555 48488448
384 0.577 48721920
385 0.5799 48926720
386 0.5819 49045504
387 0.5695 49254400
388 0.5677 49364992
389 0.5838 49561600
390 0.5733 49758208
391 0.575 49987584
392 0.5933 50524160
393 0.5942 50294784
394 0.5776 50425856
395 0.59 50614272
396 0.6131 51011584
397 0.5888 50987008
398 0.5917 51175424
399 0.5979 51441664
400 0.596 51486720
401 0.6025 51740672
402 0.602 51855360
403 0.6114 52076544
404 0.6098 52224000
405 0.6209 52600832
406 0.6205 52592640
407 0.6286 53063680
408 0.6243 53194752
409 0.6221 53178368
410 0.6187 53346304
411 0.6217 53555200
412 0.6221 53694464
413 0.6232 53981184
414 0.6306 54054912
415 0.6467 54464512
416 0.6379 54476800
417 0.6389 54620160
418 0.635 54796288
419 0.6399 55078912
420 0.6803 55287808
421 0.6588 55451648
422 0.6508 55713792
423 0.651 55824384
424 0.6548 56098816
425 0.671 56770560
426 0.6698 56557568
427 0.6546 56561664
428 0.6703 56852480
429 0.6789 57155584
430 0.6627 57131008
431 0.6813 57421824
432 0.6708 57556992
433 0.6892 57729024
434 0.6847 57913344
435 0.6871 58175488
436 0.6948 58503168
437 0.6932 58572800
438 0.6944 58867712
439 0.6835 58855424
440 0.6953 59072512
441 0.7134 59609088
442 0.695 59486208
443 0.6915 59670528
444 0.6969 59817984
445 0.6989 60104704
446 0.7152 60239872
447 0.722 60817408
448 0.7136 60694528
449 0.7107 60895232
450 0.731 61251584
451 0.729 61292544
452 0.7251 61485056
453 0.7382 61628416
454 0.7331 61853696
455 0.7216 62029824
456 0.7412 62287872
457 0.7474 63164416
458 0.7321 62660608
459 0.7502 63406080
460 0.7556 63279104
461 0.7846 63406080
462 0.7541 63504384
463 0.7461 64442368
464 0.7495 64040960
465 0.7505 64061440
466 0.7704 64274432
467 0.7649 64520192
468 0.7555 64720896
469 0.7719 64905216
470 0.7704 65085440
471 0.7677 66023424
472 0.7827 65605632
473 0.772 65810432
474 0.7754 65892352
475 0.785 66179072
476 0.8044 67186688
477 0.782 67424256
478 0.823 66805760
479 0.7831 66977792
480 0.7942 67178496
481 0.7889 67383296
482 0.787 67702784
483 0.8319 68235264
484 0.8091 68009984
485 0.7993 68317184
486 0.8303 68464640
487 0.8251 68685824
488 0.8043 68935680
489 0.8118 69087232
490 0.8154 69345280
491 0.8314 69578752
492 0.8299 69795840
493 0.8221 70152192
494 0.8342 70217728
495 0.8386 71073792
496 0.8355 70590464
497 0.8467 70799360
498 0.8313 71147520
499 0.8495 71262208
500 0.8361 71458816
501 0.8447 71806976
502 0.8468 71901184
503 0.8442 72118272
504 0.8459 72949760
505 0.8884 73338880
506 0.8654 73060352
507 0.8808 73142272
508 0.8582 73252864
509 0.8689 73502720
510 0.8746 74027008
511 0.8713 74018816
512 0.873 74227712
513 0.8799 74399744
514 0.9002 75104256
515 0.886 74915840
516 0.8996 75616256
517 0.9012 75337728
518 0.8925 75563008
519 0.898 75825152
520 0.9184 76001280
521 0.9112 76349440
522 0.9041 76406784
523 0.914 76861440
524 0.9386 76910592
525 0.9323 77074432
526 0.917 77389824
527 0.9193 77582336
528 0.9269 77803520
529 0.9309 78110720
530 0.9292 78286848
531 0.9402 78462976
532 0.9254 78696448
533 0.9376 79089664
534 0.9456 79286272
535 0.9524 79429632
536 0.9429 79634432
537 0.9575 79929344
538 0.9594 80293888
539 0.9907 81031168
540 0.9563 80576512
541 0.9678 80863232
542 0.9689 81100800
543 0.9727 81530880
544 0.97 82243584
545 0.9789 81842176
546 0.9748 82010112
547 0.9818 82264064
548 0.9794 82505728
549 1.0014 82722816
550 0.9797 82927616
551 0.9941 83226624
552 1.0051 83513344
553 0.9833 83648512
554 1.0057 83902464
555 1.0128 84127744
556 1.0001 84381696
557 1.0176 84639744
558 1.0127 84840448
559 1.0035 85344256
560 1.0195 85385216
561 1.0274 85606400
562 1.0263 85946368
563 1.0557 86089728
564 1.0287 86278144
565 1.0445 86593536
566 1.0349 86843392
567 1.0268 87068672
568 1.0828 87642112
569 1.0521 87523328
570 1.0499 88174592
571 1.056 88137728
572 1.0452 88440832
573 1.0649 88596480
574 1.0923 88961024
575 1.0652 89354240
576 1.0791 89382912
577 1.0761 89665536
578 1.086 89919488
579 1.0623 90157056
580 1.077 90890240
581 1.0766 90673152
582 1.0792 91660288
583 1.0946 91918336
584 1.1024 92241920
585 1.081 91762688
586 1.0895 91889664
587 1.1031 92147712
588 1.0943 92495872
589 1.0924 92655616
590 1.0963 92942336
591 1.1173 93200384
592 1.1173 93589504
593 1.1315 93708288
594 1.1293 94011392
595 1.1394 94347264
596 1.1622 94511104
597 1.1262 94666752
598 1.1511 95145984
599 1.1404 95645696
600 1.1841 96047104
601 1.1607 95911936
602 1.1429 95977472
603 1.1594 96268288
604 1.2028 97263616
605 1.1565 97157120
606 1.1626 97148928
607 1.1771 97288192
608 1.1648 97538048
609 1.1818 97861632
610 1.1635 98078720
611 1.1642 98312192
612 1.2297 99004416
613 1.1971 98906112
614 1.195 99876864
615 1.1949 99336192
616 1.2076 99721216
617 1.1919 99930112
618 1.1857 100225024
619 1.1924 100462592
620 1.2116 100749312
621 1.2159 101523456
622 1.2326 102080512
623 1.2478 102096896
624 1.2254 101752832
625 1.2068 102338560
626 1.2231 103157760
627 1.2097 102694912
628 1.2382 102944768
629 1.2241 103071744
630 1.2248 103387136
631 1.479 104448000
632 1.2715 104308736
633 1.2747 104243200
634 1.2688 104431616
635 1.2646 104718336
636 1.2675 105050112
637 1.278 105762816
638 1.271 105525248
639 1.2475 105775104
640 1.2699 106360832
641 1.2542 106340352
642 1.2533 106602496
643 1.2889 106979328
644 1.3018 107503616
645 1.2612 107462656
646 1.3003 108072960
647 1.2846 108023808
648 1.3019 108269568
649 1.3037 108818432
650 1.306 109531136
651 1.2841 109113344
652 1.2988 109441024
653 1.3113 109944832
654 1.3009 109916160
655 1.3121 110276608
656 1.3144 110497792
657 1.3178 110784512
658 1.3343 111886336
659 1.3478 111333376
660 1.3276 111579136
661 1.3458 111939584
662 1.357 112381952
663 1.3284 112484352
664 1.3399 112750592
665 1.3564 113111040
666 1.3516 113336320
667 1.3833 113790976
668 1.3887 114339840
669 1.3788 114225152
670 1.368 114503680
671 1.3961 115023872
672 1.3838 115331072
673 1.3735 115425280
674 1.3858 115634176
675 1.3899 116154368
676 1.3909 116211712
677 1.3786 116428800
678 1.3845 117317632
679 1.4039 117456896
680 1.3942 117473280
681 1.4088 117714944
682 1.4152 117923840
683 1.3887 118333440
684 1.4409 118640640
685 1.4163 118878208
686 1.4218 119091200
687 1.4251 119361536
688 1.4521 119762944
689 1.4228 120639488
690 1.4271 120442880
691 1.4373 121044992
692 1.4699 121278464
693 1.4347 121606144
694 1.4587 121532416
695 1.4566 121745408
696 1.458 121999360
697 1.4871 122744832
698 1.4635 122707968
699 1.4699 122916864
700 1.5099 123248640
701 1.475 123543552
702 1.5156 124493824
703 1.4799 124088320
704 1.4779 125136896
705 1.4672 124702720
706 1.5032 125014016
707 1.5133 125296640
708 1.479 125591552
709 1.4965 126005248
710 1.495 126042112
711 1.4898 126418944
712 1.5123 127234048
713 1.5529 127045632
714 1.5625 127410176
715 1.536 127967232
716 1.5271 128057344
717 1.5217 128172032
718 1.5354 128368640
719 1.5497 128872448
720 1.5411 129032192
721 1.5411 129265664
722 1.5635 129667072
723 1.5546 129871872
724 1.5736 130576384
725 1.5715 130940928
726 1.5388 130785280
727 1.5648 131526656
728 1.562 132173824
729 1.5816 132337664
730 1.5625 132038656
731 1.5897 132804608
732 1.6079 133201920
733 1.6077 133545984
734 1.7117 133799936
735 1.5837 134037504
736 1.6051 134250496
737 1.5923 134221824
738 1.609 134938624
739 1.6331 134832128
740 1.6215 135913472
741 1.5886 135471104
742 1.6241 135794688
743 1.6152 136073216
744 1.6278 136527872
745 1.6351 137297920
746 1.6455 137035776
747 1.6576 137375744
748 1.6399 137674752
749 1.6234 137986048
750 1.6537 138674176
751 1.6648 138629120
752 1.67 139149312
753 1.6458 139517952
754 1.6634 139878400
755 1.6824 140296192
756 1.6622 140165120
757 1.6513 140513280
758 1.6851 141246464
759 1.7039 141189120
760 1.664 141455360
761 1.7196 141840384
762 1.7161 142217216
763 1.7027 142557184
764 1.7051 143290368
765 1.6978 143532032
766 1.7003 143409152
767 1.7176 143745024
768 1.7254 145010688
769 1.7329 144371712
770 1.7011 144687104
771 1.725 145027072
772 1.7108 145338368
773 1.7237 145674240
774 1.7136 146014208
775 1.7558 146362368
776 1.7235 146694144
777 1.7415 146960384
778 1.7338 147312640
779 1.7522 147623936
780 1.7581 147951616
781 1.7682 148279296
782 1.7499 149426176
783 1.7852 148926464
784 1.7835 149680128
785 1.7839 149676032
786 1.7775 150913024
787 1.7709 150384640
788 1.7843 150650880
789 1.769 150917120
790 1.7899 151257088
791 1.7785 151973888
792 1.8296 151920640
793 1.8201 152297472
794 1.8276 152608768
795 1.7932 152961024
796 1.8193 153690112
797 1.8013 153968640
798 1.8155 153939968
799 1.833 154320896
800 1.8188 154660864