1 0.0034 8404992
2 0.1513 8437760
3 0.0028 8421376
4 0.0028 8425472
5 0.0041 8421376
6 0.0031 8445952
7 0.0047 8482816
8 0.0048 8486912
9 0.0032 8462336
10 0.0039 8491008
11 0.0033 8478720
12 0.0051 8486912
13 0.0036 8499200
14 0.0053 8495104
15 0.0047 8503296
16 0.0038 8511488
17 0.0058 8511488
18 0.004 8536064
19 0.006 8531968
20 0.0043 8544256
21 0.005 8556544
22 0.1623 8552448
23 0.0051 8564736
24 0.0045 8572928
25 0.0049 8593408
26 0.0055 8564736
27 0.0061 8597504
28 0.0068 8577024
29 0.0052 8585216
30 0.0061 8601600
31 0.0061 8634368
32 0.0064 8609792
33 0.008 8593408
34 0.0084 8609792
35 0.0053 8638464
36 0.0065 8658944
37 0.0059 8691712
38 0.0064 8658944
39 0.0059 8679424
40 0.0089 8671232
41 0.0062 8654848
42 0.1662 8720384
43 0.0063 8716288
44 0.0088 8728576
45 0.0093 8720384
46 0.0078 8732672
47 0.0074 8736768
48 0.0066 8749056
49 0.0092 8790016
50 0.0094 8761344
51 0.0101 8757248
52 0.0071 8785920
53 0.0072 8777728
54 0.0072 8790016
55 0.0072 8802304
56 0.0083 8798208
57 0.0075 8814592
58 0.0112 8843264
59 0.0112 8806400
60 0.0115 8826880
61 0.0086 8830976
62 0.1744 8847360
63 0.0092 8843264
64 0.0085 8847360
65 0.0085 8867840
66 0.0085 8880128
67 0.0084 8888320
68 0.009 8888320
69 0.0097 8925184
70 0.0089 8925184
71 0.011 8925184
72 0.0093 8986624
73 0.0092 8949760
74 0.0092 8953856
75 0.0093 8966144
76 0.0147 9035776
77 0.0095 8970240
78 0.014 9015296
79 0.0144 8994816
80 0.0139 9027584
81 0.0111 9035776
82 0.0146 9011200
83 0.0148 9064448
84 0.0116 9056256
85 0.1737 9101312
86 0.015 9048064
87 0.0153 9060352
88 0.0108 9080832
89 0.0119 9105408
90 0.0154 9101312
91 0.0153 9134080
92 0.0144 9113600
93 0.0167 9191424
94 0.0118 9142272
95 0.0133 9166848
96 0.0131 9187328
97 0.0168 9187328
98 0.0166 9207808
99 0.0119 9203712
100 0.018 9224192
101 0.0163 9236480
102 0.0136 9252864
103 0.0138 9326592
104 0.0175 9265152
105 0.2339 9297920
106 0.0184 9285632
107 0.0177 9367552
108 0.0149 9322496
109 0.0144 9326592
110 0.0145 9326592
111 0.018 9351168
112 0.0147 9371648
113 0.0148 9359360
114 0.0181 9367552
115 0.0151 9383936
116 0.0174 9433088
117 0.0185 9453568
118 0.0142 9351168
119 0.0191 9465856
120 0.0146 9424896
121 0.0151 9404416
122 0.0158 9523200
123 0.0162 9453568
124 0.0183 9543680
125 0.1773 9498624
126 0.0199 9502720
127 0.0168 9535488
128 0.0185 9560064
129 0.0206 9576448
130 0.0162 9531392
131 0.0171 9551872
132 0.0219 9547776
133 0.0167 9596928
134 0.0205 9629696
135 0.0173 9621504
136 0.0225 9666560
137 0.0173 9625600
138 0.0184 9637888
139 0.0209 9707520
140 0.0175 9715712
141 0.0199 9678848
142 0.0245 9723904
143 0.0219 9695232
144 0.0196 9781248
145 0.0221 9728000
146 0.1742 9768960
147 0.0198 9756672
148 0.0213 9801728
149 0.0236 9838592
150 0.0187 9764864
151 0.0236 9871360
152 0.02 9826304
153 0.0208 9826304
154 0.0206 9875456
155 0.0232 9887744
156 0.0198 9826304
157 0.0214 9863168
158 0.0223 9846784
159 0.0251 9912320
160 0.023 9879552
161 0.021 9949184
162 0.0248 9924608
163 0.0216 9953280
164 0.025 10014720
165 0.0213 9957376
166 0.1847 9990144
167 0.0221 9981952
168 0.0221 9994240
169 0.0279 9994240
170 0.023 10039296
171 0.0228 10047488
172 0.0221 9965568
173 0.0265 10031104
174 0.0225 10076160
175 0.0258 10076160
176 0.0233 10141696
177 0.0274 10129408
178 0.0229 10104832
179 0.023 10096640
180 0.0287 10223616
181 0.029 10227712
182 0.0245 10141696
183 0.0256 10203136
184 0.028 10231808
185 0.0323 10223616
186 0.212 10256384
187 0.0296 10235904
188 0.0686 10223616
189 0.0435 10215424
190 0.2797 10276864
191 0.0301 10301440
192 0.0298 10313728
193 0.0302 10309632
194 0.0277 10305536
195 0.0305 10321920
196 0.0349 10407936
197 0.0305 10354688
198 0.0267 10342400
199 0.0338 10424320
200 0.0305 10395648
201 0.0312 10416128
202 0.0291 10457088
203 0.0306 10440704
204 0.204 10473472
205 0.037 10510336
206 0.0327 10522624
207 0.0364 10551296
208 0.0378 10567680
209 0.029 10473472
210 0.033 10620928
211 0.029 10530816
212 0.0315 10534912
213 0.0325 10567680
214 0.0343 10592256
215 0.03 10543104
216 0.035 10706944
217 0.0337 10649600
218 0.0313 10633216
219 0.0345 10612736
220 0.035 10637312
221 0.0352 10743808
222 0.0375 10752000
223 0.0358 10752000
224 0.1942 10747904
225 0.0344 10665984
226 0.0328 10711040
227 0.0385 10792960
228 0.036 10792960
229 0.0377 10850304
230 0.0318 10760192
231 0.0357 10760192
232 0.043 10866688
233 0.0334 10792960
234 0.038 10891264
235 0.0323 10870784
236 0.0359 10854400
237 0.0402 10911744
238 0.0334 10870784
239 0.0382 10907648
240 0.0437 11010048
241 0.0406 10960896
242 0.0379 10932224
243 0.0336 10899456
244 0.29 11038720
245 0.0383 10969088
246 0.0439 11042816
247 0.0396 11087872
248 0.0388 10993664
249 0.0371 11096064
250 0.0404 11096064
251 0.0438 11116544
252 0.0405 11104256
253 0.0434 11137024
254 0.0357 11051008
255 0.0438 11177984
256 0.042 11153408
257 0.0407 11120640
258 0.0424 11169792
259 0.0419 11153408
260 0.0444 11112448
261 0.0423 11235328
262 0.0398 11227136
263 0.042 11206656
264 0.0439 11194368
265 0.0372 11169792
266 0.0419 11350016
267 0.0441 11386880
268 0.0481 11284480
269 0.0493 11370496
270 0.0473 11436032
271 0.0449 11444224
272 0.0488 11358208
273 0.0447 11464704
274 0.0421 11341824
275 0.0424 11358208
276 0.0503 11464704
277 0.0449 11415552
278 0.0472 11497472
279 0.0494 11427840
280 0.0456 11440128
281 0.0456 11522048
282 0.0523 11587584
283 0.044 11481088
284 0.0465 11583488
285 0.0499 11567104
286 0.0449 11571200
287 0.0486 11563008
288 0.0483 11579392
289 0.0513 11591680
290 0.0528 11730944
291 0.047 11616256
292 0.0439 11603968
293 0.0471 11784192
294 0.0486 11706368
295 0.053 11718656
296 0.0494 11841536
297 0.0493 11710464
298 0.054 11726848
299 0.0501 11800576
300 0.0548 11862016
301 0.0557 11878400
302 0.0515 11821056
303 0.0448 11759616
304 0.056 11853824
305 0.0535 11882496
306 0.0514 11874304
307 0.053 11890688
308 0.0564 12029952
309 0.0516 11935744
310 0.053 11948032
311 0.0515 12029952
312 0.0477 12111872
313 0.0545 12009472
314 0.0575 12111872
315 0.0523 11980800
316 0.0569 12079104
317 0.0556 12136448
318 0.0549 12181504
319 0.0587 12169216
320 0.0539 12148736
321 0.0533 12136448
322 0.0538 12156928
323 0.052 12197888
324 0.0581 12234752
325 0.0541 12201984
326 0.0614 12222464
327 0.0548 12226560
328 0.0603 12152832
329 0.0554 12341248
330 0.0593 12296192
331 0.0578 12333056
332 0.062 12369920
333 0.0573 12263424
334 0.0588 12341248
335 0.0524 12275712
336 0.0631 12423168
337 0.0567 12304384
338 0.0591 12337152
339 0.0565 12513280
340 0.0585 12390400
341 0.0664 12546048
342 0.0583 12419072
343 0.0632 12476416
344 0.0612 12554240
345 0.0662 12480512
346 0.0593 12570624
347 0.065 12664832
348 0.063 12492800
349 0.0605 12566528
350 0.0597 12533760
351 0.0578 12623872
352 0.0599 12652544
353 0.0683 12709888
354 0.0653 12775424
355 0.0609 12619776
356 0.0569 12627968
357 0.068 12775424
358 0.067 12787712
359 0.0688 12849152
360 0.0666 12804096
361 0.0627 12726272
362 0.0634 12771328
363 0.0671 12832768
364 0.0702 12832768
365 0.0742 12922880
366 0.0738 12959744
367 0.0659 12951552
368 0.0673 13000704
369 0.0676 13012992
370 0.0648 12865536
371 0.0641 12955648
372 0.0654 13144064
373 0.0703 13148160
374 0.0667 13189120
375 0.0709 13131776
376 0.066 13193216
377 0.0732 13201408
378 0.0763 13197312
379 0.0732 13209600
380 0.067 13266944
381 0.0723 13176832
382 0.0676 13209600
383 0.0685 13180928
384 0.0698 13385728
385 0.0746 13352960
386 0.0732 13369344
387 0.0722 13393920
388 0.0735 13471744
389 0.0815 13426688
390 0.0772 13369344
391 0.071 13336576
392 0.0796 13406208
393 0.0704 13414400
394 0.078 13430784
395 0.0769 13467648
396 0.0745 13549568
397 0.0766 13471744
398 0.0724 13418496
399 0.0813 13594624
400 0.0727 13619200
401 0.0819 13565952
402 0.0707 13512704
403 0.0806 13619200
404 0.08 13524992
405 0.0785 13631488
406 0.0774 13672448
407 0.0739 13586432
408 0.0779 13881344
409 0.084 13746176
410 0.0793 13922304
411 0.0801 13840384
412 0.0797 13807616
413 0.0795 13934592
414 0.0825 13844480
415 0.0819 13979648
416 0.0812 13987840
417 0.0802 14053376
418 0.0875 14053376
419 0.0736 13852672
420 0.0867 14082048
421 0.0865 14082048
422 0.083 14053376
423 0.086 14135296
424 0.0816 14106624
425 0.0825 13991936
426 0.0878 14073856
427 0.092 14196736
428 0.0878 14233600
429 0.0943 14278656
430 0.0855 14237696
431 0.0907 14274560
432 0.0815 14270464
433 0.0941 14323712
434 0.0845 14155776
435 0.0948 14286848
436 0.0819 14381056
437 0.0913 14422016
438 0.091 14483456
439 0.0929 14491648
440 0.0886 14528512
441 0.0824 14286848
442 0.0865 14487552
443 0.0947 14544896
444 0.0846 14475264
445 0.0981 14512128
446 0.0936 14606336
447 0.0978 14544896
448 0.0914 14618624
449 0.096 14594048
450 0.0913 14630912
451 0.0914 14712832
452 0.1013 14630912
453 0.086 14446592
454 0.0951 14716928
455 0.0922 14721024
456 0.0936 14721024
457 0.0969 14786560
458 0.0878 14786560
459 0.0936 14778368
460 0.0909 14688256
461 0.0917 14786560
462 0.0982 14835712
463 0.0994 14835712
464 0.0959 14823424
465 0.1 14848000
466 0.0876 14741504
467 0.0877 14888960
468 0.1004 15118336
469 0.0891 14819328
470 0.0945 15032320
471 0.0995 15065088
472 0.0981 15077376
473 0.0926 14901248
474 0.1018 15212544
475 0.1015 15110144
476 0.0924 15183872
477 0.097 14983168
478 0.1025 15216640
479 0.1028 15114240
480 0.0954 15192064
481 0.1033 15302656
482 0.1014 15323136
483 0.0949 15208448
484 0.0981 15421440
485 0.0989 15298560
486 0.1053 15462400
487 0.1065 15306752
488 0.1068 15433728
489 0.0992 15249408
490 0.1032 15450112
491 0.1073 15622144
492 0.1041 15548416
493 0.1049 15360000
494 0.1107 15388672
495 0.1082 15474688
496 0.103 15581184
497 0.1108 15630336
498 0.1097 15609856
499 0.1024 15626240
500 0.1163 15659008
501 0.1068 15802368
502 0.1152 15802368
503 0.1136 15671296
504 0.1066 15716352
505 0.1094 15835136
506 0.1154 15806464
507 0.1005 15773696
508 0.1043 15663104
509 0.1015 15663104
510 0.1124 15765504
511 0.103 15986688
512 0.1118 15908864
513 0.1171 15880192
514 0.1139 16035840
515 0.12 16003072
516 0.1155 15990784
517 0.113 16076800
518 0.1162 16125952
519 0.1189 15966208
520 0.1158 16207872
521 0.1172 16195584
522 0.1151 16269312
523 0.1156 16248832
524 0.1167 16257024
525 0.1139 16072704
526 0.1137 16220160
527 0.1182 16179200
528 0.1188 16367616
529 0.1252 16277504
530 0.1279 16371712
531 0.1303 16371712
532 0.1136 16248832
533 0.1139 16588800
534 0.1182 16551936
535 0.114 16445440
536 0.1277 16625664
537 0.1228 16592896
538 0.1228 16678912
539 0.1282 16605184
540 0.1237 16560128
541 0.1233 16662528
542 0.1226 16683008
543 0.1277 16687104
544 0.1231 16494592
545 0.1227 16699392
546 0.1264 16805888
547 0.1277 16773120
548 0.1199 16801792
549 0.1357 16908288
550 0.1299 16990208
551 0.1237 16674816
552 0.1255 16834560
553 0.1328 17002496
554 0.1242 17047552
555 0.1318 17059840
556 0.131 17031168
557 0.1359 17104896
558 0.1354 17072128
559 0.1348 17092608
560 0.1303 17154048
561 0.1175 17113088
562 0.1339 17186816
563 0.125 17268736
564 0.1232 17145856
565 0.1316 17195008
566 0.1434 17334272
567 0.1307 17289216
568 0.1335 17293312
569 0.1301 17469440
570 0.1387 17387520
571 0.1324 17334272
572 0.1274 17481728
573 0.1412 17530880
574 0.1347 17473536
575 0.1314 17416192
576 0.1358 17256448
577 0.1375 17559552
578 0.1258 17391616
579 0.1328 17522688
580 0.1378 17584128
581 0.144 17674240
582 0.1264 17534976
583 0.1428 17690624
584 0.1319 17690624
585 0.137 17723392
586 0.134 17715200
587 0.1348 17760256
588 0.136 17793024
589 0.1423 17895424
590 0.1392 17944576
591 0.1452 17850368
592 0.1392 17874944
593 0.1391 17694720
594 0.1445 18001920
595 0.1434 18075648
596 0.1491 18063360
597 0.1509 18063360
598 0.1414 18141184
599 0.1455 18006016
600 0.1457 18022400
601 0.154 18108416
602 0.143 18264064
603 0.1318 18108416
604 0.1304 17969152
605 0.1484 18214912
606 0.1508 18305024
607 0.1529 18214912
608 0.1512 18214912
609 0.1467 18292736
610 0.1483 18358272
611 0.1367 18194432
612 0.1391 18485248
613 0.1439 18427904
614 0.1497 18513920
615 0.1479 18296832
616 0.1458 18239488
617 0.1569 18530304
618 0.1489 18595840
619 0.1573 18538496
620 0.1503 18579456
621 0.1485 18681856
622 0.1571 18661376
623 0.1606 18673664
624 0.1569 18694144
625 0.1588 18681856
626 0.148 18673664
627 0.1487 18817024
628 0.1565 18780160
629 0.1528 18743296
630 0.1504 18919424
631 0.1543 19042304
632 0.1519 18944000
633 0.1519 18862080
634 0.1564 19099648
635 0.1609 18931712
636 0.1519 18956288
637 0.1482 19005440
638 0.157 18792448
639 0.1516 19025920
640 0.1623 19050496
641 0.1661 19275776
642 0.1583 19111936
643 0.163 19206144
644 0.1508 19107840
645 0.1633 19189760
646 0.1616 19386368
647 0.1627 19247104
648 0.1673 19402752
649 0.1568 19230720
650 0.1601 19361792
651 0.1683 19382272
652 0.1633 19423232
653 0.1457 19222528
654 0.1452 19447808
655 0.1472 19734528
656 0.1465 19763200
657 0.1475 19533824
658 0.1486 19472384
659 0.1517 19681280
660 0.1487 19722240
661 0.1614 19755008
662 0.1671 19668992
663 0.1708 19714048
664 0.1667 19927040
665 0.1683 19783680
666 0.1759 19931136
667 0.1702 19984384
668 0.1734 19980288
669 0.1657 19771392
670 0.1813 20066304
671 0.1745 20082688
672 0.1762 20004864
673 0.1677 20033536
674 0.188 20017152
675 0.1828 20103168
676 0.1719 20140032
677 0.1729 20353024
678 0.1829 20119552
679 0.1842 20107264
680 0.1813 20332544
681 0.165 20131840
682 0.1828 20430848
683 0.1829 20324352
684 0.1892 20287488
685 0.1754 20422656
686 0.1745 20344832
687 0.182 20381696
688 0.1858 20500480
689 0.1785 20463616
690 0.1767 20414464
691 0.1731 20574208
692 0.1781 20570112
693 0.1767 20537344
694 0.1978 20615168
695 0.1829 20758528
696 0.1828 20656128
697 0.1866 20676608
698 0.1787 20742144
699 0.186 20787200
700 0.1954 20889600
701 0.1921 20770816
702 0.189 21012480
703 0.191 20905984
704 0.1833 21020672
705 0.1809 20979712
706 0.1849 20930560
707 0.1946 21028864
708 0.1833 20996096
709 0.1907 20914176
710 0.1824 21221376
711 0.1928 21299200
712 0.1896 21127168
713 0.2031 21372928
714 0.2025 21364736
715 0.2004 21204992
716 0.1886 21516288
717 0.1972 21266432
718 0.1942 21340160
719 0.1925 21467136
720 0.2012 21692416
721 0.1882 21483520
722 0.1945 21655552
723 0.1967 21557248
724 0.1905 21508096
725 0.2035 21741568
726 0.2064 21704704
727 0.2082 21495808
728 0.2003 21475328
729 0.196 21630976
730 0.2028 21716992
731 0.1999 21721088
732 0.1988 21831680
733 0.206 21962752
734 0.2057 21835776
735 0.2125 21893120
736 0.1943 21909504
737 0.2018 22077440
738 0.2006 21983232
739 0.1987 22126592
740 0.2006 21970944
741 0.2156 22114304
742 0.2044 22142976
743 0.2004 21995520
744 0.2183 22126592
745 0.2122 22171648
746 0.2024 22151168
747 0.211 22233088
748 0.2089 22196224
749 0.2034 22200320
750 0.2045 22339584
751 0.211 22294528
752 0.2076 22466560
753 0.2126 22343680
754 0.1953 22163456
755 0.2101 22441984
756 0.2082 22523904
757 0.2003 22552576
758 0.211 22724608
759 0.2137 22507520
760 0.2146 22769664
761 0.214 22667264
762 0.2204 22605824
763 0.2058 22704128
764 0.2254 22790144
765 0.2121 22732800
766 0.2042 22622208
767 0.2176 22806528
768 0.2158 22851584
769 0.2191 22867968
770 0.2135 23015424
771 0.2116 23089152
772 0.2073 22884352
773 0.2295 22953984
774 0.2158 23183360
775 0.2276 23187456
776 0.2195 23162880
777 0.2113 23273472
778 0.2399 23158784
779 0.2563 23330816
780 0.2059 22999040
781 0.2224 23343104
782 0.2218 23351296
783 0.2155 23552000
784 0.2285 23371776
785 0.2238 23343104
786 0.2211 23568384
787 0.2298 23478272
788 0.2304 23433216
789 0.2313 23506944
790 0.2222 23703552
791 0.2319 23699456
792 0.2254 23568384
793 0.2374 23617536
794 0.2319 23625728
795 0.229 23842816
796 0.2321 23867392
797 0.2312 23490560
798 0.2358 23719936
799 0.2352 23904256
800 0.2308 24055808