1 0.0486 10928128
2 0.0388 10850304
3 0.0402 10883072
4 0.0399 10895360
5 0.0452 10969088
6 0.0446 10981376
7 0.0408 10985472
8 0.0442 11005952
9 0.0448 11030528
10 0.0446 11046912
11 0.0437 11063296
12 0.0428 11079680
13 0.0425 11108352
14 0.0433 11124736
15 0.047 11141120
16 0.0438 11157504
17 0.0446 11194368
18 0.048 11214848
19 0.0451 11227136
20 0.0493 11264000
21 0.0464 11288576
22 0.0459 11325440
23 0.0472 11333632
24 0.0468 11329536
25 0.0509 11370496
26 0.0471 11374592
27 0.0495 11444224
28 0.0482 11452416
29 0.0531 11468800
30 0.0507 11489280
31 0.0537 11517952
32 0.0545 11546624
33 0.0557 11657216
34 0.0513 11608064
35 0.0557 11628544
36 0.052 11644928
37 0.052 11698176
38 0.0527 11702272
39 0.0541 11776000
40 0.0605 11800576
41 0.0607 11845632
42 0.0608 11935744
43 0.056 11923456
44 0.0572 11964416
45 0.0568 11952128
46 0.0617 12017664
47 0.0578 12054528
48 0.0626 12070912
49 0.0597 12128256
50 0.0596 12148736
51 0.0613 12173312
52 0.0622 12222464
53 0.0622 12238848
54 0.0625 12296192
55 0.0631 12324864
56 0.0636 12374016
57 0.0641 12394496
58 0.0654 12414976
59 0.0655 12447744
60 0.066 12496896
61 0.0661 12574720
62 0.0667 12632064
63 0.068 12681216
64 0.0683 12726272
65 0.0721 12759040
66 0.0697 12816384
67 0.07 12820480
68 0.0696 12845056
69 0.0753 12894208
70 0.0714 12955648
71 0.0762 12996608
72 0.0725 13025280
73 0.0733 13070336
74 0.0748 13090816
75 0.0829 13213696
76 0.0789 13193216
77 0.0778 13213696
78 0.0854 13258752
79 0.0886 13316096
80 0.0796 13357056
81 0.0792 13410304
82 0.0802 13447168
83 0.0807 13524992
84 0.0822 13561856
85 0.0865 13606912
86 0.0867 13660160
87 0.0834 13746176
88 0.085 13791232
89 0.0861 13832192
90 0.0872 13910016
91 0.0872 13938688
92 0.0871 14016512
93 0.0886 14069760
94 0.0885 14131200
95 0.0937 14192640
96 0.0914 14241792
97 0.0912 14266368
98 0.0909 14356480
99 0.0935 14385152
100 0.0974 14442496
101 0.0934 14475264
102 0.0988 14553088
103 0.0976 14618624
104 0.0965 14667776
105 0.0984 14729216
106 0.0993 14774272
107 0.1 14831616
108 0.0993 14905344
109 0.1021 14942208
110 0.1014 14995456
111 0.1016 15073280
112 0.1043 15122432
113 0.1079 15192064
114 0.108 15249408
115 0.105 15310848
116 0.107 15355904
117 0.1069 15417344
118 0.1103 15499264
119 0.1079 15548416
120 0.111 15564800
121 0.1113 15659008
122 0.1113 15720448
123 0.1124 15785984
124 0.1118 15863808
125 0.1194 16023552
126 0.115 15966208
127 0.1164 16039936
128 0.1205 16121856
129 0.1175 16191488
130 0.1179 16257024
131 0.1224 16330752
132 0.1252 16408576
133 0.122 16457728
134 0.1256 16527360
135 0.1225 16580608
136 0.123 16666624
137 0.1299 16740352
138 0.1247 16797696
139 0.1273 16855040
140 0.1292 16932864
141 0.1288 16990208
142 0.1296 17055744
143 0.1307 17108992
144 0.1354 17219584
145 0.1324 17305600
146 0.1364 17481728
147 0.1345 17477632
148 0.1385 17563648
149 0.1341 17645568
150 0.1374 17707008
151 0.1392 17797120
152 0.1383 17874944
153 0.1402 17973248
154 0.1429 18010112
155 0.1425 18120704
156 0.1466 18202624
157 0.1429 18341888
158 0.1476 18333696
159 0.1491 18456576
160 0.1497 18554880
161 0.1551 18608128
162 0.1531 18665472
163 0.1506 18739200
164 0.1516 18829312
165 0.1515 18907136
166 0.1538 18956288
167 0.1529 19070976
168 0.1602 19169280
169 0.1575 19189760
170 0.1559 19288064
171 0.1641 19357696
172 0.16 19464192
173 0.1616 19501056
174 0.1671 19574784
175 0.1617 19685376
176 0.1727 19755008
177 0.1988 19865600
178 0.1702 19943424
179 0.1704 19988480
180 0.1725 20103168
181 0.1724 20205568
182 0.1729 20267008
183 0.1753 20373504
184 0.1832 20459520
185 0.1739 20590592
186 0.181 20668416
187 0.1843 20725760
188 0.1815 20824064
189 0.184 20942848
190 0.1849 21008384
191 0.1842 21094400
192 0.1881 21192704
193 0.185 21254144
194 0.1938 21405696
195 0.1906 21450752
196 0.209 21671936
197 0.1895 21635072
198 0.1914 21753856
199 0.1934 21860352
200 0.1907 21929984
201 0.1942 22024192
202 0.1951 22114304
203 0.1965 22130688
204 0.1967 22290432
205 0.2014 22364160
206 0.2043 22470656
207 0.2024 22495232
208 0.2081 22614016
209 0.207 22642688
210 0.2069 22695936
211 0.2094 22859776
212 0.2095 22921216
213 0.2135 23007232
214 0.217 23113728
215 0.214 23220224
216 0.2127 23302144
217 0.2146 23388160
218 0.22 23474176
219 0.2166 23568384
220 0.2208 23674880
221 0.224 23822336
222 0.2263 23916544
223 0.2242 23990272
224 0.2269 24113152
225 0.2257 24199168
226 0.2267 24301568
227 0.2285 24420352
228 0.238 24502272
229 0.2368 24621056
230 0.23 24711168
231 0.235 24776704
232 0.2329 24920064
233 0.2395 25022464
234 0.2346 25083904
235 0.2414 25260032
236 0.242 25366528
237 0.2408 25444352
238 0.2427 25522176
239 0.2426 25673728
240 0.2486 25759744
241 0.2464 25833472
242 0.2516 25968640
243 0.2516 26071040
244 0.2465 26193920
245 0.2526 26300416
246 0.2569 26423296
247 0.2547 26525696
248 0.2584 26660864
249 0.256 26734592
250 0.2589 26849280
251 0.2581 26935296
252 0.265 27033600
253 0.2623 27267072
254 0.2726 27258880
255 0.2688 27389952
256 0.27 27500544
257 0.2689 27598848
258 0.2767 27713536
259 0.273 27860992
260 0.2729 27971584
261 0.2764 28069888
262 0.2812 28221440
263 0.2812 28319744
264 0.2874 28459008
265 0.2839 28540928
266 0.2818 28725248
267 0.2874 28819456
268 0.2824 28921856
269 0.2919 29020160
270 0.2973 29179904
271 0.3353 29523968
272 0.29 29368320
273 0.3006 29499392
274 0.2972 29589504
275 0.2992 29757440
276 0.2984 29876224
277 0.3029 29986816
278 0.3 30130176
279 0.3078 30556160
280 0.3032 30375936
281 0.3034 30470144
282 0.3096 30654464
283 0.3144 30740480
284 0.3088 30863360
285 0.3154 30990336
286 0.3117 31100928
287 0.3195 31490048
288 0.3153 31510528
289 0.3186 31649792
290 0.322 31784960
291 0.3182 31862784
292 0.3185 32018432
293 0.3239 32165888
294 0.3263 32268288
295 0.328 32399360
296 0.3289 32505856
297 0.3296 32657408
298 0.3277 32768000
299 0.3364 32911360
300 0.3451 33042432
301 0.3353 33189888
302 0.3403 33337344
303 0.3398 33480704
304 0.342 33579008
305 0.3452 33714176
306 0.345 33824768
307 0.3486 33980416
308 0.3577 34156544
309 0.348 34254848
310 0.3474 34373632
311 0.3637 34512896
312 0.3571 34660352
313 0.3574 34779136
314 0.3672 34918400
315 0.3693 35364864
316 0.3619 35196928
317 0.3635 35336192
318 0.3622 35495936
319 0.3664 35622912
320 0.3731 35758080
321 0.3684 35889152
322 0.3718 36061184
323 0.3778 36179968
324 0.3733 36323328
325 0.381 36777984
326 0.3857 36675584
327 0.3828 36757504
328 0.386 37208064
329 0.3791 37044224
330 0.3797 37171200
331 0.3854 37302272
332 0.3866 37429248
333 0.4002 37617664
334 0.3923 37720064
335 0.3906 37900288
336 0.395 38014976
337 0.3968 38158336
338 0.3973 38305792
339 0.3977 38473728
340 0.3981 38580224
341 0.4146 38735872
342 0.4049 38920192
343 0.4082 39063552
344 0.4072 39206912
345 0.4179 39350272
346 0.409 39489536
347 0.4085 39653376
348 0.4199 39784448
349 0.4218 39960576
350 0.4152 40124416
351 0.4256 40554496
352 0.4255 40443904
353 0.4469 40828928
354 0.4445 40894464
355 0.4469 40943616
356 0.4447 41271296
357 0.4424 41209856
358 0.4463 41373696
359 0.4563 41824256
360 0.4477 41836544
361 0.4543 41951232
362 0.4452 42016768
363 0.4415 42168320
364 0.4519 42352640
365 0.4445 42491904
366 0.4494 42655744
367 0.46 42840064
368 0.4503 42995712
369 0.467 43266048
370 0.4686 43347968
371 0.4807 43937792
372 0.4704 43638784
373 0.498 43847680
374 0.4704 43958272
375 0.4804 44146688
376 0.4903 44331008
377 0.498 44478464
378 0.4843 44679168
379 0.4859 44838912
380 0.4857 44986368
381 0.49 45641728
382 0.4863 45330432
383 0.4954 45473792
384 0.4922 45654016
385 0.499 45838336
386 0.4947 46022656
387 0.5175 46166016
388 0.4966 46329856
389 0.5022 46510080
390 0.4987 46755840
391 0.5145 46833664
392 0.5061 47013888
393 0.517 47165440
394 0.5107 47431680
395 0.5569 47497216
396 0.5374 47656960
397 0.517 47841280
398 0.5217 48001024
399 0.5329 48369664
400 0.528 48340992
401 0.5404 48525312
402 0.5323 48693248
403 0.5347 49188864
404 0.5392 49029120
405 0.5358 49221632
406 0.5336 49459200
407 0.539 49885184
408 0.5396 49770496
409 0.5496 49942528
410 0.5452 50135040
411 0.5572 50319360
412 0.5416 50462720
413 0.5564 50606080
414 0.5565 50802688
415 0.6194 51400704
416 0.5528 51150848
417 0.5557 51318784
418 0.5573 51511296
419 0.5576 51728384
420 0.5699 51879936
421 0.5641 52056064
422 0.5755 52264960
423 0.5827 52420608
424 0.5893 52621312
425 0.5826 52899840
426 0.5834 52989952
427 0.581 53157888
428 0.5864 53481472
429 0.577 53506048
430 0.5924 53698560
431 0.5841 54079488
432 0.5998 54071296
433 0.5874 54210560
434 0.6103 54427648
435 0.5957 54607872
436 0.5978 54972416
437 0.5988 54960128
438 0.6069 55173120
439 0.6006 55410688
440 0.6086 55803904
441 0.6108 55705600
442 0.6172 55906304
443 0.6053 56078336
444 0.6208 56270848
445 0.6114 56471552
446 0.6326 56639488
447 0.63 57376768
448 0.6161 57028608
449 0.6337 57257984
450 0.6376 57384960
451 0.6269 57618432
452 0.6379 57774080
453 0.6397 57987072
454 0.6374 58187776
455 0.6487 58388480
456 0.6498 58568704
457 0.6604 58757120
458 0.6452 58941440
459 0.6565 59138048
460 0.6713 59330560
461 0.6574 59531264
462 0.6469 59711488
463 0.6645 60399616
464 0.6641 60108800
465 0.6553 60268544
466 0.6626 60583936
467 0.6726 60682240
468 0.6861 60874752
469 0.6782 61075456
470 0.6899 61267968
471 0.6716 61468672
472 0.6728 61657088
473 0.6859 61849600
474 0.6767 62062592
475 0.6759 62267392
476 0.7069 62451712
477 0.6965 62648320
478 0.7029 62914560
479 0.7141 62967808
480 0.6912 63221760
481 0.6954 63352832
482 0.6937 63545344
483 0.6985 63766528
484 0.7029 64229376
485 0.6995 64126976
486 0.7256 64880640
487 0.7097 64532480
488 0.7167 65191936
489 0.7114 64954368
490 0.727 65736704
491 0.7245 65368064
492 0.7311 65572864
493 0.7471 65810432
494 0.741 66494464
495 0.7383 66199552
496 0.7278 66424832
497 0.7414 66625536
498 0.7312 66826240
499 0.7458 66990080
500 0.7505 67244032
501 0.75 67448832
502 0.7452 67670016
503 0.7543 67858432
504 0.7613 68059136
505 0.7561 68272128
506 0.7596 68485120
507 0.7559 68689920
508 0.7773 68886528
509 0.7917 69173248
510 0.796 69341184
511 0.7692 69550080
512 0.7835 69771264
513 0.7695 70000640
514 0.8052 71053312
515 0.7809 70451200
516 0.7953 71467008
517 0.7999 70893568
518 0.7888 71094272
519 0.7994 71315456
520 0.7934 71512064
521 0.8068 71778304
522 0.8139 71970816
523 0.807 72200192
524 0.7991 72400896
525 0.7994 72630272
526 0.8119 72978432
527 0.8213 73056256
528 0.8181 73277440
529 0.821 73490432
530 0.8417 73732096
531 0.832 73932800
532 0.8377 74170368
533 0.8283 74366976
534 0.8596 75165696
535 0.8401 74842112
536 0.8584 75051008
537 0.8586 75436032
538 0.8554 75505664
539 0.8607 76206080
540 0.8448 76013568
541 0.8534 76197888
542 0.8714 76435456
543 0.8511 76611584
544 0.8732 76853248
545 0.8798 77426688
546 0.8596 77324288
547 0.883 77594624
548 0.8732 77770752
549 0.8735 78008320
550 0.8735 78229504
551 0.8992 78438400
552 0.8775 79503360
553 0.8806 78909440
554 0.8841 79151104
555 0.8846 79441920
556 0.8995 79622144
557 0.8973 79831040
558 0.9011 80072704
559 0.896 80310272
560 0.901 80666624
561 0.9135 80846848
562 0.9337 81088512
563 0.8997 81207296
564 0.9062 81469440
565 0.9105 81694720
566 0.9305 82128896
567 0.9154 82165760
568 0.9306 82403328
569 0.9329 82661376
570 0.9333 82862080
571 0.9402 83107840
572 0.9303 83333120
573 0.9369 83587072
574 0.9706 83812352
575 0.9426 84082688
576 0.9673 85098496
577 0.9565 84619264
578 0.9374 84865024
579 0.9442 85106688
580 0.9462 85303296
581 0.9707 86048768
582 0.9941 85807104
583 0.9981 86040576
584 0.9626 86290432
585 0.9661 86532096
586 1.0072 86769664
587 1.0167 87011328
588 0.9904 87240704
589 0.9991 87867392
590 0.9893 87736320
591 0.9791 87969792
592 1.0234 88240128
593 1.0127 88444928
594 0.9885 89268224
595 0.9891 88936448
596 1.0005 89190400
597 1.0041 89464832
598 1.0186 89681920
599 1.0102 89944064
600 1.0069 90198016
601 1.0308 90935296
602 1.0306 90714112
603 1.0212 91115520
604 1.0187 91193344
605 1.0229 91451392
606 1.0421 91668480
607 1.0199 91971584
608 1.0282 92188672
609 1.0394 92471296
610 1.0407 92704768
611 1.0903 93069312
612 1.055 93208576
613 1.0559 93478912
614 1.0726 93700096
615 1.0625 93929472
616 1.0606 94220288
617 1.0554 94474240
618 1.0569 94740480
619 1.1199 94998528
620 1.1181 95330304
621 1.0648 95526912
622 1.0834 95772672
623 1.0925 96030720
624 1.123 96305152
625 1.09 96542720
626 1.0899 96788480
627 1.1064 97079296
628 1.0821 97304576
629 1.0915 97595392
630 1.0955 97841152
631 1.0986 98967552
632 1.0944 99229696
633 1.1004 98623488
634 1.1158 98918400
635 1.1288 99164160
636 1.1133 99405824
637 1.1154 99667968
638 1.1182 99926016
639 1.1505 100196352
640 1.1391 100409344
641 1.1261 100708352
642 1.1319 100974592
643 1.1366 101257216
644 1.141 101543936
645 1.134 102514688
646 1.1389 102051840
647 1.1373 102322176
648 1.1528 102608896
649 1.1555 103067648
650 1.16 103108608
651 1.1715 103399424
652 1.2148 103653376
653 1.1565 103907328
654 1.1685 104173568
655 1.1909 104468480
656 1.1905 105103360
657 1.1803 105000960
658 1.2419 105271296
659 1.175 105533440
660 1.2154 105902080
661 1.1906 106147840
662 1.1932 106381312
663 1.2013 106639360
664 1.1985 106921984
665 1.2229 107204608
666 1.2012 107429888
667 1.2012 107753472
668 1.237 107995136
669 1.2241 108318720
670 1.2237 108597248
671 1.2407 108822528
672 1.2235 109158400
673 1.223 109387776
674 1.2418 110219264
675 1.2289 109936640
676 1.2434 110202880
677 1.2367 110465024
678 1.2391 110804992
679 1.2724 111017984
680 1.2776 111308800
681 1.26 112029696
682 1.2748 111898624
683 1.2514 112189440
684 1.2599 112459776
685 1.2587 112726016
686 1.2642 113053696
687 1.2926 113324032
688 1.2733 113598464
689 1.2987 114278400
690 1.2951 114135040
691 1.2877 115015680
692 1.3461 115462144
693 1.2923 115019776
694 1.2859 115298304
695 1.3159 115707904
696 1.3162 116260864
697 1.319 116183040
698 1.3321 116445184
699 1.3184 117338112
700 1.3165 117903360
701 1.3065 117415936
702 1.3396 117633024
703 1.3409 117903360
704 1.3431 118194176
705 1.3397 118480896
706 1.327 118767616
707 1.3401 119631872
708 1.3478 119345152
709 1.341 119693312
710 1.3545 120512512
711 1.363 120303616
712 1.3752 120573952
713 1.3549 120893440
714 1.3717 121159680
715 1.3903 121442304
716 1.3596 121790464
717 1.3845 122478592
718 1.39 122331136
719 1.3909 122654720
720 1.3985 122933248
721 1.3829 123256832
722 1.4207 123559936
723 1.3815 123826176
724 1.406 124227584
725 1.4172 124461056
726 1.3928 124768256
727 1.4242 125050880
728 1.4016 126390272
729 1.4103 125710336
730 1.423 125992960
731 1.4495 126296064
732 1.4139 126636032
733 1.4619 126939136
734 1.4511 127254528
735 1.4544 127537152
736 1.4459 127815680
737 1.4523 128143360
738 1.52 128475136
739 1.4682 128757760
740 1.5117 129060864
741 1.4833 129368064
742 1.4686 129708032
743 1.4625 130514944
744 1.4692 130293760
745 1.5346 130961408
746 1.5522 131031040
747 1.509 131276800
748 1.4899 132624384
749 1.5352 131870720
750 1.4837 132202496
751 1.5243 132493312
752 1.5163 132800512
753 1.5031 133136384
754 1.5327 133898240
755 1.4993 133750784
756 1.5089 134045696
757 1.5243 134377472
758 1.5427 134959104
759 1.5437 134971392
760 1.5376 135327744
761 1.522 135634944
762 1.5371 135942144
763 1.5349 136323072
764 1.563 136564736
765 1.5363 136900608
766 1.5976 137175040
767 1.5529 137498624
768 1.5659 137879552
769 1.5464 138207232
770 1.5884 138895360
771 1.5571 139325440
772 1.5631 139186176
773 1.5646 139493376
774 1.5648 139796480
775 1.6204 140132352
776 1.5801 140840960
777 1.5893 140775424
778 1.6327 141094912
779 1.5912 141385728
780 1.5889 141721600
781 1.5954 142061568
782 1.6671 142508032
783 1.6029 142675968
784 1.6711 143376384
785 1.6127 143339520
786 1.6313 143618048
787 1.6639 143958016
788 1.6381 144265216
789 1.6521 144584704
790 1.6385 144924672
791 1.6477 145268736
792 1.6361 145571840
793 1.6893 146862080
794 1.6538 146309120
795 1.6504 146563072
796 1.6719 147582976
797 1.6792 147234816
798 1.6606 147542016
799 1.6884 147890176
800 1.6773 148484096