1 0.0031 8396800
2 0.0026 8384512
3 0.0038 8404992
4 0.0038 8417280
5 0.0032 8417280
6 0.004 8470528
7 0.0035 8466432
8 0.0031 8454144
9 0.0036 8474624
10 0.0032 8454144
11 0.0033 8458240
12 0.0035 8495104
13 0.0038 8499200
14 0.0053 8495104
15 0.0037 8507392
16 0.0058 8511488
17 0.0055 8511488
18 0.0051 8527872
19 0.004 8531968
20 0.004 8515584
21 0.0041 8548352
22 0.0064 8544256
23 0.0061 8556544
24 0.0048 8540160
25 0.0047 8568832
26 0.0054 8605696
27 0.0047 8552448
28 0.0071 8581120
29 0.0071 8585216
30 0.0052 8601600
31 0.0066 8601600
32 0.0051 8622080
33 0.0066 8642560
34 0.0054 8626176
35 0.0064 8622080
36 0.0055 8658944
37 0.0064 8658944
38 0.0065 8663040
39 0.0057 8646656
40 0.0062 8667136
41 0.0072 8716288
42 0.006 8708096
43 0.0062 8712192
44 0.0063 8720384
45 0.0073 8720384
46 0.0076 8716288
47 0.0082 8724480
48 0.0076 8740864
49 0.0088 8736768
50 0.0079 8753152
51 0.0073 8740864
52 0.0073 8744960
53 0.0073 8749056
54 0.0078 8761344
55 0.0076 8769536
56 0.0111 8794112
57 0.0074 8806400
58 0.0077 8806400
59 0.0081 8818688
60 0.0087 8814592
61 0.0083 8835072
62 0.0082 8843264
63 0.0087 8855552
64 0.0087 8859648
65 0.0114 8867840
66 0.0097 8871936
67 0.0131 8880128
68 0.0127 8921088
69 0.0089 8904704
70 0.0101 8896512
71 0.0118 8900608
72 0.0094 8900608
73 0.0095 8945664
74 0.0144 8941568
75 0.0102 8962048
76 0.0101 8966144
77 0.0106 8970240
78 0.0147 8966144
79 0.0135 9027584
80 0.0121 9027584
81 0.0174 9064448
82 0.0123 9031680
83 0.0146 9015296
84 0.0119 9048064
85 0.0119 9052160
86 0.0125 9048064
87 0.011 9056256
88 0.0115 9109504
89 0.0159 9080832
90 0.0123 9076736
91 0.0147 9125888
92 0.0143 9121792
93 0.0606 9121792
94 0.0155 9138176
95 0.0133 9129984
96 0.0152 9183232
97 0.0135 9179136
98 0.0133 9199616
99 0.0136 9195520
100 0.0139 9220096
101 0.0173 9216000
102 0.0163 9256960
103 0.0141 9269248
104 0.0131 9232384
105 0.0166 9285632
106 0.0176 9334784
107 0.0142 9285632
108 0.0174 9302016
109 0.014 9310208
110 0.0154 9326592
111 0.0142 9322496
112 0.0158 9322496
113 0.0151 9330688
114 0.0146 9342976
115 0.0183 9412608
116 0.0151 9388032
117 0.0156 9392128
118 0.0189 9371648
119 0.0208 9408512
120 0.0156 9420800
121 0.0176 9461760
122 0.0155 9441280
123 0.0167 9420800
124 0.0202 9461760
125 0.0186 9465856
126 0.02 9490432
127 0.0219 9523200
128 0.0173 9498624
129 0.0176 9519104
130 0.0198 9596928
131 0.0178 9564160
132 0.017 9539584
133 0.0176 9551872
134 0.0207 9617408
135 0.0243 9588736
136 0.0179 9629696
137 0.0218 9678848
138 0.0198 9646080
139 0.0195 9650176
140 0.0181 9629696
141 0.0209 9678848
142 0.0214 9703424
143 0.0192 9678848
144 0.0229 9715712
145 0.0223 9752576
146 0.0215 9736192
147 0.0207 9814016
148 0.0191 9723904
149 0.02 9723904
150 0.0232 9760768
151 0.0195 9773056
152 0.0212 9768960
153 0.0251 9863168
154 0.0231 9814016
155 0.0212 9773056
156 0.0209 9826304
157 0.024 9842688
158 0.0265 9908224
159 0.0247 9859072
160 0.0249 9875456
161 0.0216 9875456
162 0.0239 9900032
163 0.0214 9904128
164 0.0254 9945088
165 0.0259 9961472
166 0.0222 9932800
167 0.0262 9936896
168 0.0214 9973760
169 0.0252 9986048
170 0.0284 9977856
171 0.0229 9957376
172 0.0273 10010624
173 0.0228 10027008
174 0.0242 10022912
175 0.0237 10018816
176 0.0296 10051584
177 0.026 10051584
178 0.027 10059776
179 0.0269 10088448
180 0.0258 10080256
181 0.0245 10088448
182 0.0256 10121216
183 0.0266 10125312
184 0.0285 10125312
185 0.0278 10166272
186 0.0253 10145792
187 0.0298 10186752
188 0.0293 10186752
189 0.0283 10203136
190 0.0261 10199040
191 0.0269 10227712
192 0.0316 10248192
193 0.0308 10358784
194 0.0294 10231808
195 0.0277 10248192
196 0.0326 10346496
197 0.0305 10313728
198 0.0306 10334208
199 0.0273 10399744
200 0.0291 10354688
201 0.0292 10358784
202 0.0307 10416128
203 0.0333 10412032
204 0.0319 10534912
205 0.0295 10444800
206 0.0297 10436608
207 0.0285 10457088
208 0.0317 10481664
209 0.0348 10559488
210 0.032 10530816
211 0.0315 10530816
212 0.0293 10477568
213 0.0303 10526720
214 0.034 10563584
215 0.0346 10522624
216 0.0324 10604544
217 0.0338 10596352
218 0.035 10608640
219 0.0326 10575872
220 0.0313 10571776
221 0.0309 10584064
222 0.033 10625024
223 0.0356 10637312
224 0.0346 10719232
225 0.0407 10747904
226 0.0336 10629120
227 0.0358 10719232
228 0.035 10698752
229 0.0361 10698752
230 0.0368 10702848
231 0.0337 10702848
232 0.0345 10747904
233 0.0415 10776576
234 0.0337 10850304
235 0.037 10821632
236 0.0337 10797056
237 0.0423 10850304
238 0.0388 10801152
239 0.0384 10969088
240 0.0371 10907648
241 0.0368 10936320
242 0.0421 10924032
243 0.0367 10940416
244 0.039 10911744
245 0.0369 10985472
246 0.0383 10903552
247 0.0372 10948608
248 0.0411 11075584
249 0.0378 10956800
250 0.0392 10981376
251 0.0407 11022336
252 0.0374 11030528
253 0.0381 11051008
254 0.0401 11034624
255 0.0447 11067392
256 0.0461 11169792
257 0.038 11100160
258 0.0389 11145216
259 0.0407 11100160
260 0.0466 11149312
261 0.0434 11124736
262 0.0413 11194368
263 0.0433 11137024
264 0.0439 11272192
265 0.0433 11161600
266 0.0449 11276288
267 0.0424 11272192
268 0.0412 11239424
269 0.0413 11300864
270 0.0484 11300864
271 0.0452 11427840
272 0.0424 11382784
273 0.0482 11333632
274 0.0422 11464704
275 0.0455 11362304
276 0.0438 11436032
277 0.0465 11415552
278 0.0465 11452416
279 0.0428 11378688
280 0.0509 11472896
281 0.041 11497472
282 0.0447 11464704
283 0.0507 11493376
284 0.0502 11571200
285 0.0482 11526144
286 0.0435 11456512
287 0.0462 11517952
288 0.0501 11624448
289 0.0481 11595776
290 0.0504 11694080
291 0.0471 11546624
292 0.0448 11608064
293 0.0452 11575296
294 0.0481 11677696
295 0.0454 11685888
296 0.0544 11685888
297 0.0493 11677696
298 0.0507 11706368
299 0.0478 11722752
300 0.05 11776000
301 0.0509 11808768
302 0.0503 11853824
303 0.0547 11796480
304 0.0482 11792384
305 0.0499 11821056
306 0.0511 11784192
307 0.047 11857920
308 0.0487 11829248
309 0.0545 11919360
310 0.0552 11948032
311 0.0503 11878400
312 0.051 11960320
313 0.0517 11956224
314 0.0578 12013568
315 0.0559 12062720
316 0.0582 11968512
317 0.056 12029952
318 0.0494 12021760
319 0.0576 12029952
320 0.0533 12029952
321 0.0537 12054528
322 0.0518 12103680
323 0.0522 12124160
324 0.055 12124160
325 0.058 12214272
326 0.0544 12185600
327 0.0558 12128256
328 0.0568 12210176
329 0.0585 12316672
330 0.0614 12328960
331 0.0617 12275712
332 0.0604 12345344
333 0.0621 12333056
334 0.063 12447744
335 0.0611 12369920
336 0.0581 12443648
337 0.0573 12439552
338 0.0683 12455936
339 0.0594 12431360
340 0.0557 12349440
341 0.0547 12517376
342 0.0612 12394496
343 0.0585 12427264
344 0.062 12402688
345 0.0601 12460032
346 0.0587 12390400
347 0.0595 12517376
348 0.0559 12509184
349 0.0588 12591104
350 0.0605 12713984
351 0.0609 12750848
352 0.0588 12554240
353 0.0615 12619776
354 0.0633 12701696
355 0.061 12587008
356 0.0588 12632064
357 0.0643 12656640
358 0.0613 12701696
359 0.0585 12627968
360 0.0626 12877824
361 0.0631 12701696
362 0.0633 12910592
363 0.0602 12722176
364 0.0674 12787712
365 0.0629 12800000
366 0.0686 12763136
367 0.0611 12869632
368 0.0615 12873728
369 0.0704 12898304
370 0.0649 12935168
371 0.0666 13021184
372 0.0652 12988416
373 0.0631 13017088
374 0.0698 12992512
375 0.0664 13033472
376 0.0686 13021184
377 0.068 13119488
378 0.0671 13082624
379 0.0633 13037568
380 0.0659 13156352
381 0.0656 13058048
382 0.0663 13049856
383 0.0668 13160448
384 0.0695 13189120
385 0.0676 13193216
386 0.0693 13238272
387 0.0661 13213696
388 0.0722 13193216
389 0.0677 13312000
390 0.0719 13389824
391 0.0695 13287424
392 0.0691 13369344
393 0.0662 13377536
394 0.0688 13369344
395 0.0728 13463552
396 0.0747 13594624
397 0.073 13418496
398 0.0691 13418496
399 0.0736 13553664
400 0.0716 13475840
401 0.069 13496320
402 0.0782 13635584
403 0.0766 13545472
404 0.0781 13721600
405 0.0772 13553664
406 0.0711 13496320
407 0.0735 13594624
408 0.0764 13520896
409 0.0728 13672448
410 0.0759 13717504
411 0.0697 13729792
412 0.0778 13783040
413 0.0798 13922304
414 0.0717 13803520
415 0.0816 13803520
416 0.0841 13942784
417 0.0758 13856768
418 0.0753 13819904
419 0.076 13860864
420 0.0773 13910016
421 0.0804 14008320
422 0.0778 13971456
423 0.0835 14147584
424 0.0816 14000128
425 0.0789 13959168
426 0.0807 13963264
427 0.0718 13950976
428 0.0757 13996032
429 0.0782 13983744
430 0.082 14012416
431 0.0833 14028800
432 0.0841 14307328
433 0.0806 14118912
434 0.0827 14180352
435 0.078 14147584
436 0.0829 14381056
437 0.0782 14106624
438 0.0889 14229504
439 0.0837 14258176
440 0.084 14290944
441 0.1005 14290944
442 0.0881 14450688
443 0.0846 14192640
444 0.0835 14360576
445 0.0863 14336000
446 0.0846 14364672
447 0.0841 14540800
448 0.0812 14442496
449 0.0901 14413824
450 0.0887 14438400
451 0.0863 14450688
452 0.0819 14462976
453 0.0879 14483456
454 0.0844 14585856
455 0.0893 14610432
456 0.0919 14675968
457 0.0869 14835712
458 0.0925 14655488
459 0.0901 14684160
460 0.0859 14712832
461 0.0861 14737408
462 0.0844 14725120
463 0.0984 14704640
464 0.0904 14716928
465 0.0848 14688256
466 0.0903 14692352
467 0.0903 14815232
468 0.0887 14876672
469 0.0885 14917632
470 0.0907 14884864
471 0.0882 14905344
472 0.0909 14901248
473 0.0866 14852096
474 0.1009 15163392
475 0.0917 15101952
476 0.0869 14909440
477 0.0867 14917632
478 0.0922 14946304
479 0.0971 15020032
480 0.0986 15065088
481 0.0902 15081472
482 0.0976 15187968
483 0.0951 15142912
484 0.098 15134720
485 0.0896 15036416
486 0.0967 15192064
487 0.0989 15249408
488 0.0946 15261696
489 0.0979 15261696
490 0.0949 15241216
491 0.0914 15364096
492 0.0998 15327232
493 0.1002 15417344
494 0.0966 15269888
495 0.0942 15360000
496 0.0935 15384576
497 0.1015 15540224
498 0.0923 15491072
499 0.0939 15425536
500 0.0981 15597568
501 0.102 15548416
502 0.101 15511552
503 0.0994 15605760
504 0.107 15618048
505 0.1011 15638528
506 0.1021 15736832
507 0.0995 15605760
508 0.0973 15659008
509 0.1038 15589376
510 0.1021 15708160
511 0.0994 15716352
512 0.1108 15749120
513 0.0982 15724544
514 0.1006 15740928
515 0.1043 15814656
516 0.1022 15851520
517 0.1071 16023552
518 0.1025 15900672
519 0.1072 16023552
520 0.1025 15945728
521 0.1039 15982592
522 0.102 16011264
523 0.1112 15958016
524 0.1099 16060416
525 0.1121 16080896
526 0.1073 15962112
527 0.1028 16130048
528 0.1088 16113664
529 0.1061 16158720
530 0.1076 16052224
531 0.1133 16388096
532 0.1075 16248832
533 0.1183 16269312
534 0.1072 16302080
535 0.1094 16322560
536 0.1098 16293888
537 0.1108 16261120
538 0.1107 16334848
539 0.1072 16306176
540 0.1167 16412672
541 0.1051 16482304
542 0.1069 16437248
543 0.1173 16756736
544 0.1113 16568320
545 0.1139 16592896
546 0.114 16646144
547 0.113 16625664
548 0.1138 16506880
549 0.1057 16547840
550 0.118 16728064
551 0.1164 16900096
552 0.1118 16633856
553 0.1222 16793600
554 0.1102 16728064
555 0.1109 16642048
556 0.1124 16781312
557 0.1235 16822272
558 0.1196 16818176
559 0.1212 16908288
560 0.1213 16908288
561 0.1133 16822272
562 0.1135 16900096
563 0.1243 17076224
564 0.1187 16982016
565 0.1292 17039360
566 0.1271 17063936
567 0.1221 17113088
568 0.1177 17108992
569 0.1199 17051648
570 0.1203 17141760
571 0.1198 17305600
572 0.1253 17317888
573 0.1228 17534976
574 0.1316 17330176
575 0.1249 17281024
576 0.1372 17510400
577 0.1266 17489920
578 0.1261 17305600
579 0.1249 17248256
580 0.1218 17383424
581 0.1311 17510400
582 0.1264 17498112
583 0.1246 17571840
584 0.1268 17678336
585 0.1235 17530880
586 0.12 17469440
587 0.1271 17510400
588 0.1267 17559552
589 0.13 17612800
590 0.123 17588224
591 0.1312 17690624
592 0.1258 17649664
593 0.1235 17735680
594 0.1374 18006016
595 0.1267 17915904
596 0.1335 17928192
597 0.1305 17829888
598 0.1279 17883136
599 0.1295 17907712
600 0.1289 17870848
601 0.1306 18280448
602 0.1264 17932288
603 0.1327 18001920
604 0.1279 17977344
605 0.1268 17895424
606 0.1422 18259968
607 0.1313 18022400
608 0.1323 17981440
609 0.1304 17997824
610 0.1278 18071552
611 0.133 18149376
612 0.1402 18366464
613 0.1529 18489344
614 0.1441 18288640
615 0.1334 18186240
616 0.1381 18223104
617 0.1426 18268160
618 0.1399 18243584
619 0.1391 18378752
620 0.1393 18427904
621 0.1328 18411520
622 0.1341 18345984
623 0.142 18436096
624 0.1369 18415616
625 0.1388 18460672
626 0.148 18706432
627 0.1337 18448384
628 0.1356 18530304
629 0.1453 18649088
630 0.1398 18698240
631 0.1451 18657280
632 0.141 18710528
633 0.1352 18739200
634 0.1443 18771968
635 0.1436 18976768
636 0.1429 19038208
637 0.1501 18743296
638 0.1398 18837504
639 0.1377 18870272
640 0.1497 19005440
641 0.1434 18960384
642 0.1435 18956288
643 0.1486 18874368
644 0.1559 19394560
645 0.1412 19030016
646 0.1475 19234816
647 0.1482 19128320
648 0.1406 19156992
649 0.1508 19263488
650 0.1547 19181568
651 0.1528 19525632
652 0.1553 19419136
653 0.1497 19496960
654 0.1602 19263488
655 0.143 19234816
656 0.1502 19345408
657 0.153 19349504
658 0.1467 19537920
659 0.1483 19402752
660 0.1507 19456000
661 0.1518 19501056
662 0.1586 19685376
663 0.149 19537920
664 0.1458 19554304
665 0.1623 19554304
666 0.1501 19558400
667 0.1571 19656704
668 0.1496 19677184
669 0.1642 20013056
670 0.1499 19746816
671 0.1612 19841024
672 0.1516 19771392
673 0.1974 20090880
674 0.2062 20000768
675 0.1681 19927040
676 0.1584 20004864
677 0.1523 19886080
678 0.1654 20037632
679 0.158 19976192
680 0.1774 20471808
681 0.1593 19988480
682 0.1602 20045824
683 0.1788 20353024
684 0.1688 20484096
685 0.1671 20590592
686 0.1621 20189184
687 0.1555 20049920
688 0.1749 20168704
689 0.1638 20226048
690 0.1567 20312064
691 0.1621 20135936
692 0.17 20348928
693 0.1812 20770816
694 0.1641 20385792
695 0.1838 20418560
696 0.1681 20647936
697 0.1802 20635648
698 0.1635 20365312
699 0.1629 20492288
700 0.172 20582400
701 0.167 20652032
702 0.1777 20865024
703 0.179 20660224
704 0.1649 20672512
705 0.1736 20992000
706 0.1946 21307392
707 0.1695 21098496
708 0.1727 20660224
709 0.1763 20865024
710 0.1768 20852736
711 0.1907 21516288
712 0.1972 21311488
713 0.1812 21307392
714 0.1713 20983808
715 0.1757 21032960
716 0.195 21352448
717 0.2021 21204992
718 0.1691 21073920
719 0.1803 21106688
720 0.1818 21381120
721 0.1827 21508096
722 0.1856 21381120
723 0.1711 21262336
724 0.1819 21250048
725 0.1794 21557248
726 0.176 21278720
727 0.1894 21798912
728 0.1731 21319680
729 0.19 21819392
730 0.1903 21463040
731 0.1813 21630976
732 0.1744 21413888
733 0.1826 21774336
734 0.1851 21848064
735 0.1741 21565440
736 0.1954 22118400
737 0.176 21610496
738 0.1835 21594112
739 0.1737 21598208
740 0.1755 21647360
741 0.1858 21942272
742 0.1833 21794816
743 0.1791 21712896
744 0.1786 21831680
745 0.1871 21893120
746 0.1847 21823488
747 0.2064 22151168
748 0.1822 21983232
749 0.1852 22003712
750 0.1883 22003712
751 0.2198 22548480
752 0.211 22364160
753 0.19 22429696
754 0.1946 22556672
755 0.1894 22142976
756 0.183 22220800
757 0.1987 22282240
758 0.1839 22274048
759 0.2016 22482944
760 0.1976 22495232
761 0.1896 22413312
762 0.1999 22487040
763 0.1848 22327296
764 0.1888 22319104
765 0.1931 22462464
766 0.1981 22577152
767 0.1908 22589440
768 0.186 22585344
769 0.2213 22749184
770 0.22 22790144
771 0.1859 22659072
772 0.196 22761472
773 0.2089 22831104
774 0.2032 23105536
775 0.2049 23101440
776 0.2027 22818816
777 0.2037 22966272
778 0.2161 23314432
779 0.1966 22958080
780 0.2046 22974464
781 0.2442 23203840
782 0.2256 23339008
783 0.1923 23052288
784 0.2098 23080960
785 0.1989 23171072
786 0.2088 23109632
787 0.2183 23326720
788 0.2043 23359488
789 0.2233 23552000
790 0.2071 23449600
791 0.2027 23412736
792 0.2296 23605248
793 0.2313 23588864
794 0.2102 23367680
795 0.2 23371776
796 0.2018 23478272
797 0.2762 23728128
798 0.2727 23736320
799 0.2102 23699456
800 0.2208 23719936