1 0.038 10833920
2 0.0381 10850304
3 0.0384 10895360
4 0.0387 10899456
5 0.039 10924032
6 0.0399 10960896
7 0.0438 10989568
8 0.0403 10985472
9 0.0406 11038720
10 0.0413 11055104
11 0.0421 11063296
12 0.0458 11079680
13 0.0424 11108352
14 0.0456 11128832
15 0.0431 11120640
16 0.0447 11177984
17 0.0481 11190272
18 0.0479 11214848
19 0.045 11276288
20 0.0458 11276288
21 0.0455 11264000
22 0.0499 11309056
23 0.0472 11333632
24 0.0467 11354112
25 0.0484 11366400
26 0.0519 11390976
27 0.048 11415552
28 0.0503 11456512
29 0.0552 11485184
30 0.0501 11489280
31 0.0498 11526144
32 0.0519 11538432
33 0.0514 11587584
34 0.0509 11608064
35 0.0523 11636736
36 0.0529 11677696
37 0.0569 11694080
38 0.0571 11730944
39 0.0538 11776000
40 0.0542 11780096
41 0.056 11837440
42 0.0601 11878400
43 0.0565 11911168
44 0.0571 11939840
45 0.0573 11948032
46 0.0613 12013568
47 0.0586 12058624
48 0.0587 12079104
49 0.0609 12115968
50 0.0595 12148736
51 0.0612 12185600
52 0.0627 12214272
53 0.0617 12222464
54 0.0624 12267520
55 0.0639 12320768
56 0.0637 12341248
57 0.0645 12382208
58 0.0655 12431360
59 0.0651 12435456
60 0.0648 12505088
61 0.0665 12537856
62 0.0728 12718080
63 0.0713 12685312
64 0.0692 12693504
65 0.0727 12763136
66 0.0687 12824576
67 0.0743 12886016
68 0.0706 12865536
69 0.0753 12890112
70 0.072 12943360
71 0.0734 12963840
72 0.074 13017088
73 0.0734 13049856
74 0.0744 13094912
75 0.0756 13107200
76 0.0755 13180928
77 0.076 13230080
78 0.0779 13287424
79 0.0777 13307904
80 0.078 13357056
81 0.0798 13422592
82 0.0831 13459456
83 0.0811 13537280
84 0.0806 13574144
85 0.0825 13594624
86 0.0825 13664256
87 0.0836 13721600
88 0.0846 13778944
89 0.0844 13844480
90 0.0858 13910016
91 0.0863 13955072
92 0.0872 13971456
93 0.088 14077952
94 0.0905 14094336
95 0.0932 14184448
96 0.0947 14307328
97 0.1009 14286848
98 0.0913 14356480
99 0.0933 14364672
100 0.0943 14438400
101 0.0952 14475264
102 0.0993 14557184
103 0.0974 14618624
104 0.1 14659584
105 0.1024 14757888
106 0.097 14774272
107 0.0997 14831616
108 0.1001 14897152
109 0.1041 14929920
110 0.1019 14974976
111 0.1078 15155200
112 0.1032 15130624
113 0.1075 15183872
114 0.1046 15257600
115 0.106 15319040
116 0.109 15364096
117 0.1064 15429632
118 0.1087 15466496
119 0.1095 15532032
120 0.1099 15601664
121 0.1113 15654912
122 0.1119 15720448
123 0.1115 15794176
124 0.1121 15867904
125 0.1149 15921152
126 0.1157 15978496
127 0.1194 16056320
128 0.1156 16134144
129 0.1168 16183296
130 0.1186 16265216
131 0.1195 16338944
132 0.1197 16375808
133 0.1254 16449536
134 0.1234 16535552
135 0.1256 16588800
136 0.1285 16674816
137 0.1235 16703488
138 0.1252 16756736
139 0.1258 16838656
140 0.1275 16916480
141 0.1306 16990208
142 0.1308 17043456
143 0.1316 17141760
144 0.1327 17211392
145 0.1323 17297408
146 0.1364 17395712
147 0.1345 17477632
148 0.1363 17555456
149 0.1363 17645568
150 0.137 17715200
151 0.138 17793024
152 0.1382 17891328
153 0.1407 18006016
154 0.1418 18042880
155 0.1431 18120704
156 0.1438 18210816
157 0.1455 18288640
158 0.144 18378752
159 0.144 18464768
160 0.1462 18558976
161 0.1475 18571264
162 0.1496 18665472
163 0.1488 18743296
164 0.1502 18817024
165 0.1517 18898944
166 0.1556 18956288
167 0.1556 19034112
168 0.1569 19148800
169 0.1574 19206144
170 0.1601 19283968
171 0.188 19316736
172 0.1601 19439616
173 0.1628 19484672
174 0.164 19562496
175 0.1678 19685376
176 0.1628 19746816
177 0.1652 19812352
178 0.1675 19931136
179 0.1669 20037632
180 0.1738 20094976
181 0.1703 20193280
182 0.172 20262912
183 0.1756 20369408
184 0.1762 20434944
185 0.1777 20570112
186 0.1774 20643840
187 0.1804 20697088
188 0.1827 20815872
189 0.182 20901888
190 0.1828 21016576
191 0.1839 21094400
192 0.1871 21192704
193 0.1838 21250048
194 0.1847 21340160
195 0.1899 21463040
196 0.1965 21573632
197 0.189 21614592
198 0.1925 21766144
199 0.1925 21839872
200 0.1966 21921792
201 0.1971 22007808
202 0.1952 22069248
203 0.1999 22171648
204 0.1982 22282240
205 0.2017 22355968
206 0.2094 22470656
207 0.2289 22503424
208 0.207 22614016
209 0.209 22638592
210 0.2098 22700032
211 0.2086 22859776
212 0.2087 22921216
213 0.2113 23015424
214 0.2106 23076864
215 0.2112 23220224
216 0.2151 23302144
217 0.2136 23392256
218 0.2179 23461888
219 0.2232 23584768
220 0.2194 23695360
221 0.2191 23818240
222 0.2254 23920640
223 0.2212 23990272
224 0.2223 24084480
225 0.2241 24211456
226 0.2247 24313856
227 0.2298 24403968
228 0.2277 24506368
229 0.2263 24629248
230 0.2347 24719360
231 0.2378 24809472
232 0.2346 24899584
233 0.2346 25001984
234 0.2364 25083904
235 0.2359 25247744
236 0.2484 25362432
237 0.2394 25460736
238 0.2411 25522176
239 0.2427 25673728
240 0.2446 25763840
241 0.2503 25833472
242 0.2473 25956352
243 0.2465 26087424
244 0.2526 26189824
245 0.2544 26312704
246 0.2549 26423296
247 0.2601 26529792
248 0.2644 26640384
249 0.268 26763264
250 0.2562 26824704
251 0.2642 26935296
252 0.2613 27082752
253 0.2657 27160576
254 0.267 27279360
255 0.2704 27414528
256 0.2711 27508736
257 0.2662 27607040
258 0.2709 27766784
259 0.2775 27979776
260 0.2732 27992064
261 0.2794 28102656
262 0.2801 28217344
263 0.281 28323840
264 0.2773 28450816
265 0.2791 28557312
266 0.2846 28700672
267 0.2834 28778496
268 0.2842 28917760
269 0.2939 29196288
270 0.2897 29159424
271 0.2899 29257728
272 0.2906 29409280
273 0.296 29503488
274 0.2991 29614080
275 0.2923 29790208
276 0.2979 29896704
277 0.3131 30048256
278 0.3067 30126080
279 0.3044 30216192
280 0.2986 30388224
281 0.3025 30498816
282 0.3031 30617600
283 0.3036 30744576
284 0.3109 30834688
285 0.3106 30986240
286 0.3159 31129600
287 0.318 31404032
288 0.3135 31518720
289 0.321 31641600
290 0.3179 31797248
291 0.3214 31879168
292 0.3254 32030720
293 0.3351 32485376
294 0.3219 32251904
295 0.3251 32415744
296 0.3304 32481280
297 0.3357 32624640
298 0.3288 32772096
299 0.3342 32907264
300 0.3395 33038336
301 0.3441 33366016
302 0.3399 33325056
303 0.3383 33464320
304 0.3455 33587200
305 0.3406 33718272
306 0.3467 33820672
307 0.3526 34398208
308 0.3481 34127872
309 0.3492 34267136
310 0.3541 34385920
311 0.3549 34512896
312 0.3482 34664448
313 0.3582 34783232
314 0.3545 34889728
315 0.3622 35078144
316 0.3601 35201024
317 0.3636 35315712
318 0.3706 35479552
319 0.361 35606528
320 0.3708 36106240
321 0.3729 35885056
322 0.3848 36163584
323 0.371 36208640
324 0.373 36315136
325 0.3806 36458496
326 0.376 36610048
327 0.3731 36757504
328 0.3946 36884480
329 0.3806 37031936
330 0.3866 37294080
331 0.4014 37310464
332 0.3835 37429248
333 0.385 37593088
334 0.3876 37695488
335 0.3884 37896192
336 0.3978 38010880
337 0.395 38166528
338 0.399 38305792
339 0.3961 38445056
340 0.4092 38576128
341 0.3985 38735872
342 0.4013 38883328
343 0.4093 39051264
344 0.406 39198720
345 0.4212 39477248
346 0.4083 39489536
347 0.4266 39620608
348 0.4203 39788544
349 0.4142 39981056
350 0.4269 40226816
351 0.4211 40267776
352 0.4274 40435712
353 0.4312 40595456
354 0.4318 40755200
355 0.4276 40882176
356 0.4331 41054208
357 0.437 41259008
358 0.432 41385984
359 0.4438 41648128
360 0.4406 41705472
361 0.4436 42139648
362 0.4431 42029056
363 0.4479 42168320
364 0.4502 42377216
365 0.4448 42512384
366 0.4482 42655744
367 0.45 42844160
368 0.4668 43040768
369 0.4621 43315200
370 0.4625 43298816
371 0.4579 43479040
372 0.4674 43630592
373 0.4656 43794432
374 0.4863 44032000
375 0.4672 44089344
376 0.4783 44277760
377 0.479 44511232
378 0.4706 44642304
379 0.4772 44843008
380 0.4799 45010944
381 0.4835 45187072
382 0.4859 45334528
383 0.4899 45506560
384 0.4856 45662208
385 0.493 45817856
386 0.4879 45989888
387 0.4929 46198784
388 0.4912 46329856
389 0.4974 46518272
390 0.5008 46632960
391 0.5021 46845952
392 0.5058 47005696
393 0.5048 47153152
394 0.5052 47329280
395 0.5191 47493120
396 0.5265 47681536
397 0.5145 47849472
398 0.5205 48009216
399 0.5127 48185344
400 0.5178 48324608
401 0.5259 48488448
402 0.5294 48668672
403 0.54 48865280
404 0.53 49082368
405 0.5267 49217536
406 0.5274 49397760
407 0.5367 49565696
408 0.5404 49799168
409 0.5467 49938432
410 0.5613 50413568
411 0.5498 50298880
412 0.5469 50462720
413 0.5495 50778112
414 0.5441 50774016
415 0.5611 50974720
416 0.5606 51154944
417 0.5508 51355648
418 0.5587 51494912
419 0.5611 51683328
420 0.5647 51937280
421 0.566 52072448
422 0.5634 52260864
423 0.5648 52400128
424 0.5652 52617216
425 0.5886 52994048
426 0.5761 52961280
427 0.5797 53145600
428 0.5839 53350400
429 0.5797 53489664
430 0.5881 53731328
431 0.5818 53878784
432 0.5856 54054912
433 0.6028 54243328
434 0.5877 54439936
435 0.5912 54611968
436 0.6056 54837248
437 0.5993 55111680
438 0.6102 55619584
439 0.6008 55328768
440 0.6094 55533568
441 0.6116 55832576
442 0.6053 55914496
443 0.6149 56090624
444 0.6499 56852480
445 0.6374 56463360
446 0.6298 56651776
447 0.6136 56852480
448 0.6281 57020416
449 0.6325 57282560
450 0.6229 57450496
451 0.6321 57602048
452 0.6375 57761792
453 0.6483 57982976
454 0.6365 58195968
455 0.6378 58355712
456 0.6424 58552320
457 0.646 58716160
458 0.6552 58937344
459 0.6534 59133952
460 0.6623 59322368
461 0.6562 60059648
462 0.6504 59711488
463 0.6651 59883520
464 0.6547 60100608
465 0.6567 60276736
466 0.6642 60489728
467 0.6773 60686336
468 0.6734 61784064
469 0.6694 61964288
470 0.6686 61263872
471 0.6761 61472768
472 0.6812 61661184
473 0.6752 61865984
474 0.6805 62033920
475 0.6852 62263296
476 0.6902 62451712
477 0.6961 62648320
478 0.6995 62853120
479 0.7002 63496192
480 0.7014 63152128
481 0.6942 63303680
482 0.7048 63537152
483 0.7004 63746048
484 0.7097 63946752
485 0.7071 64761856
486 0.728 64356352
487 0.76 64561152
488 0.7203 64765952
489 0.7239 64974848
490 0.7142 65163264
491 0.7269 65339392
492 0.7347 66318336
493 0.7221 65789952
494 0.756 66654208
495 0.732 66568192
496 0.7314 66387968
497 0.7346 66588672
498 0.7356 66818048
499 0.7351 67014656
500 0.7378 67235840
501 0.7493 68210688
502 0.7609 67674112
503 0.7694 67858432
504 0.7752 68100096
505 0.7556 68268032
506 0.7524 68489216
507 0.7584 68718592
508 0.7714 68902912
509 0.7612 69107712
510 0.7645 69353472
511 0.7624 69558272
512 0.7857 69795840
513 0.7723 69976064
514 0.7829 70213632
515 0.7884 70463488
516 0.7968 70668288
517 0.7823 70885376
518 0.7931 71098368
519 0.788 71487488
520 0.8337 71532544
521 0.8015 72163328
522 0.7999 71966720
523 0.8241 72200192
524 0.8009 72372224
525 0.8186 72622080
526 0.8382 73023488
527 0.8177 73080832
528 0.8314 73891840
529 0.8323 73490432
530 0.8128 73703424
531 0.8239 73940992
532 0.8292 74174464
533 0.8263 74395648
534 0.8248 74584064
535 0.8409 74854400
536 0.8275 75055104
537 0.8501 75296768
538 0.8408 75522048
539 0.854 75755520
540 0.8399 75968512
541 0.8454 76185600
542 0.8672 76464128
543 0.8531 76623872
544 0.8562 76865536
545 0.8608 77082624
546 0.8583 77328384
547 0.8585 77516800
548 0.8856 77803520
549 0.8756 78049280
550 0.8954 79048704
551 0.8837 78417920
552 0.8856 78643200
553 0.8841 78901248
554 0.8858 79159296
555 0.8837 79368192
556 0.8824 79609856
557 0.9142 79822848
558 0.9036 80044032
559 0.9194 80343040
560 0.8931 80523264
561 0.895 80781312
562 0.911 81014784
563 0.9202 81235968
564 0.9277 81440768
565 0.9146 81707008
566 0.9248 81915904
567 0.9145 82182144
568 0.937 82395136
569 0.9279 82669568
570 0.9205 82833408
571 0.9411 83206144
572 0.9271 83349504
573 0.9511 83562496
574 0.9393 83787776
575 0.9483 84045824
576 0.9491 84332544
577 0.9422 84582400
578 0.9465 84893696
579 0.9742 85086208
580 0.9612 85286912
581 0.9567 85606400
582 0.9702 85770240
583 0.9719 86061056
584 0.9774 86380544
585 0.982 86519808
586 0.9777 86781952
587 0.981 87011328
588 0.9821 87224320
589 0.9832 87490560
590 0.9931 87756800
591 0.9881 88342528
592 1.0056 88240128
593 0.9975 88469504
594 1.0074 88698880
595 1.0077 88936448
596 1.0092 89190400
597 0.9935 89440256
598 0.9999 89694208
599 1.017 89931776
600 1.0207 90189824
601 1.0207 90427392
602 1.0147 91389952
603 1.0341 90996736
604 1.0212 91181056
605 1.0179 91471872
606 1.0247 92168192
607 1.0347 91947008
608 1.052 92762112
609 1.0355 92454912
610 1.0477 92676096
611 1.05 92962816
612 1.0588 93315072
613 1.0638 93499392
614 1.0605 93700096
615 1.0623 93990912
616 1.081 94265344
617 1.0504 94507008
618 1.0543 94707712
619 1.0701 95019008
620 1.0751 95256576
621 1.0758 95539200
622 1.0878 95780864
623 1.0716 96018432
624 1.0954 96301056
625 1.0925 96567296
626 1.0843 96768000
627 1.099 97042432
628 1.1033 97304576
629 1.1088 97607680
630 1.1155 97845248
631 1.1114 98316288
632 1.0988 98340864
633 1.1397 99176448
634 1.1036 98959360
635 1.1288 99155968
636 1.1458 99409920
637 1.1214 99647488
638 1.1305 99930112
639 1.1397 100392960
640 1.1193 100413440
641 1.1485 100728832
642 1.1726 100966400
643 1.1319 101253120
644 1.1298 101535744
645 1.1481 101748736
646 1.2196 102674432
647 1.2105 102539264
648 1.2037 103395328
649 1.1503 102858752
650 1.1706 103104512
651 1.1578 103395328
652 1.1763 103653376
653 1.1813 103923712
654 1.1823 104185856
655 1.1909 104443904
656 1.2344 104886272
657 1.1739 104964096
658 1.1936 105295872
659 1.2044 105611264
660 1.2016 105816064
661 1.2019 106094592
662 1.2121 106348544
663 1.2229 107192320
664 1.2139 106881024
665 1.1903 107167744
666 1.2295 107450368
667 1.2298 108040192
668 1.2334 108019712
669 1.2351 108306432
670 1.2522 108576768
671 1.2122 108822528
672 1.2351 109129728
673 1.2585 109391872
674 1.2263 109723648
675 1.2343 110088192
676 1.2215 110227456
677 1.2348 110456832
678 1.234 110772224
679 1.2691 110940160
680 1.2592 111333376
681 1.251 111603712
682 1.2539 111923200
683 1.2936 112177152
684 1.281 112476160
685 1.2627 112750592
686 1.2871 113070080
687 1.288 113352704
688 1.2696 113651712
689 1.2748 113889280
690 1.305 114548736
691 1.3039 114438144
692 1.3472 114720768
693 1.3025 115007488
694 1.2801 115318784
695 1.3165 115773440
696 1.355 115867648
697 1.3319 116174848
698 1.3203 116453376
699 1.2963 116703232
700 1.3345 117010432
701 1.327 117301248
702 1.3361 117587968
703 1.3422 117903360
704 1.3478 118194176
705 1.329 118489088
706 1.3296 118796288
707 1.3289 119103488
708 1.3304 119386112
709 1.3352 119693312
710 1.3617 119967744
711 1.3712 120279040
712 1.3547 120578048
713 1.3666 120913920
714 1.3702 121131008
715 1.3851 121417728
716 1.3635 121765888
717 1.3634 122032128
718 1.3922 122347520
719 1.3989 122621952
720 1.3806 123101184
721 1.3939 123236352
722 1.388 123596800
723 1.3906 123838464
724 1.4009 124203008
725 1.3956 124465152
726 1.4395 124805120
727 1.4023 125075456
728 1.4785 125370368
729 1.4356 125886464
730 1.4416 126758912
731 1.4416 126287872
732 1.4212 126607360
733 1.4252 126939136
734 1.462 127238144
735 1.4379 127848448
736 1.4504 128679936
737 1.4396 128139264
738 1.4679 128495616
739 1.4726 128774144
740 1.452 129171456
741 1.4509 129368064
742 1.4493 129679360
743 1.4821 130482176
744 1.4828 130297856
745 1.4688 131076096
746 1.507 130924544
747 1.487 131235840
748 1.4884 131526656
749 1.4928 131883008
750 1.5117 133414912
751 1.504 132485120
752 1.5042 132771840
753 1.534 133124096
754 1.5117 133427200
755 1.4967 133758976
756 1.4963 134041600
757 1.5358 134385664
758 1.5184 134676480
759 1.5352 134963200
760 1.5368 135311360
761 1.5274 136810496
762 1.5261 135925760
763 1.5639 136232960
764 1.562 136560640
765 1.562 136839168
766 1.568 137388032
767 1.5733 137506816
768 1.5792 138125312
769 1.608 139116544
770 1.571 138506240
771 1.5611 138907648
772 1.6042 139190272
773 1.586 139489280
774 1.5996 140017664
775 1.6109 140165120
776 1.5819 140816384
777 1.675 140722176
778 1.6397 141107200
779 1.6319 141402112
780 1.6258 142639104
781 1.6802 142454784
782 1.6832 142438400
783 1.595 143007744
784 1.6035 143003648
785 1.6043 143310848
786 1.6165 143659008
787 1.6509 144789504
788 1.646 144257024
789 1.6811 144617472
790 1.6499 145018880
791 1.6242 145276928
792 1.6324 145588224
793 1.6403 145911808
794 1.6796 146214912
795 1.6407 146628608
796 1.6752 146894848
797 1.676 147259392
798 1.6819 147566592
799 1.658 147861504
800 1.6988 148193280