1 0.042 10862592
2 0.042 10870784
3 0.0382 10891264
4 0.0387 10907648
5 0.0399 10919936
6 0.0399 10973184
7 0.0405 10969088
8 0.0408 11022336
9 0.0408 11010048
10 0.0447 11042816
11 0.0416 11042816
12 0.0426 11096064
13 0.0419 11108352
14 0.0421 11128832
15 0.049 11132928
16 0.0434 11141120
17 0.0451 11202560
18 0.0438 11194368
19 0.0444 11247616
20 0.0462 11264000
21 0.0462 11288576
22 0.0465 11317248
23 0.0465 11309056
24 0.0513 11345920
25 0.0478 11354112
26 0.0485 11386880
27 0.0482 11395072
28 0.0485 11452416
29 0.0494 11485184
30 0.0544 11489280
31 0.0499 11497472
32 0.0504 11554816
33 0.0502 11554816
34 0.051 11608064
35 0.0526 11628544
36 0.0561 11669504
37 0.0566 11689984
38 0.0535 11702272
39 0.0542 11759616
40 0.0552 11800576
41 0.0588 11841536
42 0.0565 11870208
43 0.0566 11907072
44 0.0566 11943936
45 0.0568 11952128
46 0.0585 12005376
47 0.0591 12046336
48 0.0596 12070912
49 0.0589 12120064
50 0.0639 12140544
51 0.0604 12152832
52 0.0613 12193792
53 0.0621 12247040
54 0.0624 12263424
55 0.063 12300288
56 0.063 12337152
57 0.0674 12394496
58 0.0652 12402688
59 0.0651 12435456
60 0.0653 12472320
61 0.0666 12533760
62 0.0671 12632064
63 0.0678 12656640
64 0.0678 12734464
65 0.0732 12759040
66 0.0729 12816384
67 0.0706 12816384
68 0.0714 12873728
69 0.0715 12914688
70 0.0707 12943360
71 0.0761 13004800
72 0.0728 13037568
73 0.0734 13058048
74 0.0737 13111296
75 0.0757 13131776
76 0.0751 13152256
77 0.0762 13221888
78 0.0762 13279232
79 0.0795 13283328
80 0.0786 13332480
81 0.0842 13524992
82 0.0789 13463552
83 0.0798 13524992
84 0.0854 13565952
85 0.0814 13574144
86 0.082 13635584
87 0.0845 13692928
88 0.0887 13783040
89 0.0838 13832192
90 0.0899 13926400
91 0.0903 13959168
92 0.0916 14020608
93 0.089 14065664
94 0.0895 14114816
95 0.0937 14188544
96 0.0905 14229504
97 0.0923 14270464
98 0.0913 14348288
99 0.0974 14393344
100 0.0928 14422016
101 0.0948 14503936
102 0.0961 14553088
103 0.0949 14630912
104 0.0974 14659584
105 0.099 14749696
106 0.0984 14749696
107 0.0987 14856192
108 0.0992 14921728
109 0.1005 14925824
110 0.1019 14999552
111 0.1052 15073280
112 0.104 15118336
113 0.1036 15200256
114 0.104 15216640
115 0.1061 15302656
116 0.1052 15368192
117 0.1071 15376384
118 0.1091 15446016
119 0.1138 15568896
120 0.1138 15593472
121 0.1097 15626240
122 0.11 15720448
123 0.1111 15802368
124 0.1278 15855616
125 0.1143 15884288
126 0.1192 15970304
127 0.1165 16052224
128 0.1171 16138240
129 0.1179 16187392
130 0.1188 16257024
131 0.1225 16330752
132 0.12 16408576
133 0.1234 16437248
134 0.123 16498688
135 0.127 16605184
136 0.1286 16670720
137 0.1244 16748544
138 0.1272 16793600
139 0.1262 16904192
140 0.1269 16945152
141 0.1319 16994304
142 0.1289 17063936
143 0.1292 17145856
144 0.1294 17182720
145 0.1361 17301504
146 0.1335 17391616
147 0.1349 17469440
148 0.1353 17555456
149 0.1353 17612800
150 0.1369 17715200
151 0.1368 17760256
152 0.1408 17883136
153 0.1391 17977344
154 0.1423 18038784
155 0.1455 18120704
156 0.1438 18194432
157 0.1451 18268160
158 0.1452 18382848
159 0.1517 18612224
160 0.1456 18522112
161 0.1473 18612224
162 0.1496 18673664
163 0.1531 18755584
164 0.1505 18849792
165 0.1524 18919424
166 0.1523 18997248
167 0.1537 19070976
168 0.1552 19136512
169 0.1571 19202048
170 0.1614 19283968
171 0.1623 19378176
172 0.1606 19468288
173 0.1615 19505152
174 0.1603 19582976
175 0.1644 19681280
176 0.1688 19795968
177 0.1683 19845120
178 0.1654 19951616
179 0.1674 19992576
180 0.1698 20107264
181 0.1741 20193280
182 0.1708 20271104
183 0.173 20381696
184 0.1773 20463616
185 0.1766 20586496
186 0.1767 20676608
187 0.1808 20733952
188 0.1801 20783104
189 0.18 20905984
190 0.1805 20979712
191 0.1837 21086208
192 0.1841 21196800
193 0.1849 21286912
194 0.1851 21372928
195 0.1862 21450752
196 0.1881 21549056
197 0.1892 21614592
198 0.1989 21856256
199 0.1915 21819392
200 0.1954 21946368
201 0.1997 22003712
202 0.1958 22097920
203 0.1992 22147072
204 0.2002 22269952
205 0.1992 22364160
206 0.2006 22437888
207 0.2004 22458368
208 0.2014 22577152
209 0.2053 22622208
210 0.2073 22691840
211 0.219 23142400
212 0.2113 22904832
213 0.2121 23015424
214 0.2131 23105536
215 0.2111 23179264
216 0.2212 23322624
217 0.2169 23379968
218 0.2157 23494656
219 0.2173 23588864
220 0.2184 23715840
221 0.2213 23818240
222 0.2249 23916544
223 0.2219 23986176
224 0.2382 24170496
225 0.2301 24530944
226 0.227 24301568
227 0.2289 24387584
228 0.2287 24506368
229 0.2289 24608768
230 0.2337 24715264
231 0.2357 24801280
232 0.2334 24915968
233 0.2363 25047040
234 0.235 25079808
235 0.2386 25255936
236 0.2396 25370624
237 0.2423 25452544
238 0.2416 25567232
239 0.2409 25673728
240 0.2529 25763840
241 0.254 26075136
242 0.2465 25976832
243 0.2505 26083328
244 0.2526 26161152
245 0.2509 26304512
246 0.2513 26415104
247 0.2538 26566656
248 0.2552 26636288
249 0.2551 26742784
250 0.2583 26841088
251 0.2635 26935296
252 0.2615 27058176
253 0.2632 27152384
254 0.2661 27250688
255 0.265 27353088
256 0.2686 27480064
257 0.2738 27725824
258 0.2706 27721728
259 0.2723 27873280
260 0.2727 27996160
261 0.2735 28098560
262 0.2758 28225536
263 0.2774 28327936
264 0.2803 28446720
265 0.2792 28536832
266 0.2918 28721152
267 0.2867 28794880
268 0.2878 28889088
269 0.2865 29032448
270 0.2867 29179904
271 0.2917 29294592
272 0.3 29593600
273 0.2918 29519872
274 0.2967 29609984
275 0.2938 29761536
276 0.2998 29863936
277 0.2955 30023680
278 0.3012 30126080
279 0.2999 30257152
280 0.3045 30371840
281 0.3024 30470144
282 0.3048 30580736
283 0.318 30883840
284 0.312 30875648
285 0.3131 31264768
286 0.3174 31100928
287 0.3125 31395840
288 0.3159 31526912
289 0.3203 31649792
290 0.3281 31846400
291 0.3337 31870976
292 0.3217 32030720
293 0.3208 32165888
294 0.3289 32350208
295 0.329 32407552
296 0.3273 32522240
297 0.3299 32661504
298 0.3402 33026048
299 0.3319 32886784
300 0.3364 33021952
301 0.3342 33198080
302 0.345 33320960
303 0.3385 33439744
304 0.3397 33570816
305 0.3426 33701888
306 0.3501 33845248
307 0.3577 34172928
308 0.349 34123776
309 0.3503 34299904
310 0.3513 34402304
311 0.3593 34566144
312 0.3509 34656256
313 0.3566 34762752
314 0.3594 34914304
315 0.3664 35065856
316 0.3616 35246080
317 0.3631 35344384
318 0.3628 35487744
319 0.3665 35606528
320 0.3817 35758080
321 0.3702 35897344
322 0.3805 36044800
323 0.3818 36278272
324 0.377 36302848
325 0.3837 36450304
326 0.379 36573184
327 0.3812 36745216
328 0.384 36884480
329 0.3846 37240832
330 0.3817 37187584
331 0.387 37314560
332 0.3899 37429248
333 0.3884 37593088
334 0.3957 37720064
335 0.3907 37900288
336 0.393 38019072
337 0.4003 38162432
338 0.3951 38289408
339 0.3976 38457344
340 0.4036 38567936
341 0.4112 38801408
342 0.4043 38891520
343 0.4082 39047168
344 0.4138 39444480
345 0.4117 39374848
346 0.4154 39473152
347 0.4204 39620608
348 0.4154 39776256
349 0.4277 39944192
350 0.4175 40120320
351 0.4211 40267776
352 0.4199 40394752
353 0.432 40587264
354 0.4289 40751104
355 0.4275 40886272
356 0.4331 41025536
357 0.427 41222144
358 0.4383 41381888
359 0.4397 41558016
360 0.4385 41648128
361 0.4437 41857024
362 0.441 41992192
363 0.4451 42180608
364 0.4494 42311680
365 0.4543 42614784
366 0.4534 42680320
367 0.4489 42823680
368 0.4562 42999808
369 0.4623 43646976
370 0.4543 43327488
371 0.4658 43626496
372 0.4595 43675648
373 0.4622 43810816
374 0.4811 44167168
375 0.4749 44122112
376 0.4758 44302336
377 0.4819 44462080
378 0.4775 44617728
379 0.4718 44785664
380 0.4784 44998656
381 0.4915 45178880
382 0.4794 45314048
383 0.4939 45686784
384 0.4909 45658112
385 0.4848 45830144
386 0.4972 46006272
387 0.4914 46129152
388 0.5088 46325760
389 0.4983 46518272
390 0.4971 46669824
391 0.5053 46858240
392 0.5007 47013888
393 0.5329 47206400
394 0.513 47329280
395 0.5123 47472640
396 0.5279 47685632
397 0.5117 47849472
398 0.5241 48017408
399 0.5178 48209920
400 0.5223 48340992
401 0.5175 48488448
402 0.5242 48726016
403 0.5218 48881664
404 0.5297 49025024
405 0.5275 49229824
406 0.5302 49393664
407 0.5384 49545216
408 0.5322 49778688
409 0.5461 49938432
410 0.541 50130944
411 0.5416 50274304
412 0.5379 50466816
413 0.5512 50651136
414 0.546 50810880
415 0.5559 50974720
416 0.5508 51163136
417 0.5522 51294208
418 0.5673 51503104
419 0.5732 51826688
420 0.5689 51847168
421 0.5728 52080640
422 0.5652 52244480
423 0.5658 52412416
424 0.5688 52609024
425 0.5787 52805632
426 0.573 52985856
427 0.5864 53145600
428 0.5845 53346304
429 0.587 53514240
430 0.5757 53714944
431 0.581 53874688
432 0.5847 54067200
433 0.5978 54231040
434 0.6018 54419456
435 0.597 54583296
436 0.5928 54800384
437 0.594 54951936
438 0.6122 55365632
439 0.6125 55349248
440 0.6064 55652352
441 0.6198 55713792
442 0.6076 55914496
443 0.6075 56086528
444 0.6189 56279040
445 0.6127 56430592
446 0.6171 56782848
447 0.6233 56848384
448 0.6177 57032704
449 0.6421 57221120
450 0.6226 57409536
451 0.6485 58396672
452 0.6367 57794560
453 0.6373 57978880
454 0.6674 58179584
455 0.6414 58363904
456 0.6455 58585088
457 0.6458 58740736
458 0.6506 58945536
459 0.6541 59109376
460 0.654 59305984
461 0.649 59498496
462 0.6562 59731968
463 0.6647 59891712
464 0.6664 60080128
465 0.6587 60293120
466 0.6578 60456960
467 0.6714 60690432
468 0.6667 60862464
469 0.6795 61083648
470 0.6788 61255680
471 0.6833 61444096
472 0.6867 62152704
473 0.6815 61865984
474 0.6943 62058496
475 0.6959 62410752
476 0.6885 62455808
477 0.6819 62656512
478 0.6902 62885888
479 0.7016 62984192
480 0.7148 63877120
481 0.6991 63336448
482 0.7282 64159744
483 0.7048 63750144
484 0.7007 63918080
485 0.7028 64159744
486 0.714 64356352
487 0.7149 64557056
488 0.7089 64765952
489 0.7238 64991232
490 0.7186 65134592
491 0.7438 65507328
492 0.7273 65597440
493 0.7334 65794048
494 0.727 65953792
495 0.7256 66158592
496 0.7365 66392064
497 0.7369 66637824
498 0.7327 66834432
499 0.7407 67018752
500 0.757 67248128
501 0.7515 67440640
502 0.7502 67637248
503 0.7536 67866624
504 0.7615 68538368
505 0.75 68288512
506 0.7954 68546560
507 0.7773 68702208
508 0.76 68907008
509 0.7575 69128192
510 0.763 69328896
511 0.7731 69865472
512 0.7744 69779456
513 0.7802 70004736
514 0.7782 70234112
515 0.7914 70430720
516 0.7909 70651904
517 0.7974 70914048
518 0.7839 71069696
519 0.7925 71380992
520 0.7992 71516160
521 0.7919 71761920
522 0.8047 71983104
523 0.8146 72200192
524 0.8135 72400896
525 0.812 72605696
526 0.8156 72855552
527 0.8303 73076736
528 0.8176 73388032
529 0.8204 73510912
530 0.8426 73744384
531 0.8168 73949184
532 0.832 74194944
533 0.8389 74506240
534 0.8366 74600448
535 0.8252 74854400
536 0.8356 75042816
537 0.8332 75292672
538 0.8429 75513856
539 0.8366 75751424
540 0.8489 75927552
541 0.8449 76189696
542 0.8635 76918784
543 0.8734 77164544
544 0.8618 76853248
545 0.8826 77082624
546 0.8683 77299712
547 0.8654 77545472
548 0.8743 77754368
549 0.8657 78004224
550 0.8902 78245888
551 0.8921 78438400
552 0.8881 78680064
553 0.9032 78893056
554 0.9096 79671296
555 0.9032 79376384
556 0.8929 79585280
557 0.9209 79835136
558 0.9081 80244736
559 0.8972 80900096
560 0.8945 80539648
561 0.9123 80769024
562 0.9019 80986112
563 0.9101 81223680
564 0.917 81444864
565 0.9051 81723392
566 0.9192 81936384
567 0.9243 82194432
568 0.9109 82399232
569 0.9319 82685952
570 0.9484 82903040
571 0.9264 83124224
572 0.9386 83345408
573 0.9453 83574784
574 0.9488 83955712
575 0.9827 84516864
576 0.9813 84627456
577 1.0055 84770816
578 0.9579 84824064
579 0.9608 85127168
580 0.9462 85331968
581 0.9532 85594112
582 0.9648 85843968
583 0.9789 86056960
584 0.9697 86867968
585 0.9931 86523904
586 0.9757 86990848
587 0.974 87011328
588 0.981 87236608
589 0.9898 87486464
590 0.9826 87826432
591 0.9893 88039424
592 1.0068 88645632
593 0.9987 88461312
594 0.9931 89255936
595 0.9933 88936448
596 0.995 89190400
597 1.0059 89415680
598 1.0089 89714688
599 1.027 89931776
600 1.0046 90202112
601 1.0456 91213824
602 1.0093 90689536
603 1.0336 90927104
604 1.0331 91496448
605 1.0196 91451392
606 1.0293 91787264
607 1.0267 91971584
608 1.0435 92200960
609 1.0428 92434432
610 1.0518 93163520
611 1.0334 92954624
612 1.0329 93204480
613 1.0519 94081024
614 1.1015 94023680
615 1.0693 93970432
616 1.0605 94298112
617 1.0665 94482432
618 1.0772 94724096
619 1.0811 95006720
620 1.064 95281152
621 1.0617 95543296
622 1.0646 95776768
623 1.08 96026624
624 1.075 96305152
625 1.0929 96534528
626 1.1362 97431552
627 1.0847 97046528
628 1.0848 97304576
629 1.0876 97615872
630 1.1157 97841152
631 1.111 98152448
632 1.1039 98394112
633 1.1163 98611200
634 1.0964 98914304
635 1.1565 99155968
636 1.1268 99434496
637 1.1091 99663872
638 1.119 99913728
639 1.1339 101093376
640 1.1208 100585472
641 1.1287 100716544
642 1.1292 100970496
643 1.1268 101257216
644 1.1307 101527552
645 1.1385 101777408
646 1.1395 102055936
647 1.1397 102342656
648 1.1482 102576128
649 1.1828 102854656
650 1.1815 103084032
651 1.1815 103354368
652 1.1794 103804928
653 1.1555 103919616
654 1.1641 104173568
655 1.1619 104464384
656 1.1826 105177088
657 1.1773 104988672
658 1.1765 105238528
659 1.2104 105537536
660 1.1736 105824256
661 1.1992 106102784
662 1.1831 106348544
663 1.2077 106647552
664 1.23 106950656
665 1.1942 107196416
666 1.2022 107450368
667 1.248 108781568
668 1.2081 107982848
669 1.2149 108310528
670 1.2429 109281280
671 1.2159 108847104
672 1.2164 109084672
673 1.2249 109404160
674 1.2224 109670400
675 1.2778 109932544
676 1.2275 110174208
677 1.2629 110489600
678 1.2376 110800896
679 1.2529 111075328
680 1.2385 111353856
681 1.2742 111603712
682 1.3255 111898624
683 1.2939 112623616
684 1.2519 112467968
685 1.2644 112750592
686 1.2759 113016832
687 1.2891 113410048
688 1.273 114327552
689 1.2753 113844224
690 1.2728 114155520
691 1.2867 115257344
692 1.3004 114753536
693 1.303 115032064
694 1.2907 115904512
695 1.2887 115564544
696 1.3284 115875840
697 1.2957 116174848
698 1.299 116428800
699 1.3424 116695040
700 1.3293 116998144
701 1.3064 117284864
702 1.3159 117628928
703 1.3161 117870592
704 1.346 118202368
705 1.324 118497280
706 1.3564 118812672
707 1.3356 119119872
708 1.3557 119967744
709 1.3334 119656448
710 1.3748 120119296
711 1.3658 120356864
712 1.3713 120586240
713 1.3508 120885248
714 1.3682 121425920
715 1.376 121450496
716 1.3623 121741312
717 1.3876 122032128
718 1.3807 122368000
719 1.4076 122638336
720 1.4037 122966016
721 1.3779 123240448
722 1.378 123572224
723 1.4116 123875328
724 1.387 124174336
725 1.3938 124452864
726 1.4123 124784640
727 1.4244 125157376
728 1.4217 125386752
729 1.459 126791680
730 1.4372 126103552
731 1.4376 126337024
732 1.4128 126640128
733 1.4402 126930944
734 1.4746 127234048
735 1.4547 127553536
736 1.438 127844352
737 1.4383 128155648
738 1.4774 128475136
739 1.5454 128802816
740 1.4725 129060864
741 1.4506 129388544
742 1.4712 129708032
743 1.49 130002944
744 1.4676 130408448
745 1.4886 130592768
746 1.4912 131727360
747 1.469 131244032
748 1.5057 131551232
749 1.4772 131903488
750 1.4865 132505600
751 1.4869 132706304
752 1.5391 132890624
753 1.5235 133132288
754 1.4955 133394432
755 1.5294 133750784
756 1.5053 134062080
757 1.5108 134377472
758 1.5088 134660096
759 1.5508 136237056
760 1.5148 135319552
761 1.562 135634944
762 1.5388 135954432
763 1.5215 136273920
764 1.5255 136564736
765 1.5358 137060352
766 1.5584 137191424
767 1.5473 137560064
768 1.6001 137957376
769 1.706 138379264
770 1.6066 138670080
771 1.6716 139001856
772 1.5675 139177984
773 1.641 139444224
774 1.5978 139808768
775 1.6034 140115968
776 1.5852 140423168
777 1.5815 140742656
778 1.5941 141090816
779 1.5928 141459456
780 1.5887 141701120
781 1.61 142454784
782 1.6162 142336000
783 1.6412 142643200
784 1.6305 143007744
785 1.6138 143306752
786 1.6522 143613952
787 1.6462 144273408
788 1.6486 145072128
789 1.6566 144605184
790 1.6245 144945152
791 1.6419 145354752
792 1.6798 145616896
793 1.6429 145911808
794 1.6762 146341888
795 1.6721 146550784
796 1.6599 146886656
797 1.6569 147243008
798 1.6841 147513344
799 1.7093 147886080
800 1.6576 148209664