1 0.0028 8388608
2 0.0027 8413184
3 0.0034 8425472
4 0.0039 8417280
5 0.0045 8450048
6 0.004 8474624
7 0.0032 8458240
8 0.0047 8445952
9 0.0034 8437760
10 0.0333 8499200
11 0.0043 8515584
12 0.0057 8503296
13 0.004 8503296
14 0.0037 8503296
15 0.0061 8540160
16 0.0039 8519680
17 0.0037 8495104
18 0.0062 8523776
19 0.0059 8531968
20 0.0056 8515584
21 0.0046 8548352
22 0.0052 8552448
23 0.0051 8560640
24 0.0068 8626176
25 0.0067 8585216
26 0.0055 8585216
27 0.0058 8589312
28 0.0047 8593408
29 0.0049 8593408
30 0.0052 8577024
31 0.0075 8605696
32 0.0058 8609792
33 0.0078 8626176
34 0.0062 8638464
35 0.0054 8638464
36 0.0084 8663040
37 0.0056 8663040
38 0.0056 8671232
39 0.009 8667136
40 0.0091 8691712
41 0.0059 8675328
42 0.0061 8708096
43 0.0094 8704000
44 0.0067 8728576
45 0.0063 8732672
46 0.0073 8736768
47 0.0067 8749056
48 0.0078 8773632
49 0.0098 8753152
50 0.0082 8765440
51 0.0105 8773632
52 0.011 8773632
53 0.0106 8769536
54 0.0083 8802304
55 0.0111 8794112
56 0.011 8839168
57 0.0078 8810496
58 0.0075 8810496
59 0.0077 8781824
60 0.008 8798208
61 0.0119 8855552
62 0.0091 8863744
63 0.0118 8863744
64 0.0081 8830976
65 0.0094 8888320
66 0.0103 8867840
67 0.0123 8884224
68 0.0089 8880128
69 0.0131 8904704
70 0.0111 8912896
71 0.0089 8925184
72 0.0139 8933376
73 0.0092 8937472
74 0.0136 8978432
75 0.0093 8966144
76 0.0141 8970240
77 0.0104 8970240
78 0.0106 8986624
79 0.0107 9003008
80 0.011 9007104
81 0.013 9023488
82 0.0105 9019392
83 0.011 9064448
84 0.0141 9093120
85 0.0301 9072640
86 0.0173 9101312
87 0.0117 9089024
88 0.011 9064448
89 0.0115 9101312
90 0.011 9101312
91 0.0123 9113600
92 0.0113 9125888
93 0.0159 9113600
94 0.0164 9129984
95 0.0115 9162752
96 0.0164 9183232
97 0.0168 9236480
98 0.0172 9248768
99 0.0123 9220096
100 0.0147 9211904
101 0.0131 9228288
102 0.0131 9256960
103 0.0126 9236480
104 0.018 9330688
105 0.0171 9297920
106 0.0156 9322496
107 0.0183 9359360
108 0.0175 9318400
109 0.0176 9289728
110 0.0137 9326592
111 0.0152 9355264
112 0.015 9322496
113 0.0146 9363456
114 0.0187 9363456
115 0.0162 9379840
116 0.0164 9379840
117 0.0145 9416704
118 0.0166 9441280
119 0.0146 9408512
120 0.0149 9416704
121 0.0172 9465856
122 0.0202 9494528
123 0.0157 9453568
124 0.0159 9482240
125 0.0157 9502720
126 0.0168 9535488
127 0.0155 9465856
128 0.0209 9588736
129 0.0169 9555968
130 0.0202 9560064
131 0.0198 9535488
132 0.0186 9560064
133 0.0178 9564160
134 0.0215 9605120
135 0.018 9621504
136 0.0225 9654272
137 0.022 9707520
138 0.0217 9662464
139 0.0171 9654272
140 0.0177 9691136
141 0.0192 9666560
142 0.0245 9728000
143 0.0234 9781248
144 0.0227 9707520
145 0.0183 9728000
146 0.0203 9768960
147 0.0196 9760768
148 0.0216 9764864
149 0.0187 9756672
150 0.0277 9834496
151 0.0187 9809920
152 0.019 9785344
153 0.0235 9789440
154 0.0195 9789440
155 0.0247 9854976
156 0.0241 9928704
157 0.0244 9879552
158 0.0224 9854976
159 0.0257 9900032
160 0.0208 9859072
161 0.0201 9846784
162 0.0225 9895936
163 0.0262 9957376
164 0.0223 9920512
165 0.0215 9990144
166 0.0249 9965568
167 0.0217 9940992
168 0.0237 9981952
169 0.0276 10055680
170 0.0274 10043392
171 0.0226 10018816
172 0.0226 10027008
173 0.0258 10031104
174 0.0231 10067968
175 0.0251 10059776
176 0.0261 10059776
177 0.023 10063872
178 0.025 10084352
179 0.0238 10072064
180 0.0292 10223616
181 0.029 10215424
182 0.024 10113024
183 0.0244 10166272
184 0.0287 10252288
185 0.0284 10162176
186 0.0292 10268672
187 0.0299 10194944
188 0.0317 10231808
189 0.0285 10199040
190 0.0312 10321920
191 0.0269 10301440
192 0.0263 10264576
193 0.0262 10375168
194 0.0307 10358784
195 0.0258 10268672
196 0.0307 10379264
197 0.0262 10301440
198 0.0301 10395648
199 0.0308 10399744
200 0.0306 10346496
201 0.0276 10416128
202 0.0322 10399744
203 0.0324 10424320
204 0.0356 10530816
205 0.032 10461184
206 0.0326 10551296
207 0.0277 10465280
208 0.0351 10559488
209 0.0344 10567680
210 0.0326 10534912
211 0.0279 10539008
212 0.0338 10539008
213 0.0346 10604544
214 0.0323 10567680
215 0.0297 10567680
216 0.0373 10678272
217 0.0355 10702848
218 0.0357 10670080
219 0.0354 10719232
220 0.0339 10649600
221 0.0403 10649600
222 0.0605 10743808
223 0.0361 10645504
224 0.0368 10768384
225 0.037 10739712
226 0.0346 10752000
227 0.0379 10797056
228 0.0312 10747904
229 0.0343 10825728
230 0.0341 10735616
231 0.0361 10752000
232 0.0375 10821632
233 0.0363 10797056
234 0.0392 10858496
235 0.0388 10911744
236 0.0379 10866688
237 0.0393 10846208
238 0.0414 10850304
239 0.0392 10924032
240 0.0334 10874880
241 0.0381 10903552
242 0.0383 11010048
243 0.0357 10952704
244 0.1037 10956800
245 0.0551 10977280
246 0.0392 11001856
247 0.0397 11096064
248 0.0453 11075584
249 0.0383 11018240
250 0.0436 11034624
251 0.0445 11100160
252 0.0406 11120640
253 0.0432 11161600
254 0.0426 11067392
255 0.0447 11145216
256 0.0435 11083776
257 0.0457 11227136
258 0.0362 11100160
259 0.044 11186176
260 0.0464 11214848
261 0.0436 11255808
262 0.0436 11280384
263 0.0477 11210752
264 0.0386 11247616
265 0.0473 11288576
266 0.0435 11390976
267 0.0427 11354112
268 0.0443 11354112
269 0.0463 11341824
270 0.044 11321344
271 0.0439 11374592
272 0.0437 11452416
273 0.0456 11403264
274 0.0451 11333632
275 0.0404 11350016
276 0.0448 11390976
277 0.0447 11456512
278 0.0489 11550720
279 0.0514 11505664
280 0.0559 11579392
281 0.0473 11612160
282 0.0459 11464704
283 0.0473 11485184
284 0.0476 11603968
285 0.0544 11644928
286 0.0512 11591680
287 0.0548 11640832
288 0.05 11624448
289 0.0497 11673600
290 0.0477 11616256
291 0.0436 11632640
292 0.048 11608064
293 0.0458 11706368
294 0.0537 11812864
295 0.051 11771904
296 0.0497 11763712
297 0.045 11665408
298 0.0499 11743232
299 0.0487 11751424
300 0.0567 11862016
301 0.049 11788288
302 0.0604 11898880
303 0.0564 11911168
304 0.0529 11866112
305 0.0493 11857920
306 0.0553 11968512
307 0.0506 11952128
308 0.0551 11923456
309 0.0523 11948032
310 0.0551 11988992
311 0.0533 12050432
312 0.0563 12054528
313 0.0543 12001280
314 0.056 12042240
315 0.0544 12103680
316 0.0529 12156928
317 0.0521 12029952
318 0.057 12058624
319 0.0623 12107776
320 0.0534 12046336
321 0.0531 12107776
322 0.0532 12095488
323 0.0542 12177408
324 0.0559 12148736
325 0.0544 12222464
326 0.058 12152832
327 0.0587 12242944
328 0.0616 12296192
329 0.0558 12320768
330 0.0599 12320768
331 0.0654 12312576
332 0.0562 12230656
333 0.0562 12337152
334 0.0612 12374016
335 0.0619 12300288
336 0.0658 12390400
337 0.0639 12324864
338 0.0593 12435456
339 0.0622 12431360
340 0.0619 12566528
341 0.0611 12410880
342 0.0636 12451840
343 0.0606 12513280
344 0.0628 12517376
345 0.0628 12517376
346 0.0635 12627968
347 0.0644 12611584
348 0.0641 12718080
349 0.0642 12517376
350 0.0649 12681216
351 0.0634 12730368
352 0.0617 12591104
353 0.0656 12734464
354 0.057 12603392
355 0.0578 12697600
356 0.0582 12619776
357 0.0577 12709888
358 0.0575 12734464
359 0.0576 12824576
360 0.0586 12775424
361 0.058 12877824
362 0.0593 12861440
363 0.0586 12898304
364 0.0594 12824576
365 0.0601 12947456
366 0.0594 12947456
367 0.0609 13012992
368 0.0602 13000704
369 0.0606 12861440
370 0.0601 12910592
371 0.0694 13099008
372 0.0676 13135872
373 0.0684 12980224
374 0.073 13103104
375 0.0757 13152256
376 0.0701 13225984
377 0.0664 13049856
378 0.0662 13099008
379 0.0667 13250560
380 0.0677 13291520
381 0.0745 13234176
382 0.0665 13090816
383 0.0718 13332480
384 0.0707 13262848
385 0.0751 13303808
386 0.0792 13393920
387 0.075 13254656
388 0.076 13369344
389 0.0791 13402112
390 0.0752 13303808
391 0.0708 13467648
392 0.069 13471744
393 0.0702 13484032
394 0.0718 13393920
395 0.0801 13545472
396 0.0735 13533184
397 0.0852 13553664
398 0.0775 13475840
399 0.0753 13545472
400 0.0758 13516800
401 0.0818 13451264
402 0.0782 13602816
403 0.0736 13557760
404 0.0762 13598720
405 0.0802 13713408
406 0.0765 13631488
407 0.0703 13553664
408 0.0827 13811712
409 0.0736 13746176
410 0.0842 13848576
411 0.083 13946880
412 0.0767 13918208
413 0.0835 13934592
414 0.0837 13959168
415 0.0768 13848576
416 0.0773 14008320
417 0.0896 14049280
418 0.0893 14016512
419 0.0724 13963264
420 0.0837 14032896
421 0.0832 14020608
422 0.0863 14077952
423 0.0844 14098432
424 0.0808 14008320
425 0.0867 14172160
426 0.0717 13910016
427 0.0839 14229504
428 0.0846 14135296
429 0.0812 14123008
430 0.0888 14209024
431 0.0742 14110720
432 0.0857 14393344
433 0.0886 14405632
434 0.0797 14127104
435 0.0872 14315520
436 0.0839 14372864
437 0.088 14319616
438 0.0946 14352384
439 0.0818 14196736
440 0.0765 14323712
441 0.0876 14331904
442 0.0838 14413824
443 0.0941 14475264
444 0.0896 14491648
445 0.0921 14561280
446 0.0912 14532608
447 0.0822 14405632
448 0.0967 14655488
449 0.0927 14630912
450 0.0894 14561280
451 0.0955 14684160
452 0.0887 14499840
453 0.0837 14569472
454 0.0812 14692352
455 0.0989 14635008
456 0.0922 14708736
457 0.1034 14745600
458 0.0889 14757888
459 0.0938 14864384
460 0.0934 14782464
461 0.0974 14864384
462 0.098 14868480
463 0.0906 14807040
464 0.0883 14753792
465 0.0986 14901248
466 0.0957 14753792
467 0.095 14819328
468 0.0939 14864384
469 0.0989 15024128
470 0.1002 15171584
471 0.1026 15175680
472 0.0974 15167488
473 0.0947 15204352
474 0.0978 15020032
475 0.0956 15081472
476 0.1013 15204352
477 0.1006 15167488
478 0.1036 15286272
479 0.1066 15220736
480 0.0997 15233024
481 0.1024 15187968
482 0.1122 15175680
483 0.0961 15462400
484 0.1009 15314944
485 0.099 15319040
486 0.1056 15355904
487 0.1102 15474688
488 0.1097 15421440
489 0.1031 15462400
490 0.1041 15495168
491 0.0991 15503360
492 0.0994 15523840
493 0.1078 15523840
494 0.1081 15601664
495 0.1115 15540224
496 0.1025 15462400
497 0.1072 15712256
498 0.1107 15728640
499 0.1086 15659008
500 0.1133 15544320
501 0.1051 15613952
502 0.1032 15687680
503 0.1043 15564800
504 0.1136 15790080
505 0.1068 15843328
506 0.1057 15794176
507 0.1141 15818752
508 0.1081 15933440
509 0.1096 15896576
510 0.1125 15904768
511 0.1151 15867904
512 0.1131 15921152
513 0.1139 15773696
514 0.1194 16166912
515 0.1155 15982592
516 0.1126 16027648
517 0.1177 16084992
518 0.1204 16162816
519 0.1184 16060416
520 0.1171 16146432
521 0.1206 16080896
522 0.1278 16211968
523 0.1159 16195584
524 0.1162 16183296
525 0.1264 16269312
526 0.1191 16367616
527 0.1227 16273408
528 0.1209 16375808
529 0.1244 16343040
530 0.1256 16445440
531 0.1214 16453632
532 0.1157 16400384
533 0.1177 16474112
534 0.118 16433152
535 0.1202 16498688
536 0.1317 16494592
537 0.1202 16494592
538 0.1216 16642048
539 0.1272 16764928
540 0.1262 16678912
541 0.1281 16666624
542 0.1163 16711680
543 0.1277 16764928
544 0.1282 16764928
545 0.1271 16691200
546 0.1225 16838656
547 0.1243 16781312
548 0.1269 16945152
549 0.1308 16973824
550 0.1191 16666624
551 0.1252 16785408
552 0.127 16973824
553 0.1245 16986112
554 0.1243 16953344
555 0.132 17043456
556 0.1313 16982016
557 0.1287 16986112
558 0.1276 17006592
559 0.1323 17063936
560 0.1386 17100800
561 0.1369 17145856
562 0.1386 17113088
563 0.1386 17190912
564 0.1245 17297408
565 0.1302 17240064
566 0.1304 17199104
567 0.1315 17182720
568 0.1302 17350656
569 0.1257 17235968
570 0.1328 17211392
571 0.1373 17420288
572 0.1392 17395712
573 0.1306 17448960
574 0.1311 17293312
575 0.1352 17559552
576 0.1288 17530880
577 0.1395 17637376
578 0.1372 17506304
579 0.1475 17563648
580 0.1334 17575936
581 0.1311 17707008
582 0.135 17702912
583 0.1373 17858560
584 0.1404 17723392
585 0.1378 17678336
586 0.1399 17788928
587 0.1379 17772544
588 0.1373 17920000
589 0.1421 17838080
590 0.1496 17866752
591 0.1325 17891328
592 0.1384 17928192
593 0.1391 17960960
594 0.1354 18006016
595 0.151 17956864
596 0.1428 18141184
597 0.1391 18116608
598 0.1502 18071552
599 0.1388 17965056
600 0.1462 18063360
601 0.1492 18071552
602 0.1544 18104320
603 0.1309 18259968
604 0.14 18128896
605 0.144 18292736
606 0.1466 18358272
607 0.146 18182144
608 0.1481 18325504
609 0.1487 18370560
610 0.149 18128896
611 0.1515 18444288
612 0.1402 18321408
613 0.1464 18411520
614 0.1471 18419712
615 0.1533 18513920
616 0.1404 18276352
617 0.1458 18407424
618 0.1455 18587648
619 0.1553 18571264
620 0.1447 18444288
621 0.1558 18681856
622 0.1527 18673664
623 0.1546 18792448
624 0.1542 18812928
625 0.1575 18808832
626 0.1583 18665472
627 0.1523 18857984
628 0.1654 18821120
629 0.1644 18808832
630 0.1607 18882560
631 0.157 18886656
632 0.1587 19038208
633 0.1552 19009536
634 0.1649 18952192
635 0.1639 18968576
636 0.149 19083264
637 0.1633 19034112
638 0.1539 19075072
639 0.1582 19034112
640 0.1591 19185664
641 0.1674 19111936
642 0.157 19025920
643 0.1566 19218432
644 0.1646 19148800
645 0.1442 19369984
646 0.1642 19324928
647 0.1652 19345408
648 0.1635 19390464
649 0.1762 19562496
650 0.1604 19447808
651 0.1689 19456000
652 0.1591 19271680
653 0.169 19488768
654 0.1598 19456000
655 0.1578 19640320
656 0.1731 19578880
657 0.1634 19644416
658 0.162 19722240
659 0.1774 19652608
660 0.1781 19730432
661 0.1661 19648512
662 0.1697 19881984
663 0.1701 19812352
664 0.169 19980288
665 0.1716 19755008
666 0.1688 19775488
667 0.1678 20004864
668 0.1639 19984384
669 0.1735 20041728
670 0.1696 19865600
671 0.1751 20029440
672 0.1743 20389888
673 0.175 19996672
674 0.175 20119552
675 0.1629 20021248
676 0.1708 20361216
677 0.1855 20279296
678 0.1657 20242432
679 0.1771 20152320
680 0.1741 20221952
681 0.1804 20242432
682 0.1774 20344832
683 0.1829 20226048
684 0.1721 20410368
685 0.1787 20336640
686 0.1815 20492288
687 0.172 20402176
688 0.1812 20414464
689 0.1716 20418560
690 0.1752 20455424
691 0.184 20676608
692 0.1814 20791296
693 0.1824 20676608
694 0.1864 20647936
695 0.1818 20660224
696 0.1955 20635648
697 0.1812 20819968
698 0.1757 20926464
699 0.1822 20824064
700 0.1925 20951040
701 0.1819 20791296
702 0.1759 21028864
703 0.1953 20918272
704 0.1828 20643840
705 0.1885 21127168
706 0.1801 21090304
707 0.1872 21204992
708 0.189 21065728
709 0.1915 21262336
710 0.1957 21110784
711 0.2012 21299200
712 0.1931 21192704
713 0.1861 21241856
714 0.1923 21311488
715 0.1998 21192704
716 0.1888 21237760
717 0.1918 21270528
718 0.2053 21450752
719 0.1954 21430272
720 0.1976 21417984
721 0.1932 21278720
722 0.1911 21385216
723 0.1951 21520384
724 0.194 21479424
725 0.1816 21352448
726 0.1963 21508096
727 0.2028 21458944
728 0.1884 21630976
729 0.2033 21639168
730 0.2039 21721088
731 0.1948 21676032
732 0.1974 21991424
733 0.1934 21757952
734 0.203 21803008
735 0.1912 21962752
736 0.2087 21819392
737 0.2276 21872640
738 0.1924 21970944
739 0.2042 21954560
740 0.2012 21995520
741 0.205 22142976
742 0.1949 21995520
743 0.2085 22048768
744 0.2011 22106112
745 0.1992 22396928
746 0.2041 22081536
747 0.2058 22204416
748 0.2051 22372352
749 0.2011 22278144
750 0.1935 22446080
751 0.2104 22368256
752 0.2148 22372352
753 0.2129 22335488
754 0.2148 22523904
755 0.2111 22544384
756 0.2051 22777856
757 0.2073 22585344
758 0.2092 22482944
759 0.2106 22605824
760 0.206 22577152
761 0.2073 22728704
762 0.2129 22867968
763 0.2098 22659072
764 0.2209 22831104
765 0.1955 22712320
766 0.2184 22814720
767 0.1999 22867968
768 0.2163 22900736
769 0.2216 22913024
770 0.205 22794240
771 0.2184 22958080
772 0.2258 23150592
773 0.2167 23044096
774 0.2187 23265280
775 0.2126 23273472
776 0.2242 23126016
777 0.2154 23285760
778 0.2183 23105536
779 0.2255 23339008
780 0.2127 23375872
781 0.2243 23302144
782 0.2007 23220224
783 0.1995 23502848
784 0.1965 23576576
785 0.1958 23543808
786 0.1985 23437312
787 0.2003 23379968
788 0.2076 23552000
789 0.218 23470080
790 0.223 23535616
791 0.2301 23584768
792 0.225 23683072
793 0.226 23633920
794 0.2196 23531520
795 0.2284 23896064
796 0.2224 23801856
797 0.2325 23826432
798 0.2077 23699456
799 0.2303 23793664
800 0.2388 23859200