1 0.0367 10838016
2 0.0417 10829824
3 0.0425 10870784
4 0.0474 10891264
5 0.0444 10887168
6 0.0417 10911744
7 0.0439 10964992
8 0.0469 10981376
9 0.0419 10985472
10 0.0446 11038720
11 0.0433 11051008
12 0.0438 11055104
13 0.0452 11104256
14 0.0492 11132928
15 0.0519 11120640
16 0.0496 11132928
17 0.0455 11161600
18 0.0487 11239424
19 0.051 11198464
20 0.0515 11309056
21 0.0478 11329536
22 0.054 11341824
23 0.0533 11309056
24 0.0505 11341824
25 0.0571 11362304
26 0.0517 11350016
27 0.0534 11407360
28 0.0561 11427840
29 0.0538 11423744
30 0.0516 11452416
31 0.0545 11493376
32 0.0532 11530240
33 0.0546 11546624
34 0.0566 11571200
35 0.0569 11620352
36 0.0618 11620352
37 0.0544 11616256
38 0.0591 11689984
39 0.0596 11653120
40 0.063 11706368
41 0.0616 11702272
42 0.0587 11730944
43 0.0566 11771904
44 0.058 11771904
45 0.0629 11821056
46 0.0612 11841536
47 0.0591 11829248
48 0.0594 11886592
49 0.0662 11898880
50 0.0578 11907072
51 0.0617 11935744
52 0.0629 11943936
53 0.0629 12021760
54 0.0676 12046336
55 0.067 12079104
56 0.0639 12103680
57 0.0653 12148736
58 0.0633 12165120
59 0.0658 12185600
60 0.0677 12222464
61 0.0675 12226560
62 0.0699 12234752
63 0.072 12279808
64 0.0688 12210176
65 0.0668 12328960
66 0.0745 12300288
67 0.0715 12292096
68 0.0681 12300288
69 0.0756 12410880
70 0.0732 12353536
71 0.0703 12468224
72 0.0724 12587008
73 0.0691 12423168
74 0.0775 12451840
75 0.0732 12443648
76 0.0797 12615680
77 0.0758 12496896
78 0.0806 12599296
79 0.0751 12632064
80 0.0783 12566528
81 0.0739 12689408
82 0.0747 12644352
83 0.0754 12640256
84 0.076 12664832
85 0.077 12677120
86 0.0766 12746752
87 0.0769 12763136
88 0.0797 12722176
89 0.0785 12861440
90 0.0825 12914688
91 0.0775 12840960
92 0.0786 12840960
93 0.0822 12918784
94 0.0842 12984320
95 0.0992 13017088
96 0.0852 13012992
97 0.0816 12976128
98 0.0822 13029376
99 0.0804 12951552
100 0.0801 13021184
101 0.0868 13058048
102 0.0858 13201408
103 0.091 13262848
104 0.0829 13111296
105 0.0863 13131776
106 0.0873 13135872
107 0.0825 13160448
108 0.089 13258752
109 0.0879 13254656
110 0.0874 13221888
111 0.0862 13291520
112 0.0904 13266944
113 0.0899 13324288
114 0.0931 13312000
115 0.0885 13373440
116 0.0942 13381632
117 0.0888 13393920
118 0.0966 13467648
119 0.0915 13479936
120 0.095 13467648
121 0.0944 13561856
122 0.0946 13520896
123 0.094 13570048
124 0.0913 13533184
125 0.0955 13586432
126 0.0928 13590528
127 0.0943 13606912
128 0.0962 13623296
129 0.1005 13840384
130 0.0966 13680640
131 0.097 13701120
132 0.1003 13692928
133 0.1004 13819904
134 0.0986 13770752
135 0.1012 13930496
136 0.1016 13807616
137 0.1035 13910016
138 0.0988 13856768
139 0.1073 13877248
140 0.1016 14008320
141 0.1026 14012416
142 0.1013 14036992
143 0.1047 13979648
144 0.1043 14016512
145 0.1035 14065664
146 0.1052 14135296
147 0.1078 14127104
148 0.1065 14245888
149 0.1047 14135296
150 0.1102 14184448
151 0.1053 14184448
152 0.1079 14270464
153 0.1063 14249984
154 0.1119 14368768
155 0.1095 14274560
156 0.1079 14262272
157 0.1106 14389248
158 0.1219 14372864
159 0.1132 14491648
160 0.1099 14360576
161 0.1128 14381056
162 0.1123 14532608
163 0.1157 14503936
164 0.1155 14442496
165 0.1164 14467072
166 0.1184 14483456
167 0.1195 14569472
168 0.1181 14594048
169 0.115 14540800
170 0.1162 14651392
171 0.1182 14700544
172 0.1155 14647296
173 0.1187 14675968
174 0.1222 14761984
175 0.1184 14733312
176 0.1153 14708736
177 0.1203 14733312
178 0.1376 14901248
179 0.1224 14770176
180 0.1233 14790656
181 0.1246 14807040
182 0.1189 14815232
183 0.1234 14856192
184 0.1307 14888960
185 0.1203 14929920
186 0.1334 14925824
187 0.128 14938112
188 0.1229 14999552
189 0.1334 14995456
190 0.1311 15147008
191 0.1254 15032320
192 0.1301 15073280
193 0.1275 15110144
194 0.1271 15216640
195 0.123 15077376
196 0.1332 15114240
197 0.1328 15138816
198 0.1317 15200256
199 0.1323 15224832
200 0.1327 15245312
201 0.1312 15249408
202 0.1316 15339520
203 0.1298 15286272
204 0.136 15331328
205 0.1317 15302656
206 0.1406 15491072
207 0.1388 15421440
208 0.1458 15544320
209 0.1352 15409152
210 0.1422 15523840
211 0.1343 15548416
212 0.1771 15515648
213 0.2119 15564800
214 0.2128 15572992
215 0.1752 15691776
216 0.1438 15708160
217 0.1858 15712256
218 0.1884 15650816
219 0.1427 15634432
220 0.1611 15646720
221 0.1713 15761408
222 0.1556 15716352
223 0.1703 15798272
224 0.1526 15720448
225 0.1616 15802368
226 0.1626 15949824
227 0.1479 15802368
228 0.1544 15904768
229 0.1826 15880192
230 0.1575 16044032
231 0.1945 15958016
232 0.1546 16072704
233 0.1633 15962112
234 0.1567 15962112
235 0.158 15982592
236 0.1751 16199680
237 0.1477 16015360
238 0.1621 16171008
239 0.1669 16244736
240 0.1622 16142336
241 0.16 16220160
242 0.1527 16252928
243 0.1704 16297984
244 0.1506 16171008
245 0.1851 16359424
246 0.1608 16244736
247 0.1543 16273408
248 0.1575 16310272
249 0.1556 16338944
250 0.1848 16404480