1 0.2005 21778432
2 0.1855 21426176
3 0.206 21712896
4 0.1849 21430272
5 0.1865 21610496
6 0.2096 21549056
7 0.1972 21864448
8 0.191 21487616
9 0.1893 21581824
10 0.1936 21590016
11 0.1917 21929984
12 0.1915 21827584
13 0.1907 21716992
14 0.1885 21741568
15 0.1961 21725184
16 0.1923 21889024
17 0.1902 21766144
18 0.1955 21934080
19 0.1946 21991424
20 0.1978 22167552
21 0.1934 22130688
22 0.2108 22065152
23 0.2203 22265856
24 0.2049 22257664
25 0.2095 22142976
26 0.2127 22392832
27 0.2253 22458368
28 0.2113 22249472
29 0.2212 22216704
30 0.2282 22175744
31 0.2353 22814720
32 0.2418 22757376
33 0.2204 22548480
34 0.215 22511616
35 0.2237 22773760
36 0.2261 22716416
37 0.2199 22511616
38 0.2093 22589440
39 0.2073 22671360
40 0.214 22749184
41 0.2201 22941696
42 0.21 22827008
43 0.2362 22880256
44 0.2504 22945792
45 0.2176 22917120
46 0.2278 23269376
47 0.2292 23171072
48 0.2148 23007232
49 0.2273 23101440
50 0.2379 23093248
51 0.2138 23060480
52 0.2167 23060480
53 0.2303 23158784
54 0.2231 23130112
55 0.2485 23453696
56 0.2246 23633920
57 0.2142 23171072
58 0.213 23322624
59 0.2528 23396352
60 0.2185 23220224
61 0.2172 23252992
62 0.2165 23273472
63 0.2256 23416832
64 0.2206 23425024
65 0.2282 23617536
66 0.2203 23326720
67 0.2271 23670784
68 0.2276 23367680
69 0.2241 23547904
70 0.2227 23375872
71 0.226 23547904
72 0.2258 23556096
73 0.2435 23658496
74 0.2294 23633920
75 0.2216 23494656
76 0.2244 23539712
77 0.225 23662592
78 0.2378 23773184
79 0.2246 23719936
80 0.2227 23560192
81 0.2239 23609344
82 0.2272 23732224
83 0.23 23748608
84 0.2243 23629824
85 0.2312 23695360
86 0.2275 23822336
87 0.2374 23851008
88 0.2331 23719936
89 0.2287 23715840
90 0.2771 23859200
91 0.2414 23822336
92 0.2504 23797760
93 0.2418 23973888
94 0.2456 23916544
95 0.2378 23867392
96 0.2394 24043520
97 0.258 24010752
98 0.2418 24096768
99 0.2627 24174592
100 0.2429 24080384
101 0.2408 24420352
102 0.2353 24113152
103 0.2684 24154112
104 0.2387 24174592
105 0.2298 24174592
106 0.248 24051712
107 0.2324 24039424
108 0.2395 24215552
109 0.2434 24129536
110 0.2399 24322048
111 0.235 24096768
112 0.2306 24133632
113 0.2383 24285184
114 0.2357 24150016
115 0.236 24338432
116 0.2305 24322048
117 0.2653 24432640
118 0.2431 24297472
119 0.2406 24547328
120 0.2396 24317952
121 0.2462 24510464
122 0.2435 24449024
123 0.2342 24502272
124 0.238 24489984
125 0.237 24371200
126 0.2381 24371200
127 0.2386 24518656
128 0.2445 24612864
129 0.2798 24555520
130 0.2632 24784896
131 0.2667 24547328
132 0.2557 24514560
133 0.247 24662016
134 0.2473 24997888
135 0.2484 24678400
136 0.243 24588288
137 0.2486 24756224
138 0.255 24956928
139 0.2509 24805376
140 0.2509 24850432
141 0.2587 25006080
142 0.2499 24702976
143 0.2462 24875008
144 0.2551 24817664
145 0.2515 24870912
146 0.2603 24993792
147 0.2605 24895488
148 0.2591 25104384
149 0.2692 25325568
150 0.261 25382912
151 0.25 25128960
152 0.2666 25047040
153 0.2812 25382912
154 0.3034 25227264
155 0.2585 25411584
156 0.2595 25088000
157 0.2512 25120768
158 0.2761 25165824
159 0.254 25387008
160 0.2544 25079808
161 0.256 25362432
162 0.2467 25116672
163 0.269 25186304
164 0.2471 25120768
165 0.2497 25145344
166 0.2667 25235456
167 0.2912 25387008
168 0.2571 25341952
169 0.2632 25444352
170 0.2632 25325568
171 0.3087 25808896
172 0.2641 25509888
173 0.251 25309184
174 0.2607 25436160
175 0.2522 25321472
176 0.2543 25722880
177 0.2529 25370624
178 0.2645 25395200
179 0.2525 25395200
180 0.2599 25587712
181 0.2597 25481216
182 0.2527 25600000
183 0.2619 25686016
184 0.2651 25800704
185 0.265 25763840
186 0.2645 25718784
187 0.2573 25550848
188 0.2644 25980928
189 0.2764 25833472
190 0.2607 25804800
191 0.2825 25829376
192 0.2712 25743360
193 0.2603 25686016
194 0.2623 25694208
195 0.2689 25907200
196 0.2596 25714688
197 0.2583 25886720
198 0.2687 25776128
199 0.2653 25767936
200 0.3029 25878528
201 0.2689 25976832
202 0.2703 25849856
203 0.2976 26316800
204 0.2926 26300416
205 0.2801 25960448
206 0.3139 25968640
207 0.2773 26324992
208 0.2885 26112000
209 0.2696 26079232
210 0.2959 26009600
211 0.2673 26120192
212 0.2631 26148864
213 0.265 26230784
214 0.2682 26243072
215 0.2688 26222592
216 0.2641 26107904
217 0.2693 26279936
218 0.272 26267648
219 0.2715 26152960
220 0.2787 26345472
221 0.2804 26390528
222 0.2764 26292224
223 0.2825 26386432
224 0.2804 26300416
225 0.2696 26292224
226 0.2806 26664960
227 0.2744 26443776
228 0.2786 26349568
229 0.275 26501120
230 0.2824 26791936
231 0.275 26427392
232 0.2841 26664960
233 0.3068 26554368
234 0.2755 26615808
235 0.2834 26550272
236 0.2979 26738688
237 0.2986 26783744
238 0.2819 26701824
239 0.2911 26714112
240 0.3175 26628096
241 0.2901 26849280
242 0.3033 26714112
243 0.3191 26718208
244 0.3445 27058176
245 0.3137 26890240
246 0.3069 26771456
247 0.2797 26894336
248 0.3026 26923008
249 0.2975 26812416
250 0.294 26939392
251 0.313 27037696
252 0.3468 26914816
253 0.2762 26947584
254 0.2839 26959872
255 0.2958 26910720
256 0.2842 27095040
257 0.2902 26972160
258 0.2876 27041792
259 0.2954 26963968
260 0.2973 27160576
261 0.2946 27152384
262 0.2857 27000832
263 0.292 27463680
264 0.287 27041792
265 0.2882 27213824
266 0.2943 27201536
267 0.3074 27320320
268 0.2883 27103232
269 0.3023 27414528
270 0.3124 27541504
271 0.2906 27226112
272 0.3004 27254784
273 0.2828 27222016
274 0.2846 27373568
275 0.2825 27246592
276 0.2893 27299840
277 0.2889 27410432
278 0.2813 27308032
279 0.2943 27516928
280 0.3103 27414528
281 0.2821 27357184
282 0.2932 27377664
283 0.2915 27381760
284 0.2827 27557888
285 0.2907 27451392
286 0.2974 27746304
287 0.2834 27463680
288 0.2953 27639808
289 0.295 27533312
290 0.2875 27561984
291 0.2967 27688960
292 0.297 27709440
293 0.3001 27664384
294 0.2926 27766784
295 0.2945 27643904
296 0.2875 27803648
297 0.301 28045312
298 0.2985 27840512
299 0.289 27856896
300 0.3029 27734016
301 0.2958 27873280
302 0.2939 27815936
303 0.3061 27992064
304 0.2981 27799552
305 0.2913 27979776
306 0.309 27906048
307 0.2977 27893760
308 0.2947 27914240
309 0.3029 28176384
310 0.2968 27979776
311 0.2941 28073984
312 0.3024 28123136
313 0.3025 28143616
314 0.2971 28180480
315 0.3033 28192768
316 0.3334 28164096
317 0.3135 28332032
318 0.3174 28573696
319 0.3032 28254208
320 0.3053 28299264
321 0.3021 28168192
322 0.2996 28192768
323 0.3134 28459008
324 0.3065 28356608
325 0.3099 28409856
326 0.299 28233728
327 0.3044 28401664
328 0.3142 28585984
329 0.3063 28442624
330 0.304 28487680
331 0.3144 28381184
332 0.3019 28360704
333 0.3386 28512256
334 0.3761 28540928
335 0.3668 28569600
336 0.3796 28540928
337 0.3495 28676096
338 0.3302 28635136
339 0.3221 28594176
340 0.3737 28684288
341 0.3839 28651520
342 0.3653 28684288
343 0.3719 28717056
344 0.3587 28737536
345 0.3399 28729344
346 0.3055 28651520
347 0.3068 28684288
348 0.304 28704768
349 0.3128 28975104
350 0.3048 28712960
351 0.3066 28733440
352 0.3123 28815360
353 0.3062 28803072
354 0.3065 28819456
355 0.3161 29024256
356 0.3174 29282304
357 0.3124 28999680
358 0.3266 29036544
359 0.3121 29347840
360 0.3147 29216768
361 0.3148 29073408
362 0.3075 29089792
363 0.3097 28962816
364 0.3142 29102080
365 0.3626 29143040
366 0.3284 29106176
367 0.3667 29212672
368 0.3231 29347840
369 0.3176 29192192
370 0.3217 29270016
371 0.3202 29245440
372 0.3281 29220864
373 0.32 29274112
374 0.3151 29147136
375 0.3248 29401088
376 0.3301 29310976
377 0.3129 29343744
378 0.3273 29671424
379 0.3241 29503488
380 0.3148 29286400
381 0.3263 29364224
382 0.3225 29528064
383 0.3198 29478912
384 0.3262 29388800
385 0.3212 29372416
386 0.3305 29466624
387 0.3301 29487104
388 0.3212 29560832
389 0.3285 29614080
390 0.3255 29458432
391 0.3191 29626368
392 0.3299 29765632
393 0.3248 29626368
394 0.3337 29798400
395 0.3243 29548544
396 0.3198 29724672
397 0.3737 29704192
398 0.3432 29966336
399 0.3607 29818880
400 0.3246 29638656
401 0.3547 29782016
402 0.337 29827072
403 0.378 29728768
404 0.3885 29827072
405 0.3544 29880320
406 0.3315 29896704
407 0.3813 29954048
408 0.3902 29995008
409 0.3456 29839360
410 0.3372 29851648
411 0.3651 30052352
412 0.3645 29962240
413 0.3483 29962240
414 0.3428 29999104
415 0.3263 30060544
416 0.3405 30113792
417 0.3353 30003200
418 0.3506 30302208
419 0.3421 30183424
420 0.3473 30138368
421 0.3397 30347264
422 0.3576 30191616
423 0.3322 30097408
424 0.3627 30433280
425 0.3343 30121984
426 0.3353 30306304
427 0.3514 30494720
428 0.3432 30380032
429 0.3484 30408704
430 0.3555 30269440
431 0.3486 30613504
432 0.3502 30662656
433 0.3409 30302208
434 0.3515 30351360
435 0.3738 30507008
436 0.3444 30769152
437 0.3518 30363648
438 0.3741 30859264
439 0.3397 30511104
440 0.3394 30416896
441 0.3388 30453760
442 0.3397 30457856
443 0.3457 30466048
444 0.3389 30769152
445 0.3481 30646272
446 0.3443 30658560
447 0.3555 30666752
448 0.3453 30670848
449 0.3479 31092736
450 0.3448 30720000
451 0.3445 30629888
452 0.3818 30707712
453 0.3768 30859264
454 0.3504 30662656
455 0.3547 30711808
456 0.3582 30711808
457 0.38 30765056
458 0.3559 31076352
459 0.3595 30994432
460 0.3938 30806016
461 0.3505 30830592
462 0.3804 30941184
463 0.3587 31100928
464 0.3541 30973952
465 0.3613 30986240
466 0.3673 30978048
467 0.4283 31027200
468 0.3506 30945280
469 0.3753 31096832
470 0.4292 31088640
471 0.3877 31043584
472 0.3667 31002624
473 0.3725 31223808
474 0.3639 31158272
475 0.3657 31485952
476 0.3636 31342592
477 0.3598 31309824
478 0.3918 31293440
479 0.425 31440896
480 0.3628 31301632
481 0.3762 31326208
482 0.38 31326208
483 0.361 31195136
484 0.3742 31367168
485 0.3489 31408128
486 0.3706 31629312
487 0.3725 31342592
488 0.3605 31490048
489 0.3527 31449088
490 0.3804 31485952
491 0.3574 31358976
492 0.367 31846400
493 0.3815 31453184
494 0.3605 31563776
495 0.3611 31518720
496 0.3742 31510528
497 0.404 31621120
498 0.3854 31752192
499 0.3772 31539200
500 0.3959 31686656
501 0.3768 31698944
502 0.3593 31608832
503 0.3657 31711232
504 0.3658 31723520
505 0.3621 31645696
506 0.3745 31698944
507 0.375 31846400
508 0.3704 31711232
509 0.3882 31789056
510 0.369 31772672
511 0.4126 31809536
512 0.3671 31907840
513 0.3702 32137216
514 0.3839 31916032
515 0.385 31961088
516 0.3822 32116736
517 0.4068 32018432
518 0.3823 32067584
519 0.3689 32010240
520 0.4305 31997952
521 0.3872 32210944
522 0.3723 32030720
523 0.3781 31989760
524 0.3871 32010240
525 0.3699 32108544
526 0.3729 32038912
527 0.367 31940608
528 0.3914 32153600
529 0.3815 32182272
530 0.3673 32145408
531 0.3843 32292864
532 0.3778 32432128
533 0.3893 32247808
534 0.3683 32083968
535 0.3708 32210944
536 0.3842 32182272
537 0.3913 32403456
538 0.3739 32268288
539 0.3852 32190464
540 0.3901 32329728
541 0.3957 32387072
542 0.3807 32403456
543 0.3684 32387072
544 0.3742 32268288
545 0.3711 32264192
546 0.3936 32595968
547 0.3921 32530432
548 0.3828 32526336
549 0.3919 32550912
550 0.3774 32382976
551 0.391 32612352
552 0.3806 32522240
553 0.3884 32497664
554 0.3933 32763904
555 0.3884 32542720
556 0.3828 32636928
557 0.393 32747520
558 0.3946 33001472
559 0.3856 32583680
560 0.3879 32739328
561 0.3977 32669696
562 0.3947 32772096
563 0.4266 32772096
564 0.3822 32874496
565 0.4137 32768000
566 0.3895 32935936
567 0.3804 32841728
568 0.3895 32714752
569 0.3921 32854016
570 0.3861 32894976
571 0.3984 32956416
572 0.4104 33169408
573 0.3864 33017856
574 0.4169 33067008
575 0.4061 33034240
576 0.3936 33001472
577 0.4567 33259520
578 0.3969 33251328
579 0.3861 33443840
580 0.3926 33165312
581 0.3976 33312768
582 0.3964 33333248
583 0.4443 33251328
584 0.4416 33247232
585 0.4158 33275904
586 0.4045 33255424
587 0.3887 33280000
588 0.3941 33341440
589 0.3976 33345536
590 0.4199 33308672
591 0.3954 33533952
592 0.4308 33361920
593 0.4268 33447936
594 0.4613 33447936
595 0.455 33443840
596 0.4778 33480704
597 0.4592 33480704
598 0.395 33509376
599 0.4097 33521664
600 0.3864 33558528
601 0.3855 33443840
602 0.3863 33607680
603 0.3948 33611776
604 0.392 33611776
605 0.4007 33615872
606 0.3915 33742848
607 0.4917 33660928
608 0.4079 33751040
609 0.4093 33812480
610 0.4042 33898496
611 0.4807 33693696
612 0.4803 33800192
613 0.4101 33763328
614 0.4083 33755136
615 0.4049 33828864
616 0.409 33882112
617 0.4058 33853440
618 0.4181 33910784
619 0.4542 33820672
620 0.4491 34058240
621 0.4172 33923072
622 0.4201 33890304
623 0.4377 34017280
624 0.4082 34004992
625 0.3998 33869824
626 0.4156 34021376
627 0.4143 33984512
628 0.3989 33910784
629 0.4186 33980416
630 0.4397 34222080
631 0.4214 34074624
632 0.4834 34107392
633 0.4665 34234368
634 0.5044 34160640
635 0.422 34197504
636 0.4689 34189312
637 0.4113 34258944
638 0.4477 34263040
639 0.4109 34222080
640 0.4197 34181120
641 0.4198 34344960
642 0.4128 34181120
643 0.4095 34238464
644 0.4194 34410496
645 0.4026 34242560
646 0.4048 34402304
647 0.4128 34529280
648 0.4218 34639872
649 0.4132 34430976
650 0.4231 34467840
651 0.4104 34373632
652 0.4104 34619392
653 0.4076 34541568
654 0.4055 34422784
655 0.4166 34672640
656 0.4245 34689024
657 0.4279 34713600
658 0.4071 34627584
659 0.4142 34648064
660 0.4126 34537472
661 0.4176 34734080
662 0.4192 34729984
663 0.4069 34705408
664 0.4136 34734080
665 0.4112 34734080
666 0.4146 34787328
667 0.4084 34766848
668 0.412 34676736
669 0.4389 34840576
670 0.4208 35078144
671 0.4126 34934784
672 0.42 34893824
673 0.4105 34775040
674 0.4111 34861056
675 0.4101 35024896
676 0.4137 34897920
677 0.4214 35012608
678 0.4114 34947072
679 0.4226 35225600
680 0.4163 34988032
681 0.4201 35135488
682 0.4242 35229696
683 0.4188 35176448
684 0.4157 35061760
685 0.4143 35053568
686 0.4258 35291136
687 0.4159 35246080
688 0.4123 35102720
689 0.4178 35291136
690 0.4187 35299328
691 0.4223 35151872
692 0.4266 35213312
693 0.4242 35201024
694 0.4212 35237888
695 0.4251 35250176
696 0.4156 35287040
697 0.4182 35442688
698 0.4234 35368960
699 0.417 35323904
700 0.425 35352576
701 0.4257 35618816
702 0.4274 35565568
703 0.4255 35520512
704 0.4263 35430400
705 0.4281 35737600
706 0.4282 35631104
707 0.4281 35733504
708 0.4213 35500032
709 0.4453 35627008
710 0.4303 35758080
711 0.4335 35852288
712 0.4282 35557376
713 0.426 35721216
714 0.4229 35745792
715 0.4339 35647488
716 0.4299 35733504
717 0.4292 35799040
718 0.4397 35995648
719 0.4263 35794944
720 0.4328 35774464
721 0.4377 35831808
722 0.4242 35868672
723 0.4284 35868672
724 0.4294 35901440
725 0.4433 36179968
726 0.4333 35811328
727 0.4282 35803136
728 0.4266 35979264
729 0.4346 35995648
730 0.4351 35860480
731 0.4943 36040704
732 0.4377 35913728
733 0.5422 36159488
734 0.4512 36216832
735 0.4366 35966976
736 0.4496 36052992
737 0.4335 36225024
738 0.4432 36220928
739 0.4374 36233216
740 0.4415 36106240
741 0.4464 36569088
742 0.4387 36331520
743 0.4374 36311040
744 0.4898 36356096
745 0.4408 36380672
746 0.4451 36237312
747 0.4357 36397056
748 0.4472 36376576
749 0.4438 36298752
750 0.4476 36552704
751 0.4422 36446208
752 0.4569 36454400
753 0.4458 36548608
754 0.4604 36556800
755 0.6092 36474880
756 0.6298 36618240
757 0.4335 36429824
758 0.4383 36589568
759 0.4507 36782080
760 0.4524 36696064
761 0.4508 36900864
762 0.4797 36732928
763 0.5051 36700160
764 0.4616 36544512
765 0.4493 36696064
766 0.4794 36823040
767 0.4608 37027840
768 0.4938 36831232
769 0.4758 36892672
770 0.4814 36974592
771 0.4489 36683776
772 0.4614 36892672
773 0.4601 36839424
774 0.4513 36728832
775 0.4707 36970496
776 0.4589 36954112
777 0.47 36921344
778 0.4501 36827136
779 0.4624 36974592
780 0.4765 37203968
781 0.4955 37117952
782 0.4726 37179392
783 0.453 36896768
784 0.45 36913152
785 0.4775 37113856
786 0.4528 36962304
787 0.4599 37314560
788 0.488 37179392
789 0.4536 37187584
790 0.467 37146624
791 0.4653 37163008
792 0.469 37105664
793 0.4644 37203968
794 0.4649 37244928
795 0.4616 37253120
796 0.4672 37347328
797 0.4584 37289984
798 0.4645 37367808
799 0.4613 37326848
800 0.4792 37527552