1 0.0233 10051584
2 0.0252 10055680
3 0.0264 10067968
4 0.0274 10055680
5 0.0253 10067968
6 0.0254 10088448
7 0.0255 10072064
8 0.0249 10088448
9 0.0284 10100736
10 0.0267 10100736
11 0.025 10080256
12 0.0263 10133504
13 0.0241 10100736
14 0.0276 10149888
15 0.0273 10145792
16 0.0278 10153984
17 0.0265 10170368
18 0.0302 10194944
19 0.031 10194944
20 0.0291 10211328
21 0.0275 10223616
22 0.0268 10219520
23 0.0272 10199040
24 0.0286 10235904
25 0.0265 10244096
26 0.0296 10272768
27 0.0313 10260480
28 0.0279 10276864
29 0.0307 10293248
30 0.0322 10350592
31 0.0285 10326016
32 0.0274 10354688
33 0.0279 10334208
34 0.0291 10428416
35 0.0303 10375168
36 0.0316 10395648
37 0.0493 10452992
38 0.0334 10428416
39 0.0447 10444800
40 0.0335 10436608
41 0.0396 10452992
42 0.0355 10534912
43 0.033 10473472
44 0.0318 10522624
45 0.0293 10514432
46 0.0287 10530816
47 0.0289 10551296
48 0.0332 10571776
49 0.032 10588160
50 0.0348 10596352
51 0.0298 10616832
52 0.0325 10633216
53 0.0341 10649600
54 0.0329 10653696
55 0.0345 10739712
56 0.0332 10719232
57 0.0338 10731520
58 0.0352 10743808
59 0.0341 10743808
60 0.0336 10743808
61 0.0338 10825728
62 0.0336 10833920
63 0.0344 10809344
64 0.0384 10883072
65 0.0349 10891264
66 0.0349 10928128
67 0.0374 10952704
68 0.0369 10960896
69 0.0396 10989568
70 0.0366 11034624
71 0.0417 11018240
72 0.0368 11046912
73 0.0378 11075584
74 0.0376 11083776
75 0.0437 11149312
76 0.0522 11157504
77 0.0429 11173888
78 0.0406 11190272
79 0.0401 11190272
80 0.0395 11243520
81 0.0382 11206656
82 0.0389 11239424
83 0.0415 11309056
84 0.042 11345920
85 0.0425 11390976
86 0.0434 11390976
87 0.04 11407360
88 0.0461 11452416
89 0.0478 11485184
90 0.0429 11464704
91 0.0493 11513856
92 0.049 11542528
93 0.0449 11530240
94 0.048 11550720
95 0.0494 11612160
96 0.0443 11665408
97 0.042 11677696
98 0.0453 11665408
99 0.0442 11714560
100 0.0529 11735040
101 0.0453 11833344
102 0.0518 11776000
103 0.0461 11816960
104 0.0492 11829248
105 0.0506 11874304
106 0.0527 11907072
107 0.0531 11919360
108 0.0514 11956224
109 0.0466 11993088
110 0.0468 12013568
111 0.0523 12058624
112 0.0486 12046336
113 0.0512 12099584
114 0.0531 12144640
115 0.0526 12181504
116 0.0511 12214272
117 0.0513 12230656
118 0.0502 12251136
119 0.0507 12320768
120 0.0552 12324864
121 0.0535 12369920
122 0.0538 12398592
123 0.0593 12410880
124 0.0538 12476416
125 0.0528 12443648
126 0.0574 12517376
127 0.0549 12513280
128 0.0555 12546048
129 0.0602 12607488
130 0.0557 12701696
131 0.0552 12718080
132 0.0573 12775424
133 0.0613 12771328
134 0.0621 12832768
135 0.0565 12853248
136 0.0579 12849152
137 0.0578 12963840
138 0.0581 12959744
139 0.0658 13017088
140 0.0616 13021184
141 0.0616 13058048
142 0.0644 13099008
143 0.0595 13131776
144 0.061 13205504
145 0.0625 13246464
146 0.065 13266944
147 0.0651 13303808
148 0.0645 13348864
149 0.0643 13443072
150 0.0638 13389824
151 0.0645 13443072
152 0.0666 13463552
153 0.0668 13516800
154 0.0691 13619200
155 0.0672 13619200
156 0.0705 13627392
157 0.0658 13684736
158 0.0664 13709312
159 0.0691 13774848
160 0.0682 13770752
161 0.0742 13791232
162 0.0761 13864960
163 0.0738 13905920
164 0.077 13942784
165 0.0707 13955072
166 0.0734 14024704
167 0.0721 14090240
168 0.0735 14090240
169 0.0759 14163968
170 0.0737 14217216
171 0.0816 14245888
172 0.0779 14311424
173 0.0765 14290944
174 0.0755 14315520
175 0.078 14446592
176 0.0784 14434304
177 0.0754 14409728
178 0.0788 14499840
179 0.0785 14548992
180 0.086 14569472
181 0.0774 14557184
182 0.0778 14618624
183 0.0803 14696448
184 0.0796 14708736
185 0.0857 14737408
186 0.0827 14782464
187 0.0821 14835712
188 0.0859 14876672
189 0.0866 15003648
190 0.0877 14962688
191 0.0906 15040512
192 0.0909 15081472
193 0.0819 15073280
194 0.0915 15147008
195 0.0892 15196160
196 0.0887 15220736
197 0.0865 15302656
198 0.0869 15294464
199 0.0917 15310848
200 0.0896 15437824
201 0.0904 15425536
202 0.0927 15532032
203 0.0969 15568896
204 0.0911 15568896
205 0.0896 15605760
206 0.0943 15691776
207 0.0933 15716352
208 0.101 15884288
209 0.0927 15831040
210 0.0969 15888384
211 0.095 15978496
212 0.099 16015360
213 0.102 16052224
214 0.0961 16138240
215 0.0978 16162816
216 0.097 16175104
217 0.1015 16265216
218 0.1022 16261120
219 0.0991 16371712
220 0.1045 16429056
221 0.1092 16523264
222 0.106 16547840
223 0.1005 16629760
224 0.1075 16629760
225 0.1112 16678912
226 0.1104 16773120
227 0.1033 16814080
228 0.1038 16867328
229 0.1086 16920576
230 0.1086 17018880
231 0.1083 17088512
232 0.1147 17219584
233 0.1072 17199104
234 0.1097 17207296
235 0.1121 17235968
236 0.1163 17285120
237 0.1173 17383424
238 0.1103 17395712
239 0.1123 17440768
240 0.1126 17580032
241 0.1113 17543168
242 0.1213 17653760
243 0.1136 17604608
244 0.1211 17788928
245 0.1189 17858560
246 0.1149 17833984
247 0.1244 17862656
248 0.1268 18083840
249 0.117 17948672
250 0.1245 18038784
251 0.1408 18161664
252 0.1198 18149376
253 0.131 18292736
254 0.1292 18259968