1 0.0235 10240000
2 0.0278 10260480
3 0.0254 10268672
4 0.0267 10264576
5 0.026 10260480
6 0.0257 10248192
7 0.03 10268672
8 0.0255 10231808
9 0.0257 10248192
10 0.0287 10252288
11 0.0261 10256384
12 0.0258 10280960
13 0.0311 10256384
14 0.0261 10289152
15 0.0269 10285056
16 0.0292 10264576
17 0.0267 10260480
18 0.0271 10354688
19 0.0296 10276864
20 0.0313 10280960
21 0.0307 10354688
22 0.0289 10272768
23 0.0262 10276864
24 0.0274 10272768
25 0.0271 10272768
26 0.0268 10280960
27 0.0283 10280960
28 0.0328 10280960
29 0.0306 10362880
30 0.0263 10285056
31 0.0285 10342400
32 0.0265 10276864
33 0.0264 10280960
34 0.0277 10280960
35 0.0305 10293248
36 0.0273 10276864
37 0.0269 10297344
38 0.0286 10362880
39 0.0272 10305536
40 0.0269 10276864
41 0.0319 10321920
42 0.0302 10301440
43 0.0278 10276864
44 0.0278 10280960
45 0.0268 10313728
46 0.0276 10313728
47 0.0278 10317824
48 0.0277 10334208
49 0.0299 10317824
50 0.0284 10313728
51 0.0269 10301440
52 0.028 10334208
53 0.0313 10330112
54 0.0287 10346496
55 0.0309 10346496
56 0.0306 10317824
57 0.0288 10366976
58 0.029 10297344
59 0.0316 10313728
60 0.0288 10317824
61 0.0306 10354688
62 0.0317 10334208
63 0.0287 10334208
64 0.0284 10313728
65 0.0333 10321920
66 0.033 10330112
67 0.0293 10342400
68 0.0315 10330112
69 0.0297 10350592
70 0.0336 10346496
71 0.0316 10330112
72 0.0291 10321920
73 0.0319 10342400
74 0.0283 10346496
75 0.0303 10346496
76 0.0298 10342400
77 0.0316 10424320
78 0.0335 10407936
79 0.0291 10362880
80 0.0294 10346496
81 0.0311 10354688
82 0.0351 10358784
83 0.0302 10334208
84 0.0298 10407936
85 0.0337 10346496
86 0.032 10362880
87 0.0296 10354688
88 0.0301 10379264
89 0.0304 10346496
90 0.032 10362880
91 0.0304 10358784
92 0.0332 10387456
93 0.0328 10366976
94 0.0332 10366976
95 0.0294 10371072
96 0.0357 10366976
97 0.0289 10358784
98 0.0338 10407936
# 99 0.206 10371072
100 0.0305 10375168
101 0.031 10383360
102 0.0332 10436608
103 0.0355 10383360
104 0.0319 10395648
105 0.0322 10416128
106 0.0362 10371072
107 0.0346 10424320
108 0.0367 10444800
109 0.0306 10391552
110 0.0313 10440704
111 0.0353 10399744
112 0.0345 10383360
113 0.0334 10383360
114 0.0333 10395648
115 0.0326 10379264
116 0.0313 10387456
117 0.0368 10387456
118 0.034 10420224
119 0.0378 10383360
120 0.0319 10391552
121 0.0351 10395648
122 0.0359 10395648
123 0.0365 10436608
124 0.0338 10407936
125 0.0348 10395648
126 0.0368 10399744
127 0.0372 10395648
128 0.0359 10391552
129 0.0341 10399744
130 0.0349 10461184
131 0.0342 10432512
132 0.034 10395648
133 0.0356 10465280
134 0.0338 10416128
135 0.035 10399744
136 0.035 10395648
137 0.0331 10383360
138 0.0364 10407936
139 0.0334 10432512
140 0.0335 10424320
141 0.0364 10416128
142 0.0367 10416128
143 0.0338 10416128
144 0.0354 10448896
145 0.0345 10416128
146 0.034 10399744
147 0.0373 10424320
148 0.0328 10444800
149 0.0342 10440704
150 0.0331 10420224
151 0.0373 10444800
152 0.034 10448896
153 0.0361 10448896
154 0.0348 10452992
155 0.0327 10448896
156 0.034 10461184
157 0.034 10444800
158 0.0365 10440704
159 0.0354 10432512
160 0.0338 10420224
161 0.0343 10457088
162 0.0373 10457088
163 0.0377 10461184
164 0.0328 10424320
165 0.0348 10465280
166 0.0348 10444800
167 0.0375 10502144
168 0.0345 10424320
169 0.0387 10448896
170 0.0355 10452992
171 0.0349 10465280
172 0.0361 10436608
173 0.0391 10469376
174 0.0381 10465280
175 0.0349 10473472
176 0.0367 10465280
177 0.0338 10481664
178 0.0341 10510336
179 0.0397 10452992
180 0.0344 10428416
181 0.0388 10452992
182 0.0355 10469376
183 0.038 10473472
184 0.0367 10461184
185 0.0337 10469376
186 0.0353 10473472
187 0.0358 10465280
188 0.0406 10477568
189 0.0353 10477568
190 0.0347 10485760
191 0.0358 10461184
192 0.0358 10457088
193 0.0362 10485760
194 0.0372 10481664
195 0.0397 10489856
196 0.0344 10485760
197 0.0396 10473472
198 0.0437 10506240
199 0.0427 10489856
200 0.0362 10559488
201 0.0388 10526720
202 0.0358 10498048
203 0.0363 10518528
204 0.0368 10522624
205 0.0402 10502144
206 0.0457 10506240
207 0.0382 10489856
208 0.0428 10506240
209 0.0384 10510336
210 0.0363 10506240
211 0.0354 10469376
212 0.0381 10493952
213 0.0362 10518528
214 0.0427 10498048
215 0.0375 10469376
216 0.0443 10493952
217 0.0385 10530816
218 0.0359 10514432
219 0.0422 10510336
220 0.0376 10547200
221 0.0378 10530816
222 0.0378 10547200
223 0.0381 10502144
224 0.0405 10506240
225 0.0403 10514432
226 0.0376 10547200
227 0.0402 10518528
228 0.0377 10534912
229 0.0426 10534912
230 0.0392 10522624
231 0.0379 10539008
232 0.0398 10530816
233 0.0478 10592256
234 0.0374 10539008
235 0.0412 10530816
236 0.0411 10547200
237 0.042 10530816
238 0.0374 10539008
239 0.0412 10543104
240 0.0472 10584064
241 0.0412 10534912
242 0.042 10620928
243 0.0382 10547200
244 0.0416 10539008
245 0.0411 10526720
246 0.0407 10547200
247 0.0402 10534912
248 0.0403 10530816
249 0.0381 10551296
250 0.0411 10539008
251 0.0434 10579968
252 0.0412 10555392
253 0.0456 10559488
254 0.042 10559488
255 0.0381 10547200
256 0.041 10559488
257 0.0398 10559488
258 0.0432 10567680
259 0.0381 10518528
260 0.0436 10559488
261 0.0398 10563584
262 0.0426 10571776
263 0.0385 10575872
264 0.0417 10547200
265 0.0441 10567680
266 0.0406 10555392
267 0.0397 10522624
268 0.0434 10575872
269 0.0419 10579968
270 0.0393 10579968
271 0.0427 10555392
272 0.0409 10530816
273 0.0411 10579968
274 0.0402 10571776
275 0.0402 10579968
276 0.0479 10625024
277 0.0442 10592256
278 0.0419 10571776
279 0.0404 10551296
280 0.0393 10563584
281 0.0398 10592256
282 0.0438 10567680
283 0.0404 10588160
284 0.0435 10571776
285 0.0417 10592256
286 0.0413 10600448
287 0.0426 10592256
288 0.044 10596352
289 0.0451 10612736
290 0.0418 10584064
291 0.041 10596352
292 0.0451 10616832
293 0.0488 10604544
294 0.0416 10604544
295 0.0402 10604544
296 0.0456 10620928
297 0.0429 10620928
298 0.0433 10682368
299 0.0422 10641408
300 0.0478 10604544
301 0.0419 10629120
302 0.0409 10633216
303 0.0415 10612736
304 0.0451 10620928
305 0.0433 10616832
306 0.0416 10620928
307 0.0452 10649600
308 0.0471 10629120
309 0.0417 10608640
310 0.0417 10633216
311 0.0504 10612736
312 0.0471 10625024
313 0.0429 10637312
314 0.0416 10625024
315 0.0425 10604544
316 0.043 10637312
317 0.0465 10616832
318 0.043 10637312
319 0.0411 10653696
320 0.0433 10653696
321 0.0444 10641408
322 0.0438 10649600
323 0.0435 10665984
324 0.0411 10637312
325 0.0442 10698752
326 0.043 10649600
327 0.0422 10637312
328 0.0422 10661888
329 0.0436 10608640
330 0.0448 10653696
331 0.0465 10637312
332 0.0438 10637312
333 0.0419 10620928
334 0.044 10649600
335 0.0421 10641408
336 0.0431 10637312
337 0.0425 10620928
338 0.0446 10731520
339 0.0466 10641408
340 0.043 10616832
341 0.042 10625024
342 0.0464 10657792
343 0.0428 10625024
344 0.0432 10670080
345 0.05 10694656
346 0.0424 10698752
347 0.047 10731520
348 0.046 10678272
349 0.0445 10661888
350 0.0504 10678272
351 0.046 10694656
352 0.0434 10625024
353 0.0462 10670080
354 0.0471 10706944
355 0.0428 10686464
356 0.0479 10686464
357 0.046 10694656
358 0.0498 10678272
359 0.0465 10715136
360 0.0457 10665984
361 0.0439 10665984
362 0.0434 10682368
363 0.0456 10682368
364 0.0444 10661888
365 0.0467 10661888
366 0.0453 10682368
367 0.0445 10711040
368 0.045 10694656
369 0.0444 10706944
370 0.0461 10702848
371 0.0455 10690560
372 0.0467 10772480
373 0.0448 10690560
374 0.0453 10678272
375 0.0446 10670080
376 0.0455 10686464
377 0.0447 10690560
378 0.0445 10711040
379 0.0473 10694656
380 0.0443 10715136
381 0.0461 10711040
382 0.0447 10727424
383 0.0469 10723328
384 0.0464 10731520
385 0.0549 10739712
386 0.0451 10653696
387 0.0489 10678272
388 0.0454 10739712
389 0.0467 10731520
390 0.0446 10735616
391 0.0446 10735616
392 0.0524 10723328
393 0.0473 10665984
394 0.0492 10727424
395 0.045 10743808
396 0.0491 10727424
397 0.046 10756096
398 0.0512 10768384
399 0.0457 10752000
400 0.048 10739712
401 0.0451 10674176
402 0.0479 10735616
403 0.0541 10723328
404 0.0492 10706944
405 0.0484 10764288
406 0.0461 10739712
407 0.0465 10780672
408 0.0509 10706944
409 0.0462 10719232
410 0.0481 10723328
411 0.0465 10747904
412 0.0459 10752000
413 0.0473 10780672
414 0.049 10743808
415 0.051 10739712
416 0.0469 10756096
417 0.0475 10760192
418 0.0539 10747904
419 0.0516 10809344
420 0.0523 10727424
421 0.0471 10731520
422 0.0505 10776576
423 0.0517 10731520
424 0.052 10797056
425 0.0509 10760192
426 0.051 10764288
427 0.0512 10760192
428 0.0534 10727424
429 0.0475 10731520
430 0.0489 10735616
431 0.0473 10715136
432 0.0487 10797056
433 0.0489 10764288
434 0.0516 10784768
435 0.0508 10833920
436 0.0578 10768384
437 0.0732 10821632
438 0.0495 10780672
439 0.051 10780672
440 0.0462 10788864
441 0.0504 10772480
442 0.0507 10739712
443 0.0461 10780672
444 0.0512 10772480
445 0.0537 10801152
446 0.0497 10752000
447 0.0484 10788864
448 0.0484 10760192
449 0.0479 10727424
450 0.0507 10756096
451 0.0483 10833920
452 0.0514 10760192
453 0.0523 10792960
454 0.0483 10743808
455 0.0494 10817536
456 0.0499 10792960
457 0.0509 10768384
458 0.052 10764288
459 0.0501 10776576
460 0.0503 10801152
461 0.0585 10801152
462 0.0534 10817536
463 0.0498 10817536
464 0.0533 10792960
465 0.0499 10788864
466 0.0512 10768384
467 0.0511 10784768
468 0.0492 10817536
469 0.0544 10809344
470 0.0499 10813440
471 0.0481 10805248
472 0.0492 10817536
473 0.0513 10788864
474 0.0531 10784768
475 0.0495 10838016
476 0.0498 10838016
477 0.0516 10842112
478 0.0573 10797056
479 0.0541 10825728
480 0.0499 10809344
481 0.0497 10784768
482 0.0547 10788864
483 0.0553 10817536
484 0.0566 10850304
485 0.0548 10797056
486 0.0537 10805248
487 0.051 10842112
488 0.0542 10805248
489 0.058 10833920
490 0.0512 10813440
491 0.0524 10813440
492 0.0583 10850304
493 0.0558 10805248
494 0.0572 10842112
495 0.0527 10797056
496 0.0554 10805248
497 0.0553 10809344
498 0.0588 10842112
499 0.0511 10805248
500 0.0567 10854400
501 0.0536 10833920
502 0.0517 10846208
503 0.051 10788864
504 0.0519 10850304
505 0.0566 10846208
506 0.0577 10850304
507 0.0505 10833920
508 0.0568 10846208
509 0.0541 10862592
510 0.0587 10842112
511 0.0531 10821632
512 0.0517 10883072
513 0.0537 10866688
514 0.0526 10862592
515 0.0525 10891264
516 0.0504 10817536
517 0.0529 10825728
518 0.0521 10825728
519 0.0529 10833920
520 0.0529 10870784
521 0.0524 10821632
522 0.0542 10833920
523 0.0502 10809344
524 0.053 10825728
525 0.056 10838016
526 0.0517 10858496
527 0.054 10838016
528 0.0545 10838016
529 0.0514 10813440
530 0.055 10846208
531 0.0548 10846208
532 0.0541 10846208
533 0.0545 10846208
534 0.0565 10887168
535 0.053 10874880
536 0.053 10874880
537 0.058 10846208
538 0.0581 10874880
539 0.0577 10883072
540 0.0621 10891264
541 0.0602 10858496
542 0.0607 10883072
543 0.0572 10850304
544 0.054 10858496
545 0.0571 10858496
546 0.0549 10854400
547 0.0547 10903552
548 0.0559 10899456
549 0.0553 10919936
550 0.0567 10940416
551 0.0525 10899456
552 0.0619 10903552
553 0.0557 10899456
554 0.0535 10903552
555 0.0616 10878976
556 0.0549 10891264
557 0.0582 10883072
558 0.0577 10989568
559 0.0606 10862592
560 0.0572 10874880
561 0.0544 10870784
562 0.0585 10915840
563 0.0568 10899456
564 0.0598 10899456
565 0.0566 10874880
566 0.0587 10907648
567 0.057 10895360
568 0.0566 10919936
569 0.0577 10891264
570 0.0547 10911744
571 0.0548 10911744
572 0.0552 10924032
573 0.0534 10928128
574 0.0587 10878976
575 0.0586 10874880
576 0.0625 10907648
577 0.0582 10969088
578 0.059 10924032
579 0.0557 10985472
580 0.0564 10944512
581 0.058 10989568
582 0.0612 10936320
583 0.0558 10924032
584 0.0585 10944512
585 0.0605 10919936
586 0.0565 10985472
587 0.0602 10964992
588 0.0564 10932224
589 0.058 10915840
590 0.0596 11079680
591 0.0603 10932224
592 0.0558 10944512
593 0.0625 10969088
594 0.056 10919936
595 0.0602 10928128
596 0.0593 10936320
597 0.0573 10956800
598 0.0565 10989568
599 0.0577 10936320
600 0.0571 11051008
601 0.0624 10940416
602 0.0605 10977280
603 0.0561 10981376
604 0.0574 11022336
605 0.0566 11005952
606 0.0594 10973184
607 0.055 11010048
608 0.0585 10973184
609 0.0597 10948608
610 0.0564 10936320
611 0.0639 10944512
612 0.0557 10960896
613 0.0604 10948608
614 0.0622 11010048
615 0.0588 11091968
616 0.0623 10960896
617 0.0567 10915840
618 0.0573 10952704
619 0.0616 10948608
620 0.056 11014144
621 0.0632 10973184
622 0.0584 10973184
623 0.0607 10948608
624 0.0633 10969088
625 0.0655 10977280
626 0.0578 11022336
627 0.0574 10964992
628 0.058 11018240
629 0.0659 11014144
630 0.0646 10989568
631 0.0614 10952704
632 0.0544 10977280
633 0.0584 10981376
634 0.0649 10985472
635 0.0578 10985472
636 0.0634 10985472
637 0.0577 11010048
638 0.064 10981376
639 0.0592 10985472
640 0.0591 11030528
641 0.0636 11059200
642 0.0584 11001856
643 0.0556 11005952
644 0.0644 11071488
645 0.0628 11005952
646 0.0659 10981376
647 0.0639 10973184
648 0.059 10985472
649 0.058 11022336
650 0.0646 11071488
651 0.0578 11030528
652 0.0794 11022336
653 0.0617 11014144
654 0.0588 10977280
655 0.0592 11030528
656 0.0594 10985472
657 0.0612 10993664
658 0.059 11001856
659 0.0666 11051008
660 0.0658 11042816
661 0.0644 11030528
662 0.0589 11026432
663 0.0666 10993664
664 0.0607 11063296
665 0.0611 10977280
666 0.0676 11014144
667 0.06 11063296
668 0.0665 11034624
669 0.0628 11005952
670 0.0636 11071488
671 0.0605 11071488
672 0.0621 11030528
673 0.0664 11018240
674 0.0635 11038720
675 0.0597 11026432
676 0.0614 11030528
677 0.0649 11059200
678 0.064 11042816
679 0.0595 11051008
680 0.0612 11059200
681 0.0619 11075584
682 0.0608 11059200
683 0.0586 10989568
684 0.0613 11071488
685 0.0644 11051008
686 0.0649 11100160
687 0.0616 11091968
688 0.0655 11063296
689 0.0604 11075584
690 0.0604 11030528
691 0.0614 11112448
692 0.0621 11100160
693 0.0647 11067392
694 0.0606 11083776
695 0.0656 11067392
696 0.0675 11067392
697 0.0621 11091968
698 0.0654 11087872
699 0.0641 11100160
700 0.062 11046912
701 0.0651 11108352
702 0.0662 11091968
703 0.0615 11120640
704 0.0607 11038720
705 0.0617 11120640
706 0.0616 11116544
707 0.0618 11096064
708 0.0641 11145216
709 0.0638 11112448
710 0.0638 11071488
711 0.0638 11063296
712 0.0692 11067392
713 0.0615 11038720
714 0.0638 11124736
715 0.0636 11067392
716 0.0658 11120640
717 0.0687 11100160
718 0.066 11112448
719 0.0625 11177984
720 0.0622 11104256
721 0.0661 11079680
722 0.0671 11116544
723 0.0627 11120640
724 0.0705 11091968
725 0.0624 11083776
726 0.0624 11132928
727 0.0685 11091968
728 0.0628 11087872
729 0.0622 11063296
730 0.067 11124736
731 0.0622 11137024
732 0.0642 11120640
733 0.0613 11071488
734 0.0677 11087872
735 0.0661 11096064
736 0.0627 11149312
737 0.0698 11149312
738 0.0619 11165696
739 0.0654 11165696
740 0.0668 11132928
741 0.063 11132928
742 0.0652 11149312
743 0.0661 11116544
744 0.0683 11141120
745 0.0704 11145216
746 0.0646 11120640
747 0.0642 11194368
748 0.0699 11165696
749 0.068 11091968
750 0.0642 11132928
751 0.0637 11141120
752 0.0665 11108352
753 0.069 11112448
754 0.0683 11149312
755 0.07 11161600
756 0.0646 11157504
757 0.068 11124736
758 0.068 11112448
759 0.0691 11149312
760 0.0676 11210752
761 0.0647 11206656
762 0.0687 11124736
763 0.0709 11169792
764 0.0642 11128832
765 0.0695 11165696
766 0.0729 11128832
767 0.067 11165696
768 0.0644 11161600
769 0.0675 11157504
770 0.0659 11149312
771 0.0722 11202560
772 0.0709 11198464
773 0.0647 11223040
774 0.0656 11112448
775 0.0691 11161600
776 0.0643 11128832
777 0.0719 11149312
778 0.068 11137024
779 0.0702 11190272
780 0.0693 11141120
781 0.073 11198464
782 0.0689 11227136
783 0.0699 11202560
784 0.0644 11120640
785 0.0685 11149312
786 0.0685 11149312
787 0.0695 11206656
788 0.067 11145216
789 0.0683 11153408
790 0.0662 11173888
791 0.0658 11186176
792 0.0667 11190272
793 0.0706 11206656
794 0.0709 11145216
795 0.0702 11177984
796 0.0699 11272192
797 0.0682 11255808
798 0.0707 11251712
799 0.0697 11264000
800 0.0716 11210752