1 0.0237 10211328
2 0.029 10305536
3 0.0272 10211328
4 0.029 10248192
5 0.0282 10244096
6 0.0255 10227712
7 0.0268 10211328
8 0.0258 10244096
9 0.0268 10231808
10 0.0258 10223616
11 0.0272 10252288
12 0.0276 10252288
13 0.0256 10244096
14 0.025 10240000
15 0.0255 10260480
16 0.0279 10260480
17 0.0275 10301440
18 0.0267 10248192
19 0.0269 10276864
20 0.0264 10252288
21 0.0264 10260480
22 0.027 10276864
23 0.0258 10256384
24 0.0261 10260480
25 0.027 10248192
26 0.0261 10264576
27 0.0272 10276864
28 0.0302 10260480
29 0.0262 10240000
30 0.0276 10280960
31 0.0274 10264576
32 0.0296 10293248
33 0.0275 10264576
34 0.0305 10305536
35 0.0325 10264576
36 0.0304 10276864
37 0.0321 10280960
38 0.0307 10297344
39 0.0266 10289152
40 0.031 10362880
41 0.0297 10309632
42 0.027 10272768
43 0.0299 10371072
44 0.0306 10321920
45 0.0279 10305536
46 0.0296 10326016
47 0.0284 10301440
48 0.0276 10313728
49 0.0269 10285056
50 0.0297 10317824
51 0.0285 10334208
52 0.0329 10305536
53 0.0315 10317824
54 0.0329 10375168
55 0.0287 10334208
56 0.0266 10330112
57 0.033 10346496
58 0.0285 10346496
59 0.029 10338304
60 0.029 10330112
61 0.0286 10317824
62 0.032 10350592
63 0.0289 10326016
64 0.0298 10350592
65 0.032 10371072
66 0.0321 10321920
67 0.0299 10346496
68 0.0306 10326016
69 0.0348 10334208
70 0.03 10334208
71 0.0302 10354688
72 0.0319 10362880
73 0.0297 10342400
74 0.0289 10346496
75 0.0303 10346496
76 0.0334 10395648
77 0.0286 10362880
78 0.0301 10354688
79 0.0326 10350592
80 0.0317 10362880
81 0.0302 10432512
82 0.0331 10362880
83 0.0292 10354688
84 0.0286 10383360
85 0.0314 10366976
86 0.0339 10387456
87 0.0292 10371072
88 0.0326 10375168
89 0.0295 10371072
90 0.0298 10387456
91 0.0309 10379264
92 0.0329 10383360
93 0.0308 10399744
94 0.0298 10391552
95 0.0291 10452992
96 0.0301 10391552
97 0.0304 10399744
98 0.0345 10391552
99 0.0334 10399744
100 0.0304 10436608
101 0.0301 10383360
102 0.0336 10440704
103 0.0318 10457088
104 0.031 10428416
105 0.0349 10448896
106 0.0332 10407936
107 0.0337 10395648
108 0.0312 10399744
109 0.0323 10485760
110 0.0331 10407936
111 0.0317 10407936
112 0.0306 10420224
113 0.0314 10416128
114 0.0315 10457088
115 0.0322 10420224
116 0.0323 10424320
117 0.0348 10412032
118 0.0311 10416128
119 0.0299 10395648
120 0.0336 10424320
121 0.0304 10407936
122 0.0341 10424320
123 0.0348 10424320
124 0.0314 10424320
125 0.034 10436608
126 0.032 10412032
127 0.032 10424320
128 0.0309 10428416
129 0.0308 10436608
130 0.032 10432512
131 0.031 10424320
132 0.031 10424320
133 0.0334 10444800
134 0.0308 10448896
135 0.0336 10452992
136 0.0349 10452992
137 0.032 10432512
138 0.0352 10473472
139 0.0322 10444800
140 0.0332 10477568
141 0.0323 10444800
142 0.0313 10444800
143 0.0311 10469376
144 0.0391 10469376
145 0.0351 10469376
146 0.0327 10473472
147 0.0324 10481664
148 0.0314 10485760
149 0.0344 10465280
150 0.0356 10477568
151 0.0347 10469376
152 0.0321 10452992
153 0.033 10477568
154 0.033 10465280
155 0.0329 10526720
156 0.0356 10473472
157 0.0344 10473472
158 0.0356 10547200
159 0.0333 10493952
160 0.0341 10514432
161 0.0324 10514432
162 0.0358 10514432
163 0.0334 10510336
164 0.0381 10588160
165 0.0338 10555392
166 0.033 10514432
167 0.038 10506240
168 0.0402 10514432
169 0.0371 10604544
170 0.0356 10522624
171 0.0351 10522624
172 0.0427 10526720
173 0.0341 10514432
174 0.035 10498048
175 0.0372 10518528
176 0.0367 10530816
177 0.0331 10510336
178 0.0333 10522624
179 0.0337 10526720
180 0.041 10518528
181 0.0382 10526720
182 0.0337 10534912
183 0.0349 10604544
184 0.0335 10502144
185 0.035 10551296
186 0.0371 10625024
187 0.0367 10530816
188 0.0388 10604544
189 0.0402 10543104
190 0.0349 10547200
191 0.0354 10555392
192 0.0416 10592256
193 0.0358 10547200
194 0.0428 10571776
195 0.0382 10563584
196 0.0393 10555392
197 0.037 10547200
198 0.0364 10543104
199 0.0383 10559488
200 0.0366 10555392
201 0.036 10579968
202 0.0372 10584064
203 0.0365 10559488
204 0.0394 10555392
205 0.0344 10579968
206 0.0349 10575872
207 0.0381 10563584
208 0.0379 10571776
209 0.0404 10567680
210 0.0401 10588160
211 0.0376 10571776
212 0.0391 10575872
213 0.0376 10592256
214 0.0375 10584064
215 0.0368 10584064
216 0.0361 10596352
217 0.0369 10588160
218 0.0399 10629120
219 0.0363 10625024
220 0.0409 10588160
221 0.0365 10612736
222 0.0408 10616832
223 0.0401 10579968
224 0.0395 10592256
225 0.0373 10596352
226 0.0367 10604544
227 0.0391 10604544
228 0.0359 10596352
229 0.0348 10616832
230 0.0393 10608640
231 0.0391 10604544
232 0.0362 10633216
233 0.0377 10600448
234 0.0402 10625024
235 0.0364 10633216
236 0.0367 10616832
237 0.0397 10620928
238 0.0393 10616832
239 0.0395 10612736
240 0.0366 10641408
241 0.037 10620928
242 0.0377 10633216
243 0.0371 10637312
244 0.0372 10678272
245 0.0436 10625024
246 0.0401 10641408
247 0.0377 10616832
248 0.0369 10682368
249 0.04 10645504
250 0.0367 10649600
251 0.0408 10649600
252 0.0409 10641408
253 0.0364 10629120
254 0.04 10657792
255 0.0421 10641408
256 0.0416 10637312
257 0.0453 10641408
258 0.0396 10653696
259 0.04 10690560
260 0.0365 10678272
261 0.0388 10657792
262 0.0386 10657792
263 0.0407 10645504
264 0.0632 10706944
265 0.0518 10670080
266 0.0571 10661888
267 0.0353 10637312
268 0.0353 10661888
269 0.0402 10653696
270 0.041 10670080
271 0.0416 10661888
272 0.0436 10678272
273 0.0425 10670080
274 0.0379 10686464
275 0.0431 10653696
276 0.0382 10686464
277 0.0385 10674176
278 0.0397 10670080
279 0.0408 10665984
280 0.0423 10674176
281 0.0387 10678272
282 0.046 10674176
283 0.0434 10686464
284 0.0436 10674176
285 0.0413 10723328
286 0.0392 10711040
287 0.0408 10686464
288 0.0395 10711040
289 0.0435 10706944
290 0.0404 10694656
291 0.0458 10702848
292 0.0394 10747904
293 0.0423 10702848
294 0.0391 10719232
295 0.0411 10788864
296 0.0467 10715136
297 0.0419 10719232
298 0.0398 10719232
299 0.0402 10739712
300 0.0415 10780672
301 0.0436 10727424
302 0.0414 10723328
303 0.0412 10711040
304 0.0412 10711040
305 0.0456 10747904
306 0.0403 10735616
307 0.0429 10760192
308 0.0432 10756096
309 0.0405 10756096
310 0.0405 10792960
311 0.0463 10739712
312 0.0441 10739712
313 0.0421 10768384
314 0.0418 10776576
315 0.0477 10743808
316 0.0427 10756096
317 0.0396 10764288
318 0.0399 10723328
319 0.0417 10801152
320 0.0468 10752000
321 0.0418 10780672
322 0.0469 10772480
323 0.0419 10829824
324 0.0452 10780672
325 0.0441 10784768
326 0.0407 10772480
327 0.0433 10874880
328 0.0417 10838016
329 0.0448 10813440
330 0.0462 10784768
331 0.0424 10772480
332 0.0412 10817536
333 0.0414 10842112
334 0.0445 10792960
335 0.0472 10813440
336 0.0445 10809344
337 0.0494 10809344
338 0.0464 10788864
339 0.0444 10801152
340 0.0449 10809344
341 0.0445 10788864
342 0.0409 10813440
343 0.0432 10817536
344 0.0452 10817536
345 0.0451 10821632
346 0.0477 10838016
347 0.0428 10838016
348 0.0436 10833920
349 0.0463 10817536
350 0.0465 10829824
351 0.0453 10842112
352 0.0469 10833920
353 0.045 10821632
354 0.0431 10817536
355 0.0468 10878976
356 0.0439 10833920
357 0.0427 10829824
358 0.0466 10842112
359 0.0412 10858496
360 0.0489 10846208
361 0.0406 10862592
362 0.0429 10862592
363 0.0497 10850304
364 0.0423 10870784
365 0.0418 10858496
366 0.0462 10858496
367 0.0497 10858496
368 0.0412 10883072
369 0.0432 10862592
370 0.0464 10862592
371 0.048 10866688
372 0.0449 10858496
373 0.044 10891264
374 0.0435 10850304
375 0.045 10874880
376 0.0459 10887168
377 0.0424 10858496
378 0.0424 10858496
379 0.0427 10862592
380 0.0464 10883072
381 0.0421 10858496
382 0.0432 10866688
383 0.0472 10883072
384 0.0419 10891264
385 0.0438 10878976
386 0.046 10887168
387 0.0513 10883072
388 0.0466 10891264
389 0.0467 10907648
390 0.0463 10911744
391 0.0518 10903552
392 0.043 10870784
393 0.0439 10895360
394 0.0443 10964992
395 0.0428 10907648
396 0.051 10907648
397 0.0465 10878976
398 0.0429 10887168
399 0.0442 10903552
400 0.0467 10907648
401 0.0441 10903552
402 0.0443 10895360
403 0.0533 10928128
404 0.0506 10919936
405 0.0492 10924032
406 0.0468 10924032
407 0.0486 10928128
408 0.0439 10928128
409 0.0441 10985472
410 0.0504 10936320
411 0.0443 10915840
412 0.0438 10924032
413 0.049 10932224
414 0.0477 10932224
415 0.045 10948608
416 0.0454 10932224
417 0.048 10964992
418 0.0489 10932224
419 0.0487 10948608
420 0.0489 10940416
421 0.045 10936320
422 0.0502 10960896
423 0.0508 10940416
424 0.0485 10944512
425 0.0456 10944512
426 0.0459 10944512
427 0.0502 11005952
428 0.0472 10948608
429 0.0452 10952704
430 0.0472 10952704
431 0.0457 10969088
432 0.0457 10960896
433 0.046 10936320
434 0.0485 10969088
435 0.0455 10964992
436 0.0468 10964992
437 0.0473 11030528
438 0.0459 10956800
439 0.0464 10952704
440 0.0469 10960896
441 0.0452 10973184
442 0.0452 10977280
443 0.0464 11026432
444 0.0488 10977280
445 0.0459 10956800
446 0.046 10989568
447 0.0479 10969088
448 0.0475 10964992
449 0.0534 11005952
450 0.0496 10997760
451 0.0485 11018240
452 0.0547 10989568
453 0.0513 10989568
454 0.0446 10989568
455 0.0471 10977280
456 0.0536 10977280
457 0.0482 10977280
458 0.0466 10989568
459 0.0449 10981376
460 0.0489 11022336
461 0.0464 11030528
462 0.0541 10993664
463 0.0476 11026432
464 0.048 10985472
465 0.0463 11022336
466 0.0534 10985472
467 0.0471 11038720
468 0.0542 10993664
469 0.0507 10993664
470 0.0467 11018240
471 0.0497 11030528
472 0.0474 11026432
473 0.0481 11018240
474 0.0494 11059200
475 0.052 11010048
476 0.0527 11026432
477 0.0484 11067392
478 0.0547 11038720
479 0.0548 11030528
480 0.0501 11026432
481 0.0563 11030528
482 0.0548 11038720
483 0.0474 11018240
484 0.0498 11063296
485 0.0477 11030528
486 0.0501 11100160
487 0.0518 11034624
488 0.0521 11038720
489 0.048 11051008
490 0.0525 11046912
491 0.0491 11042816
492 0.0483 11091968
493 0.0499 11059200
494 0.0556 11063296
495 0.0535 11051008
496 0.0505 11067392
497 0.0513 11096064
498 0.0486 11075584
499 0.0537 11112448
500 0.0493 11063296
501 0.0523 11145216
502 0.0562 11079680
503 0.0497 11112448
504 0.0551 11055104
505 0.0499 11145216
506 0.0501 11075584
507 0.0529 11071488
508 0.0491 11104256
509 0.0475 11067392
510 0.0501 11067392
511 0.0531 11067392
512 0.056 11063296
513 0.0532 11071488
514 0.0486 11075584
515 0.0493 11079680
516 0.0503 11100160
517 0.056 11071488
518 0.0573 11075584
519 0.0557 11091968
520 0.0561 11108352
521 0.049 11091968
522 0.051 11087872
523 0.0549 11087872
524 0.0492 11100160
525 0.0488 11071488
526 0.048 11100160
527 0.0482 11079680
528 0.0482 11079680
529 0.0497 11096064
530 0.0532 11153408
531 0.0531 11091968
532 0.0488 11100160
533 0.05 11112448
534 0.0485 11120640
535 0.0513 11120640
536 0.0501 11157504
537 0.0535 11132928
538 0.0529 11132928
539 0.0507 11165696
540 0.0535 11100160
541 0.0502 11100160
542 0.0531 11149312
543 0.0576 11116544
544 0.0578 11112448
545 0.055 11104256
546 0.0537 11120640
547 0.0579 11112448
548 0.0549 11141120
549 0.0525 11124736
550 0.0524 11169792
551 0.0511 11116544
552 0.0537 11116544
553 0.0513 11132928
554 0.0512 11124736
555 0.0507 11128832
556 0.0512 11145216
557 0.0585 11137024
558 0.051 11145216
559 0.0579 11132928
560 0.0574 11132928
561 0.0546 11141120
562 0.0538 11104256
563 0.0528 11145216
564 0.0564 11132928
565 0.0556 11141120
566 0.0538 11145216
567 0.0539 11161600
568 0.0528 11161600
569 0.0528 11132928
570 0.0536 11137024
571 0.055 11165696
572 0.0592 11145216
573 0.0592 11161600
574 0.0518 11124736
575 0.0533 11149312
576 0.0517 11214848
577 0.0538 11186176
578 0.0592 11202560
579 0.0532 11198464
580 0.0539 11177984
581 0.0524 11186176
582 0.054 11165696
583 0.057 11202560
584 0.0594 11182080
585 0.0537 11194368
586 0.0592 11202560
587 0.0595 11206656
588 0.0553 11206656
589 0.054 11202560
590 0.057 11206656
591 0.0597 11206656
592 0.0565 11218944
593 0.0547 11202560
594 0.0571 11214848
595 0.0599 11231232
596 0.0551 11239424
597 0.0554 11223040
598 0.0524 11243520
599 0.0523 11235328
600 0.0538 11231232
601 0.0551 11214848
602 0.0556 11243520
603 0.0555 11288576
604 0.0572 11259904
605 0.0527 11210752
606 0.0574 11235328
607 0.056 11321344
608 0.0573 11227136
609 0.0555 11251712
610 0.0552 11317248
611 0.0539 11235328
612 0.0546 11210752
613 0.0591 11227136
614 0.0579 11239424
615 0.0609 11243520
616 0.0604 11264000
617 0.057 11268096
618 0.0547 11292672
619 0.0534 11264000
620 0.0617 11243520
621 0.0545 11276288
622 0.0557 11374592
623 0.0611 11255808
624 0.0542 11268096
625 0.0602 11259904
626 0.0549 11272192
627 0.0547 11255808
628 0.0541 11255808
629 0.0529 11272192
630 0.055 11255808
631 0.057 11272192
632 0.0559 11272192
633 0.0532 11280384
634 0.0544 11276288
635 0.0578 11268096
636 0.055 11280384
637 0.0541 11247616
638 0.053 11272192
639 0.054 11264000
640 0.0551 11313152
641 0.0636 11362304
642 0.0622 11390976
643 0.0562 11350016
644 0.057 11366400
645 0.0586 11345920
646 0.0593 11427840
647 0.0556 11374592
648 0.0577 11386880
649 0.0586 11345920
650 0.0595 11341824
651 0.0552 11362304
652 0.0556 11337728
653 0.0549 11370496
654 0.058 11345920
655 0.0559 11358208
656 0.0583 11374592
657 0.0582 11345920
658 0.0635 11374592
659 0.0568 11378688
660 0.0641 11366400
661 0.0634 11362304
662 0.0612 11370496
663 0.0609 11366400
664 0.0568 11374592
665 0.0562 11370496
666 0.0579 11427840
667 0.0558 11350016
668 0.0633 11386880
669 0.0634 11382784
670 0.0581 11407360
671 0.058 11399168
672 0.0558 11382784
673 0.0563 11350016
674 0.0639 11390976
675 0.0589 11452416
676 0.0655 11390976
677 0.0563 11407360
678 0.0638 11390976
679 0.0595 11374592
680 0.0578 11407360
681 0.0608 11386880
682 0.0571 11403264
683 0.0565 11390976
684 0.0574 11362304
685 0.0643 11382784
686 0.0639 11395072
687 0.0586 11423744
688 0.0615 11423744
689 0.0573 11407360
690 0.0569 11419648
691 0.0594 11415552
692 0.0586 11378688
693 0.0628 11407360
694 0.0593 11423744
695 0.0657 11427840
696 0.0587 11444224
697 0.0628 11407360
698 0.0609 11386880
699 0.058 11436032
700 0.0597 11419648
701 0.0647 11411456
702 0.0598 11423744
703 0.0638 11440128
704 0.0601 11427840
705 0.06 11411456
706 0.0619 11452416
707 0.0588 11427840
708 0.0628 11452416
709 0.06 11468800
710 0.0609 11460608
711 0.0619 11448320
712 0.0664 11431936
713 0.0661 11456512
714 0.0606 11460608
715 0.0581 11460608
716 0.0602 11472896
717 0.0616 11427840
718 0.0602 11530240
719 0.0595 11440128
720 0.0608 11509760
721 0.0571 11440128
722 0.0655 11476992
723 0.0655 11452416
724 0.0657 11440128
725 0.0626 11563008
726 0.0667 11464704
727 0.0607 11460608
728 0.0601 11485184
729 0.0653 11534336
730 0.0641 11481088
731 0.0595 11546624
732 0.0608 11505664
733 0.0635 11505664
734 0.0575 11538432
735 0.066 11464704
736 0.0614 11497472
737 0.0665 11472896
738 0.061 11472896
739 0.062 11497472
740 0.0613 11489280
741 0.0636 11485184
742 0.0597 11563008
743 0.0596 11493376
744 0.0686 11493376
745 0.0617 11513856
746 0.0637 11485184
747 0.0615 11493376
748 0.0669 11505664
749 0.0669 11505664
750 0.067 11501568
751 0.0624 11493376
752 0.0595 11505664
753 0.0671 11522048
754 0.0647 11517952
755 0.0673 11509760
756 0.0597 11485184
757 0.0612 11538432
758 0.0665 11538432
759 0.0593 11497472
760 0.0638 11509760
761 0.0683 11530240
762 0.0639 11530240
763 0.0642 11526144
764 0.0599 11509760
765 0.0635 11517952
766 0.0675 11522048
767 0.0631 11530240
768 0.0605 11554816
769 0.0603 11517952
770 0.0656 11558912
771 0.0598 11563008
772 0.0654 11591680
773 0.0681 11554816
774 0.07 11534336
775 0.0703 11534336
776 0.0653 11575296
777 0.0623 11591680
778 0.0619 11538432
779 0.0631 11526144
780 0.0614 11530240
781 0.0679 11575296
782 0.0612 11563008
783 0.0695 11538432
784 0.0685 11554816
785 0.0679 11571200
786 0.0613 11579392
787 0.0617 11550720
788 0.0641 11571200
789 0.0643 11571200
790 0.064 11546624
791 0.0647 11583488
792 0.0639 11583488
793 0.0625 11538432
794 0.0618 11579392
795 0.0633 11599872
796 0.0628 11567104
797 0.0618 11583488
798 0.0641 11583488
799 0.0698 11575296
800 0.0652 11653120