1 0.0292 10055680
2 0.0291 10113024
3 0.0293 10076160
4 0.0267 10072064
5 0.0246 10055680
6 0.0249 10063872
7 0.0267 10047488
8 0.0249 10059776
9 0.0281 10055680
10 0.0239 10072064
11 0.0278 10067968
12 0.0291 10076160
13 0.0248 10055680
14 0.0244 10072064
15 0.0276 10059776
16 0.0284 10067968
17 0.0285 10072064
18 0.0305 10117120
19 0.0252 10076160
20 0.0286 10076160
21 0.0288 10076160
22 0.0297 10076160
23 0.0249 10088448
24 0.0276 10162176
25 0.0284 10117120
26 0.0275 10096640
27 0.0264 10063872
28 0.0304 10088448
29 0.0251 10063872
30 0.03 10121216
31 0.0252 10092544
32 0.0247 10100736
33 0.0261 10088448
34 0.0309 10100736
35 0.0258 10076160
36 0.025 10108928
37 0.0264 10100736
38 0.0267 10108928
39 0.0258 10129408
40 0.0283 10121216
41 0.0261 10129408
42 0.0254 10121216
43 0.0302 10162176
44 0.0262 10137600
45 0.0263 10121216
46 0.0277 10113024
47 0.0262 10133504
48 0.03 10121216
49 0.0268 10137600
50 0.0278 10129408
51 0.0266 10125312
52 0.0288 10121216
53 0.0272 10104832
54 0.0308 10141696
55 0.0304 10133504
56 0.0277 10207232
57 0.03 10153984
58 0.03 10190848
59 0.0309 10141696
60 0.0301 10137600
61 0.0282 10137600
62 0.0271 10145792
63 0.0305 10162176
64 0.0292 10199040
65 0.0282 10190848
66 0.0284 10166272
67 0.0281 10162176
68 0.0306 10178560
69 0.0277 10149888
70 0.0286 10178560
71 0.0278 10149888
72 0.0331 10190848
73 0.0287 10158080
74 0.0313 10158080
75 0.0318 10162176
76 0.0291 10158080
77 0.0308 10174464
78 0.0318 10186752
79 0.0273 10174464
80 0.032 10190848
81 0.0321 10166272
82 0.0282 10190848
83 0.0317 10194944
84 0.0313 10174464
85 0.0329 10186752
86 0.0294 10203136
87 0.0287 10158080
88 0.0289 10174464
89 0.0321 10178560
90 0.0316 10199040
91 0.0293 10186752
92 0.0329 10272768
93 0.0322 10280960
94 0.0323 10186752
95 0.0293 10219520
96 0.0306 10207232
97 0.0313 10248192
98 0.0339 10199040
99 0.0306 10207232
100 0.0327 10227712
101 0.0293 10231808
102 0.0349 10289152
103 0.0294 10203136
104 0.0299 10244096
105 0.0298 10231808
106 0.033 10203136
107 0.029 10244096
108 0.0311 10256384
109 0.0308 10219520
110 0.0308 10240000
111 0.0314 10215424
112 0.0304 10244096
113 0.03 10244096
114 0.0313 10235904
115 0.0301 10244096
116 0.0299 10219520
117 0.0342 10264576
118 0.0348 10313728
119 0.0315 10244096
120 0.0352 10313728
121 0.0305 10235904
122 0.031 10276864
123 0.0338 10244096
124 0.0345 10264576
125 0.0305 10260480
126 0.0305 10272768
127 0.0337 10272768
128 0.0366 10272768
129 0.0304 10252288
130 0.0331 10268672
131 0.0364 10280960
132 0.0331 10280960
133 0.0308 10240000
134 0.0321 10293248
135 0.0342 10285056
136 0.0337 10256384
137 0.0317 10268672
138 0.0312 10280960
139 0.0311 10260480
140 0.0378 10285056
141 0.0309 10252288
142 0.0311 10280960
143 0.0335 10252288
144 0.0313 10276864
145 0.035 10301440
146 0.0352 10317824
147 0.0311 10301440
148 0.0348 10285056
149 0.0351 10313728
150 0.0368 10338304
151 0.033 10317824
152 0.0334 10289152
153 0.0313 10293248
154 0.031 10305536
155 0.0326 10301440
156 0.0324 10305536
157 0.0318 10317824
158 0.0316 10321920
159 0.0336 10358784
160 0.0351 10317824
161 0.0321 10297344
162 0.0321 10305536
163 0.0347 10346496
164 0.0327 10321920
165 0.0342 10334208
166 0.0322 10326016
167 0.0327 10317824
168 0.0342 10309632
169 0.0341 10313728
170 0.0334 10354688
171 0.0344 10338304
172 0.0395 10309632
173 0.0326 10346496
174 0.0327 10305536
175 0.0341 10305536
176 0.0322 10313728
177 0.0346 10350592
178 0.0392 10346496
179 0.0334 10354688
180 0.0352 10358784
181 0.0322 10317824
182 0.0393 10371072
183 0.0385 10354688
184 0.0355 10342400
185 0.0376 10358784
186 0.0339 10346496
187 0.0338 10379264
188 0.0325 10346496
189 0.0361 10342400
190 0.0356 10338304
191 0.0329 10342400
192 0.0337 10354688
193 0.0363 10358784
194 0.0337 10354688
195 0.0366 10366976
196 0.0356 10407936
197 0.0333 10362880
198 0.0335 10362880
199 0.0335 10362880
200 0.0338 10366976
201 0.036 10440704
202 0.0358 10371072
203 0.0328 10342400
204 0.0331 10420224
205 0.0396 10412032
206 0.0371 10375168
207 0.0361 10420224
208 0.0368 10395648
209 0.0372 10375168
210 0.0347 10412032
211 0.0411 10403840
212 0.0371 10420224
213 0.0384 10424320
214 0.0385 10420224
215 0.036 10399744
216 0.0338 10428416
217 0.0362 10444800
218 0.0408 10412032
219 0.0346 10412032
220 0.036 10428416
221 0.0428 10432512
222 0.0381 10416128
223 0.035 10428416
224 0.0358 10457088
225 0.0351 10448896
226 0.0336 10444800
227 0.0352 10399744
228 0.0344 10412032
229 0.0361 10485760
230 0.0375 10452992
231 0.0355 10457088
232 0.0387 10461184
233 0.0356 10436608
234 0.0348 10424320
235 0.0409 10457088
236 0.0349 10465280
237 0.0439 10448896
238 0.0371 10436608
239 0.0373 10452992
240 0.0385 10461184
241 0.0391 10457088
242 0.0345 10432512
243 0.0419 10465280
244 0.0355 10403840
245 0.0387 10424320
246 0.0397 10432512
247 0.0386 10452992
248 0.0354 10465280
249 0.0439 10461184
250 0.039 10424320
251 0.0366 10465280
252 0.0396 10436608
253 0.0418 10477568
254 0.0362 10432512
255 0.0381 10485760
256 0.0409 10477568
257 0.0376 10461184
258 0.0372 10461184
259 0.0372 10436608
260 0.0389 10477568
261 0.0361 10493952
262 0.0393 10489856
263 0.0397 10444800
264 0.042 10543104
265 0.0427 10514432
266 0.04 10477568
267 0.0379 10489856
268 0.038 10489856
269 0.0405 10493952
270 0.0375 10444800
271 0.0432 10498048
272 0.0395 10518528
273 0.0402 10457088
274 0.039 10547200
275 0.0383 10563584
276 0.0401 10481664
277 0.037 10469376
278 0.0379 10477568
279 0.0416 10510336
280 0.0421 10514432
281 0.0386 10563584
282 0.0372 10465280
283 0.0407 10485760
284 0.0394 10469376
285 0.0378 10506240
286 0.0397 10506240
287 0.0456 10518528
288 0.0422 10584064
289 0.0455 10526720
290 0.0406 10579968
291 0.0425 10522624
292 0.0411 10506240
293 0.0385 10518528
294 0.0412 10551296
295 0.0415 10498048
296 0.04 10502144
297 0.043 10510336
298 0.0409 10563584
299 0.0416 10543104
300 0.0419 10567680
301 0.0414 10579968
302 0.0416 10584064
303 0.0439 10567680
304 0.0408 10567680
305 0.0386 10604544
306 0.0434 10526720
307 0.0391 10555392
308 0.0388 10514432
309 0.0392 10506240
310 0.0392 10563584
311 0.041 10584064
312 0.0428 10579968
313 0.0398 10530816
314 0.0411 10555392
315 0.0428 10584064
316 0.0391 10588160
317 0.0429 10592256
318 0.0389 10551296
319 0.041 10563584
320 0.0398 10551296
321 0.0398 10604544
322 0.0434 10645504
323 0.0406 10575872
324 0.0427 10604544
325 0.0416 10555392
326 0.0532 10616832
327 0.0405 10551296
328 0.0406 10608640
329 0.0435 10567680
330 0.046 10608640
331 0.0461 10559488
332 0.0439 10645504
333 0.0422 10563584
334 0.0416 10641408
335 0.042 10575872
336 0.0399 10588160
337 0.0405 10571776
338 0.041 10551296
339 0.0456 10559488
340 0.0417 10661888
341 0.0404 10637312
342 0.0408 10571776
343 0.0446 10629120
344 0.0428 10616832
345 0.0444 10641408
346 0.0415 10649600
347 0.0405 10608640
348 0.0443 10571776
349 0.0436 10575872
350 0.0497 10649600
351 0.0406 10612736
352 0.0469 10649600
353 0.041 10637312
354 0.0405 10620928
355 0.0425 10641408
356 0.0413 10592256
357 0.0434 10575872
358 0.0475 10665984
359 0.044 10645504
360 0.0441 10612736
361 0.0426 10653696
362 0.042 10670080
363 0.0435 10645504
364 0.045 10604544
365 0.0436 10612736
366 0.047 10629120
367 0.0455 10670080
368 0.0413 10686464
369 0.0451 10665984
370 0.045 10620928
371 0.0417 10600448
372 0.0435 10588160
373 0.0407 10608640
374 0.0431 10608640
375 0.0435 10600448
376 0.0422 10616832
377 0.0408 10620928
378 0.0406 10620928
379 0.0417 10600448
380 0.0451 10719232
381 0.0416 10604544
382 0.0415 10637312
383 0.045 10620928
384 0.0495 10719232
385 0.0432 10682368
386 0.0464 10694656
387 0.0421 10706944
388 0.0455 10702848
389 0.0445 10752000
390 0.0435 10752000
391 0.0464 10698752
392 0.042 10698752
393 0.0427 10706944
394 0.0458 10690560
395 0.0432 10682368
396 0.0478 10686464
397 0.048 10649600
398 0.0452 10756096
399 0.0461 10653696
400 0.0468 10805248
401 0.0419 10661888
402 0.0463 10678272
403 0.0479 10723328
404 0.0456 10694656
405 0.0471 10764288
406 0.0472 10706944
407 0.0453 10743808
408 0.0427 10674176
409 0.0454 10698752
410 0.0499 10747904
411 0.0455 10702848
412 0.0438 10776576
413 0.0456 10694656
414 0.0512 10764288
415 0.0451 10723328
416 0.0462 10743808
417 0.0508 10735616
418 0.0452 10694656
419 0.0512 10772480
420 0.0435 10760192
421 0.0439 10731520
422 0.0486 10756096
423 0.0479 10702848
424 0.0476 10706944
425 0.0513 10776576
426 0.0442 10764288
427 0.0467 10739712
428 0.0523 10772480
429 0.0438 10772480
430 0.0455 10846208
431 0.0485 10735616
432 0.0507 10764288
433 0.0514 10784768
434 0.0445 10776576
435 0.0516 10747904
436 0.0494 10727424
437 0.0448 10801152
438 0.0462 10846208
439 0.0479 10743808
440 0.0482 10813440
441 0.0489 10760192
442 0.0538 10792960
443 0.051 10772480
444 0.0481 10842112
445 0.0451 10731520
446 0.047 10801152
447 0.0465 10764288
448 0.0472 10723328
449 0.0475 10850304
450 0.0451 10809344
451 0.045 10809344
452 0.0526 10817536
453 0.0506 10842112
454 0.0489 10772480
455 0.0469 10801152
456 0.0451 10813440
457 0.0464 10838016
458 0.0503 10821632
459 0.0505 10772480
460 0.0471 10842112
461 0.0495 10813440
462 0.0477 10846208
463 0.0476 10780672
464 0.0496 10756096
465 0.0487 10821632
466 0.0466 10825728
467 0.0541 10825728
468 0.0478 10813440
469 0.0479 10821632
470 0.0518 10768384
471 0.0467 10838016
472 0.0487 10833920
473 0.0482 10776576
474 0.0459 10838016
475 0.0479 10801152
476 0.0496 10784768
477 0.0502 10829824
478 0.0509 10838016
479 0.0496 10776576
480 0.0483 10838016
481 0.0462 10833920
482 0.047 10850304
483 0.0484 10821632
484 0.0453 10805248
485 0.0555 10846208
486 0.0556 10858496
487 0.0498 10809344
488 0.052 10821632
489 0.0466 10866688
490 0.0454 10821632
491 0.0521 10891264
492 0.0494 10805248
493 0.0483 10883072
494 0.0522 10850304
495 0.0483 10895360
496 0.0538 10813440
497 0.0572 10887168
498 0.0548 10887168
499 0.0508 10870784
500 0.0508 10928128
501 0.0567 10878976
502 0.0537 10866688
503 0.048 10878976
504 0.0485 10891264
505 0.0536 10936320
506 0.0523 10813440
507 0.0517 10838016
508 0.0515 10878976
509 0.0476 10907648
510 0.0493 10829824
511 0.0554 10895360
512 0.0562 10899456
513 0.0497 10833920
514 0.053 10899456
515 0.0481 10883072
516 0.0488 10891264
517 0.0553 10915840
518 0.0573 10903552
519 0.0531 10919936
520 0.0552 10936320
521 0.0505 10891264
522 0.0525 10919936
523 0.05 10940416
524 0.0484 10907648
525 0.0526 10932224
526 0.0556 10903552
527 0.0531 10891264
528 0.0488 10911744
529 0.0496 10858496
530 0.0494 10883072
531 0.055 10936320
532 0.0505 10940416
533 0.0511 10936320
534 0.0529 10919936
535 0.0509 10940416
536 0.0522 10870784
537 0.0491 10932224
538 0.0504 10878976
539 0.0536 10907648
540 0.0565 10956800
541 0.0569 10936320
542 0.0576 10924032
543 0.0513 10883072
544 0.0533 10944512
545 0.0535 10993664
546 0.0534 10936320
547 0.0538 10932224
548 0.0517 10936320
549 0.0504 10878976
550 0.0503 10887168
551 0.0499 10973184
552 0.0493 10891264
553 0.0493 10911744
554 0.05 10874880
555 0.0495 10903552
556 0.0498 10936320
557 0.0499 10903552
558 0.0525 10911744
559 0.0535 11055104
560 0.0504 10948608
561 0.0499 10895360
562 0.0503 10887168
563 0.0522 10928128
564 0.0528 11067392
565 0.0517 10932224
566 0.0504 10964992
567 0.0523 10907648
568 0.0505 10948608
569 0.0545 11042816
570 0.0551 10952704
571 0.0555 10936320
572 0.0598 10993664
573 0.0587 11018240
574 0.0529 10948608
575 0.0512 10973184
576 0.0516 11026432
577 0.0524 10993664
578 0.0536 11087872
579 0.0534 11001856
580 0.0609 11001856
581 0.0509 11001856
582 0.0558 10989568
583 0.0541 11005952
584 0.05 10993664
585 0.0548 11001856
586 0.0523 11083776
587 0.052 11030528
588 0.0523 11079680
589 0.0534 11042816
590 0.0555 11059200
591 0.0559 11005952
592 0.0541 11051008
593 0.0534 11108352
594 0.0554 11096064
595 0.0576 11063296
596 0.0549 11087872
597 0.0595 11030528
598 0.0531 11067392
599 0.0521 11083776
600 0.0544 10993664
601 0.0617 11026432
602 0.0525 10985472
603 0.0581 11108352
604 0.0546 11014144
605 0.0575 11087872
606 0.0589 11034624
607 0.0522 11026432
608 0.0508 11030528
609 0.051 11018240
610 0.0516 11091968
611 0.053 11075584
612 0.0555 11001856
613 0.0542 11030528
614 0.0544 11091968
615 0.0517 11124736
616 0.0512 11071488
617 0.0546 11038720
618 0.053 11034624
619 0.052 11055104
620 0.0518 11022336
621 0.0571 11161600
622 0.0575 11046912
623 0.0527 11071488
624 0.0559 11046912
625 0.0515 11055104
626 0.0534 11034624
627 0.0514 11051008
628 0.0511 11055104
629 0.0557 11091968
630 0.0553 11157504
631 0.0604 11083776
632 0.0607 11173888
633 0.0602 11067392
634 0.0528 11091968
635 0.0627 11137024
636 0.055 11083776
637 0.0578 11128832
638 0.0557 11059200
639 0.0534 11051008
640 0.0628 11100160
641 0.0547 11214848
642 0.0538 11157504
643 0.0545 11165696
644 0.0573 11071488
645 0.0548 11120640
646 0.056 11177984
647 0.0561 11059200
648 0.0585 11096064
649 0.0584 11190272
650 0.0541 11251712
651 0.0558 11112448
652 0.0541 11149312
653 0.055 11210752
654 0.0596 11112448
655 0.0585 11149312
656 0.0642 11087872
657 0.0562 11096064
658 0.0537 11173888
659 0.0541 11091968
660 0.0565 11128832
661 0.0571 11182080
662 0.0568 11083776
663 0.0636 11132928
664 0.0601 11186176
665 0.0563 11169792
666 0.055 11157504
667 0.0554 11071488
668 0.0556 11116544
669 0.0589 11087872
670 0.0621 11161600
671 0.0627 11108352
672 0.0573 11161600
673 0.0553 11137024
674 0.0559 11141120
675 0.0574 11231232
676 0.0597 11173888
677 0.0603 11202560
678 0.0569 11223040
679 0.0577 11190272
680 0.0629 11149312
681 0.0622 11202560
682 0.0599 11231232
683 0.0554 11218944
684 0.0538 11124736
685 0.0607 11239424
686 0.0635 11141120
687 0.0575 11112448
688 0.0552 11210752
689 0.0539 11272192
690 0.0604 11145216
691 0.0565 11190272
692 0.0554 11239424
693 0.0554 11137024
694 0.0562 11173888
695 0.0603 11239424
696 0.0558 11120640
697 0.0563 11128832
698 0.0544 11128832
699 0.0552 11100160
700 0.0577 11128832
701 0.0555 11120640
702 0.0566 11128832
703 0.055 11112448
704 0.0588 11157504
705 0.0559 11153408
706 0.0552 11157504
707 0.0549 11104256
708 0.0617 11149312
709 0.0623 11231232
710 0.0613 11190272
711 0.0629 11231232
712 0.0559 11227136
713 0.0579 11292672
714 0.0597 11182080
715 0.0581 11300864
716 0.0567 11141120
717 0.0624 11198464
718 0.0613 11165696
719 0.0654 11182080
720 0.0636 11272192
721 0.0577 11247616
722 0.0596 11206656
723 0.0583 11272192
724 0.0617 11157504
725 0.0605 11292672
726 0.0597 11194368
727 0.0608 11194368
728 0.0576 11182080
729 0.0574 11292672
730 0.0644 11255808
731 0.0644 11210752
732 0.059 11173888
733 0.0645 11223040
734 0.0613 11292672
735 0.058 11268096
736 0.0641 11272192
737 0.0638 11292672
738 0.0577 11206656
739 0.0605 11173888
740 0.0583 11182080
741 0.0659 11321344
742 0.0584 11223040
743 0.0574 11169792
744 0.061 11210752
745 0.0627 11190272
746 0.059 11264000
747 0.0616 11268096
748 0.0643 11300864
749 0.0651 11264000
750 0.0608 11202560
751 0.0606 11210752
752 0.0635 11259904
753 0.0638 11304960
754 0.0609 11284480
755 0.064 11235328
756 0.0584 11325440
757 0.06 11206656
758 0.0583 11235328
759 0.0584 11227136
760 0.0619 11268096
761 0.0651 11210752
762 0.0628 11313152
763 0.065 11333632
764 0.0595 11268096
765 0.0624 11198464
766 0.0643 11276288
767 0.0646 11329536
768 0.059 11227136
769 0.0611 11444224
770 0.0616 11247616
771 0.0585 11350016
772 0.0601 11292672
773 0.0585 11350016
774 0.0601 11280384
775 0.0599 11337728
776 0.0666 11313152
777 0.0624 11366400
778 0.0594 11214848
779 0.0607 11276288
780 0.0637 11345920
781 0.0592 11354112
782 0.0602 11243520
783 0.059 11243520
784 0.0584 11227136
785 0.0614 11247616
786 0.0598 11251712
787 0.0622 11243520
788 0.0595 11247616
789 0.0604 11251712
790 0.0595 11255808
791 0.0593 11259904
792 0.0598 11259904
793 0.0608 11296768
794 0.0589 11317248
795 0.0633 11247616
796 0.0645 11304960
797 0.0648 11292672
798 0.0675 11374592
799 0.0599 11460608
800 0.0615 11370496