1 0.05 9244672
2 0.05 9244672
3 0.05 9269248
4 0.05 9228288
5 0.04 9281536
6 0.06 9342976
7 0.04 9293824
8 0.06 9338880
9 0.05 9302016
10 0.05 9342976
11 0.04 9330688
12 0.05 9338880
13 0.06 9338880
14 0.05 9302016
15 0.05 9367552
16 0.05 9379840
17 0.05 9342976
18 0.05 9416704
19 0.05 9404416
20 0.05 9428992
21 0.05 9498624
22 0.05 9457664
23 0.06 9457664
24 0.05 9428992
25 0.05 9486336
26 0.06 9519104
27 0.05 9510912
28 0.05 9535488
29 0.05 9555968
30 0.06 9564160
31 0.06 9572352
32 0.06 9613312
33 0.06 9625600
34 0.05 9601024
35 0.06 9637888
36 0.05 9723904
37 0.06 9711616
38 0.05 9699328
39 0.05 9728000
40 0.06 9756672
41 0.06 9789440
42 0.05 9785344
43 0.06 9809920
44 0.06 9834496
45 0.06 9846784
46 0.06 9883648
47 0.06 9895936
48 0.07 9916416
49 0.06 9949184
50 0.06 10018816
51 0.05 9969664
52 0.06 9998336
53 0.06 10035200
54 0.05 10072064
55 0.07 10076160
56 0.06 10113024
57 0.06 10117120
58 0.06 10149888
59 0.07 10170368
60 0.06 10190848
61 0.05 10231808
62 0.06 10276864
63 0.06 10301440
64 0.06 10309632
65 0.05 10383360
66 0.06 10448896
67 0.06 10522624
68 0.06 10489856
69 0.06 10514432
70 0.06 10543104
71 0.06 10567680
72 0.06 10596352
73 0.07 10678272
74 0.06 10739712
75 0.06 10780672
76 0.06 10797056
77 0.06 10817536
78 0.07 10850304
79 0.06 10899456
80 0.06 10928128
81 0.06 10940416
82 0.06 11022336
83 0.06 11034624
84 0.06 11071488
85 0.07 11124736
86 0.06 11137024
87 0.07 11157504
88 0.07 11227136
89 0.07 11251712
90 0.06 11317248
91 0.07 11341824
92 0.07 11399168
93 0.06 11415552
94 0.06 11476992
95 0.07 11489280
96 0.07 11489280
97 0.06 11579392
98 0.07 11616256
99 0.06 11649024
100 0.06 11685888
101 0.07 11837440
102 0.07 11837440
103 0.07 11833344
104 0.06 11845632
105 0.07 11890688
106 0.07 11960320
107 0.07 12009472
108 0.07 12029952
109 0.07 12017664
110 0.07 12120064
111 0.07 12177408
112 0.07 12177408
113 0.08 12251136
114 0.07 12292096
115 0.07 12341248
116 0.07 12333056
117 0.08 12390400
118 0.08 12537856
119 0.07 12554240
120 0.07 12529664
121 0.07 12558336
122 0.07 12623872
123 0.07 12640256
124 0.07 12730368
125 0.07 12742656
126 0.07 12890112
127 0.08 12906496
128 0.08 12980224
129 0.08 13041664
130 0.08 13201408
131 0.07 13176832
132 0.08 13357056
133 0.07 13295616
134 0.07 13406208
135 0.08 13590528
136 0.07 13484032
137 0.08 13529088
138 0.08 13697024
139 0.08 13787136
140 0.08 13737984
141 0.08 13783040
142 0.07 13885440
143 0.08 13922304
144 0.07 13996032
145 0.08 14012416
146 0.08 14123008
147 0.08 14274560
148 0.08 14266368
149 0.08 14340096
150 0.08 14401536
151 0.08 14438400
152 0.09 14508032
153 0.09 14585856
154 0.09 14667776
155 0.09 14778368
156 0.08 14782464
157 0.08 14880768
158 0.09 15003648
159 0.08 15093760
160 0.09 15118336
161 0.08 15261696
162 0.08 15282176
163 0.08 15335424
164 0.09 15405056
165 0.08 15486976
166 0.09 15536128
167 0.1 15601664
168 0.08 15683584
169 0.09 15781888
170 0.08 15814656
171 0.09 15904768
172 0.08 15949824
173 0.09 16027648
174 0.09 16248832
175 0.1 16146432
176 0.09 16240640
177 0.09 16429056
178 0.09 16371712
179 0.09 16478208
180 0.1 16515072
181 0.09 16588800
182 0.09 16674816
183 0.09 16728064
184 0.1 16875520
185 0.1 16875520
186 0.09 16936960
187 0.09 17010688
188 0.09 17068032
189 0.1 17182720
190 0.1 17264640
191 0.09 17317888
192 0.1 17403904
193 0.11 17473536
194 0.09 17539072
195 0.11 17702912
196 0.1 17657856
197 0.09 17805312
198 0.09 17854464
199 0.1 17920000
200 0.11 17993728
201 0.1 18055168
202 0.1 18182144
203 0.09 18219008
204 0.1 18448384
205 0.11 18526208
206 0.1 18448384
207 0.1 18522112
208 0.1 18624512
209 0.1 18669568
210 0.1 18894848
211 0.1 18853888
212 0.1 18907136
213 0.1 19079168
214 0.1 19050496
215 0.1 19111936
216 0.1 19202048
217 0.1 19341312
218 0.11 19378176
219 0.11 19570688
220 0.1 19525632
221 0.11 19607552
222 0.11 19697664
223 0.11 19787776
224 0.11 19861504
225 0.11 19918848
226 0.11 20037632
227 0.1 20029440
228 0.12 20144128
229 0.1 20221952
230 0.11 20369408
231 0.11 20377600
232 0.11 20455424
233 0.11 20627456
234 0.11 20639744
235 0.12 20672512
236 0.11 20746240
237 0.12 20844544
238 0.11 20885504
239 0.12 21000192
240 0.11 21094400
241 0.11 21213184
242 0.11 21327872
243 0.11 21352448
244 0.12 21438464
245 0.12 21528576
246 0.12 21618688
247 0.12 21680128
248 0.12 21770240
249 0.12 21848064
250 0.11 21917696
251 0.11 22110208
252 0.12 22081536
253 0.12 22183936
254 0.13 22482944
255 0.12 22437888
256 0.13 22560768
257 0.12 22683648
258 0.13 22794240
259 0.11 22933504
260 0.12 23044096
261 0.12 23244800
262 0.13 23306240
263 0.12 23420928
264 0.12 23658496
265 0.13 23769088
266 0.13 23883776
267 0.13 24014848
268 0.12 24133632
269 0.13 24260608
270 0.13 24465408
271 0.13 24616960
272 0.13 24629248
273 0.13 24739840
274 0.13 24862720
275 0.14 25063424
276 0.15 25288704
277 0.13 25264128
278 0.14 25542656
279 0.13 25518080
280 0.13 25636864
281 0.13 25743360
282 0.13 25907200
283 0.14 26013696
284 0.13 26300416
285 0.13 26275840
286 0.14 26374144
287 0.14 26513408
288 0.14 26742784
289 0.13 26755072
290 0.15 26906624
291 0.14 27025408
292 0.14 27324416
293 0.14 27373568
294 0.13 27422720
295 0.15 27521024
296 0.13 27615232
297 0.14 27836416
298 0.14 27934720
299 0.15 28065792
300 0.15 28188672
301 0.14 28327936
302 0.14 28467200
303 0.15 28667904
304 0.15 28700672
305 0.15 28856320
306 0.15 28971008
307 0.14 29102080
308 0.15 29257728
309 0.15 29347840
310 0.15 29491200
311 0.15 29605888
312 0.15 29933568
313 0.15 29978624
314 0.16 30007296
315 0.16 30294016
316 0.14 30306304
317 0.16 30470144
318 0.15 30560256
319 0.15 30679040
320 0.16 30801920
321 0.15 30941184
322 0.16 31059968
323 0.17 31186944
324 0.16 31322112
325 0.15 31477760
326 0.16 31600640
327 0.16 31727616
328 0.16 31862784
329 0.16 31948800
330 0.16 32133120
331 0.16 32284672
332 0.17 32415744
333 0.16 32735232
334 0.17 32645120
335 0.16 32817152
336 0.17 32940032
337 0.17 33095680
338 0.16 33218560
339 0.16 33517568
340 0.17 33460224
341 0.16 33763328
342 0.17 33763328
343 0.17 33943552
344 0.16 34037760
345 0.16 34177024
346 0.17 34291712
347 0.17 34459648
348 0.17 34754560
349 0.17 34746368
350 0.17 34848768
351 0.18 34988032
352 0.17 35131392
353 0.18 35266560
354 0.17 35397632
355 0.17 35516416
356 0.17 35667968
357 0.18 35803136
358 0.18 35934208
359 0.19 36151296
360 0.18 36171776
361 0.18 36364288
362 0.18 36470784
363 0.18 36651008
364 0.18 36859904
365 0.17 36884480
366 0.18 37064704
367 0.19 37191680
368 0.18 37339136
369 0.18 37478400
370 0.18 37564416
371 0.18 37752832
372 0.18 37908480
373 0.18 38064128
374 0.18 38199296
375 0.18 38453248
376 0.19 38457344
377 0.19 38715392
378 0.19 38744064
379 0.19 38928384
380 0.18 39059456
381 0.19 39190528
382 0.19 39321600
383 0.19 39473152
384 0.19 39616512
385 0.19 39776256
386 0.19 39874560
387 0.2 39993344
388 0.19 40173568
389 0.19 40321024
390 0.21 40456192
391 0.2 40566784
392 0.2 40722432
393 0.21 40992768
394 0.2 41177088
395 0.19 41324544
396 0.2 41541632
397 0.2 41603072
398 0.2 41676800
399 0.2 41873408
400 0.2 42020864
401 0.2 42176512
402 0.2 42262528
403 0.2 42442752
404 0.21 42590208
405 0.22 42811392
406 0.22 42831872
407 0.2 43020288
408 0.2 43175936
409 0.2 43352064
410 0.21 43495424
411 0.21 43626496
412 0.21 43761664
413 0.21 43913216
414 0.21 44138496
415 0.21 44208128
416 0.22 44306432
417 0.21 44498944
418 0.21 44634112
419 0.22 44740608
420 0.22 45002752
421 0.22 45076480
422 0.22 45166592
423 0.22 45395968
424 0.22 45522944
425 0.22 45670400
426 0.22 45834240
427 0.23 45977600
428 0.23 46206976
429 0.23 46411776
430 0.22 46399488
431 0.24 46665728
432 0.23 46710784
433 0.23 46891008
434 0.23 47005696
435 0.22 47185920
436 0.23 47300608
437 0.23 47493120
438 0.23 47702016
439 0.23 47783936
440 0.23 47935488
441 0.22 48082944
442 0.24 48361472
443 0.23 48418816
444 0.23 48508928
445 0.22 48676864
446 0.23 48824320
447 0.24 48963584
448 0.23 49192960
449 0.24 49258496
450 0.23 49389568
451 0.23 49524736
452 0.23 49680384
453 0.24 49893376
454 0.24 50040832
455 0.24 50196480
456 0.24 50405376
457 0.24 50475008
458 0.25 50831360
459 0.24 50884608
460 0.24 50941952
461 0.24 51101696
462 0.25 51249152
463 0.25 51392512
464 0.24 51478528
465 0.25 51859456
466 0.25 51843072
467 0.24 52039680
468 0.25 52322304
469 0.25 52301824
470 0.25 52486144
471 0.25 52633600
472 0.25 52781056
473 0.26 52940800
474 0.26 53121024
475 0.25 53190656
476 0.25 53395456
477 0.26 53555200
478 0.26 53731328
479 0.25 53911552
480 0.26 54063104
481 0.27 54206464
482 0.26 54394880
483 0.26 54517760
484 0.27 54702080
485 0.27 54812672
486 0.27 55099392
487 0.27 55128064
488 0.27 55451648
489 0.26 55369728
490 0.28 55603200
491 0.3 55877632
492 0.27 55922688
493 0.27 56098816
494 0.27 56352768
495 0.28 56451072
496 0.27 56573952
497 0.28 56889344
498 0.28 57036800
499 0.28 57036800
500 0.29 57188352
501 0.28 57327616
502 0.28 57569280
503 0.28 57675776
504 0.28 57827328
505 0.28 57962496
506 0.28 58167296
507 0.3 58376192
508 0.29 58490880
509 0.29 58667008
510 0.29 58970112
511 0.28 59232256
512 0.29 59412480
513 0.29 59777024
514 0.29 59891712
515 0.29 60104704
516 0.29 60313600
517 0.3 60604416
518 0.29 60841984
519 0.29 61083648
520 0.3 61317120
521 0.29 61509632
522 0.31 61796352
523 0.3 62164992
524 0.31 62275584
525 0.31 62566400
526 0.3 62750720
527 0.31 62976000
528 0.31 63217664
529 0.3 63496192
530 0.31 63832064
531 0.3 63983616
532 0.3 64172032
533 0.32 64565248
534 0.31 64704512
535 0.31 64942080
536 0.31 65200128
537 0.33 65581056
538 0.32 65822720
539 0.31 65900544
540 0.32 66138112
541 0.32 66387968
542 0.32 66736128
543 0.32 67014656
544 0.32 67211264
545 0.33 67354624
546 0.32 67661824
547 0.33 67846144
548 0.33 68206592
549 0.32 68349952
550 0.33 68665344
551 0.32 68796416
552 0.32 69062656
553 0.33 69324800
554 0.32 69558272
555 0.33 69844992
556 0.33 70074368
557 0.33 70295552
558 0.34 70647808
559 0.33 70819840
560 0.34 71041024
561 0.35 71450624
562 0.34 71536640
563 0.33 71786496
564 0.33 72044544
565 0.34 72261632
566 0.35 72650752
567 0.35 72830976
568 0.34 73019392
569 0.34 73256960
570 0.34 73506816
571 0.34 73760768
572 0.35 74010624
573 0.35 74379264
574 0.36 74473472
575 0.35 74776576
576 0.34 74964992
577 0.36 75362304
578 0.35 75452416
579 0.35 75735040
580 0.35 75976704
581 0.35 76222464
582 0.35 76480512
583 0.36 76742656
584 0.35 76931072
585 0.36 77316096
586 0.37 77471744
587 0.36 77729792
588 0.37 78012416
589 0.36 78278656
590 0.37 78417920
591 0.38 78843904
592 0.37 78970880
593 0.37 79212544
594 0.37 79458304
595 0.37 79847424
596 0.37 79970304
597 0.37 80220160
598 0.37 80482304
599 0.38 80797696
600 0.37 81121280
601 0.37 81272832
602 0.38 81649664
603 0.37 81698816
604 0.39 82006016
605 0.37 82255872
606 0.38 82505728
607 0.38 82698240
608 0.38 82972672
609 0.38 83259392
610 0.39 83517440
611 0.39 83771392
612 0.39 84008960
613 0.4 84475904
614 0.39 84520960
615 0.39 84779008
616 0.4 85127168
617 0.39 85241856
618 0.39 85540864
619 0.4 85786624
620 0.4 86044672
621 0.4 86319104
622 0.4 86650880
623 0.4 86794240
624 0.41 87093248
625 0.4 87367680
626 0.4 87597056
627 0.41 87846912
628 0.41 88145920
629 0.4 88358912
630 0.41 88666112
631 0.4 88903680
632 0.41 89112576
633 0.41 89378816
634 0.41 89649152
635 0.41 89894912
636 0.42 90263552
637 0.42 90398720
638 0.41 90648576
639 0.42 90927104
640 0.41 91181056
641 0.41 91426816
642 0.42 91664384
643 0.41 91873280
644 0.42 92188672
645 0.43 92434432
646 0.44 92852224
647 0.43 93102080
648 0.43 93310976
649 0.43 93655040
650 0.42 93765632
651 0.42 94023680
652 0.43 94265344
653 0.42 94531584
654 0.43 94785536
655 0.44 95076352
656 0.44 95318016
657 0.43 95600640
658 0.44 95854592
659 0.45 96133120
660 0.45 96325632
661 0.45 96735232
662 0.43 96817152
663 0.46 97107968
664 0.45 97382400
665 0.45 97865728
666 0.45 97902592
667 0.44 98189312
668 0.45 98603008
669 0.44 98701312
670 0.45 99004416
671 0.45 99323904
672 0.46 99663872
673 0.46 99749888
674 0.45 100003840
675 0.46 100392960
676 0.45 100540416
677 0.46 100892672
678 0.46 101142528
679 0.48 101429248
680 0.46 101572608
681 0.46 101818368
682 0.48 102211584
683 0.46 102367232
684 0.47 102723584
685 0.46 102895616
686 0.48 103354368
687 0.48 103493632
688 0.48 103841792
689 0.48 103989248
690 0.48 104247296
691 0.48 104611840
692 0.48 104783872
693 0.49 105046016
694 0.49 105443328
695 0.48 105574400
696 0.49 105934848
697 0.49 106205184
698 0.49 106356736
699 0.5 106754048
700 0.49 106889216
701 0.5 107220992
702 0.5 107491328
703 0.5 107819008
704 0.5 107958272
705 0.49 108249088
706 0.5 108482560
707 0.49 108797952
708 0.49 109015040
709 0.51 109309952
710 0.5 109588480
711 0.5 109854720
712 0.52 110231552
713 0.51 110411776
714 0.51 110645248
715 0.5 110923776
716 0.51 111190016
717 0.51 111443968
718 0.51 111779840
719 0.52 112017408
720 0.52 112275456
721 0.52 112558080
722 0.53 112795648
723 0.52 113135616
724 0.53 113348608
725 0.52 113610752
726 0.53 114003968
727 0.53 114225152
728 0.52 114450432
729 0.52 114708480
730 0.53 114999296
731 0.53 115224576
732 0.54 115617792
733 0.53 115789824
734 0.53 116043776
735 0.53 116404224
736 0.58 116678656
737 0.55 116932608
738 0.59 117231616
739 0.53 117395456
740 0.55 117694464
741 0.55 117940224
742 0.55 118153216
743 0.55 118476800
744 0.55 118751232
745 0.55 119050240
746 0.55 119341056
747 0.56 119783424
748 0.56 119918592
749 0.56 120135680
750 0.55 120426496
751 0.57 120680448
752 0.57 121106432
753 0.58 121581568
754 0.57 121503744
755 0.58 121905152
756 0.59 122327040
757 0.57 122531840
758 0.58 122699776
759 0.57 123002880
760 0.59 123486208
761 0.59 123695104
762 0.59 123863040
763 0.57 124006400
764 0.58 124313600
765 0.58 124624896
766 0.58 124977152
767 0.59 125353984
768 0.57 125403136
769 0.58 125652992
770 0.57 125935616
771 0.58 126226432
772 0.6 126603264
773 0.58 126943232
774 0.6 127201280
775 0.59 127365120
776 0.58 127582208
777 0.59 127893504
778 0.61 128217088
779 0.59 128430080
780 0.6 128704512
781 0.6 129064960
782 0.59 129216512
783 0.59 129490944
784 0.6 129818624
785 0.61 130170880
786 0.6 130371584
787 0.61 130732032
788 0.61 131137536
789 0.6 131219456
790 0.6 131436544
791 0.6 131760128
792 0.62 132108288
793 0.62 132509696
794 0.63 132825088
795 0.6 132825088
796 0.63 133263360
797 0.61 133439488
798 0.63 133754880
799 0.63 134021120
800 0.64 134483968