1 0.06 9281536
2 0.05 9236480
3 0.05 9273344
4 0.07 9289728
5 0.06 9306112
6 0.05 9244672
7 0.05 9248768
8 0.05 9183232
9 0.05 9232384
10 0.05 9248768
11 0.05 9224192
12 0.07 9240576
13 0.05 9265152
14 0.05 9236480
15 0.05 9228288
16 0.05 9232384
17 0.06 9240576
18 0.06 9310208
19 0.06 9314304
20 0.06 9281536
21 0.05 9240576
22 0.06 9318400
23 0.05 9269248
24 0.05 9293824
25 0.06 9248768
26 0.05 9281536
27 0.05 9216000
28 0.05 9269248
29 0.05 9220096
30 0.05 9240576
31 0.05 9236480
32 0.05 9248768
33 0.05 9232384
34 0.05 9334784
35 0.06 9273344
36 0.05 9289728
37 0.05 9240576
38 0.04 9232384
39 0.05 9261056
40 0.05 9256960
41 0.05 9203712
42 0.05 9256960
43 0.05 9252864
44 0.05 9240576
45 0.05 9244672
46 0.05 9252864
47 0.05 9314304
48 0.05 9256960
49 0.05 9256960
50 0.05 9236480
51 0.05 9248768
52 0.05 9273344
53 0.05 9236480
54 0.05 9285632
55 0.05 9248768
56 0.06 9314304
57 0.06 9306112
58 0.05 9302016
59 0.06 9289728
60 0.07 9338880
61 0.06 9310208
62 0.05 9232384
63 0.05 9285632
64 0.05 9318400
65 0.06 9310208
66 0.06 9277440
67 0.05 9273344
68 0.05 9338880
69 0.05 9277440
70 0.05 9265152
71 0.06 9330688
72 0.08 9363456
73 0.07 9338880
74 0.05 9261056
75 0.06 9277440
76 0.06 9342976
77 0.05 9322496
78 0.06 9265152
79 0.06 9220096
80 0.06 9269248
81 0.08 9351168
82 0.07 9326592
83 0.05 9252864
84 0.06 9281536
85 0.05 9281536
86 0.05 9277440
87 0.05 9285632
88 0.05 9314304
89 0.06 9273344
90 0.06 9281536
91 0.06 9273344
92 0.06 9322496
93 0.05 9277440
94 0.06 9265152
95 0.05 9318400
96 0.05 9314304
97 0.05 9261056
98 0.05 9281536
99 0.06 9310208
100 0.05 9273344
101 0.05 9277440
102 0.05 9224192
103 0.05 9277440
104 0.05 9289728
105 0.05 9347072
106 0.05 9228288
107 0.06 9281536
108 0.06 9326592
109 0.05 9228288
110 0.05 9281536
111 0.05 9285632
112 0.05 9293824
113 0.06 9277440
114 0.05 9277440
115 0.05 9277440
116 0.04 9281536
117 0.05 9347072
118 0.06 9355264
119 0.06 9277440
120 0.05 9265152
121 0.05 9228288
122 0.05 9269248
123 0.05 9285632
124 0.05 9310208
125 0.05 9285632
126 0.05 9318400
127 0.05 9306112
128 0.05 9355264
129 0.05 9306112
130 0.05 9293824
131 0.05 9285632
132 0.05 9314304
133 0.05 9302016
134 0.05 9314304
135 0.06 9396224
136 0.05 9314304
137 0.05 9265152
138 0.05 9318400
139 0.05 9322496
140 0.05 9314304
141 0.05 9310208
142 0.05 9293824
143 0.06 9314304
144 0.05 9338880
145 0.06 9310208
146 0.05 9306112
147 0.06 9322496
148 0.05 9297920
149 0.05 9310208
150 0.05 9326592
151 0.05 9314304
152 0.05 9302016
153 0.06 9306112
154 0.05 9297920
155 0.05 9322496
156 0.05 9297920
157 0.06 9306112
158 0.05 9310208
159 0.06 9289728
160 0.05 9322496
161 0.06 9314304
162 0.06 9310208
163 0.05 9306112
164 0.06 9318400
165 0.06 9306112
166 0.05 9326592
167 0.05 9314304
168 0.06 9310208
169 0.05 9326592
170 0.06 9310208
171 0.05 9318400
172 0.05 9392128
173 0.06 9310208
174 0.06 9388032
175 0.05 9363456
176 0.05 9330688
177 0.05 9314304
178 0.05 9318400
179 0.05 9330688
180 0.06 9302016
181 0.06 9388032
182 0.06 9322496
183 0.05 9310208
184 0.06 9338880
185 0.05 9314304
186 0.05 9314304
187 0.05 9314304
188 0.06 9318400
189 0.06 9314304
190 0.05 9338880
191 0.04 9269248
192 0.06 9318400
193 0.05 9269248
194 0.05 9326592
195 0.06 9420800
196 0.05 9269248
197 0.05 9269248
198 0.06 9318400
199 0.05 9326592
200 0.05 9269248
201 0.05 9330688
202 0.05 9269248
203 0.05 9297920
204 0.05 9326592
205 0.06 9318400
206 0.05 9318400
207 0.06 9322496
208 0.06 9326592
209 0.05 9306112
210 0.05 9347072
211 0.05 9314304
212 0.06 9322496
213 0.06 9302016
214 0.06 9330688
215 0.05 9338880
216 0.06 9318400
217 0.05 9334784
218 0.06 9326592
219 0.05 9322496
220 0.05 9363456
221 0.06 9326592
222 0.06 9404416
223 0.05 9375744
224 0.06 9310208
225 0.05 9363456
226 0.05 9322496
227 0.06 9338880
228 0.06 9400320
229 0.06 9330688
230 0.06 9322496
231 0.05 9318400
232 0.06 9330688
233 0.05 9420800
234 0.06 9330688
235 0.06 9408512
236 0.05 9338880
237 0.06 9379840
238 0.06 9347072
239 0.06 9330688
240 0.05 9334784
241 0.05 9392128
242 0.07 9338880
243 0.07 9383936
244 0.06 9351168
245 0.05 9330688
246 0.05 9334784
247 0.06 9334784
248 0.06 9314304
249 0.05 9359360
250 0.06 9392128
251 0.06 9404416
252 0.07 9412608
253 0.05 9342976
254 0.06 9445376
255 0.05 9457664
256 0.05 9457664
257 0.06 9449472
258 0.06 9379840
259 0.06 9510912
260 0.06 9437184
261 0.06 9416704
262 0.05 9486336
263 0.05 9396224
264 0.06 9404416
265 0.06 9408512
266 0.06 9404416
267 0.06 9420800
268 0.05 9351168
269 0.05 9404416
270 0.05 9351168
271 0.06 9396224
272 0.06 9396224
273 0.06 9408512
274 0.06 9412608
275 0.05 9404416
276 0.06 9420800
277 0.06 9437184
278 0.06 9388032
279 0.06 9404416
280 0.05 9404416
281 0.05 9392128
282 0.06 9437184
283 0.05 9383936
284 0.05 9420800
285 0.05 9469952
286 0.06 9441280
287 0.06 9437184
288 0.05 9396224
289 0.06 9478144
290 0.05 9400320
291 0.05 9400320
292 0.05 9383936
293 0.05 9404416
294 0.06 9424896
295 0.05 9379840
296 0.05 9420800
297 0.06 9400320
298 0.05 9408512
299 0.05 9437184
300 0.06 9396224
301 0.06 9404416
302 0.05 9383936
303 0.06 9400320
304 0.05 9404416
305 0.06 9404416
306 0.05 9412608
307 0.06 9420800
308 0.06 9404416
309 0.05 9424896
310 0.06 9400320
311 0.06 9486336
312 0.06 9478144
313 0.05 9424896
314 0.05 9408512
315 0.06 9416704
316 0.05 9363456
317 0.05 9478144
318 0.07 9474048
319 0.06 9420800
320 0.06 9474048
321 0.06 9437184
322 0.07 9474048
323 0.06 9408512
324 0.05 9416704
325 0.06 9412608
326 0.06 9416704
327 0.06 9416704
328 0.05 9404416
329 0.06 9428992
330 0.06 9408512
331 0.06 9465856
332 0.05 9363456
333 0.05 9408512
334 0.05 9404416
335 0.05 9400320
336 0.06 9412608
337 0.06 9400320
338 0.06 9412608
339 0.06 9408512
340 0.06 9416704
341 0.05 9392128
342 0.05 9404416
343 0.05 9408512
344 0.05 9408512
345 0.05 9420800
346 0.06 9408512
347 0.05 9367552
348 0.06 9424896
349 0.05 9420800
350 0.05 9400320
351 0.05 9420800
352 0.06 9412608
353 0.06 9461760
354 0.06 9416704
355 0.05 9412608
356 0.06 9420800
357 0.05 9416704
358 0.06 9400320
359 0.05 9412608
360 0.05 9400320
361 0.06 9412608
362 0.06 9441280
363 0.06 9428992
364 0.06 9420800
365 0.06 9457664
366 0.05 9420800
367 0.05 9441280
368 0.05 9408512
369 0.06 9416704
370 0.06 9420800
371 0.06 9412608
372 0.06 9453568
373 0.06 9420800
374 0.05 9412608
375 0.06 9392128
376 0.05 9412608
377 0.05 9416704
378 0.06 9412608
379 0.06 9412608
380 0.06 9420800
381 0.05 9416704
382 0.05 9408512
383 0.06 9371648
384 0.06 9445376
385 0.06 9428992
386 0.06 9420800
387 0.06 9420800
388 0.06 9412608
389 0.06 9424896
390 0.06 9420800
391 0.06 9437184
392 0.06 9400320
393 0.06 9437184
394 0.05 9465856
395 0.06 9428992
396 0.06 9527296
397 0.05 9412608
398 0.06 9420800
399 0.05 9424896
400 0.06 9465856
401 0.06 9424896
402 0.06 9433088
403 0.06 9424896
404 0.05 9441280
405 0.06 9404416
406 0.06 9433088
407 0.07 9416704
408 0.06 9416704
409 0.05 9433088
410 0.06 9494528
411 0.05 9433088
412 0.05 9428992
413 0.06 9424896
414 0.06 9453568
415 0.06 9433088
416 0.05 9412608
417 0.06 9433088
418 0.06 9420800
419 0.05 9453568
420 0.06 9412608
421 0.05 9379840
422 0.06 9441280
423 0.06 9437184
424 0.05 9412608
425 0.05 9437184
426 0.06 9510912
427 0.06 9424896
428 0.05 9445376
429 0.06 9465856
430 0.05 9424896
431 0.06 9433088
432 0.05 9449472
433 0.07 9424896
434 0.06 9457664
435 0.06 9433088
436 0.05 9437184
437 0.05 9416704
438 0.06 9527296
439 0.05 9445376
440 0.06 9428992
441 0.06 9486336
442 0.05 9449472
443 0.05 9428992
444 0.07 9486336
445 0.07 9515008
446 0.06 9523200
447 0.06 9449472
448 0.05 9437184
449 0.06 9424896
450 0.05 9437184
451 0.05 9383936
452 0.06 9449472
453 0.06 9416704
454 0.06 9428992
455 0.06 9469952
456 0.06 9433088
457 0.05 9383936
458 0.05 9383936
459 0.06 9420800
460 0.05 9437184
461 0.06 9445376
462 0.05 9420800
463 0.06 9469952
464 0.06 9408512
465 0.05 9433088
466 0.06 9388032
467 0.06 9445376
468 0.06 9441280
469 0.05 9388032
470 0.06 9445376
471 0.07 9428992
472 0.06 9449472
473 0.06 9445376
474 0.05 9441280
475 0.05 9469952
476 0.05 9437184
477 0.06 9449472
478 0.07 9531392
479 0.06 9445376
480 0.06 9510912
481 0.06 9453568
482 0.07 9441280
483 0.06 9420800
484 0.06 9465856
485 0.06 9441280
486 0.05 9449472
487 0.05 9445376
488 0.06 9445376
489 0.06 9441280
490 0.05 9445376
491 0.06 9469952
492 0.06 9441280
493 0.06 9453568
494 0.05 9453568
495 0.06 9437184
496 0.05 9420800
497 0.06 9437184
498 0.06 9433088
499 0.05 9437184
500 0.06 9457664
501 0.05 9433088
502 0.06 9433088
503 0.05 9437184
504 0.06 9433088
505 0.07 9437184
506 0.06 9437184
507 0.06 9433088
508 0.07 9437184
509 0.05 9457664
510 0.06 9555968
511 0.05 9572352
512 0.06 9564160
513 0.06 9576448
514 0.06 9572352
515 0.06 9572352
516 0.06 9572352
517 0.05 9551872
518 0.06 9564160
519 0.05 9576448
520 0.06 9564160
521 0.06 9568256
522 0.05 9572352
523 0.06 9543680
524 0.06 9596928
525 0.06 9629696
526 0.06 9551872
527 0.06 9564160
528 0.06 9605120
529 0.06 9564160
530 0.06 9687040
531 0.06 9564160
532 0.06 9629696
533 0.05 9650176
534 0.06 9560064
535 0.06 9601024
536 0.06 9568256
537 0.06 9564160
538 0.06 9560064
539 0.06 9560064
540 0.06 9568256
541 0.06 9572352
542 0.05 9568256
543 0.06 9588736
544 0.05 9568256
545 0.06 9576448
546 0.06 9568256
547 0.06 9592832
548 0.06 9568256
549 0.05 9572352
550 0.09 9637888
551 0.07 9699328
552 0.06 9625600
553 0.07 9564160
554 0.06 9580544
555 0.06 9572352
556 0.06 9670656
557 0.06 9580544
558 0.06 9601024
559 0.06 9576448
560 0.06 9613312
561 0.06 9641984
562 0.05 9584640
563 0.07 9662464
564 0.08 9695232
565 0.06 9576448
566 0.06 9637888
567 0.06 9609216
568 0.06 9576448
569 0.05 9584640
570 0.06 9584640
571 0.06 9625600
572 0.06 9687040
573 0.05 9625600
574 0.06 9551872
575 0.06 9576448
576 0.06 9670656
577 0.06 9691136
578 0.06 9682944
579 0.06 9592832
580 0.06 9568256
581 0.06 9531392
582 0.06 9576448
583 0.07 9572352
584 0.07 9568256
585 0.07 9555968
586 0.05 9547776
587 0.06 9613312
588 0.05 9596928
589 0.06 9617408
590 0.06 9650176
591 0.05 9662464
592 0.06 9670656
593 0.06 9535488
594 0.05 9588736
595 0.06 9601024
596 0.06 9596928
597 0.05 9535488
598 0.06 9601024
599 0.05 9535488
600 0.06 9654272
601 0.06 9621504
602 0.05 9588736
603 0.05 9568256
604 0.06 9564160
605 0.06 9584640
606 0.06 9678848
607 0.06 9662464
608 0.06 9625600
609 0.06 9629696
610 0.07 9572352
611 0.07 9650176
612 0.06 9580544
613 0.07 9650176
614 0.06 9605120
615 0.06 9687040
616 0.06 9596928
617 0.06 9592832
618 0.06 9584640
619 0.06 9584640
620 0.06 9592832
621 0.05 9539584
622 0.06 9580544
623 0.05 9576448
624 0.06 9588736
625 0.05 9588736
626 0.06 9617408
627 0.06 9625600
628 0.06 9609216
629 0.06 9695232
630 0.06 9580544
631 0.06 9584640
632 0.06 9588736
633 0.07 9605120
634 0.07 9580544
635 0.06 9572352
636 0.06 9596928
637 0.06 9588736
638 0.06 9584640
639 0.06 9592832
640 0.06 9621504
641 0.06 9588736
642 0.06 9584640
643 0.05 9596928
644 0.07 9613312
645 0.06 9592832
646 0.06 9568256
647 0.06 9609216
648 0.06 9592832
649 0.07 9584640
650 0.06 9592832
651 0.07 9601024
652 0.07 9658368
653 0.06 9596928
654 0.06 9609216
655 0.07 9584640
656 0.06 9592832
657 0.06 9601024
658 0.07 9592832
659 0.06 9691136
660 0.06 9592832
661 0.06 9592832
662 0.05 9596928
663 0.06 9588736
664 0.06 9601024
665 0.07 9592832
666 0.06 9592832
667 0.06 9588736
668 0.06 9572352
669 0.06 9576448
670 0.06 9596928
671 0.06 9592832
672 0.06 9629696
673 0.06 9609216
674 0.06 9617408
675 0.06 9609216
676 0.07 9588736
677 0.06 9580544
678 0.06 9601024
679 0.05 9596928
680 0.07 9588736
681 0.05 9609216
682 0.05 9592832
683 0.06 9736192
684 0.06 9584640
685 0.06 9601024
686 0.06 9588736
687 0.06 9551872
688 0.06 9588736
689 0.05 9572352
690 0.06 9592832
691 0.06 9613312
692 0.06 9601024
693 0.07 9621504
694 0.06 9588736
695 0.06 9596928
696 0.07 9605120
697 0.06 9707520
698 0.06 9691136
699 0.05 9588736
700 0.07 9601024
701 0.06 9551872
702 0.06 9601024
703 0.06 9613312
704 0.05 9551872
705 0.06 9621504
706 0.05 9662464
707 0.06 9613312
708 0.06 9728000
709 0.06 9580544
710 0.06 9588736
711 0.06 9609216
712 0.05 9596928
713 0.06 9551872
714 0.05 9596928
715 0.05 9605120
716 0.06 9596928
717 0.05 9601024
718 0.06 9719808
719 0.05 9555968
720 0.06 9601024
721 0.06 9605120
722 0.06 9560064
723 0.06 9625600
724 0.06 9605120
725 0.05 9617408
726 0.06 9613312
727 0.06 9580544
728 0.06 9613312
729 0.07 9605120
730 0.05 9666560
731 0.06 9605120
732 0.06 9641984
733 0.06 9609216
734 0.06 9601024
735 0.06 9613312
736 0.06 9609216
737 0.07 9601024
738 0.06 9613312
739 0.06 9613312
740 0.06 9601024
741 0.06 9621504
742 0.05 9609216
743 0.06 9691136
744 0.06 9650176
745 0.06 9605120
746 0.06 9613312
747 0.06 9609216
748 0.06 9609216
749 0.06 9625600
750 0.06 9609216
751 0.06 9617408
752 0.06 9609216
753 0.06 9625600
754 0.06 9674752
755 0.07 9609216
756 0.06 9613312
757 0.05 9609216
758 0.07 9613312
759 0.07 9605120
760 0.07 9756672
761 0.06 9617408
762 0.06 9629696
763 0.06 9613312
764 0.06 9609216
765 0.07 9605120
766 0.06 9613312
767 0.06 9572352
768 0.06 9613312
769 0.06 9605120
770 0.07 9605120
771 0.07 9609216
772 0.06 9601024
773 0.06 9609216
774 0.06 9646080
775 0.06 9609216
776 0.06 9613312
777 0.06 9617408
778 0.05 9613312
779 0.06 9609216
780 0.06 9621504
781 0.06 9613312
782 0.06 9658368
783 0.06 9617408
784 0.06 9621504
785 0.06 9609216
786 0.06 9621504
787 0.06 9621504
788 0.06 9596928
789 0.06 9613312
790 0.06 9617408
791 0.06 9621504
792 0.06 9637888
793 0.07 9613312
794 0.07 9613312
795 0.06 9637888
796 0.06 9613312
797 0.07 9609216
798 0.07 9609216
799 0.06 9617408
800 0.05 9572352