1 0.05 9318400
2 0.05 9330688
3 0.05 9302016
4 0.05 9326592
5 0.05 9342976
6 0.06 9338880
7 0.06 9322496
8 0.06 9338880
9 0.05 9330688
10 0.05 9338880
11 0.05 9326592
12 0.05 9326592
13 0.05 9338880
14 0.06 9400320
15 0.06 9326592
16 0.06 9347072
17 0.05 9424896
18 0.05 9400320
19 0.06 9334784
20 0.06 9338880
21 0.06 9424896
22 0.05 9330688
23 0.06 9342976
24 0.04 9310208
25 0.05 9297920
26 0.05 9355264
27 0.05 9355264
28 0.05 9302016
29 0.05 9355264
30 0.05 9334784
31 0.05 9347072
32 0.05 9338880
33 0.05 9351168
34 0.05 9351168
35 0.06 9338880
36 0.05 9330688
37 0.05 9367552
38 0.05 9342976
39 0.05 9334784
40 0.05 9433088
41 0.05 9355264
42 0.05 9359360
43 0.06 9351168
44 0.05 9367552
45 0.06 9383936
46 0.06 9367552
47 0.05 9367552
48 0.05 9371648
49 0.05 9408512
50 0.05 9359360
51 0.05 9375744
52 0.05 9367552
53 0.05 9355264
54 0.05 9371648
55 0.05 9371648
56 0.06 9359360
57 0.05 9363456
58 0.05 9363456
59 0.05 9388032
60 0.05 9379840
61 0.05 9461760
62 0.05 9367552
63 0.05 9379840
64 0.05 9379840
65 0.05 9388032
66 0.05 9392128
67 0.06 9375744
68 0.06 9371648
69 0.06 9388032
70 0.05 9400320
71 0.05 9375744
72 0.06 9392128
73 0.06 9404416
74 0.05 9388032
75 0.05 9388032
76 0.05 9379840
77 0.06 9396224
78 0.06 9388032
79 0.05 9433088
80 0.05 9396224
81 0.06 9392128
82 0.05 9388032
83 0.06 9392128
84 0.05 9388032
85 0.05 9388032
86 0.06 9383936
87 0.05 9428992
88 0.06 9388032
89 0.06 9379840
90 0.06 9392128
91 0.05 9420800
92 0.05 9408512
93 0.05 9392128
94 0.05 9400320
95 0.05 9396224
96 0.05 9412608
97 0.05 9474048
98 0.06 9404416
99 0.05 9383936
100 0.06 9400320
101 0.05 9420800
102 0.06 9420800
103 0.06 9404416
104 0.06 9408512
105 0.06 9404416
106 0.05 9424896
107 0.06 9408512
108 0.06 9408512
109 0.05 9408512
110 0.06 9420800
111 0.06 9412608
112 0.05 9441280
113 0.05 9400320
114 0.05 9416704
115 0.05 9400320
116 0.05 9416704
117 0.06 9424896
118 0.06 9437184
119 0.06 9428992
120 0.05 9412608
121 0.06 9428992
122 0.06 9412608
123 0.06 9420800
124 0.06 9428992
125 0.06 9420800
126 0.06 9535488
127 0.05 9465856
128 0.06 9441280
129 0.06 9445376
130 0.06 9445376
131 0.05 9457664
132 0.06 9445376
133 0.05 9449472
134 0.05 9453568
135 0.06 9461760
136 0.06 9408512
137 0.05 9474048
138 0.05 9449472
139 0.06 9437184
140 0.06 9510912
141 0.06 9474048
142 0.05 9453568
143 0.06 9478144
144 0.06 9453568
145 0.06 9461760
146 0.06 9457664
147 0.05 9433088
148 0.05 9457664
149 0.05 9445376
150 0.05 9482240
151 0.06 9437184
152 0.05 9469952
153 0.05 9486336
154 0.06 9478144
155 0.05 9490432
156 0.05 9416704
157 0.05 9498624
158 0.05 9486336
159 0.05 9453568
160 0.06 9564160
161 0.05 9494528
162 0.06 9494528
163 0.06 9465856
164 0.06 9461760
165 0.06 9486336
166 0.06 9461760
167 0.05 9494528
168 0.05 9498624
169 0.05 9469952
170 0.06 9490432
171 0.05 9547776
172 0.06 9461760
173 0.05 9486336
174 0.06 9506816
175 0.05 9502720
176 0.05 9490432
177 0.05 9543680
178 0.06 9498624
179 0.06 9494528
180 0.06 9510912
181 0.05 9555968
182 0.06 9494528
183 0.05 9490432
184 0.06 9498624
185 0.05 9601024
186 0.06 9486336
187 0.05 9482240
188 0.05 9478144
189 0.06 9494528
190 0.05 9551872
191 0.06 9494528
192 0.05 9494528
193 0.06 9506816
194 0.06 9478144
195 0.06 9494528
196 0.05 9494528
197 0.05 9490432
198 0.06 9486336
199 0.06 9494528
200 0.05 9494528
201 0.06 9502720
202 0.06 9490432
203 0.06 9609216
204 0.05 9535488
205 0.06 9502720
206 0.06 9502720
207 0.06 9515008
208 0.06 9580544
209 0.05 9498624
210 0.05 9515008
211 0.05 9498624
212 0.06 9519104
213 0.06 9506816
214 0.06 9498624
215 0.06 9506816
216 0.05 9494528
217 0.05 9568256
218 0.06 9510912
219 0.05 9510912
220 0.05 9457664
221 0.06 9523200
222 0.06 9502720
223 0.05 9506816
224 0.05 9510912
225 0.06 9543680
226 0.05 9506816
227 0.06 9490432
228 0.06 9490432
229 0.05 9506816
230 0.05 9510912
231 0.06 9502720
232 0.05 9523200
233 0.05 9494528
234 0.05 9543680
235 0.06 9617408
236 0.06 9506816
237 0.05 9527296
238 0.06 9523200
239 0.06 9605120
240 0.06 9519104
241 0.05 9515008
242 0.06 9519104
243 0.05 9531392
244 0.06 9519104
245 0.06 9510912
246 0.05 9478144
247 0.06 9519104
248 0.06 9519104
249 0.06 9613312
250 0.06 9515008
251 0.06 9506816
252 0.06 9584640
253 0.05 9482240
254 0.06 9691136
255 0.07 9625600
256 0.06 9572352
257 0.08 9654272
258 0.07 9699328
259 0.07 9678848
260 0.06 9580544
261 0.06 9674752
262 0.06 9637888
263 0.05 9674752
264 0.06 9658368
265 0.06 9609216
266 0.05 9695232
267 0.05 9596928
268 0.07 9711616
269 0.06 9691136
270 0.05 9715712
271 0.06 9658368
272 0.05 9621504
273 0.06 9682944
274 0.07 9711616
275 0.06 9547776
276 0.06 9588736
277 0.05 9609216
278 0.06 9596928
279 0.06 9601024
280 0.05 9592832
281 0.06 9605120
282 0.05 9605120
283 0.05 9564160
284 0.06 9592832
285 0.06 9592832
286 0.06 9592832
287 0.05 9605120
288 0.06 9596928
289 0.06 9596928
290 0.06 9613312
291 0.05 9658368
292 0.06 9621504
293 0.06 9613312
294 0.06 9588736
295 0.06 9637888
296 0.05 9646080
297 0.05 9609216
298 0.06 9617408
299 0.06 9605120
300 0.05 9588736
301 0.06 9605120
302 0.06 9605120
303 0.05 9601024
304 0.07 9609216
305 0.06 9601024
306 0.06 9625600
307 0.06 9605120
308 0.06 9609216
309 0.06 9609216
310 0.06 9654272
311 0.07 9596928
312 0.06 9646080
313 0.05 9621504
314 0.05 9658368
315 0.05 9658368
316 0.06 9641984
317 0.06 9621504
318 0.06 9678848
319 0.06 9666560
320 0.07 9687040
321 0.06 9621504
322 0.06 9650176
323 0.06 9658368
324 0.06 9662464
325 0.05 9629696
326 0.06 9625600
327 0.06 9625600
328 0.05 9621504
329 0.05 9633792
330 0.06 9646080
331 0.06 9633792
332 0.06 9629696
333 0.06 9629696
334 0.07 9629696
335 0.06 9629696
336 0.06 9646080
337 0.06 9637888
338 0.06 9662464
339 0.06 9625600
340 0.06 9760768
341 0.06 9629696
342 0.06 9629696
343 0.06 9699328
344 0.05 9592832
345 0.07 9736192
346 0.06 9592832
347 0.06 9641984
348 0.05 9723904
349 0.06 9633792
350 0.06 9633792
351 0.06 9641984
352 0.06 9633792
353 0.06 9678848
354 0.06 9678848
355 0.06 9654272
356 0.06 9637888
357 0.06 9625600
358 0.05 9666560
359 0.06 9637888
360 0.05 9687040
361 0.06 9625600
362 0.06 9646080
363 0.05 9695232
364 0.05 9658368
365 0.06 9629696
366 0.06 9650176
367 0.06 9646080
368 0.06 9764864
369 0.06 9650176
370 0.06 9646080
371 0.06 9605120
372 0.06 9646080
373 0.06 9682944
374 0.05 9646080
375 0.06 9646080
376 0.06 9650176
377 0.05 9703424
378 0.06 9650176
379 0.07 9646080
380 0.06 9654272
381 0.06 9728000
382 0.06 9662464
383 0.05 9666560
384 0.06 9666560
385 0.07 9662464
386 0.06 9674752
387 0.05 9711616
388 0.06 9682944
389 0.05 9670656
390 0.06 9678848
391 0.06 9666560
392 0.06 9678848
393 0.06 9691136
394 0.05 9678848
395 0.06 9674752
396 0.06 9670656
397 0.06 9670656
398 0.06 9691136
399 0.06 9674752
400 0.06 9682944
401 0.06 9736192
402 0.06 9674752
403 0.05 9678848
404 0.06 9674752
405 0.06 9723904
406 0.05 9670656
407 0.06 9674752
408 0.06 9728000
409 0.05 9687040
410 0.06 9687040
411 0.06 9682944
412 0.06 9695232
413 0.06 9682944
414 0.05 9723904
415 0.06 9670656
416 0.06 9695232
417 0.06 9678848
418 0.06 9691136
419 0.06 9736192
420 0.06 9703424
421 0.06 9699328
422 0.06 9838592
423 0.07 9678848
424 0.05 9707520
425 0.07 9691136
426 0.06 9756672
427 0.06 9662464
428 0.06 9785344
429 0.06 9687040
430 0.06 9695232
431 0.06 9678848
432 0.06 9723904
433 0.06 9646080
434 0.06 9707520
435 0.07 9695232
436 0.07 9691136
437 0.05 9715712
438 0.06 9699328
439 0.06 9711616
440 0.06 9768960
441 0.06 9707520
442 0.06 9736192
443 0.06 9699328
444 0.06 9707520
445 0.06 9723904
446 0.05 9793536
447 0.06 9740288
448 0.06 9728000
449 0.06 9732096
450 0.06 9695232
451 0.07 9691136
452 0.06 9707520
453 0.05 9678848
454 0.06 9768960
455 0.05 9707520
456 0.07 9703424
457 0.06 9703424
458 0.06 9662464
459 0.07 9719808
460 0.06 9781248
461 0.06 9854976
462 0.06 9666560
463 0.06 9719808
464 0.06 9719808
465 0.05 9719808
466 0.05 9699328
467 0.06 9699328
468 0.06 9744384
469 0.05 9732096
470 0.06 9732096
471 0.06 9723904
472 0.06 9728000
473 0.06 9736192
474 0.06 9728000
475 0.06 9728000
476 0.06 9740288
477 0.05 9728000
478 0.06 9728000
479 0.06 9678848
480 0.06 9854976
481 0.05 9728000
482 0.06 9678848
483 0.05 9736192
484 0.06 9834496
485 0.06 9736192
486 0.05 9736192
487 0.07 9830400
488 0.06 9732096
489 0.06 9732096
490 0.06 9752576
491 0.05 9740288
492 0.06 9723904
493 0.06 9744384
494 0.06 9728000
495 0.06 9748480
496 0.06 9699328
497 0.07 9752576
498 0.06 9752576
499 0.06 9818112
500 0.06 9736192
501 0.06 9752576
502 0.07 9740288
503 0.07 9900032
504 0.06 9744384
505 0.06 9740288
506 0.06 9748480
507 0.06 9740288
508 0.06 9773056
509 0.06 9752576
510 0.06 9891840
511 0.07 9863168
512 0.05 9867264
513 0.06 9859072
514 0.06 9891840
515 0.06 9965568
516 0.06 9904128
517 0.06 9834496
518 0.06 9838592
519 0.06 9879552
520 0.06 9887744
521 0.06 10027008
522 0.06 9900032
523 0.06 9871360
524 0.06 9867264
525 0.06 9875456
526 0.06 9871360
527 0.06 9953280
528 0.06 9891840
529 0.07 10051584
530 0.06 9871360
531 0.06 9895936
532 0.06 9854976
533 0.06 9973760
534 0.06 9871360
535 0.05 9887744
536 0.06 9879552
537 0.06 9891840
538 0.06 9887744
539 0.06 9887744
540 0.06 9879552
541 0.06 9875456
542 0.07 9875456
543 0.06 9850880
544 0.06 9887744
545 0.07 9883648
546 0.06 9883648
547 0.06 9904128
548 0.06 10027008
549 0.06 9875456
550 0.06 9887744
551 0.06 9895936
552 0.06 9900032
553 0.06 9900032
554 0.06 9900032
555 0.07 9883648
556 0.06 9891840
557 0.06 9900032
558 0.07 9969664
559 0.06 9863168
560 0.06 9908224
561 0.06 9908224
562 0.06 9932800
563 0.06 9998336
564 0.07 9900032
565 0.06 9912320
566 0.06 9895936
567 0.06 9895936
568 0.06 9891840
569 0.07 9900032
570 0.06 10051584
571 0.06 9916416
572 0.06 9928704
573 0.06 9920512
574 0.06 9904128
575 0.06 9940992
576 0.06 9879552
577 0.06 9879552
578 0.06 9912320
579 0.06 9920512
580 0.06 10043392
581 0.06 9928704
582 0.06 9908224
583 0.06 9904128
584 0.06 9924608
585 0.06 9920512
586 0.06 9949184
587 0.06 9932800
588 0.06 9928704
589 0.06 10055680
590 0.05 9936896
591 0.06 9912320
592 0.06 9916416
593 0.07 9928704
594 0.06 9936896
595 0.06 9928704
596 0.07 9928704
597 0.07 9924608
598 0.06 9912320
599 0.06 9916416
600 0.07 9916416
601 0.07 9916416
602 0.06 10010624
603 0.07 9924608
604 0.06 9932800
605 0.06 9920512
606 0.06 9949184
607 0.06 9936896
608 0.06 10035200
609 0.06 10047488
610 0.07 9994240
611 0.06 9977856
612 0.06 9936896
613 0.07 9990144
614 0.06 10022912
615 0.06 9940992
616 0.06 9949184
617 0.06 9957376
618 0.06 9940992
619 0.06 9936896
620 0.06 9945088
621 0.06 9961472
622 0.07 9945088
623 0.06 9969664
624 0.06 10096640
625 0.06 9945088
626 0.07 9945088
627 0.06 10063872
628 0.07 10027008
629 0.06 9965568
630 0.06 9969664
631 0.06 9957376
632 0.07 9953280
633 0.06 9969664
634 0.07 9953280
635 0.05 9965568
636 0.07 9969664
637 0.06 9957376
638 0.07 9969664
639 0.07 9986048
640 0.06 9957376
641 0.06 9949184
642 0.07 9986048
643 0.06 9994240
644 0.06 9965568
645 0.06 9977856
646 0.07 9977856
647 0.06 9961472
648 0.07 9965568
649 0.06 9973760
650 0.06 9990144
651 0.06 9998336
652 0.06 9957376
653 0.06 10010624
654 0.06 10125312
655 0.06 9969664
656 0.07 10043392
657 0.06 9986048
658 0.06 9998336
659 0.06 9990144
660 0.07 9990144
661 0.07 10031104
662 0.06 10022912
663 0.07 9973760
664 0.06 10006528
665 0.08 10092544
666 0.06 10022912
667 0.07 9998336
668 0.06 10022912
669 0.06 9973760
670 0.06 9973760
671 0.07 9986048
672 0.06 10014720
673 0.07 10014720
674 0.06 9981952
675 0.07 10137600
676 0.06 10055680
677 0.07 10047488
678 0.07 9986048
679 0.06 10035200
680 0.06 9998336
681 0.06 10108928
682 0.07 10022912
683 0.07 10076160
684 0.06 9990144
685 0.06 10170368
686 0.06 10002432
687 0.06 9981952
688 0.07 9994240
689 0.06 10010624
690 0.06 9998336
691 0.06 10002432
692 0.07 9994240
693 0.06 10002432
694 0.06 9998336
695 0.07 10006528
696 0.07 10014720
697 0.06 9965568
698 0.06 10022912
699 0.06 10014720
700 0.05 9965568
701 0.06 9965568
702 0.06 9965568
703 0.07 9965568
704 0.07 10153984
705 0.06 9965568
706 0.07 10014720
707 0.06 10092544
708 0.07 10162176
709 0.06 10055680
710 0.07 10166272
711 0.06 10043392
712 0.07 10006528
713 0.07 10010624
714 0.07 10014720
715 0.06 10014720
716 0.07 10014720
717 0.07 10010624
718 0.07 10006528
719 0.07 10010624
720 0.06 10027008
721 0.06 10022912
722 0.06 10010624
723 0.07 10027008
724 0.07 10022912
725 0.06 10006528
726 0.07 10027008
727 0.07 10035200
728 0.06 10035200
729 0.07 10022912
730 0.07 10022912
731 0.06 10027008
732 0.06 10043392
733 0.06 9998336
734 0.06 10006528
735 0.07 10027008
736 0.07 10031104
737 0.06 10043392
738 0.06 10006528
739 0.07 10035200
740 0.06 10006528
741 0.06 10027008
742 0.06 10027008
743 0.07 10039296
744 0.07 10027008
745 0.06 10043392
746 0.07 10039296
747 0.07 10051584
748 0.06 10055680
749 0.06 10125312
750 0.07 10047488
751 0.06 10108928
752 0.06 10059776
753 0.07 10047488
754 0.07 10063872
755 0.07 10113024
756 0.07 10047488
757 0.06 10055680
758 0.07 10055680
759 0.06 10194944
760 0.07 10043392
761 0.06 10047488
762 0.06 10063872
763 0.07 10051584
764 0.07 10047488
765 0.06 10059776
766 0.06 10076160
767 0.07 10047488
768 0.06 10178560
769 0.06 10035200
770 0.06 10051584
771 0.06 10072064
772 0.07 10170368
773 0.08 10190848
774 0.07 10149888
775 0.08 10186752
776 0.06 10145792
777 0.07 10190848
778 0.06 10104832
779 0.06 10092544
780 0.06 10043392
781 0.07 10084352
782 0.07 10076160
783 0.06 10227712
784 0.07 10080256
785 0.06 10231808
786 0.07 10080256
787 0.07 10072064
788 0.07 10080256
789 0.07 10227712
790 0.09 10227712
791 0.09 10207232
792 0.06 10072064
793 0.07 10145792
794 0.07 10203136
795 0.06 10100736
796 0.06 10043392
797 0.09 10203136
798 0.09 10199040
799 0.07 10145792
800 0.06 10104832