1 0.05 9424896
2 0.06 9441280
3 0.05 9457664
4 0.05 9457664
5 0.05 9445376
6 0.05 9445376
7 0.04 9404416
8 0.06 9445376
9 0.06 9445376
10 0.06 9449472
11 0.05 9453568
12 0.05 9400320
13 0.05 9445376
14 0.06 9457664
15 0.06 9453568
16 0.05 9445376
17 0.05 9449472
18 0.05 9457664
19 0.05 9465856
20 0.05 9453568
21 0.06 9482240
22 0.06 9465856
23 0.05 9465856
24 0.05 9461760
25 0.05 9445376
26 0.05 9416704
27 0.05 9494528
28 0.05 9474048
29 0.06 9478144
30 0.06 9465856
31 0.05 9478144
32 0.05 9424896
33 0.05 9523200
34 0.06 9469952
35 0.05 9469952
36 0.05 9494528
37 0.06 9523200
38 0.05 9560064
39 0.05 9465856
40 0.06 9474048
41 0.06 9482240
42 0.04 9482240
43 0.06 9502720
44 0.05 9510912
45 0.05 9555968
46 0.05 9510912
47 0.06 9474048
48 0.05 9486336
49 0.05 9482240
50 0.05 9474048
51 0.05 9494528
52 0.05 9510912
53 0.06 9482240
54 0.06 9515008
55 0.06 9498624
56 0.05 9490432
57 0.05 9547776
58 0.05 9519104
59 0.05 9478144
60 0.05 9523200
61 0.06 9592832
62 0.05 9519104
63 0.05 9539584
64 0.05 9560064
65 0.06 9539584
66 0.06 9539584
67 0.05 9543680
68 0.05 9543680
69 0.05 9543680
70 0.05 9535488
71 0.05 9494528
72 0.05 9506816
73 0.05 9527296
74 0.05 9515008
75 0.05 9580544
76 0.06 9535488
77 0.05 9547776
78 0.06 9515008
79 0.05 9543680
80 0.06 9555968
81 0.06 9641984
82 0.05 9527296
83 0.06 9523200
84 0.05 9551872
85 0.06 9535488
86 0.05 9523200
87 0.05 9527296
88 0.05 9564160
89 0.05 9560064
90 0.05 9584640
91 0.05 9555968
92 0.05 9560064
93 0.05 9547776
94 0.05 9535488
95 0.05 9625600
96 0.06 9596928
97 0.06 9596928
98 0.06 9580544
99 0.05 9601024
100 0.05 9564160
101 0.05 9572352
102 0.06 9592832
103 0.05 9543680
104 0.05 9539584
105 0.06 9539584
106 0.06 9572352
107 0.06 9535488
108 0.06 9572352
109 0.06 9539584
110 0.05 9580544
111 0.06 9539584
112 0.06 9576448
113 0.05 9666560
114 0.06 9543680
115 0.06 9535488
116 0.06 9576448
117 0.06 9555968
118 0.06 9560064
119 0.06 9576448
120 0.05 9539584
121 0.06 9555968
122 0.06 9555968
123 0.06 9535488
124 0.06 9613312
125 0.06 9572352
126 0.06 9560064
127 0.06 9576448
128 0.06 9670656
129 0.05 9621504
130 0.06 9625600
131 0.05 9609216
132 0.05 9568256
133 0.06 9580544
134 0.05 9576448
135 0.06 9592832
136 0.05 9568256
137 0.05 9719808
138 0.06 9658368
139 0.06 9572352
140 0.06 9613312
141 0.06 9621504
142 0.05 9580544
143 0.06 9613312
144 0.06 9609216
145 0.05 9621504
146 0.06 9580544
147 0.06 9678848
148 0.06 9580544
149 0.05 9629696
150 0.05 9641984
151 0.06 9662464
152 0.05 9662464
153 0.07 9650176
154 0.05 9580544
155 0.05 9629696
156 0.06 9629696
157 0.05 9592832
158 0.05 9601024
159 0.05 9605120
160 0.06 9637888
161 0.06 9637888
162 0.05 9629696
163 0.06 9654272
164 0.07 9654272
165 0.06 9629696
166 0.07 9592832
167 0.05 9592832
168 0.06 9625600
169 0.05 9678848
170 0.06 9637888
171 0.06 9711616
172 0.05 9711616
173 0.06 9674752
174 0.06 9678848
175 0.05 9687040
176 0.05 9764864
177 0.06 9678848
178 0.06 9662464
179 0.06 9670656
180 0.06 9715712
181 0.06 9678848
182 0.06 9744384
183 0.06 9674752
184 0.05 9719808
185 0.06 9670656
186 0.05 9703424
187 0.06 9670656
188 0.08 9732096
189 0.05 9711616
190 0.05 9711616
191 0.06 9703424
192 0.05 9674752
193 0.05 9666560
194 0.06 9711616
195 0.05 9695232
196 0.06 9740288
197 0.06 9715712
198 0.06 9715712
199 0.05 9818112
200 0.05 9695232
201 0.06 9748480
202 0.06 9723904
203 0.05 9707520
204 0.06 9682944
205 0.05 9732096
206 0.05 9682944
207 0.06 9760768
208 0.06 9691136
209 0.05 9723904
210 0.06 9732096
211 0.06 9732096
212 0.05 9707520
213 0.06 9715712
214 0.06 9695232
215 0.05 9736192
216 0.06 9768960
217 0.06 9695232
218 0.06 9785344
219 0.06 9732096
220 0.06 9773056
221 0.06 9719808
222 0.06 9768960
223 0.06 9703424
224 0.05 9723904
225 0.06 9711616
226 0.05 9863168
227 0.06 9723904
228 0.05 9728000
229 0.06 9723904
230 0.06 9752576
231 0.06 9719808
232 0.06 9760768
233 0.06 9871360
234 0.05 9744384
235 0.06 9707520
236 0.05 9834496
237 0.05 9732096
238 0.06 9879552
239 0.06 9756672
240 0.06 9723904
241 0.06 9764864
242 0.06 9764864
243 0.05 9728000
244 0.06 9764864
245 0.06 9723904
246 0.05 9867264
247 0.05 9764864
248 0.06 9883648
249 0.06 9760768
250 0.05 9719808
251 0.06 9768960
252 0.06 9809920
253 0.06 9826304
254 0.06 9797632
255 0.06 9797632
256 0.05 9809920
257 0.06 9760768
258 0.06 9801728
259 0.06 9789440
260 0.05 9834496
261 0.05 9814016
262 0.06 9809920
263 0.05 9764864
264 0.05 9814016
265 0.07 9805824
266 0.06 9801728
267 0.06 9883648
268 0.06 9805824
269 0.06 9814016
270 0.06 9797632
271 0.05 9842688
272 0.05 9850880
273 0.06 9814016
274 0.06 9818112
275 0.05 9826304
276 0.06 9883648
277 0.05 9818112
278 0.06 9854976
279 0.05 9822208
280 0.06 9801728
281 0.06 9830400
282 0.05 9830400
283 0.06 9818112
284 0.06 9822208
285 0.06 9945088
286 0.05 9863168
287 0.06 9826304
288 0.06 9826304
289 0.07 9830400
290 0.07 9826304
291 0.06 9854976
292 0.08 9932800
293 0.06 9834496
294 0.06 9826304
295 0.06 9916416
296 0.06 9834496
297 0.06 9818112
298 0.05 9838592
299 0.06 9830400
300 0.06 9846784
301 0.06 9846784
302 0.06 9834496
303 0.06 9834496
304 0.06 9940992
305 0.06 9850880
306 0.06 9842688
307 0.06 9838592
308 0.07 9945088
309 0.07 9842688
310 0.05 9928704
311 0.06 9883648
312 0.06 9912320
313 0.06 9842688
314 0.05 9854976
315 0.06 9822208
316 0.06 9940992
317 0.06 9809920
318 0.06 9854976
319 0.06 9908224
320 0.06 9854976
321 0.07 9883648
322 0.06 9850880
323 0.06 9854976
324 0.07 9854976
325 0.07 9990144
326 0.07 9879552
327 0.05 9859072
328 0.06 9842688
329 0.06 9965568
330 0.07 9936896
331 0.07 9854976
332 0.05 9867264
333 0.06 9859072
334 0.06 9867264
335 0.06 9887744
336 0.06 9867264
337 0.06 9986048
338 0.06 9830400
339 0.05 9879552
340 0.06 9883648
341 0.05 10010624
342 0.06 9973760
343 0.06 10006528
344 0.06 9986048
345 0.06 10022912
346 0.05 10022912
347 0.06 10014720
348 0.06 10022912
349 0.06 9994240
350 0.06 10022912
351 0.06 10002432
352 0.06 10035200
353 0.06 10153984
354 0.05 10072064
355 0.06 10010624
356 0.06 10047488
357 0.07 10006528
358 0.06 9990144
359 0.06 10039296
360 0.06 10043392
361 0.07 10006528
362 0.07 9990144
363 0.07 10010624
364 0.06 10022912
365 0.06 10022912
366 0.06 10018816
367 0.06 9998336
368 0.06 10027008
369 0.06 10014720
370 0.06 10018816
371 0.07 10006528
372 0.05 10039296
373 0.06 10027008
374 0.07 10035200
375 0.07 10022912
376 0.07 10022912
377 0.07 10121216
378 0.06 10027008
379 0.07 10027008
380 0.05 10027008
381 0.06 10031104
382 0.06 10010624
383 0.06 10018816
384 0.06 10035200
385 0.07 10039296
386 0.07 10027008
387 0.06 10059776
388 0.06 10027008
389 0.08 10100736
390 0.07 10129408
391 0.06 10162176
392 0.06 10018816
393 0.06 10092544
394 0.07 10158080
395 0.07 10043392
396 0.07 10145792
397 0.06 10076160
398 0.07 10080256
399 0.06 10108928
400 0.07 10117120
401 0.07 10145792
402 0.06 10121216
403 0.06 10153984
404 0.07 10076160
405 0.05 10055680
406 0.06 10137600
407 0.07 10166272
408 0.06 10104832
409 0.06 10055680
410 0.07 10051584
411 0.06 10031104
412 0.07 10190848
413 0.06 10039296
414 0.07 10186752
415 0.06 10121216
416 0.06 10125312
417 0.06 10055680
418 0.06 10067968
419 0.06 10059776
420 0.06 10182656
421 0.06 10067968
422 0.06 10190848
423 0.06 10088448
424 0.07 10158080
425 0.06 10063872
426 0.06 10080256
427 0.06 10174464
428 0.06 10072064
429 0.06 10063872
430 0.06 10072064
431 0.06 10080256
432 0.06 10072064
433 0.06 10022912
434 0.06 10063872
435 0.06 10108928
436 0.05 10104832
437 0.06 10063872
438 0.06 10141696
439 0.06 10100736
440 0.06 10027008
441 0.07 10076160
442 0.06 10055680
443 0.07 10084352
444 0.07 10072064
445 0.06 10076160
446 0.06 10121216
447 0.06 10153984
448 0.07 10080256
449 0.07 10076160
450 0.06 10096640
451 0.06 10186752
452 0.06 10080256
453 0.06 10096640
454 0.06 10080256
455 0.06 10186752
456 0.06 10096640
457 0.06 10170368
458 0.06 10080256
459 0.06 10080256
460 0.06 10080256
461 0.06 10076160
462 0.06 10039296
463 0.06 10108928
464 0.06 10092544
465 0.06 10080256
466 0.06 10219520
467 0.06 10125312
468 0.06 10104832
469 0.06 10051584
470 0.06 10092544
471 0.06 10092544
472 0.06 10088448
473 0.06 10149888
474 0.05 10055680
475 0.06 10096640
476 0.06 10104832
477 0.07 10104832
478 0.07 10104832
479 0.06 10104832
480 0.07 10108928
481 0.07 10104832
482 0.07 10092544
483 0.06 10108928
484 0.06 10121216
485 0.06 10104832
486 0.07 10162176
487 0.06 10108928
488 0.05 10084352
489 0.07 10153984
490 0.07 10186752
491 0.06 10129408
492 0.06 10227712
493 0.07 10194944
494 0.07 10162176
495 0.06 10248192
496 0.06 10244096
497 0.06 10129408
498 0.06 10227712
499 0.06 10117120
500 0.06 10076160
501 0.05 10121216
502 0.07 10117120
503 0.07 10117120
504 0.05 10076160
505 0.06 10117120
506 0.07 10153984
507 0.06 10162176
508 0.06 10207232
509 0.07 10129408
510 0.06 10244096
511 0.06 10272768
512 0.06 10240000
513 0.06 10199040
514 0.06 10293248
515 0.06 10309632
516 0.06 10215424
517 0.08 10301440
518 0.07 10342400
519 0.06 10215424
520 0.07 10207232
521 0.07 10252288
522 0.07 10276864
523 0.06 10219520
524 0.07 10215424
525 0.06 10244096
526 0.06 10330112
527 0.07 10211328
528 0.06 10223616
529 0.06 10215424
530 0.06 10289152
531 0.06 10227712
532 0.06 10227712
533 0.06 10211328
534 0.06 10219520
535 0.08 10280960
536 0.07 10297344
537 0.07 10223616
538 0.06 10215424
539 0.06 10231808
540 0.06 10219520
541 0.06 10207232
542 0.06 10211328
543 0.07 10227712
544 0.06 10235904
545 0.06 10186752
546 0.06 10252288
547 0.06 10186752
548 0.07 10223616
549 0.07 10342400
550 0.07 10354688
551 0.1 10256384
552 0.06 10379264
553 0.06 10235904
554 0.06 10215424
555 0.06 10240000
556 0.07 10231808
557 0.07 10240000
558 0.06 10219520
559 0.07 10240000
560 0.06 10223616
561 0.07 10395648
562 0.07 10235904
563 0.07 10235904
564 0.06 10235904
565 0.07 10244096
566 0.06 10215424
567 0.06 10227712
568 0.06 10231808
569 0.06 10334208
570 0.07 10252288
571 0.06 10326016
572 0.06 10334208
573 0.06 10244096
574 0.07 10391552
575 0.06 10252288
576 0.06 10264576
577 0.07 10231808
578 0.06 10256384
579 0.06 10240000
580 0.06 10289152
581 0.07 10256384
582 0.06 10407936
583 0.07 10354688
584 0.07 10264576
585 0.06 10240000
586 0.06 10264576
587 0.07 10276864
588 0.06 10256384
589 0.06 10268672
590 0.06 10268672
591 0.07 10244096
592 0.07 10260480
593 0.06 10289152
594 0.07 10260480
595 0.06 10276864
596 0.07 10264576
597 0.07 10272768
598 0.07 10276864
599 0.06 10346496
600 0.07 10285056
601 0.06 10321920
602 0.06 10276864
603 0.06 10227712
604 0.07 10289152
605 0.06 10268672
606 0.06 10280960
607 0.06 10227712
608 0.06 10272768
609 0.07 10338304
610 0.07 10276864
611 0.06 10231808
612 0.07 10264576
613 0.07 10268672
614 0.07 10280960
615 0.07 10424320
616 0.07 10280960
617 0.07 10289152
618 0.07 10289152
619 0.06 10276864
620 0.06 10428416
621 0.06 10293248
622 0.07 10285056
623 0.07 10301440
624 0.06 10293248
625 0.06 10309632
626 0.07 10293248
627 0.07 10297344
628 0.07 10297344
629 0.06 10297344
630 0.06 10301440
631 0.07 10432512
632 0.06 10297344
633 0.06 10289152
634 0.07 10317824
635 0.07 10338304
636 0.07 10305536
637 0.07 10313728
638 0.06 10330112
639 0.07 10301440
640 0.06 10436608
641 0.06 10301440
642 0.07 10301440
643 0.06 10301440
644 0.07 10305536
645 0.07 10371072
646 0.06 10436608
647 0.07 10313728
648 0.07 10305536
649 0.06 10317824
650 0.07 10326016
651 0.06 10317824
652 0.06 10317824
653 0.07 10383360
654 0.06 10268672
655 0.06 10317824
656 0.07 10309632
657 0.07 10317824
658 0.07 10317824
659 0.07 10326016
660 0.07 10317824
661 0.07 10448896
662 0.06 10338304
663 0.07 10326016
664 0.07 10330112
665 0.06 10309632
666 0.06 10338304
667 0.07 10334208
668 0.07 10330112
669 0.06 10330112
670 0.06 10280960
671 0.06 10403840
672 0.07 10338304
673 0.06 10330112
674 0.07 10334208
675 0.06 10342400
676 0.06 10375168
677 0.07 10342400
678 0.06 10334208
679 0.06 10330112
680 0.06 10313728
681 0.07 10342400
682 0.07 10350592
683 0.06 10604544
684 0.08 10674176
685 0.07 10604544
686 0.07 10616832
687 0.07 10604544
688 0.07 10686464
689 0.06 10604544
690 0.06 10612736
691 0.07 10698752
692 0.07 10665984
693 0.07 10608640
694 0.06 10653696
695 0.07 10629120
696 0.06 10625024
697 0.08 10674176
698 0.07 10612736
699 0.06 10616832
700 0.06 10616832
701 0.07 10612736
702 0.06 10608640
703 0.07 10604544
704 0.07 10612736
705 0.06 10604544
706 0.07 10686464
707 0.07 10620928
708 0.07 10768384
709 0.07 10686464
710 0.06 10575872
711 0.07 10633216
712 0.07 10629120
713 0.07 10645504
714 0.06 10637312
715 0.07 10739712
716 0.07 10768384
717 0.07 10620928
718 0.07 10629120
719 0.06 10645504
720 0.07 10645504
721 0.07 10637312
722 0.07 10641408
723 0.07 10653696
724 0.06 10620928
725 0.07 10633216
726 0.07 10629120
727 0.06 10620928
728 0.07 10608640
729 0.07 10657792
730 0.07 10633216
731 0.07 10629120
732 0.06 10752000
733 0.07 10633216
734 0.08 10649600
735 0.07 10641408
736 0.07 10649600
737 0.07 10657792
738 0.06 10657792
739 0.07 10752000
740 0.07 10670080
741 0.07 10645504
742 0.07 10661888
743 0.06 10620928
744 0.08 10780672
745 0.07 10649600
746 0.06 10657792
747 0.07 10645504
748 0.06 10657792
749 0.06 10653696
750 0.07 10653696
751 0.07 10801152
752 0.06 10645504
753 0.07 10653696
754 0.07 10817536
755 0.07 10670080
756 0.07 10645504
757 0.06 10747904
758 0.07 10665984
759 0.06 10665984
760 0.07 10657792
761 0.08 10661888
762 0.08 10723328
763 0.08 10731520
764 0.07 10657792
765 0.07 10678272
766 0.07 10653696
767 0.07 10780672
768 0.06 10694656
769 0.07 10678272
770 0.07 10661888
771 0.06 10661888
772 0.07 10674176
773 0.07 10661888
774 0.07 10674176
775 0.07 10674176
776 0.07 10665984
777 0.07 10665984
778 0.06 10678272
779 0.07 10706944
780 0.06 10670080
781 0.07 10690560
782 0.07 10670080
783 0.06 10698752
784 0.07 10690560
785 0.07 10670080
786 0.06 10698752
787 0.07 10698752
788 0.07 10686464
789 0.07 10686464
790 0.06 10694656
791 0.07 10694656
792 0.06 10698752
793 0.08 10702848
794 0.07 10690560
795 0.07 10694656
796 0.06 10694656
797 0.07 10698752
798 0.07 10715136
799 0.07 10686464
800 0.06 10764288