1 0.01 7544832
2 0.03 7811072
3 0.03 8081408
4 0.03 8314880
5 0.03 8536064
6 0.03 8753152
7 0.04 8994816
8 0.04 9199616
9 0.04 9486336
10 0.05 9682944
11 0.05 9883648
12 0.06 10117120
13 0.06 10387456
14 0.06 10612736
15 0.06 10858496
16 0.07 11046912
17 0.06 11276288
18 0.07 11501568
19 0.07 11706368
20 0.09 11997184
21 0.07 12136448
22 0.08 12435456
23 0.08 12677120
24 0.09 12914688
25 0.08 13139968
26 0.09 13357056
27 0.1 13590528
28 0.1 13807616
29 0.1 14028800
30 0.1 14221312
31 0.11 14528512
32 0.11 14757888
33 0.12 14999552
34 0.12 15192064
35 0.12 15532032
36 0.12 15646720
37 0.12 15933440
38 0.13 16117760
39 0.13 16355328
40 0.14 16564224
41 0.14 16924672
42 0.15 17051648
43 0.14 17227776
44 0.14 17481728
45 0.15 17715200
46 0.15 17952768
47 0.15 18161664
48 0.15 18374656
49 0.16 18604032
50 0.17 18874368
51 0.17 19140608
52 0.17 19410944
53 0.18 19689472
54 0.18 19820544
55 0.17 20049920
56 0.17 20258816
57 0.18 20484096
58 0.18 20697088
59 0.19 20914176
60 0.19 21196800
61 0.2 21467136
62 0.2 21684224
63 0.19 21864448
64 0.19 22093824
65 0.2 22290432
66 0.2 22532096
67 0.21 22757376
68 0.22 22962176
69 0.21 23179264
70 0.25 23539712
71 0.22 23715840
72 0.22 23945216
73 0.22 24170496
74 0.24 24436736
75 0.24 24723456
76 0.24 24903680
77 0.24 25063424
78 0.24 25354240
79 0.25 25567232
80 0.25 25866240
81 0.25 26071040
82 0.25 26267648
83 0.25 26484736
84 0.26 26714112
85 0.26 26943488
86 0.27 27172864
87 0.26 27377664
88 0.27 27611136
89 0.27 27807744
90 0.28 28061696
91 0.27 28307456
92 0.28 28520448
93 0.29 28758016
94 0.29 28966912
95 0.3 29196288
96 0.29 29364224
97 0.29 29646848
98 0.3 29859840
99 0.3 30113792
100 0.31 30457856
101 0.32 30650368
102 0.32 30961664
103 0.32 31215616
104 0.32 31358976
105 0.32 31580160
106 0.32 31780864
107 0.32 32014336
108 0.33 32276480
109 0.35 32579584
110 0.33 32710656
111 0.34 32948224
112 0.34 33144832
113 0.35 33431552
114 0.35 33693696
115 0.36 33816576
116 0.35 34058240
117 0.35 34279424
118 0.36 34459648
119 0.36 34742272
120 0.37 34971648
121 0.37 35180544
122 0.37 35426304
123 0.38 35622912
124 0.38 35876864
125 0.38 36098048
126 0.38 36315136
127 0.39 36634624
128 0.4 36888576
129 0.4 37068800
130 0.4 37224448
131 0.39 37453824
132 0.4 37761024
133 0.4 38141952
134 0.41 38445056
135 0.4 38596608
136 0.41 38825984
137 0.42 39215104
138 0.41 39362560
139 0.41 39538688
140 0.42 39759872
141 0.42 39985152
142 0.43 40194048
143 0.43 40415232
144 0.43 40632320
145 0.43 40931328
146 0.44 41234432
147 0.46 41603072
148 0.44 41848832
149 0.45 42131456
150 0.46 42262528
151 0.46 42594304
152 0.45 42676224
153 0.47 43016192
154 0.46 43180032
155 0.47 43397120
156 0.47 43655168
157 0.48 43859968
158 0.48 44077056
159 0.48 44298240
160 0.48 44519424
161 0.48 44720128
162 0.49 44990464
163 0.49 45191168
164 0.49 45420544
165 0.49 45633536
166 0.5 45891584
167 0.5 46051328
168 0.5 46325760
169 0.5 46555136
170 0.51 46895104
171 0.51 47083520
172 0.53 47341568
173 0.53 47456256
174 0.55 47796224
175 0.56 48070656
176 0.54 48234496
177 0.55 48480256
178 0.55 48582656
179 0.55 48906240
180 0.54 49029120
181 0.54 49356800
182 0.55 49459200
183 0.55 49684480
184 0.55 50049024
185 0.55 50188288
186 0.55 50388992
187 0.56 50593792
188 0.56 50847744
189 0.56 51060736
190 0.56 51286016
191 0.57 51544064
192 0.57 51818496
193 0.58 51912704
194 0.58 52191232
195 0.58 52502528
196 0.58 52670464
197 0.6 52891648
198 0.59 53100544
199 0.6 53329920
200 0.6 53575680
201 0.61 53825536
202 0.61 54026240
203 0.61 54218752
204 0.62 54616064
205 0.62 54689792
206 0.62 54927360
207 0.63 55250944
208 0.65 55480320
209 0.63 55586816
210 0.63 55787520
211 0.63 56131584
212 0.64 56266752
213 0.64 56475648
214 0.65 56791040
215 0.64 56967168
216 0.65 57204736
217 0.66 57536512
218 0.67 57712640
219 0.66 57839616
220 0.65 58097664
221 0.65 58294272
222 0.67 58511360
223 0.67 58773504
224 0.67 58994688
225 0.67 59248640
226 0.68 59535360
227 0.68 59629568
228 0.67 59887616
229 0.69 60047360
230 0.69 60321792
231 0.69 60555264
232 0.7 60784640
233 0.7 61157376
234 0.69 61308928
235 0.71 61460480
236 0.71 61771776
237 0.7 61927424
238 0.72 62132224
239 0.7 62369792
240 0.72 62668800
241 0.71 62865408
242 0.72 63053824
243 0.72 63262720
244 0.72 63422464
245 0.72 63721472
246 0.73 63987712
247 0.73 64131072
248 0.73 64364544
249 0.73 64622592
250 0.75 64909312
251 0.74 65122304
252 0.74 65351680
253 0.75 65572864
254 0.75 65777664
255 0.75 66002944
256 0.76 66195456
257 0.76 66428928
258 0.76 66641920
259 0.76 66875392
260 0.77 67096576
261 0.77 67256320
262 0.78 67514368
263 0.78 67796992
264 0.78 68030464
265 0.79 68255744
266 0.79 68538368
267 0.78 68624384
268 0.79 69431296
269 0.79 69640192
270 0.8 69881856
271 0.81 70213632
272 0.8 70377472
273 0.81 70537216
274 0.82 70963200
275 0.81 70963200
276 0.83 71331840
277 0.83 71503872
278 0.82 71749632
279 0.82 71921664
280 0.82 72183808
281 0.83 72466432
282 0.83 72773632
283 0.83 72929280
284 0.83 72994816
285 0.84 73261056
286 0.85 73482240
287 0.85 73809920
288 0.85 73916416
289 0.85 74063872
290 0.86 74485760
291 0.86 74649600
292 0.86 74862592
293 0.87 75362304
294 0.88 75575296
295 0.88 75874304
296 0.89 76025856
297 0.89 76435456
298 0.88 76480512
299 0.88 76701696
300 0.89 76898304