1 0.14 12943360
2 0.19 15265792
3 0.23 17604608
4 0.29 19918848
5 0.33 22171648
6 0.4 24612864
7 0.45 26898432
8 0.53 29376512
9 0.56 31592448
10 0.61 33927168
11 0.68 36184064
12 0.74 38502400
13 0.8 40972288
14 0.85 43347968
15 0.89 45731840
16 0.95 47951872
17 1.01 50274304
18 1.07 52736000
19 1.1 54870016
20 1.16 57118720
21 1.23 59703296
22 1.28 61964288
23 1.33 64159744
24 1.39 66490368
25 1.45 68763648
26 1.5 71335936
27 1.55 73588736
28 1.6 75866112
29 1.67 78143488
30 1.72 80613376
31 1.78 82870272
32 1.82 85073920
33 1.88 87371776
34 2.29 89890816
35 2.04 92184576
36 2.05 94318592
37 2.11 96722944
38 2.16 98906112
39 2.38 101326848
40 2.63 103751680
41 2.62 105951232
42 2.73 108253184
43 2.63 110567424
44 2.77 112918528
45 2.79 115171328
46 2.97 117760000
47 2.88 120115200
48 2.71 122343424
49 2.76 124530688
50 2.98 126914560
51 2.91 129187840
52 2.94 131469312
53 3.35 133857280
54 3.2 136110080
55 3.1 138489856
56 3.15 140611584
57 3.26 143020032
58 3.32 145342464
59 3.34 147697664
60 3.38 150040576
61 3.4 152186880
62 3.46 154624000
63 3.51 156807168
64 3.57 159281152
65 3.63 161521664
66 3.7 163946496
67 3.91 166133760
68 3.96 168497152
69 3.84 170749952
70 4.1 173076480
71 3.94 175321088
72 4.61 177786880
73 4.26 180158464
74 4.17 182378496
75 4.17 184528896
76 4.23 187035648
77 4.29 189198336
78 4.33 191700992
79 4.4 193835008
80 4.43 196280320
81 4.5 198656000
82 4.55 200830976
83 4.61 203010048
84 4.65 205340672
85 4.78 207753216
86 4.77 209965056
87 4.82 212295680
88 4.87 214691840
89 4.93 217108480
90 4.97 219340800
91 5.06 221655040
92 5.08 223739904
93 5.16 226349056
94 5.2 228462592
95 5.28 231120896
96 5.31 233295872
97 5.39 235778048
98 5.42 237907968
99 5.64 240373760
100 5.56 242630656
101 5.63 244953088
102 5.7 247275520
103 5.9 249548800
104 5.81 251998208
105 5.84 254750720
106 5.88 257069056
107 5.94 259174400
108 5.97 261664768
109 6.08 263921664
110 6.08 266240000
111 6.14 268587008
112 6.21 270823424
113 6.25 273133568
114 6.3 275628032
115 6.35 277745664
116 6.4 280088576
117 6.47 282398720
118 6.53 284717056
119 6.57 287043584
120 6.65 289218560
121 6.68 291614720
122 6.75 294006784
123 6.79 296300544
124 6.86 298618880
125 6.89 300896256
126 7.02 303185920
127 7.02 305553408
128 7.06 307941376
129 7.15 310165504
130 7.21 312614912
131 7.28 314720256
132 7.31 317120512
133 7.33 319377408
134 7.39 321748992
135 7.45 324050944
136 7.49 326332416
137 7.51 328597504
138 7.59 330952704
139 7.65 333238272
140 7.74 335659008
141 7.76 337829888
142 8.24 340246528
143 8.52 324263936
144 8.21 344866816
145 8.04 347131904
146 8.18 349478912
147 8.12 351764480
148 8.71 354140160
149 9.21 356454400
150 8.35 331997184
151 8.73 239849472
152 9.17 363442176
154 9.79 368128000