1 0.08 11169792
2 0.1 11739136
3 0.1 12144640
4 0.12 12734464
5 0.12 13324288
6 0.22 13910016
7 0.15 14401536
8 0.16 15110144
9 0.16 15523840
10 0.17 16187392
11 0.2 16809984
12 0.19 17244160
13 0.19 17846272
14 0.18 18231296
15 0.19 18755584
16 0.21 19460096
17 0.21 19943424
18 0.25 20504576
19 0.27 21098496
20 0.3 21671936
21 0.28 22286336
22 0.29 22827008
23 0.3 23322624
24 0.3 23916544
25 0.32 24518656
26 0.34 25026560
27 0.34 25554944
28 0.36 26083328
29 0.36 26648576
30 0.36 27181056
31 0.38 27754496
32 0.4 28327936
33 0.41 28975104
34 0.43 29483008
35 0.4 29999104
36 0.35 30380032
37 0.39 31068160
38 0.37 31547392
39 0.38 32079872
40 0.39 32608256
41 0.4 33165312
42 0.4 33701888
43 0.41 34250752
44 0.42 34873344
45 0.43 35344384
46 0.45 36077568
47 0.49 36556800
48 0.45 37068800
49 0.46 37634048
50 0.47 38174720
51 0.47 38760448
52 0.48 39178240
53 0.49 39874560
54 0.49 40341504
55 0.52 40992768
56 0.52 41385984
57 0.52 42024960
58 0.53 42647552
59 0.54 43163648
60 0.55 43700224
61 0.55 44273664
62 0.58 44912640
63 0.57 45268992
64 0.58 45867008
65 0.62 46522368
66 0.61 47058944
67 0.61 47484928
68 0.61 48017408
69 0.63 48680960
70 0.63 49217536
71 0.63 49655808
72 0.65 50176000
73 0.66 50745344
74 0.66 51212288
75 0.67 51818496
76 0.68 52363264
77 0.68 52912128
78 0.7 53440512
79 0.71 53989376
80 0.78 54444032
81 0.72 55095296
82 0.73 55631872
83 0.73 56324096
84 0.74 56696832
85 0.75 57245696
86 0.75 57712640
87 0.76 58314752
88 0.77 58851328
89 0.78 59342848
90 0.79 59940864
91 0.8 60485632
92 0.79 60956672
93 0.84 61698048
94 0.82 62095360
95 0.84 62705664
96 0.85 63459328
97 0.86 64053248
98 0.86 64667648
99 0.87 65220608
100 0.88 65748992
101 0.88 66097152
102 0.89 66674688
103 0.89 67166208
104 0.91 67747840
105 0.92 68325376
106 0.93 68927488
107 0.94 69505024
108 0.95 69926912
109 0.95 70492160
110 0.95 71016448
111 0.96 71557120
112 0.98 72187904
113 0.97 72835072
114 0.98 73199616
115 1.0 73711616
116 1.01 74309632
117 1.01 74887168
118 1.02 75374592
119 1.02 76406784
120 1.03 76935168
121 1.04 77520896
122 1.04 78061568
123 1.07 78635008
124 1.2 79245312
125 1.13 79777792
126 1.08 80297984
127 1.1 80936960
128 1.1 81276928
129 1.1 82010112
130 1.11 82444288
131 1.12 82964480
132 1.13 83443712
133 1.15 83992576
134 1.17 84668416
135 1.17 85032960
136 1.17 85671936
137 1.18 86130688
138 1.18 86695936
139 1.2 87220224
140 1.25 87920640
141 1.25 88379392
142 1.23 88956928
143 1.23 89382912
144 1.23 89919488
145 1.25 90476544
146 1.33 91156480
147 1.29 91611136
148 1.28 92315648
149 1.29 92688384
150 1.31 93351936
151 1.3 93777920
152 1.31 94351360
153 1.31 94859264
154 1.31 95277056
155 1.32 95858688
156 1.35 96518144
157 1.38 97153024
158 1.64 97734656
159 1.35 98025472
160 1.39 98816000
161 1.38 99282944
162 1.38 99688448
163 1.39 100208640
164 1.4 100933632
165 1.4 101335040
166 1.43 101871616
167 1.43 102391808
168 1.43 103006208
169 1.44 103518208
170 1.44 104161280
171 1.47 104759296
172 1.48 105238528
173 1.46 105635840
174 1.48 106164224
175 1.49 106852352
176 1.48 107282432
177 1.5 107806720
178 1.52 108576768
179 1.51 108867584
180 1.52 109436928
181 1.53 109973504
182 1.54 110505984
183 1.56 111161344
184 1.57 111779840
185 1.56 112214016
186 1.56 112680960
187 1.57 113143808
188 1.58 113778688
189 1.59 114298880
190 1.63 115003392
191 1.6 115343360
192 1.61 115937280
193 1.62 116461568
194 1.63 117002240
195 1.64 117514240
196 1.67 118808576
197 1.67 119123968
198 1.69 119783424
199 1.68 120193024
200 1.69 120741888
201 1.7 121278464
202 1.72 121995264
203 1.71 122343424
204 1.73 123101184
205 1.72 123445248
206 1.74 123977728
207 1.76 124624896
208 1.76 125325312
209 1.78 125919232
210 1.78 126132224
211 1.79 126615552
212 1.79 127315968
213 1.82 127897600
214 1.81 128507904
215 1.83 128905216
216 1.83 129544192
217 1.82 129937408
218 1.85 130555904
219 1.84 130924544
220 1.86 131637248
221 1.85 132087808
222 1.86 132677632
223 1.87 133144576
224 1.99 133857280
225 1.91 134356992
226 1.91 134823936
227 1.91 135245824
228 1.95 136056832
229 1.94 136663040
230 1.94 137125888
231 1.96 137674752
232 2.01 138285056
233 1.96 138616832
234 1.97 139415552
235 1.97 139673600
236 1.97 140230656
237 2.01 140820480
238 1.99 141312000
239 2.0 141840384
240 2.02 142434304
241 2.02 142934016
242 2.04 143667200
243 2.03 144007168
244 2.05 144588800
245 2.05 145412096
246 2.05 145645568
247 2.1 146321408
248 2.08 146931712
249 2.08 147283968
250 2.1 147939328
251 2.09 148348928
252 2.11 149180416
253 2.11 149463040
254 2.12 150151168
255 2.13 150544384
256 2.23 151166976
257 2.15 151699456
258 2.15 152162304
259 2.17 152698880
260 2.16 153251840
261 2.18 153763840
262 2.21 154521600
263 2.22 154828800
264 2.2 155353088
265 2.23 155987968
266 2.24 156536832
267 2.31 158187520
268 2.27 158646272
269 2.28 159170560
270 2.3 159760384
271 2.31 160251904
272 2.29 160813056
273 2.32 161415168
274 2.32 162004992
275 2.34 162590720
276 2.35 163123200
277 2.34 163524608
278 2.36 164044800
279 2.39 164581376
280 2.36 165158912
281 2.38 165830656
282 2.38 166379520
283 2.43 166969344
284 2.4 167313408
285 2.43 167862272
286 2.42 168374272
287 2.45 169082880
288 2.42 169373696
289 2.43 170004480
290 2.45 170622976
291 2.49 171233280
292 2.47 171614208
293 2.47 172167168
294 2.48 172933120
295 2.51 173309952
296 2.49 173801472
297 2.49 174436352
298 2.51 174899200
299 2.54 175476736
300 2.54 176291840