1 0.02 7548928
2 0.02 7757824
3 0.02 7933952
4 0.03 8093696
5 0.03 8294400
6 0.04 8462336
7 0.04 8622080
8 0.03 8794112
9 0.03 8904704
10 0.04 9060352
11 0.04 9273344
12 0.04 9396224
13 0.04 9592832
14 0.05 9760768
15 0.05 9945088
16 0.06 10108928
17 0.06 10305536
18 0.06 10489856
19 0.06 10625024
20 0.06 10760192
21 0.07 10964992
22 0.06 11124736
23 0.07 11251712
24 0.08 11460608
25 0.08 11624448
26 0.07 11788288
27 0.07 11898880
28 0.08 12111872
29 0.08 12333056
30 0.1 12521472
31 0.08 12656640
32 0.09 12820480
33 0.09 12988416
34 0.1 13082624
35 0.1 13316096
36 0.1 13467648
37 0.1 13619200
38 0.11 13803520
39 0.11 13950976
40 0.1 14061568
41 0.11 14262272
42 0.11 14426112
43 0.12 14639104
44 0.11 14827520
45 0.12 14991360
46 0.12 15167488
47 0.13 15335424
48 0.13 15503360
49 0.13 15659008
50 0.13 15761408
51 0.13 15982592
52 0.14 16097280
53 0.14 16306176
54 0.15 16449536
55 0.15 16625664
56 0.14 16777216
57 0.16 17092608
58 0.15 17199104
59 0.15 17371136
60 0.15 17555456
61 0.16 17641472
62 0.16 17854464
63 0.16 18014208
64 0.17 18206720
65 0.16 18325504
66 0.18 18599936
67 0.17 18665472
68 0.17 18759680
69 0.18 19054592
70 0.18 19197952
71 0.18 19296256
72 0.19 19529728
73 0.19 19660800
74 0.18 19820544
75 0.19 19972096
76 0.19 20148224
77 0.19 20299776
78 0.2 20410368
79 0.19 20566016
80 0.19 20742144
81 0.2 20942848
82 0.2 21110784
83 0.21 21299200
84 0.2 21471232
85 0.21 21626880
86 0.21 21790720
87 0.22 21970944
88 0.21 22110208
89 0.22 22282240
90 0.22 22437888
91 0.22 22560768
92 0.22 22712320
93 0.27 22933504
94 0.23 23089152
95 0.23 23318528
96 0.24 23572480
97 0.25 23744512
98 0.24 23904256
99 0.25 24068096
100 0.25 24223744
101 0.25 24399872
102 0.25 24489984
103 0.25 24715264
104 0.25 24879104
105 0.26 25006080
106 0.25 25227264
107 0.26 25300992
108 0.26 25526272
109 0.26 25661440
110 0.26 25796608
111 0.28 26128384
112 0.28 26288128
113 0.27 26284032
114 0.28 26517504
115 0.28 26685440
116 0.29 26976256
117 0.29 27131904
118 0.29 27295744
119 0.3 27459584
120 0.3 27648000
121 0.3 27787264
122 0.3 27893760
123 0.31 28237824
124 0.31 28246016
125 0.31 28454912
126 0.31 28606464
127 0.31 28778496
128 0.32 28987392
129 0.32 29360128
130 0.31 29515776
131 0.32 29782016
132 0.33 29863936
133 0.33 30060544
134 0.33 30347264
135 0.33 30334976
136 0.33 30478336
137 0.33 30642176
138 0.33 30863360
139 0.33 31043584
140 0.33 31096832
141 0.37 31404032
142 0.34 31498240
143 0.35 31772672
144 0.34 31817728
145 0.36 31969280
146 0.36 32182272
147 0.35 32292864
148 0.35 32473088
149 0.36 32657408
150 0.36 32829440
151 0.36 32980992
152 0.37 33136640
153 0.37 33288192
154 0.37 33464320
155 0.37 33611776
156 0.37 33796096
157 0.38 33943552
158 0.38 34201600
159 0.38 34185216
160 0.38 34430976
161 0.39 34623488
162 0.4 34742272
163 0.39 34934784
164 0.4 35094528
165 0.4 35270656
166 0.41 35459072
167 0.4 35594240
168 0.4 35655680
169 0.4 35905536
170 0.41 36081664
171 0.41 36233216
172 0.41 36421632
173 0.41 36548608
174 0.41 36712448
175 0.42 36864000
176 0.41 36986880
177 0.43 37326848
178 0.42 37507072
179 0.43 37564416
180 0.43 37744640
181 0.43 37892096
182 0.43 38088704
183 0.43 38240256
184 0.45 38416384
185 0.45 38653952
186 0.45 38830080
187 0.45 38989824
188 0.45 39157760
189 0.45 39366656
190 0.46 39579648
191 0.45 39669760
192 0.46 39739392
193 0.46 39976960
194 0.47 40136704
195 0.46 40312832
196 0.48 40488960
197 0.48 40632320
198 0.47 40833024
199 0.47 40964096
200 0.48 41107456
201 0.48 41263104
202 0.47 41607168
203 0.49 41865216
204 0.49 42016768
205 0.49 42074112
206 0.49 42323968
207 0.49 42418176
208 0.5 42659840
209 0.5 42762240
210 0.5 42868736
211 0.5 43040768
212 0.5 43245568
213 0.5 43368448
214 0.51 43528192
215 0.51 43642880
216 0.51 43888640
217 0.51 44048384
218 0.52 44199936
219 0.52 44412928
220 0.52 44535808
221 0.53 44703744
222 0.53 44847104
223 0.52 45010944
224 0.54 45121536
225 0.53 45449216
226 0.54 45490176
227 0.55 45658112
228 0.54 45805568
229 0.55 45998080
230 0.54 46088192
231 0.54 46325760
232 0.56 46477312
233 0.56 46661632
234 0.56 46821376
235 0.57 46964736
236 0.57 47116288
237 0.56 47333376
238 0.57 47448064
239 0.57 47620096
240 0.57 47783936
241 0.57 47939584
242 0.58 48132096
243 0.6 48435200
244 0.59 48459776
245 0.59 48697344
246 0.58 48783360
247 0.58 48943104
248 0.59 49098752
249 0.6 49377280
250 0.6 49414144
251 0.6 49577984
252 0.6 49745920
253 0.6 49893376
254 0.61 50061312
255 0.62 50262016
256 0.62 50425856
257 0.62 50728960
258 0.61 50749440
259 0.63 51036160
260 0.62 50978816
261 0.63 51236864
262 0.62 51314688
263 0.63 52076544
264 0.62 52248576
265 0.63 52436992
266 0.63 52555776
267 0.64 52768768
268 0.64 52908032
269 0.63 53088256
270 0.64 53239808
271 0.64 53399552
272 0.65 53555200
273 0.64 53739520
274 0.73 53952512
275 0.75 54173696
276 0.79 54304768
277 0.82 54419456
278 0.84 54648832
279 0.7 54775808
280 0.71 54956032
281 0.67 55083008
282 0.7 55341056
283 0.7 55517184
284 0.69 55713792
285 0.75 55803904
286 0.79 55996416
287 0.68 55930880
288 0.68 56098816
289 0.7 56397824
290 0.68 56422400
291 0.69 56827904
292 0.7 56823808
293 0.7 56979456
294 0.69 57143296
295 0.7 57507840
296 0.7 57491456
297 0.71 57663488
298 0.7 57819136
299 0.81 58044416
300 0.71 58171392