1 0.08 11087872
2 0.08 11714560
3 0.12 12283904
4 0.11 12791808
5 0.11 13475840
6 0.12 13918208
7 0.13 14540800
8 0.13 15056896
9 0.16 15806464
10 0.21 16330752
11 0.26 16908288
12 0.3 17326080
13 0.19 17965056
14 0.2 18571264
15 0.2 19058688
16 0.21 19542016
17 0.26 20324352
18 0.22 20762624
19 0.27 21209088
20 0.27 21876736
21 0.32 22585344
22 0.26 23056384
23 0.39 23650304
24 0.28 24162304
25 0.28 24748032
26 0.28 25264128
27 0.29 25804800
28 0.31 26427392
29 0.33 27041792
30 0.32 27484160
31 0.32 27955200
32 0.32 28540928
33 0.34 29200384
34 0.34 29757440
35 0.35 30281728
36 0.37 30863360
37 0.37 31399936
38 0.38 32034816
39 0.38 32485376
40 0.39 33095680
41 0.41 33722368
42 0.41 34213888
43 0.41 34676736
44 0.43 35246080
45 0.43 35979264
46 0.44 36478976
47 0.45 37072896
48 0.46 37683200
49 0.47 38170624
50 0.48 38731776
51 0.49 39362560
52 0.55 39886848
53 0.54 40558592
54 0.52 40943616
55 0.6 41664512
56 0.57 42323968
57 0.53 42786816
58 0.53 43278336
59 0.54 43769856
60 0.56 44404736
61 0.56 44888064
62 0.57 45432832
63 0.58 46014464
64 0.59 46555136
65 0.61 47140864
66 0.61 47681536
67 0.62 48230400
68 0.63 48795648
69 0.64 49336320
70 0.64 49876992
71 0.67 50511872
72 0.66 51101696
73 0.67 51499008
74 0.68 52207616
75 0.82 52678656
76 0.69 53260288
77 0.7 53755904
78 0.71 54239232
79 0.71 54870016
80 0.73 55455744
81 0.73 55955456
82 0.75 56610816
83 0.74 57069568
84 0.75 57626624
85 0.76 58085376
86 0.79 58867712
87 0.79 59396096
88 0.79 59834368
89 0.79 60497920
90 0.8 60997632
91 0.81 61579264
92 0.82 62087168
93 0.83 62664704
94 0.85 63438848
95 0.85 63934464
96 0.86 64393216
97 0.87 65089536
98 0.86 65568768
99 0.89 66138112
100 0.89 66691072
101 0.89 67223552
102 0.9 67764224
103 0.92 68526080
104 0.92 68907008
105 0.93 69431296
106 0.94 69992448
107 0.95 70598656
108 0.97 71241728
109 0.96 71643136
110 0.96 72335360
111 0.98 72769536
112 0.99 73318400
113 1.0 73875456
114 1.01 74448896
115 1.01 74985472
116 1.02 75661312
117 1.02 76087296
118 1.04 76603392
119 1.04 77676544
120 1.05 78258176
121 1.05 78802944
122 1.06 79384576
123 1.06 79917056
124 1.09 80453632
125 1.09 81014784
126 1.1 81674240
127 1.12 82120704
128 1.12 82776064
129 1.12 83169280
130 1.14 83808256
131 1.15 84336640
132 1.16 84836352
133 1.17 85409792
134 1.18 86020096
135 1.19 86528000
136 1.19 87060480
137 1.2 87609344
138 1.21 88170496
139 1.23 88748032
140 1.23 89329664
141 1.24 89997312
142 1.24 90402816
143 1.26 91037696
144 1.27 91578368
145 1.27 92004352
146 1.27 92585984
147 1.3 93245440
148 1.29 93683712
149 1.3 94269440
150 1.3 94760960
151 1.33 95440896
152 1.32 95846400
153 1.33 96460800
154 1.36 97001472
155 1.35 97538048
156 1.35 98091008
157 1.36 98635776
158 1.47 99160064
159 1.44 99921920
160 1.43 100335616
161 1.39 100892672
162 1.42 101584896
163 1.41 101982208
164 1.42 102547456
165 1.44 103120896
166 1.44 103792640
167 1.44 104185856
168 1.46 104722432
169 1.46 105324544
170 1.48 105963520
171 1.48 106397696
172 1.66 107143168
173 1.5 107528192
174 1.49 108072960
175 1.52 108720128
176 1.53 109219840
177 1.52 109678592
178 1.54 110260224
179 1.55 110903296
180 1.54 111382528
181 1.56 111960064
182 1.56 112427008
183 1.57 113033216
184 1.6 113651712
185 1.59 114171904
186 1.59 114700288
187 1.61 115318784
188 1.61 115802112
189 1.62 116346880
190 1.62 116879360
191 1.66 117944320
192 1.96 118673408
193 1.88 119304192
194 2.18 119816192
195 1.9 120401920
196 2.04 120958976
197 2.26 121548800
198 2.53 122052608
199 2.49 122667008
200 2.02 123211776
201 1.8 123756544
202 1.8 124264448
203 1.77 124612608
204 1.82 125394944
205 1.87 125857792
206 1.79 126377984
207 1.78 126722048
208 1.79 127340544
209 1.81 128114688
210 1.83 128647168
211 1.81 128974848
212 1.83 129835008
213 1.84 130293760
214 1.84 130629632
215 1.85 131502080
216 1.86 131772416
217 1.87 132460544
218 1.87 133087232
219 1.89 133554176
220 1.89 134074368
221 1.9 134590464
222 1.9 135065600
223 1.91 135606272
224 1.93 136167424
225 2.24 136921088
226 2.29 137375744
227 1.95 138022912
228 1.95 138371072
229 1.97 138956800
230 2.05 139657216
231 2.0 140132352
232 2.0 140791808
233 1.99 141389824
234 2.08 141824000
235 2.0 142299136
236 2.02 143065088
237 2.03 143536128
238 2.02 143917056
239 2.07 144723968
240 2.08 145215488
241 2.31 145596416
242 2.05 146132992
243 2.06 146722816
244 2.1 147341312
245 2.1 148000768
246 2.13 148602880
247 2.11 148987904
248 2.11 149528576
249 2.13 150069248
250 2.13 150831104
251 2.16 151105536
252 2.16 151773184
253 2.15 152231936
254 2.19 152662016
255 2.17 153325568
256 2.19 154116096
257 2.18 154308608
258 2.19 155054080
259 2.2 155512832
260 2.22 156176384
261 2.25 157716480
262 2.3 158277632
263 2.32 158916608
264 2.51 159522816
265 2.53 160124928
266 2.91 160612352
267 2.9 161157120
268 2.34 161648640
269 2.43 162304000
270 2.55 162766848
271 2.59 163319808
272 2.47 163876864
273 2.48 164536320
274 2.61 164958208
275 2.47 165498880
276 2.48 166076416
277 2.45 166531072
278 2.44 167149568
279 2.46 167833600
280 2.43 168165376
281 2.44 168861696
282 2.44 169426944
283 2.45 169967616
284 2.49 170573824
285 2.46 171225088
286 2.45 171515904
287 2.49 172109824
288 2.52 172621824
289 2.68 173334528
290 3.32 173916160
291 2.76 174465024
292 3.17 170336256
293 3.07 175603712
294 2.79 176103424
295 2.76 176496640
296 3.43 177192960
297 2.75 177692672
298 2.89 178270208
299 3.37 178933760
300 2.72 179331072