1 0.29 23588864
2 0.32 24793088
3 0.34 24698880
4 0.33 25088000
5 0.37 26275840
6 0.41 27168768
7 0.38 27357184
8 0.38 27553792
9 0.4 28098560
10 0.41 29016064
11 0.41 28745728
12 0.5 30212096
13 0.51 30674944
14 0.52 31084544
15 0.49 31678464
16 0.48 31281152
17 0.48 32239616
18 0.51 32821248
19 0.54 33636352
20 0.49 33398784
21 0.54 34091008
22 0.51 34365440
23 0.52 34783232
24 0.55 35438592
25 0.57 35971072
26 0.59 36421632
27 0.57 37007360
28 0.58 37261312
29 0.58 38129664
30 0.58 38883328
31 0.59 39047168
32 0.6 39497728
33 0.61 39780352
34 0.63 40144896
35 0.63 40726528
36 0.64 41574400
37 0.67 42647552
38 0.68 42348544
39 0.68 42729472
40 0.7 43651072
41 0.7 43765760
42 0.7 44187648
43 0.71 45297664
44 0.73 45600768
45 0.73 45924352
46 0.73 46370816
47 0.75 47099904
48 0.78 47603712
49 0.77 48017408
50 0.78 48451584
51 0.8 48893952
52 0.8 50049024
53 0.82 49889280
54 0.84 51273728
55 0.84 50876416
56 0.91 51339264
57 0.84 51765248
58 0.87 52576256
59 0.87 53141504
60 0.87 53321728
61 0.94 53800960
62 0.89 54550528
63 0.92 54874112
64 0.93 55562240
65 0.93 56483840
66 0.95 56401920
67 0.94 56827904
68 0.98 57266176
69 0.96 57958400
70 0.98 58732544
71 0.98 59019264
72 1.01 59314176
73 1.01 60350464
74 1.02 60469248
75 1.03 60829696
76 1.02 61440000
77 1.04 61890560
78 1.05 62681088
79 1.05 63008768
80 1.05 63254528
81 1.07 63672320
82 1.15 64278528
83 1.08 64679936
84 1.09 65179648
85 1.11 65929216
86 1.12 66113536
87 1.13 66674688
88 1.13 67301376
89 1.14 67792896
90 1.15 68345856
91 1.18 68792320
92 1.18 69357568
93 1.2 69808128
94 1.2 70012928
95 1.22 70647808
96 1.24 71172096
97 1.24 71680000
98 1.24 72085504
99 1.26 72581120
100 1.28 73109504
101 1.27 73732096
102 1.28 74694656
103 1.3 74625024
104 1.3 74887168
105 1.32 75759616
106 1.32 76017664
107 1.33 76619776
108 1.36 77385728
109 1.36 77492224
110 1.38 78512128
111 1.38 78540800
112 1.48 79036416
113 1.55 79790080
114 1.43 79884288
115 1.58 80502784
116 1.52 81039360
117 1.5 81891328
118 1.55 82550784
119 1.5 82591744
120 1.59 83116032
121 1.5 83222528
122 1.5 83746816
123 1.6 84508672
124 1.67 85573632
125 1.68 85405696
126 1.66 86593536
127 1.64 86900736
128 1.6 86863872
129 1.66 87842816
130 1.63 88182784
131 1.58 88662016
132 1.61 89251840
133 1.58 89337856
134 1.59 89518080
135 1.7 90234880
136 1.71 91365376
137 1.69 91377664
138 1.7 91799552
139 1.66 92712960
140 1.66 92803072
141 1.65 93122560
142 1.68 94199808
143 1.66 94007296
144 1.69 94769152
145 1.69 95272960
146 1.7 95514624
147 1.71 96378880
148 1.74 96710656
149 1.75 97280000
150 1.75 98930688
151 1.76 98951168
152 1.76 100159488
153 1.75 100134912
154 1.77 100646912
155 1.79 101191680
156 1.8 101597184
157 1.8 102256640
158 1.82 102445056
159 1.83 103239680
160 1.82 103567360
161 1.87 104239104
162 1.85 104751104
163 1.99 105570304
164 1.99 106262528
165 1.89 106033152
166 1.96 107323392
167 2.1 107122688
168 1.92 108175360
169 1.93 108093440
170 2.04 109031424
171 1.97 109043712
172 2.05 110288896
173 2.01 110673920
174 2.02 111325184
175 1.96 111173632
176 1.96 111624192
177 1.97 111902720
178 1.99 112840704
179 1.99 112988160
180 2.01 113360896
181 2.03 113971200
182 2.04 114409472
183 2.06 115220480
184 2.08 115482624
185 2.12 116092928
186 2.17 116662272
187 2.13 117104640
188 2.15 117522432
189 2.11 117870592
190 2.16 118640640
191 2.16 119349248
192 2.17 119394304
193 2.18 120471552
194 2.18 120414208
195 2.21 120999936
196 2.22 121774080
197 2.21 121954304
198 2.21 122286080
199 2.25 123023360
200 2.29 123539456
201 2.27 123826176
202 2.27 124493824
203 2.26 124592128
204 2.3 125263872
205 2.32 125898752
206 2.33 126443520
207 2.34 127311872
208 2.34 127836160
209 2.35 127770624
210 2.35 128204800
211 2.35 128761856
212 2.39 129298432
213 2.4 129806336
214 2.37 130265088
215 2.4 130908160
216 2.41 131129344
217 2.41 131641344
218 2.41 132210688
219 2.43 132820992
220 2.44 133218304
221 2.47 134152192
222 2.46 134098944
223 2.47 134582272
224 2.47 135106560
225 2.52 135753728
226 2.52 136081408
227 2.5 137113600
228 2.56 137199616
229 2.56 137551872
230 2.54 138133504
231 2.53 138555392
232 2.57 139018240
233 2.58 139804672
234 2.62 140124160
235 2.84 141324288
236 2.63 141135872
237 2.64 141729792
238 2.62 141914112
239 2.7 142639104
240 2.64 142979072
241 2.66 143654912
242 2.63 143892480
243 2.65 144453632
244 2.7 145006592
245 2.7 145551360
246 2.69 145993728
247 2.74 146542592
248 2.71 147013632
249 2.73 147644416
250 2.73 148045824
251 2.75 148369408
252 2.74 148930560
253 2.73 149446656
254 2.77 149975040
255 2.8 150478848
256 2.77 150749184
257 2.78 151416832
258 2.78 151932928
259 2.8 152502272
260 2.81 152887296
261 2.83 153530368
262 2.83 153731072
263 2.85 154767360
264 2.83 154775552
265 2.9 155828224
266 2.87 155914240
267 2.87 156409856
268 2.89 156971008
269 2.9 157134848
270 2.9 158052352
271 2.91 158580736
272 2.95 159371264
273 2.92 159305728
274 2.94 159670272
275 2.96 160231424
276 2.96 160841728
277 2.95 161361920
278 2.99 161849344
279 3.0 162177024
280 3.05 163241984
281 3.02 163532800
282 3.28 163667968
283 3.24 164147200
284 3.39 165101568
285 3.21 165744640
286 3.14 165810176
287 3.21 166793216
288 3.18 166764544
289 3.35 167550976
290 3.43 167931904
291 3.25 168427520
292 3.25 169361408
293 3.43 169897984
294 3.2 169975808
295 3.16 170393600
296 3.18 170721280
297 3.26 171192320
298 3.34 172113920
299 3.23 172695552
300 3.36 172875776