1 0.36 26411008
2 0.39 26509312
3 0.4 27738112
4 0.42 28610560
5 0.43 28995584
6 0.42 29339648
7 0.49 31199232
8 0.47 31870976
9 0.51 31928320
10 0.51 33091584
11 0.5 33337344
12 0.53 34435072
13 0.54 35168256
14 0.57 36323328
15 0.56 36728832
16 0.67 38453248
17 0.6 38727680
18 0.64 39333888
19 0.63 39800832
20 0.65 40763392
21 0.66 41566208
22 0.7 42688512
23 0.7 43618304
24 0.76 44007424
25 0.75 45244416
26 0.73 45826048
27 0.76 46325760
28 0.82 47771648
29 0.87 48676864
30 0.85 49065984
31 0.85 49790976
32 0.85 50196480
33 0.91 51269632
34 0.96 52330496
35 0.96 53411840
36 0.95 54059008
37 0.95 54104064
38 1.02 55672832
39 1.03 55812096
40 0.97 56807424
41 0.98 57200640
42 1.03 58601472
43 1.02 58880000
44 1.04 59912192
45 1.07 60801024
46 1.08 61444096
47 1.09 61902848
48 1.11 62951424
49 1.11 63492096
50 1.13 64274432
51 1.15 65069056
52 1.16 65933312
53 1.2 66842624
54 1.21 67981312
55 1.24 68452352
56 1.26 69398528
57 1.32 70213632
58 1.36 71114752
59 1.32 71614464
60 1.41 72286208
61 1.37 73396224
62 1.4 74133504
63 1.44 75055104
64 1.41 75771904
65 1.43 76562432
66 1.56 77791232
67 1.49 78651392
68 1.5 78929920
69 1.53 79572992
70 1.48 80191488
71 1.55 81539072
72 1.54 81788928
73 1.54 82251776
74 1.6 83464192
75 1.59 84393984
76 1.63 84783104
77 1.62 85565440
78 1.63 86495232
79 1.66 87695360
80 1.71 88346624
81 1.72 88629248
82 1.75 89915392
83 1.78 91095040
84 1.8 91222016
85 1.75 91975680
86 1.77 92811264
87 1.83 94265344
88 1.78 94355456
89 1.84 94887936
90 1.9 95858688
91 1.92 96657408
92 1.95 97312768
93 2.02 98897920
94 1.93 99024896
95 2.03 100167680
96 2.11 100679680
97 2.03 102137856
98 1.98 102141952
99 2.14 103149568
100 2.05 103919616
101 2.03 104697856
102 2.17 105504768
103 2.15 106139648
104 2.15 107356160
105 2.32 107794432
106 2.38 108867584
107 2.3 108965888
108 2.33 110174208
109 2.27 110706688
110 2.44 112386048
111 2.37 112295936
112 2.24 113020928
113 2.3 114524160
114 2.35 115269632
115 2.33 115589120
116 2.45 116531200
117 2.47 117657600
118 2.54 117817344
119 2.58 118935552
120 2.42 120377344
121 2.58 121085952
122 2.47 122060800
123 2.5 123269120
124 2.52 123461632
125 2.56 124874752
126 2.81 125145088
127 2.65 126164992
128 2.53 126603264
129 2.66 127586304
130 2.64 128761856
131 2.82 129429504
132 2.62 129703936
133 2.64 130789376
134 2.65 131506176
135 2.69 132186112
136 2.83 132943872
137 3.06 134332416
138 2.76 135045120
139 2.74 135258112
140 2.78 136536064
141 2.82 136933376
142 2.82 137601024
143 2.81 138366976
144 2.89 139124736
145 3.03 140791808
146 2.88 140894208
147 2.95 141688832
148 2.96 142385152
149 2.97 143134720
150 3.01 143863808
151 3.12 145027072
152 3.47 145514496
153 3.32 147087360
154 3.27 147357696
155 3.15 148078592
156 3.08 148512768
157 3.09 149331968
158 3.12 150315008
159 3.14 151252992
160 3.16 151830528
161 3.2 152887296
162 3.2 153534464
163 3.26 154525696
164 3.57 155463680
165 3.35 156471296
166 3.28 156663808
167 3.31 157437952
168 3.43 158523392
169 3.46 159068160
170 3.67 160460800
171 3.66 160559104
172 3.7 161685504
173 3.57 162099200
174 3.62 162918400
175 3.73 163774464
176 3.81 165257216
177 3.92 165613568
178 3.96 166727680
179 3.77 167645184
180 3.74 167993344
181 3.68 168472576
182 3.63 169250816
183 3.66 169975808
184 3.63 170729472
185 3.66 171536384
186 3.7 172462080
187 4.05 173494272
188 3.86 174645248
189 3.85 174817280
190 3.77 175599616
191 3.78 176353280
192 3.98 177205248
193 3.88 177741824
194 3.93 178671616
195 3.94 179892224
196 4.36 180191232
197 4.26 181731328
198 4.2 182317056
199 4.03 182579200
200 4.32 183402496
201 4.05 184201216
202 4.0 184758272
203 4.03 185790464
204 4.08 187154432
205 4.08 187199488
206 4.19 188223488
207 4.15 188907520
208 4.14 189566976
209 4.23 190513152
210 4.2 191164416
211 4.41 192602112
212 4.25 193064960
213 4.26 193572864
214 4.26 194363392
215 4.31 194969600
216 4.36 195809280
217 4.39 197033984
218 4.53 197525504
219 4.65 198557696
220 4.48 199565312
221 4.47 199684096
222 4.66 200925184
223 4.67 201519104
224 4.71 203005952
225 4.68 203132928
226 4.78 204337152
227 4.59 204566528
228 4.7 205459456
229 4.83 206188544
230 4.73 206974976
231 4.7 207826944
232 4.91 208457728
233 5.24 209362944
234 5.08 210493440
235 4.9 211234816
236 5.1 212238336
237 5.36 212467712
238 5.06 213954560
239 5.18 213868544
240 5.11 214945792
241 4.95 215601152
242 5.0 218460160
243 5.0 219660288
244 5.37 220303360
245 5.21 220921856
246 5.31 222027776
247 5.48 222339072
248 5.29 223293440
249 5.33 224096256
250 5.46 224993280
251 5.59 225898496
252 5.33 226488320
253 5.47 227291136
254 5.55 228233216
255 5.63 228810752
256 5.54 229519360
257 5.87 230895616
258 6.17 231075840
259 5.22 232005632
260 5.57 232747008
261 6.09 234209280
262 5.82 234291200
263 5.55 235147264
264 5.68 235819008
265 5.88 236703744
266 5.92 237723648
267 6.15 238465024
268 5.7 239554560
269 5.71 239853568
270 5.67 240697344
271 6.44 241524736
272 6.41 242393088
273 5.92 243265536
274 5.88 243769344
275 6.39 244518912
276 6.53 245460992
277 6.38 246444032
278 6.18 246939648
279 6.34 247607296
280 6.45 249303040
281 6.61 249765888
282 6.63 250015744
283 6.79 250777600
284 6.63 251912192
285 6.55 252719104
286 6.18 253390848
287 6.13 253984768
288 6.24 254664704
289 6.75 256040960
290 6.73 256823296
291 6.99 257748992
292 7.05 257982464
293 6.73 259158016
294 7.28 259604480
295 6.62 260567040
296 6.5 261488640
297 6.49 261935104
298 6.66 262569984
299 6.83 263774208
300 6.72 264548352