1 0.0187 5345280
2 0.0147 5312512
3 0.0148 5316608
4 0.0148 5316608
5 0.0148 5337088
6 0.0149 5369856
7 0.0149 5341184
8 0.0164 5398528
9 0.0149 5345280
10 0.019 5390336
11 0.0153 5365760
12 0.0162 5382144
13 0.0155 5386240
14 0.0183 5423104
15 0.0194 5443584
16 0.0174 5447680
17 0.0195 5451776
18 0.0156 5464064
19 0.0155 5435392
20 0.0161 5443584
21 0.0194 5484544
22 0.0168 5488640
23 0.0162 5509120
24 0.0158 5517312
25 0.016 5525504
26 0.0158 5500928
27 0.0201 5545984
28 0.0161 5521408
29 0.0184 5550080
30 0.0162 5554176
31 0.0174 5632000
32 0.0169 5574656
33 0.0173 5586944
34 0.017 5599232
35 0.0208 5648384
36 0.0167 5627904
37 0.0178 5697536
38 0.0187 5685248
39 0.018 5705728
40 0.022 5709824
41 0.0187 5730304
42 0.022 5820416
43 0.0173 5754880
44 0.0173 5771264
45 0.0174 5738496
46 0.0205 5808128
47 0.0181 5808128
48 0.0176 5787648
49 0.0177 5799936
50 0.0193 5853184
51 0.0181 5873664
52 0.0183 5885952
53 0.0181 5865472
54 0.019 5910528
55 0.0228 5926912
56 0.0186 5910528
57 0.0201 5955584
58 0.019 5984256
59 0.0189 5963776
60 0.0202 6012928
61 0.0197 6062080
62 0.0241 6057984
63 0.0203 6078464
64 0.0199 6107136
65 0.0203 6123520
66 0.0231 6156288
67 0.0204 6131712
68 0.0214 6148096
69 0.021 6205440
70 0.0207 6189056
71 0.0219 6205440
72 0.0211 6279168
73 0.0217 6287360
74 0.0215 6324224
75 0.0215 6287360
76 0.0225 6352896
77 0.022 6332416
78 0.0225 6361088
79 0.0223 6381568
80 0.0224 6451200
81 0.0225 6451200
82 0.0224 6434816
83 0.023 6500352
84 0.0224 6504448
85 0.0231 6557696
86 0.0229 6545408
87 0.0234 6610944
88 0.0237 6590464
89 0.0245 6660096
90 0.0235 6672384
91 0.0241 6668288
92 0.0241 6692864
93 0.0242 6709248
94 0.0249 6803456
95 0.0239 6791168
96 0.0253 6848512
97 0.0241 6807552
98 0.0246 6873088
99 0.0248 6914048
100 0.0251 6922240
101 0.0262 7004160
102 0.0251 6963200
103 0.0257 7000064
104 0.0252 6983680
105 0.0251 7045120
106 0.0303 7086080
107 0.03 7102464
108 0.0253 7102464
109 0.0256 7168000
110 0.0288 7208960
111 0.026 7233536
112 0.0263 7213056
113 0.0266 7307264
114 0.0281 7315456
115 0.028 7299072
116 0.0288 7360512
117 0.0689 7393280
118 0.0273 7397376
119 0.0281 7430144
120 0.0312 7487488
121 0.0276 7528448
122 0.0332 7561216
123 0.0279 7548928
124 0.0295 7618560
125 0.0291 7651328
126 0.0288 7655424
127 0.029 7680000
128 0.0332 7733248
129 0.0292 7749632
130 0.0337 7831552
131 0.0298 7872512
132 0.0351 7888896
133 0.0304 7917568
134 0.0313 7966720
135 0.0304 7970816
136 0.0311 8036352
137 0.0357 8081408
138 0.0314 8138752
139 0.0314 8110080
140 0.0318 8142848
141 0.0364 8224768
142 0.037 8241152
143 0.0333 8323072
144 0.0337 8298496
145 0.0346 8417280
146 0.0327 8384512
147 0.0332 8413184
148 0.0381 8478720
149 0.0398 8556544
150 0.0337 8523776
151 0.0397 8605696
152 0.0346 8626176
153 0.0388 8687616
154 0.0429 8712192
155 0.0351 8687616
156 0.0403 8802304
157 0.0356 8757248
158 0.0362 8851456
159 0.0377 8921088
160 0.0403 8921088
161 0.0435 8994816
162 0.037 8957952
163 0.0378 9035776
164 0.0384 9105408
165 0.0436 9113600
166 0.0382 9154560
167 0.0413 9207808
168 0.0395 9269248
169 0.0386 9297920
170 0.0414 9375744
171 0.0458 9383936
172 0.0391 9351168
173 0.0438 9424896
174 0.0396 9416704
175 0.0416 9519104
176 0.0401 9482240
177 0.0415 9621504
178 0.042 9564160
179 0.0417 9662464
180 0.0424 9732096
181 0.0474 9719808
182 0.0426 9777152
183 0.0418 9728000
184 0.0467 9854976
185 0.0465 9838592
186 0.0443 9883648
187 0.0476 9920512
188 0.049 10084352
189 0.0431 9969664
190 0.0454 10113024
191 0.0457 10108928
192 0.0455 10158080
193 0.045 10203136
194 0.0521 10227712
195 0.0498 10285056
196 0.0469 10375168
197 0.0516 10358784
198 0.0475 10473472
199 0.0484 10506240
200 0.0496 10526720
201 0.0478 10489856
202 0.0502 10686464
203 0.0485 10702848
204 0.0487 10727424
205 0.0498 10719232
206 0.0495 10846208
207 0.0483 10866688
208 0.0552 10887168
209 0.0561 10969088
210 0.053 11034624
211 0.0498 11051008
212 0.0572 11096064
213 0.0529 11161600
214 0.0517 11251712
215 0.0514 11280384
216 0.0524 11292672
217 0.0529 11333632
218 0.0538 11460608
219 0.0525 11501568
220 0.0543 11493376
221 0.0537 11599872
222 0.055 11612160
223 0.052 11632640
224 0.055 11710464
225 0.0533 11804672
226 0.0587 11919360
227 0.0543 11894784
228 0.0556 11943936
229 0.0563 11997184
230 0.0553 12079104
231 0.0563 12152832
232 0.0639 12210176
233 0.0563 12230656
234 0.0558 12214272
235 0.0644 12337152
236 0.0643 12374016
237 0.0589 12460032
238 0.0588 12492800
239 0.0595 12554240
240 0.0601 12677120
241 0.0659 12611584
242 0.059 12652544
243 0.0606 12709888
244 0.0665 12828672
245 0.0615 12967936
246 0.06 12910592
247 0.0674 12972032
248 0.0644 13070336
249 0.0655 12988416
250 0.0623 13172736
251 0.0645 13168640
252 0.0651 13254656
253 0.064 13312000
254 0.0659 13459456