1 0.0189 5378048
2 0.0184 5345280
3 0.0221 5349376
4 0.0195 5378048
5 0.0173 5328896
6 0.0172 5353472
7 0.0182 5369856
8 0.0171 5345280
9 0.0149 5320704
10 0.0159 5324800
11 0.0148 5324800
12 0.0162 5373952
13 0.0149 5328896
14 0.0162 5378048
15 0.015 5332992
16 0.0175 5361664
17 0.015 5332992
18 0.0162 5353472
19 0.0149 5357568
20 0.0172 5373952
21 0.0151 5341184
22 0.0157 5373952
23 0.0152 5386240
24 0.0156 5382144
25 0.0154 5390336
26 0.0198 5382144
27 0.0189 5382144
28 0.0151 5353472
29 0.0195 5369856
30 0.0166 5357568
31 0.0163 5398528
32 0.0153 5357568
33 0.017 5398528
34 0.0161 5361664
35 0.0155 5361664
36 0.0198 5402624
37 0.0193 5406720
38 0.0154 5373952
39 0.0156 5373952
40 0.0165 5431296
41 0.0154 5378048
42 0.0175 5431296
43 0.0162 5378048
44 0.0157 5419008
45 0.0197 5410816
46 0.0159 5419008
47 0.0171 5459968
48 0.0173 5419008
49 0.0165 5390336
50 0.0165 5431296
51 0.0158 5390336
52 0.0189 5447680
53 0.0158 5394432
54 0.0181 5398528
55 0.0159 5398528
56 0.0169 5431296
57 0.0158 5402624
58 0.0159 5439488
59 0.0182 5435392
60 0.02 5435392
61 0.0198 5439488
62 0.0162 5443584
63 0.0159 5423104
64 0.0202 5443584
65 0.016 5414912
66 0.0179 5451776
67 0.0159 5419008
68 0.0169 5459968
69 0.0214 5464064
70 0.0231 5496832
71 0.0204 5464064
72 0.0193 5423104
73 0.0207 5464064
74 0.019 5451776
75 0.019 5484544
76 0.0163 5427200
77 0.0181 5455872
78 0.0206 5480448
79 0.0166 5472256
80 0.0167 5459968
81 0.02 5480448
82 0.0167 5443584
83 0.0191 5468160
84 0.0204 5496832
85 0.0165 5443584
86 0.0176 5496832
87 0.0178 5496832
88 0.0167 5447680
89 0.018 5496832
90 0.0167 5451776
91 0.0184 5488640
92 0.0176 5455872
93 0.0177 5500928
94 0.017 5492736
95 0.0171 5484544
96 0.0192 5459968
97 0.0182 5529600
98 0.0211 5500928
99 0.0166 5472256
100 0.0187 5517312
101 0.0183 5496832
102 0.0184 5525504
103 0.017 5472256
104 0.0189 5537792
105 0.0195 5476352
106 0.0181 5517312
107 0.0264 5562368
108 0.0231 5537792
109 0.0195 5484544
110 0.0201 5496832
111 0.0173 5488640
112 0.0193 5566464
113 0.0184 5496832
114 0.02 5537792
115 0.0249 5550080
116 0.0234 5554176
117 0.0197 5550080
118 0.0229 5513216
119 0.0211 5554176
120 0.0197 5517312
121 0.0212 5558272
122 0.0182 5509120
123 0.0196 5570560
124 0.0225 5607424
125 0.0181 5541888
126 0.0186 5513216
127 0.0193 5517312
128 0.019 5517312
129 0.018 5554176
130 0.0199 5545984
131 0.0189 5562368
132 0.018 5550080
133 0.0196 5558272
134 0.0223 5545984
135 0.0179 5566464
136 0.0196 5562368
137 0.0188 5591040
138 0.0179 5529600
139 0.0176 5529600
140 0.0176 5533696
141 0.0233 5591040
142 0.0281 5623808
143 0.0232 5562368
144 0.0233 5623808
145 0.0258 5586944
146 0.0258 5632000
147 0.0179 5595136
148 0.0191 5586944
149 0.0201 5603328
150 0.0198 5603328
151 0.0183 5603328
152 0.0196 5578752
153 0.0211 5607424
154 0.0193 5566464
155 0.0206 5562368
156 0.0202 5586944
157 0.0226 5607424
158 0.0181 5611520
159 0.0222 5591040
160 0.0183 5578752
161 0.0224 5607424
162 0.0223 5611520
163 0.0194 5623808
164 0.0179 5582848
165 0.0189 5582848
166 0.0191 5582848
167 0.0213 5619712
168 0.0197 5586944
169 0.0204 5623808
170 0.0215 5611520
171 0.0199 5574656
172 0.0201 5623808
173 0.0193 5574656
174 0.0193 5607424
175 0.0197 5623808
176 0.0202 5607424
177 0.0221 5656576
178 0.0203 5574656
179 0.0194 5578752
180 0.0197 5627904
181 0.0226 5681152
182 0.0195 5636096
183 0.0234 5632000
184 0.0197 5586944
185 0.0194 5586944
186 0.0196 5632000
187 0.0187 5623808
188 0.0234 5623808
189 0.0194 5636096
190 0.0239 5648384
191 0.0189 5640192
192 0.0231 5681152
193 0.0246 5660672
194 0.0215 5636096
195 0.0234 5660672
196 0.023 5660672
197 0.0207 5660672
198 0.0213 5660672
199 0.0192 5632000
200 0.02 5664768
201 0.0197 5668864
202 0.0249 5709824
203 0.0212 5660672
204 0.0196 5632000
205 0.0247 5664768
206 0.0222 5636096
207 0.0192 5677056
208 0.0193 5636096
209 0.0209 5664768
210 0.0233 5668864
211 0.0204 5681152
212 0.019 5640192
213 0.0233 5677056
214 0.0199 5693440
215 0.0222 5738496
216 0.0201 5685248
217 0.0215 5697536
218 0.0199 5656576
219 0.0222 5689344
220 0.0238 5701632
221 0.0192 5701632
222 0.0192 5660672
223 0.0237 5693440
224 0.022 5709824
225 0.0209 5705728
226 0.0218 5709824
227 0.0196 5668864
228 0.0229 5701632
229 0.0204 5677056
230 0.0245 5705728
231 0.0207 5681152
232 0.0216 5718016
233 0.0237 5709824
234 0.0212 5718016
235 0.0196 5718016
236 0.022 5697536
237 0.0198 5722112
238 0.0224 5750784
239 0.0201 5713920
240 0.0207 5693440
241 0.0217 5746688
242 0.0224 5718016
243 0.0244 5726208
244 0.0223 5787648
245 0.0223 5689344
246 0.0201 5718016
247 0.0224 5750784
248 0.0247 5722112
249 0.0241 5738496
250 0.0219 5734400
251 0.0223 5693440
252 0.0272 5763072
253 0.0236 5734400
254 0.021 5730304
255 0.0212 5730304
256 0.0243 5738496
257 0.0213 5742592
258 0.0243 5738496
259 0.0213 5709824
260 0.0203 5746688
261 0.0255 5750784
262 0.02 5705728
263 0.0214 5750784
264 0.0199 5709824
265 0.0224 5750784
266 0.0211 5750784
267 0.025 5726208
268 0.0215 5718016
269 0.0251 5750784
270 0.0209 5758976
271 0.0253 5750784
272 0.0204 5718016
273 0.0201 5718016
274 0.0222 5767168
275 0.0217 5718016
276 0.0216 5779456
277 0.0213 5746688
278 0.0255 5758976
279 0.0216 5734400
280 0.0235 5787648
281 0.0204 5746688
282 0.0214 5779456
283 0.0208 5746688
284 0.0218 5779456
285 0.0251 5779456
286 0.0208 5779456
287 0.0208 5746688
288 0.0245 5791744
289 0.0228 5791744
290 0.0232 5791744
291 0.0241 5804032
292 0.0243 5816320
293 0.0248 5804032
294 0.0228 5799936
295 0.0236 5828608
296 0.0223 5808128
297 0.0263 5804032
298 0.022 5779456
299 0.0253 5849088
300 0.0261 5787648
301 0.0261 5816320
302 0.0213 5775360
303 0.0235 5832704
304 0.0231 5787648
305 0.0218 5816320
306 0.0213 5820416
307 0.0228 5808128
308 0.0237 5881856
309 0.0213 5779456
310 0.0212 5779456
311 0.0257 5824512
312 0.0248 5799936
313 0.0255 5844992
314 0.0238 5795840
315 0.0265 5836800
316 0.0256 5816320
317 0.0211 5791744
318 0.0265 5828608
319 0.0251 5828608
320 0.022 5853184
321 0.023 5828608
322 0.0258 5951488
323 0.0257 5840896
324 0.0236 5849088
325 0.0276 5861376
326 0.0238 5808128
327 0.0266 5865472
328 0.0217 5853184
329 0.0215 5808128
330 0.0217 5853184
331 0.0215 5812224
332 0.0239 5861376
333 0.0242 5922816
334 0.0229 5849088
335 0.0227 5816320
336 0.029 5857280
337 0.0246 5861376
338 0.0285 5894144
339 0.0249 5840896
340 0.022 5877760
341 0.024 5873664
342 0.0254 5890048
343 0.0219 5881856
344 0.022 5836800
345 0.0277 5857280
346 0.0236 5869568
347 0.0275 5898240
348 0.0257 5898240
349 0.0231 5840896
350 0.0221 5844992
351 0.0245 5890048
352 0.0259 5881856
353 0.0225 5885952
354 0.022 5853184
355 0.0241 5890048
356 0.0223 5853184
357 0.0238 5894144
358 0.0268 5943296
359 0.0238 5857280
360 0.0268 5967872
361 0.026 5906432
362 0.0248 5877760
363 0.0277 5898240
364 0.0279 5894144
365 0.0234 5861376
366 0.0227 5865472
367 0.0242 5865472
368 0.025 5902336
369 0.0284 5947392
370 0.0258 5951488
371 0.0234 5869568
372 0.0255 5906432
373 0.0227 5869568
374 0.0244 5902336
375 0.0286 5935104
376 0.0228 5869568
377 0.0262 5918720
378 0.0327 5890048
379 0.0273 5906432
380 0.0251 5967872
381 0.0243 5943296
382 0.024 5914624
383 0.0252 5881856
384 0.0254 5943296
385 0.0228 5898240
386 0.0239 5943296
387 0.0268 5943296
388 0.0243 5980160
389 0.0241 5914624
390 0.0258 5943296
391 0.0244 5939200
392 0.0267 5951488
393 0.0284 5955584
394 0.0238 5910528
395 0.0231 5955584
396 0.0276 5951488
397 0.023 5914624
398 0.0239 5971968
399 0.0231 5914624
400 0.0274 5959680
401 0.0278 5967872
402 0.0285 6029312
403 0.0234 5963776
404 0.0277 5992448
405 0.0281 5976064
406 0.0252 5984256
407 0.025 5947392
408 0.0255 5980160
409 0.0237 5947392
410 0.0263 6000640
411 0.0264 5955584
412 0.0248 5955584
413 0.0264 5992448
414 0.024 5955584
415 0.0244 5955584
416 0.0289 6025216
417 0.0291 6008832
418 0.0236 5959680
419 0.0234 6012928
420 0.0255 6000640
421 0.0272 6049792
422 0.0239 6008832
423 0.025 5967872
424 0.0236 5967872
425 0.028 6008832
426 0.027 5984256
427 0.0244 5980160
428 0.0303 6012928
429 0.0253 6021120
430 0.0242 6021120
431 0.0259 6070272
432 0.0255 6021120
433 0.0288 6021120
434 0.0297 6021120
435 0.0249 6033408
436 0.0257 6045696
437 0.0284 6029312
438 0.0248 5988352
439 0.0238 6033408
440 0.0286 6029312
441 0.0245 5992448
442 0.0291 6086656
443 0.0282 6045696
444 0.031 6029312
445 0.0246 6004736
446 0.0266 6041600
447 0.0242 6057984
448 0.0263 6049792
449 0.0256 6049792
450 0.0299 6049792
451 0.029 6053888
452 0.0295 6119424
453 0.0297 6103040
454 0.0285 6062080
455 0.0313 6115328
456 0.0282 6025216
457 0.0262 6070272
458 0.0298 6033408
459 0.0256 6029312
460 0.0287 6066176
461 0.0245 6074368
462 0.0261 6074368
463 0.0246 6045696
464 0.0248 6070272
465 0.0269 6082560
466 0.0246 6049792
467 0.0318 6180864
468 0.0245 6066176
469 0.0293 6066176
470 0.0271 6049792
471 0.0291 6189056
472 0.0257 6090752
473 0.0284 6090752
474 0.0291 6094848
475 0.0249 6053888
476 0.0249 6053888
477 0.027 6094848
478 0.0272 6062080
479 0.0318 6184960
480 0.0266 6049792
481 0.0283 6078464
482 0.0247 6094848
483 0.0272 6098944
484 0.0247 6070272
485 0.0292 6111232
486 0.0257 6144000
487 0.029 6135808
488 0.0253 6082560
489 0.0264 6078464
490 0.0282 6152192
491 0.0316 6156288
492 0.0271 6115328
493 0.0315 6111232
494 0.0248 6131712
495 0.0319 6270976
496 0.0274 6135808
497 0.0249 6090752
498 0.0301 6201344
499 0.0259 6090752
500 0.0323 6270976
501 0.0265 6090752
502 0.0298 6156288
503 0.0252 6090752
504 0.0251 6131712
505 0.0255 6090752
506 0.0264 6090752
507 0.0296 6135808
508 0.0268 6148096
509 0.0256 6144000
510 0.0313 6139904
511 0.0253 6107136
512 0.028 6148096
513 0.0305 6176768
514 0.0282 6217728
515 0.0275 6094848
516 0.0257 6103040
517 0.0323 6184960
518 0.0263 6193152
519 0.0255 6115328
520 0.0308 6213632
521 0.0317 6197248
522 0.0276 6164480
523 0.0288 6164480
524 0.0259 6123520
525 0.0256 6123520
526 0.026 6164480
527 0.026 6131712
528 0.0258 6115328
529 0.0265 6160384
530 0.0262 6119424
531 0.0279 6164480
532 0.0301 6189056
533 0.0325 6225920
534 0.0328 6164480
535 0.0285 6180864
536 0.0285 6156288
537 0.0273 6176768
538 0.0279 6131712
539 0.0269 6156288
540 0.0262 6172672
541 0.0324 6250496
542 0.0287 6135808
543 0.0276 6156288
544 0.0319 6164480
545 0.0283 6180864
546 0.0265 6148096
547 0.026 6127616
548 0.0281 6209536
549 0.0321 6184960
550 0.0266 6144000
551 0.0306 6189056
552 0.0311 6197248
553 0.0277 6258688
554 0.0288 6172672
555 0.0345 6197248
556 0.0288 6209536
557 0.0297 6184960
558 0.0265 6172672
559 0.0307 6189056
560 0.0314 6189056
561 0.0287 6152192
562 0.0302 6193152
563 0.0322 6279168
564 0.0335 6287360
565 0.0327 6189056
566 0.0268 6287360
567 0.0318 6287360
568 0.0269 6168576
569 0.0271 6168576
570 0.0266 6168576
571 0.0266 6209536
572 0.028 6201344
573 0.0318 6320128
574 0.0276 6193152
575 0.0295 6320128
576 0.0333 6377472
577 0.0314 6299648
578 0.0296 6266880
579 0.0277 6225920
580 0.0333 6238208
581 0.0271 6295552
582 0.0285 6283264
583 0.0302 6283264
584 0.0345 6279168
585 0.0312 6283264
586 0.0351 6389760
587 0.0318 6291456
588 0.0277 6262784
589 0.028 6250496
590 0.0318 6279168
591 0.0271 6299648
592 0.0273 6356992
593 0.03 6275072
594 0.0281 6311936
595 0.0293 6262784
596 0.0287 6262784
597 0.0315 6303744
598 0.029 6287360
599 0.0328 6336512
600 0.0284 6258688
601 0.0304 6295552
602 0.0275 6258688
603 0.0334 6311936
604 0.0285 6258688
605 0.0314 6414336
606 0.0284 6291456
607 0.029 6266880
608 0.0313 6311936
609 0.0274 6266880
610 0.0282 6295552
611 0.0283 6324224
612 0.032 6295552
613 0.0277 6266880
614 0.03 6266880
615 0.0287 6299648
616 0.032 6295552
617 0.0295 6295552
618 0.0347 6356992
619 0.0283 6356992
620 0.0336 6389760
621 0.0316 6385664
622 0.0291 6307840
623 0.0327 6336512
624 0.0335 6352896
625 0.0297 6307840
626 0.0343 6451200
627 0.0325 6352896
628 0.0324 6340608
629 0.0282 6311936
630 0.0286 6369280
631 0.0281 6356992
632 0.0318 6348800
633 0.0279 6352896
634 0.0311 6352896
635 0.0332 6316032
636 0.0295 6332416
637 0.0311 6352896
638 0.0322 6352896
639 0.029 6352896
640 0.0331 6447104
641 0.028 6361088
642 0.0317 6508544
643 0.0305 6361088
644 0.0347 6508544
645 0.0301 6361088
646 0.0318 6496256
647 0.0325 6361088
648 0.0298 6385664
649 0.0284 6381568
650 0.0283 6369280
651 0.0326 6373376
652 0.0338 6389760
653 0.0298 6336512
654 0.0302 6385664
655 0.0295 6348800
656 0.0321 6418432
657 0.0369 6512640
658 0.0293 6344704
659 0.0293 6344704
660 0.0335 6410240
661 0.0292 6393856
662 0.0352 6500352
663 0.0359 6418432
664 0.0303 6361088
665 0.0307 6389760
666 0.0333 6524928
667 0.0287 6402048
668 0.0284 6361088
669 0.0351 6479872
670 0.0285 6361088
671 0.0328 6389760
672 0.0334 6397952
673 0.0302 6369280
674 0.0287 6369280
675 0.0313 6402048
676 0.0366 6402048
677 0.0307 6365184
678 0.0294 6365184
679 0.0301 6361088
680 0.0325 6422528
681 0.0298 6381568
682 0.0326 6397952
683 0.0315 6414336
684 0.0337 6426624
685 0.0336 6594560
686 0.0289 6381568
687 0.034 6533120
688 0.0294 6414336
689 0.0294 6422528
690 0.0305 6414336
691 0.0336 6410240
692 0.03 6545408
693 0.0317 6426624
694 0.0312 6418432
695 0.0333 6426624
696 0.0312 6410240
697 0.032 6582272
698 0.0335 6586368
699 0.0316 6430720
700 0.0345 6422528
701 0.0319 6402048
702 0.0302 6389760
703 0.0353 6463488
704 0.0321 6451200
705 0.0317 6418432
706 0.0302 6418432
707 0.0342 6479872
708 0.0348 6733824
709 0.0309 6479872
710 0.0327 6586368
711 0.0309 6422528
712 0.033 6422528
713 0.0302 6422528
714 0.0329 6541312
715 0.031 6426624
716 0.0344 6590464
717 0.0339 6504448
718 0.0318 6467584
719 0.0351 6451200
720 0.0346 6602752
721 0.0321 6610944
722 0.0307 6438912
723 0.0353 6610944
724 0.0325 6483968
725 0.0302 6430720
726 0.0361 6598656
727 0.0306 6451200
728 0.0347 6479872
729 0.0305 6463488
730 0.0304 6471680
731 0.0303 6443008
732 0.033 6492160
733 0.0331 6496256
734 0.0335 6635520
735 0.0317 6455296
736 0.0318 6475776
737 0.0307 6438912
738 0.0347 6586368
739 0.0354 6500352
740 0.0315 6443008
741 0.0349 6471680
742 0.0338 6602752
743 0.0333 6496256
744 0.0365 6479872
745 0.0335 6516736
746 0.0307 6455296
747 0.0314 6459392
748 0.0306 6459392
749 0.0362 6504448
750 0.0311 6471680
751 0.0329 6475776
752 0.0312 6471680
753 0.0381 6553600
754 0.0376 6504448
755 0.0336 6508544
756 0.0315 6479872
757 0.0384 6672384
758 0.0318 6549504
759 0.0322 6475776
760 0.0361 6721536
761 0.0352 6488064
762 0.033 6529024
763 0.0319 6529024
764 0.0312 6483968
765 0.0362 6537216
766 0.033 6488064
767 0.0337 6684672
768 0.0309 6565888
769 0.0312 6496256
770 0.0336 6496256
771 0.0322 6500352
772 0.039 6705152
773 0.0329 6504448
774 0.032 6516736
775 0.0367 6623232
776 0.0325 6508544
777 0.0319 6545408
778 0.0364 6557696
779 0.0338 6533120
780 0.0366 6664192
781 0.0366 6545408
782 0.0308 6512640
783 0.0359 6541312
784 0.0374 6537216
785 0.0317 6549504
786 0.0321 6512640
787 0.0313 6508544
788 0.0359 6606848
789 0.0325 6565888
790 0.0359 6615040
791 0.0371 6627328
792 0.0336 6590464
793 0.0315 6512640
794 0.0352 6737920
795 0.033 6524928
796 0.0331 6557696
797 0.0332 6582272
798 0.0345 6561792
799 0.0351 6529024
800 0.0396 6709248