1 0.0149 5521408
2 0.0151 5525504
3 0.016 5525504
4 0.0152 5525504
5 0.0166 5537792
6 0.019 5562368
7 0.0161 5554176
8 0.0161 5570560
9 0.0152 5533696
10 0.016 5570560
11 0.0195 5566464
12 0.0152 5533696
13 0.0177 5574656
14 0.0153 5537792
15 0.0165 5591040
16 0.0152 5537792
17 0.0168 5586944
18 0.0202 5586944
19 0.0163 5595136
20 0.0155 5554176
21 0.017 5558272
22 0.0157 5558272
23 0.0167 5619712
24 0.0159 5562368
25 0.0176 5566464
26 0.0164 5566464
27 0.0427 5603328
28 0.0161 5595136
29 0.0162 5595136
30 0.0168 5603328
31 0.0157 5566464
32 0.0261 5636096
33 0.0546 5627904
34 0.0253 5578752
35 0.016 5574656
36 0.0167 5603328
37 0.0161 5627904
38 0.0167 5611520
39 0.0163 5582848
40 0.0161 5619712
41 0.0171 5640192
42 0.0177 5582848
43 0.0205 5611520
44 0.0182 5619712
45 0.017 5619712
46 0.0182 5640192
47 0.0188 5648384
48 0.0177 5648384
49 0.0178 5623808
50 0.0166 5632000
51 0.0187 5623808
52 0.0166 5595136
53 0.0208 5615616
54 0.0165 5595136
55 0.0169 5632000
56 0.0192 5652480
57 0.0171 5644288
58 0.0184 5632000
59 0.0195 5627904
60 0.0188 5652480
61 0.0179 5632000
62 0.0183 5640192
63 0.0169 5636096
64 0.017 5640192
65 0.0188 5636096
66 0.0175 5636096
67 0.0173 5640192
68 0.0173 5644288
69 0.0183 5652480
70 0.0171 5668864
71 0.0197 5640192
72 0.0178 5627904
73 0.0174 5660672
74 0.0168 5668864
75 0.0167 5627904
76 0.0198 5627904
77 0.021 5660672
78 0.0178 5627904
79 0.0206 5672960
80 0.0189 5681152
81 0.0183 5713920
82 0.0196 5672960
83 0.0181 5693440
84 0.0224 5636096
85 0.0179 5681152
86 0.0193 5668864
87 0.018 5636096
88 0.023 5636096
89 0.0193 5668864
90 0.022 5685248
91 0.0171 5636096
92 0.0183 5697536
93 0.0181 5668864
94 0.0222 5681152
95 0.0186 5689344
96 0.0195 5652480
97 0.018 5652480
98 0.0175 5689344
99 0.0199 5677056
100 0.0174 5656576
101 0.0183 5677056
102 0.0183 5693440
103 0.0175 5693440
104 0.02 5693440
105 0.0197 5697536
106 0.0179 5701632
107 0.021 5668864
108 0.0194 5705728
109 0.019 5705728
110 0.0177 5709824
111 0.0205 5705728
112 0.0195 5705728
113 0.0178 5701632
114 0.0201 5709824
115 0.0188 5713920
116 0.0194 5718016
117 0.0201 5701632
118 0.0188 5718016
119 0.0182 5722112
120 0.0204 5718016
121 0.0196 5713920
122 0.0184 5746688
123 0.02 5738496
124 0.0187 5718016
125 0.0189 5734400
126 0.0197 5685248
127 0.0198 5726208
128 0.0182 5726208
129 0.0209 5722112
130 0.0196 5734400
131 0.0199 5713920
132 0.0196 5738496
133 0.0229 5713920
134 0.0204 5726208
135 0.0196 5693440
136 0.02 5738496
137 0.0184 5726208
138 0.02 5754880
139 0.0203 5730304
140 0.0184 5730304
141 0.0199 5763072
142 0.0219 5738496
143 0.019 5734400
144 0.0235 5734400
145 0.0193 5713920
146 0.0211 5734400
147 0.0208 5738496
148 0.0191 5718016
149 0.0202 5742592
150 0.0212 5783552
151 0.0198 5754880
152 0.019 5718016
153 0.0209 5754880
154 0.0185 5718016
155 0.0234 5754880
156 0.0186 5718016
157 0.0213 5754880
158 0.0189 5763072
159 0.0225 5795840
160 0.0189 5730304
161 0.0218 5775360
162 0.0188 5730304
163 0.0203 5775360
164 0.0196 5775360
165 0.0215 5767168
166 0.0189 5734400
167 0.0235 5767168
168 0.0204 5767168
169 0.02 5767168
170 0.0234 5763072
171 0.019 5730304
172 0.0201 5771264
173 0.0214 5767168
174 0.0238 5775360
175 0.0193 5738496
176 0.0235 5775360
177 0.0241 5775360
178 0.0191 5742592
179 0.0192 5771264
180 0.0199 5742592
181 0.0196 5742592
182 0.0198 5738496
183 0.0244 5779456
184 0.0194 5742592
185 0.0197 5791744
186 0.0194 5750784
187 0.0206 5787648
188 0.0195 5750784
189 0.0254 5787648
190 0.0196 5791744
191 0.0203 5787648
192 0.0216 5787648
193 0.0197 5771264
194 0.0202 5799936
195 0.0217 5799936
196 0.0199 5758976
197 0.0209 5758976
198 0.0197 5767168
199 0.0211 5812224
200 0.0249 5799936
201 0.02 5767168
202 0.0202 5799936
203 0.0209 5808128
204 0.021 5808128
205 0.0204 5767168
206 0.0558 5824512
207 0.0203 5767168
208 0.0204 5771264
209 0.0237 5824512
210 0.0217 5820416
211 0.025 5844992
212 0.0249 5812224
213 0.0206 5775360
214 0.0221 5836800
215 0.0201 5775360
216 0.0202 5824512
217 0.0226 5816320
218 0.025 5820416
219 0.0202 5775360
220 0.0207 5824512
221 0.021 5783552
222 0.0214 5824512
223 0.0204 5783552
224 0.0208 5824512
225 0.0227 5816320
226 0.0204 5783552
227 0.0224 5816320
228 0.0268 5828608
229 0.0206 5795840
230 0.0251 5828608
231 0.0249 5836800
232 0.025 5832704
233 0.0226 5844992
234 0.0221 5795840
235 0.0207 5795840
236 0.0217 5795840
237 0.021 5795840
238 0.025 5836800
239 0.0214 5795840
240 0.0213 5804032
241 0.0258 5840896
242 0.0209 5804032
243 0.0213 5840896
244 0.0209 5804032
245 0.0224 5836800
246 0.0212 5804032
247 0.0213 5804032
248 0.022 5853184
249 0.0215 5804032
250 0.0222 5804032
251 0.0226 5804032
252 0.0257 5857280
253 0.0256 5857280
254 0.0217 5816320
255 0.0218 5816320
256 0.026 5857280
257 0.0214 5820416
258 0.0225 5820416
259 0.0214 5820416
260 0.0226 5861376
261 0.0219 5890048
262 0.0226 5861376
263 0.0218 5820416
264 0.0237 5849088
265 0.0256 5869568
266 0.0229 5873664
267 0.0216 5824512
268 0.0224 5861376
269 0.0233 5869568
270 0.0229 5849088
271 0.0217 5832704
272 0.0238 5869568
273 0.0328 5898240
274 0.026 5869568
275 0.0265 5873664
276 0.0227 5877760
277 0.0219 5881856
278 0.0231 5881856
279 0.0257 5869568
280 0.0234 5881856
281 0.0222 5844992
282 0.0233 5877760
283 0.0222 5844992
284 0.0265 5906432
285 0.026 5881856
286 0.0225 5885952
287 0.022 5844992
288 0.0235 5906432
289 0.0264 5906432
290 0.0272 5910528
291 0.0224 5918720
292 0.0238 5877760
293 0.0267 5914624
294 0.0234 5914624
295 0.0222 5877760
296 0.0238 5922816
297 0.0227 5918720
298 0.0236 5918720
299 0.0236 5885952
300 0.0233 5939200
301 0.0274 5922816
302 0.0227 5926912
303 0.0239 5939200
304 0.0225 5885952
305 0.0237 5926912
306 0.0267 5922816
307 0.0228 5890048
308 0.0272 5992448
309 0.0268 5926912
310 0.0226 5890048
311 0.0245 5922816
312 0.0276 5926912
313 0.0276 5926912
314 0.0234 5894144
315 0.0229 5935104
316 0.0245 5935104
317 0.0228 5894144
318 0.0256 5935104
319 0.0226 5898240
320 0.023 5955584
321 0.0231 5906432
322 0.0289 5955584
323 0.0232 5910528
324 0.0271 5951488
325 0.0284 5947392
326 0.0289 5963776
327 0.0275 5951488
328 0.027 5955584
329 0.0276 5951488
330 0.0232 5914624
331 0.0233 5959680
332 0.025 5922816
333 0.0234 5922816
334 0.0269 5980160
335 0.0273 5959680
336 0.0232 5922816
337 0.0272 6029312
338 0.0249 5963776
339 0.0255 5984256
340 0.0237 5931008
341 0.0236 5971968
342 0.0247 5959680
343 0.0235 5935104
344 0.0244 5984256
345 0.0236 5988352
346 0.0246 5984256
347 0.0237 5992448
348 0.0243 5980160
349 0.0251 5935104
350 0.0278 5971968
351 0.024 5980160
352 0.0311 5967872
353 0.0239 5935104
354 0.0238 5980160
355 0.0277 5976064
356 0.0281 5984256
357 0.0238 5988352
358 0.0264 5992448
359 0.0287 5980160
360 0.024 5951488
361 0.0264 5988352
362 0.0241 5955584
363 0.0301 5988352
364 0.0238 5951488
365 0.0263 5984256
366 0.028 5980160
367 0.0258 6000640
368 0.0243 5971968
369 0.0283 5988352
370 0.0286 5996544
371 0.0258 5996544
372 0.0263 6049792
373 0.0286 5988352
374 0.025 6000640
375 0.0289 5984256
376 0.0244 5955584
377 0.0285 5988352
378 0.0246 5955584
379 0.0266 6029312
380 0.0242 5967872
381 0.0254 6004736
382 0.0247 5967872
383 0.0287 6012928
384 0.0315 6017024
385 0.0286 5996544
386 0.0277 6029312
387 0.0248 6008832
388 0.0288 6004736
389 0.0289 5996544
390 0.0255 5967872
391 0.0249 5967872
392 0.0245 5976064
393 0.0294 6012928
394 0.0261 5971968
395 0.0245 5976064
396 0.0261 6070272
397 0.0287 6041600
398 0.0293 6008832
399 0.0246 5980160
400 0.0251 5980160
401 0.0292 6012928
402 0.025 5980160
403 0.0254 5980160
404 0.0249 5984256
405 0.0297 6037504
406 0.0254 5996544
407 0.0312 6033408
408 0.0261 6045696
409 0.0253 5996544
410 0.0327 6045696
411 0.0254 5996544
412 0.0251 5996544
413 0.0254 5996544
414 0.0257 5996544
415 0.0257 5996544
416 0.0297 6037504
417 0.0257 6021120
418 0.0293 6049792
419 0.0257 6008832
420 0.0251 6012928
421 0.0252 6012928
422 0.0256 6012928
423 0.0256 6012928
424 0.0297 6049792
425 0.0307 6090752
426 0.0259 6017024
427 0.0257 6017024
428 0.0262 6017024
429 0.0313 6098944
430 0.0307 6131712
431 0.0258 6025216
432 0.0256 6025216
433 0.0295 6057984
434 0.0261 6025216
435 0.0256 6025216
436 0.0257 6025216
437 0.0261 6078464
438 0.0255 6025216
439 0.0306 6070272
440 0.0257 6025216
441 0.0313 6074368
442 0.0301 6086656
443 0.0307 6078464
444 0.0259 6033408
445 0.0263 6037504
446 0.0266 6037504
447 0.026 6082560
448 0.0259 6037504
449 0.0317 6070272
450 0.026 6041600
451 0.026 6041600
452 0.0319 6127616
453 0.0301 6078464
454 0.03 6086656
455 0.0272 6049792
456 0.0279 6053888
457 0.0316 6107136
458 0.0261 6053888
459 0.0301 6086656
460 0.0275 6057984
461 0.0267 6053888
462 0.0262 6053888
463 0.0302 6090752
464 0.0304 6086656
465 0.0265 6094848
466 0.0282 6094848
467 0.0317 6107136
468 0.0263 6057984
469 0.0306 6123520
470 0.0265 6107136
471 0.0273 6123520
472 0.027 6070272
473 0.0265 6070272
474 0.0268 6111232
475 0.0317 6111232
476 0.0317 6107136
477 0.0269 6070272
478 0.0266 6070272
479 0.0337 6123520
480 0.0267 6115328
481 0.0314 6103040
482 0.0265 6074368
483 0.0284 6119424
484 0.0271 6090752
485 0.027 6086656
486 0.0308 6123520
487 0.0274 6086656
488 0.0271 6127616
489 0.0281 6135808
490 0.0274 6086656
491 0.0268 6086656
492 0.028 6135808
493 0.0283 6135808
494 0.0276 6131712
495 0.0271 6086656
496 0.027 6131712
497 0.0325 6135808
498 0.0271 6098944
499 0.0293 6135808
500 0.0276 6098944
501 0.0321 6131712
502 0.0321 6135808
503 0.0271 6098944
504 0.0316 6164480
505 0.0277 6131712
506 0.031 6131712
507 0.0277 6139904
508 0.0289 6148096
509 0.0279 6103040
510 0.0277 6103040
511 0.0276 6144000
512 0.0274 6107136
513 0.0317 6193152
514 0.0276 6119424
515 0.0293 6127616
516 0.0275 6107136
517 0.0319 6144000
518 0.0277 6152192
519 0.0275 6148096
520 0.0276 6115328
521 0.0281 6156288
522 0.0317 6156288
523 0.0328 6189056
524 0.0278 6168576
525 0.0276 6119424
526 0.0289 6184960
527 0.0287 6123520
528 0.0286 6164480
529 0.0278 6123520
530 0.0321 6160384
531 0.0287 6164480
532 0.0281 6119424
533 0.0281 6172672
534 0.0319 6164480
535 0.0279 6168576
536 0.0324 6164480
537 0.0278 6127616
538 0.0301 6172672
539 0.0284 6144000
540 0.0288 6148096
541 0.0282 6131712
542 0.028 6131712
543 0.034 6168576
544 0.0283 6148096
545 0.0313 6213632
546 0.0288 6135808
547 0.0286 6184960
548 0.0289 6148096
549 0.0331 6176768
550 0.0284 6135808
551 0.0308 6201344
552 0.0293 6139904
553 0.029 6139904
554 0.0296 6144000
555 0.0286 6189056
556 0.0288 6189056
557 0.0294 6209536
558 0.0344 6180864
559 0.029 6148096
560 0.0311 6201344
561 0.0302 6148096
562 0.0289 6160384
563 0.0297 6148096
564 0.0344 6209536
565 0.0291 6152192
566 0.0292 6201344
567 0.0298 6197248
568 0.0289 6201344
569 0.0332 6193152
570 0.0312 6205440
571 0.029 6201344
572 0.0329 6197248
573 0.0358 6311936
574 0.0298 6156288
575 0.0293 6156288
576 0.0296 6225920
577 0.0336 6230016
578 0.0291 6234112
579 0.0333 6234112
580 0.029 6193152
581 0.0291 6238208
582 0.0312 6234112
583 0.0341 6238208
584 0.0302 6234112
585 0.0337 6238208
586 0.0297 6205440
587 0.03 6234112
588 0.0312 6201344
589 0.0306 6242304
590 0.0295 6201344
591 0.0337 6242304
592 0.0302 6246400
593 0.0343 6254592
594 0.036 6275072
595 0.03 6213632
596 0.0321 6254592
597 0.0327 6213632
598 0.0306 6213632
599 0.032 6254592
600 0.031 6213632
601 0.0316 6266880
602 0.0302 6291456
603 0.0373 6262784
604 0.0305 6217728
605 0.0301 6217728
606 0.0296 6217728
607 0.0329 6270976
608 0.0295 6221824
609 0.0317 6258688
610 0.0316 6279168
611 0.0306 6250496
612 0.03 6221824
613 0.0298 6225920
614 0.0307 6225920
615 0.0318 6225920
616 0.0301 6225920
617 0.031 6225920
618 0.03 6234112
619 0.0311 6242304
620 0.0303 6234112
621 0.0352 6275072
622 0.0309 6283264
623 0.036 6275072
624 0.0303 6283264
625 0.0312 6242304
626 0.0351 6291456
627 0.0351 6291456
628 0.0306 6242304
629 0.0386 6291456
630 0.0361 6279168
631 0.0355 6279168
632 0.0311 6246400
633 0.0307 6246400
634 0.0307 6246400
635 0.0312 6291456
636 0.0311 6262784
637 0.0313 6254592
638 0.0309 6254592
639 0.0368 6291456
640 0.0313 6254592
641 0.0309 6258688
642 0.0315 6258688
643 0.0331 6258688
644 0.0313 6258688
645 0.0355 6295552
646 0.0312 6262784
647 0.0314 6262784
648 0.0322 6258688
649 0.0316 6258688
650 0.0316 6270976
651 0.0368 6299648
652 0.0311 6270976
653 0.0324 6307840
654 0.0361 6299648
655 0.0324 6283264
656 0.0361 6316032
657 0.0324 6287360
658 0.0315 6275072
659 0.036 6307840
660 0.0319 6320128
661 0.0318 6287360
662 0.0318 6340608
663 0.0319 6279168
664 0.0318 6328320
665 0.0316 6291456
666 0.0318 6279168
667 0.0316 6299648
668 0.0316 6295552
669 0.0317 6295552
670 0.0314 6283264
671 0.0323 6295552
672 0.0318 6340608
673 0.0318 6283264
674 0.0367 6324224
675 0.0337 6336512
676 0.0324 6291456
677 0.0325 6336512
678 0.0324 6291456
679 0.0327 6291456
680 0.0319 6291456
681 0.0323 6340608
682 0.0321 6295552
683 0.0322 6295552
684 0.0322 6295552
685 0.0393 6389760
686 0.0329 6361088
687 0.0339 6328320
688 0.0366 6377472
689 0.0343 6373376
690 0.0324 6320128
691 0.0403 6352896
692 0.037 6377472
693 0.0323 6320128
694 0.0338 6324224
695 0.0342 6365184
696 0.0379 6471680
697 0.0326 6328320
698 0.0332 6406144
699 0.0328 6356992
700 0.0326 6332416
701 0.0334 6389760
702 0.0368 6385664
703 0.0333 6340608
704 0.0323 6348800
705 0.0332 6459392
706 0.0328 6332416
707 0.0331 6352896
708 0.0328 6385664
709 0.0368 6434816
710 0.0328 6402048
711 0.035 6340608
712 0.0333 6385664
713 0.0342 6348800
714 0.0328 6336512
715 0.0333 6361088
716 0.0332 6361088
717 0.0334 6529024
718 0.0338 6418432
719 0.0345 6402048
720 0.0347 6402048
721 0.0327 6348800
722 0.0327 6365184
723 0.0378 6410240
724 0.0379 6438912
725 0.0332 6381568
726 0.0381 6410240
727 0.0336 6418432
728 0.0334 6373376
729 0.0392 6430720
730 0.0341 6410240
731 0.0348 6422528
732 0.0358 6373376
733 0.0335 6361088
734 0.0342 6434816
735 0.0409 6475776
736 0.0364 6381568
737 0.0356 6422528
738 0.0379 6418432
739 0.0392 6455296
740 0.0346 6414336
741 0.036 6422528
742 0.0359 6381568
743 0.0341 6381568
744 0.034 6385664
745 0.034 6369280
746 0.0343 6512640
747 0.0352 6447104
748 0.038 6438912
749 0.0389 6430720
750 0.0367 6402048
751 0.0354 6402048
752 0.0343 6402048
753 0.0345 6443008
754 0.0346 6402048
755 0.0372 6459392
756 0.0338 6402048
757 0.0353 6438912
758 0.0341 6389760
759 0.0339 6406144
760 0.0344 6410240
761 0.0345 6410240
762 0.0359 6467584
763 0.0338 6422528
764 0.0363 6422528
765 0.0349 6410240
766 0.0352 6463488
767 0.0343 6455296
768 0.0396 6463488
769 0.04 6483968
770 0.0342 6410240
771 0.0389 6455296
772 0.0347 6410240
773 0.0351 6438912
774 0.0341 6410240
775 0.0364 6438912
776 0.0348 6422528
777 0.0348 6422528
778 0.0358 6422528
779 0.0359 6479872
780 0.0392 6504448
781 0.0347 6426624
782 0.0352 6426624
783 0.0353 6569984
784 0.0343 6443008
785 0.0351 6508544
786 0.0398 6475776
787 0.0362 6488064
788 0.0354 6434816
789 0.0423 6471680
790 0.0345 6434816
791 0.0355 6434816
792 0.0349 6422528
793 0.0354 6438912
794 0.0349 6426624
795 0.0412 6492160
796 0.0372 6537216
797 0.037 6549504
798 0.0351 6447104
799 0.0353 6434816
800 0.0358 6594560