1 0.0149 5455872
2 0.0187 5492736
3 0.0152 5459968
4 0.016 5459968
5 0.0151 5464064
6 0.0152 5464064
7 0.0191 5496832
8 0.0155 5500928
9 0.0175 5505024
10 0.0167 5476352
11 0.0151 5472256
12 0.0166 5484544
13 0.0151 5480448
14 0.0167 5476352
15 0.0152 5476352
16 0.0166 5476352
17 0.0173 5525504
18 0.0186 5525504
19 0.0152 5492736
20 0.0173 5537792
21 0.0153 5500928
22 0.0179 5566464
23 0.0153 5505024
24 0.0172 5505024
25 0.0156 5505024
26 0.0166 5505024
27 0.0157 5505024
28 0.0178 5525504
29 0.0154 5509120
30 0.0165 5570560
31 0.0157 5513216
32 0.0168 5578752
33 0.0157 5517312
34 0.018 5550080
35 0.0157 5517312
36 0.0158 5570560
37 0.0157 5529600
38 0.0158 5558272
39 0.0158 5529600
40 0.0159 5578752
41 0.0201 5574656
42 0.0199 5570560
43 0.0167 5574656
44 0.0167 5586944
45 0.016 5562368
46 0.0159 5545984
47 0.0159 5545984
48 0.0175 5595136
49 0.0202 5578752
50 0.0171 5545984
51 0.0167 5550080
52 0.017 5591040
53 0.0163 5611520
54 0.0203 5591040
55 0.0163 5562368
56 0.0185 5615616
57 0.016 5562368
58 0.0169 5582848
59 0.0162 5562368
60 0.0174 5591040
61 0.0161 5562368
62 0.0164 5607424
63 0.0162 5570560
64 0.0205 5603328
65 0.0163 5566464
66 0.0173 5586944
67 0.0163 5566464
68 0.0179 5599232
69 0.0165 5578752
70 0.0167 5615616
71 0.0206 5615616
72 0.0166 5591040
73 0.0184 5632000
74 0.0208 5619712
75 0.0172 5627904
76 0.0208 5623808
77 0.0168 5599232
78 0.0221 5632000
79 0.0167 5652480
80 0.021 5636096
81 0.0212 5672960
82 0.0179 5648384
83 0.0181 5632000
84 0.0208 5648384
85 0.0188 5672960
86 0.0174 5648384
87 0.0168 5627904
88 0.0185 5619712
89 0.0168 5619712
90 0.0177 5681152
91 0.0211 5660672
92 0.018 5660672
93 0.017 5672960
94 0.0178 5656576
95 0.018 5693440
96 0.0186 5672960
97 0.0212 5672960
98 0.0216 5652480
99 0.017 5644288
100 0.0173 5677056
101 0.0171 5648384
102 0.0218 5668864
103 0.018 5689344
104 0.0174 5681152
105 0.0205 5656576
106 0.0183 5701632
107 0.0188 5693440
108 0.0216 5689344
109 0.0172 5656576
110 0.0188 5701632
111 0.0181 5693440
112 0.022 5693440
113 0.0174 5668864
114 0.0199 5697536
115 0.0182 5697536
116 0.0193 5709824
117 0.0198 5722112
118 0.019 5709824
119 0.0176 5701632
120 0.0206 5726208
121 0.0195 5705728
122 0.0222 5713920
123 0.0177 5681152
124 0.0196 5713920
125 0.0181 5713920
126 0.022 5713920
127 0.0195 5722112
128 0.019 5726208
129 0.0178 5726208
130 0.0202 5709824
131 0.0184 5722112
132 0.0179 5730304
133 0.0203 5734400
134 0.0199 5738496
135 0.0226 5734400
136 0.02 5734400
137 0.0186 5742592
138 0.0221 5734400
139 0.0201 5738496
140 0.0187 5742592
141 0.0186 5746688
142 0.0202 5754880
143 0.0186 5750784
144 0.018 5763072
145 0.0193 5726208
146 0.0205 5758976
147 0.0226 5750784
148 0.0204 5758976
149 0.0188 5754880
150 0.0228 5754880
151 0.0202 5754880
152 0.0231 5754880
153 0.0194 5726208
154 0.0197 5754880
155 0.0183 5730304
156 0.0206 5758976
157 0.0192 5730304
158 0.0186 5771264
159 0.0204 5779456
160 0.0201 5779456
161 0.0229 5791744
162 0.0206 5799936
163 0.0186 5804032
164 0.0213 5791744
165 0.0187 5763072
166 0.0191 5795840
167 0.0188 5763072
168 0.0205 5808128
169 0.0188 5779456
170 0.0201 5816320
171 0.0207 5787648
172 0.0188 5804032
173 0.0194 5763072
174 0.0188 5763072
175 0.0198 5808128
176 0.0241 5828608
177 0.0229 5808128
178 0.0189 5783552
179 0.0198 5779456
180 0.0189 5779456
181 0.0191 5787648
182 0.0201 5820416
183 0.0192 5828608
184 0.0193 5828608
185 0.0203 5816320
186 0.019 5787648
187 0.0241 5820416
188 0.0196 5820416
189 0.0194 5791744
190 0.021 5832704
191 0.0193 5799936
192 0.0194 5795840
193 0.0211 5828608
194 0.0198 5799936
195 0.0193 5808128
196 0.021 5816320
197 0.0193 5849088
198 0.0235 5832704
199 0.0238 5869568
200 0.0196 5849088
201 0.0196 5865472
202 0.0213 5840896
203 0.0198 5853184
204 0.0208 5808128
205 0.0208 5861376
206 0.0207 5869568
207 0.0241 5849088
208 0.0236 5849088
209 0.0196 5816320
210 0.0206 5812224
211 0.0203 5869568
212 0.0242 5865472
213 0.0198 5865472
214 0.024 5857280
215 0.0216 5877760
216 0.0198 5873664
217 0.0207 5840896
218 0.0244 5885952
219 0.0201 5836800
220 0.0205 5836800
221 0.0203 5890048
222 0.0212 5857280
223 0.0242 5865472
224 0.0199 5840896
225 0.0205 5885952
226 0.02 5840896
227 0.0227 5898240
228 0.0202 5885952
229 0.0201 5849088
230 0.0216 5890048
231 0.0204 5853184
232 0.0225 5853184
233 0.0208 5894144
234 0.0201 5853184
235 0.0214 5902336
236 0.0209 5910528
237 0.0223 5906432
238 0.0211 5902336
239 0.0202 5861376
240 0.0219 5902336
241 0.0207 5906432
242 0.0234 5902336
243 0.0206 5902336
244 0.0207 5910528
245 0.0215 5910528
246 0.0249 5910528
247 0.0203 5873664
248 0.0206 5922816
249 0.0207 5926912
250 0.0281 5902336
251 0.0204 5881856
252 0.0207 5947392
253 0.0213 5918720
254 0.0212 5922816
255 0.0207 5931008
256 0.022 5947392
257 0.0207 5894144
258 0.0219 5935104
259 0.025 5959680
260 0.0252 5947392
261 0.0257 5943296
262 0.021 5910528
263 0.0228 5935104
264 0.0217 5902336
265 0.0255 5939200
266 0.0212 5918720
267 0.0273 5980160
268 0.0215 5902336
269 0.0209 5902336
270 0.0264 5959680
271 0.0253 5963776
272 0.0214 5910528
273 0.0212 5963776
274 0.0215 5951488
275 0.0212 5914624
276 0.0216 5967872
277 0.0212 5918720
278 0.0279 5955584
279 0.0212 5926912
280 0.0262 5963776
281 0.0228 5959680
282 0.0259 5988352
283 0.0212 5939200
284 0.0258 5976064
285 0.0257 6008832
286 0.0217 5984256
287 0.0224 5980160
288 0.0266 5992448
289 0.0214 5963776
290 0.0236 5992448
291 0.0254 5996544
292 0.0227 6000640
293 0.0219 6004736
294 0.0261 5996544
295 0.0221 5959680
296 0.027 5959680
297 0.0234 5976064
298 0.0217 5984256
299 0.0227 6008832
300 0.022 5984256
301 0.0231 5992448
302 0.0223 6017024
303 0.0244 6017024
304 0.0222 6033408
305 0.0247 6029312
306 0.0227 6021120
307 0.0238 6033408
308 0.0225 6025216
309 0.0237 6033408
310 0.0223 6037504
311 0.0232 6025216
312 0.0226 6033408
313 0.0239 6041600
314 0.0222 6000640
315 0.0239 6053888
316 0.0225 6012928
317 0.0232 6045696
318 0.0237 6033408
319 0.0237 6033408
320 0.0226 6017024
321 0.0236 6062080
322 0.0225 6033408
323 0.0235 6090752
324 0.0233 6037504
325 0.0236 6115328
326 0.0245 6082560
327 0.0238 6057984
328 0.024 6053888
329 0.0232 6086656
330 0.0242 6078464
331 0.0234 6074368
332 0.0259 6127616
333 0.0227 6053888
334 0.0256 6103040
335 0.023 6057984
336 0.025 6090752
337 0.0278 6107136
338 0.0227 6094848
339 0.0225 6062080
340 0.0265 6111232
341 0.0227 6078464
342 0.0228 6070272
343 0.0234 6115328
344 0.027 6103040
345 0.0234 6078464
346 0.0281 6164480
347 0.0228 6090752
348 0.0272 6123520
349 0.0285 6152192
350 0.0229 6090752
351 0.0268 6135808
352 0.0232 6070272
353 0.0289 6184960
354 0.0272 6127616
355 0.0235 6103040
356 0.0275 6144000
357 0.0239 6135808
358 0.0231 6107136
359 0.0274 6144000
360 0.0232 6103040
361 0.0276 6144000
362 0.023 6098944
363 0.0231 6107136
364 0.0233 6160384
365 0.0232 6119424
366 0.0234 6119424
367 0.0287 6180864
368 0.0277 6144000
369 0.0272 6152192
370 0.0236 6119424
371 0.0234 6107136
372 0.0242 6107136
373 0.0242 6107136
374 0.0239 6164480
375 0.0235 6135808
376 0.0232 6135808
377 0.026 6160384
378 0.028 6164480
379 0.0278 6152192
380 0.0245 6152192
381 0.0277 6156288
382 0.0287 6152192
383 0.0283 6160384
384 0.0234 6144000
385 0.0251 6193152
386 0.0298 6189056
387 0.0242 6193152
388 0.0283 6201344
389 0.0236 6152192
390 0.0239 6168576
391 0.0271 6184960
392 0.0239 6152192
393 0.0285 6213632
394 0.0301 6201344
395 0.0285 6197248
396 0.0239 6156288
397 0.0251 6164480
398 0.024 6180864
399 0.0288 6184960
400 0.0282 6184960
401 0.0292 6176768
402 0.0252 6172672
403 0.0381 6209536
404 0.0252 6180864
405 0.0258 6225920
406 0.0244 6180864
407 0.0288 6213632
408 0.0242 6180864
409 0.029 6213632
410 0.0245 6180864
411 0.0242 6180864
412 0.029 6225920
413 0.0244 6189056
414 0.0243 6189056
415 0.0249 6246400
416 0.0248 6193152
417 0.0246 6242304
418 0.0243 6197248
419 0.0247 6250496
420 0.0248 6193152
421 0.0249 6246400
422 0.025 6250496
423 0.0245 6201344
424 0.0307 6238208
425 0.0248 6246400
426 0.0291 6250496
427 0.0249 6209536
428 0.0254 6209536
429 0.0299 6254592
430 0.0246 6205440
431 0.0252 6217728
432 0.029 6254592
433 0.0277 6242304
434 0.0252 6270976
435 0.0253 6205440
436 0.0265 6254592
437 0.0258 6221824
438 0.0276 6230016
439 0.0291 6258688
440 0.0248 6217728
441 0.0251 6279168
442 0.0292 6270976
443 0.0297 6258688
444 0.0251 6217728
445 0.0251 6230016
446 0.0256 6279168
447 0.0248 6225920
448 0.0256 6246400
449 0.0248 6242304
450 0.025 6258688
451 0.0269 6270976
452 0.0259 6246400
453 0.0291 6291456
454 0.03 6262784
455 0.0251 6238208
456 0.0267 6238208
457 0.0294 6291456
458 0.0301 6258688
459 0.0255 6234112
460 0.0259 6270976
461 0.0305 6324224
462 0.0297 6303744
463 0.0301 6283264
464 0.0257 6283264
465 0.0256 6303744
466 0.0301 6291456
467 0.0255 6299648
468 0.0257 6291456
469 0.0255 6283264
470 0.0317 6283264
471 0.0253 6283264
472 0.033 6320128
473 0.0255 6291456
474 0.0256 6266880
475 0.0313 6303744
476 0.0259 6307840
477 0.026 6295552
478 0.0257 6295552
479 0.0271 6340608
480 0.0261 6307840
481 0.026 6295552
482 0.0263 6332416
483 0.0262 6303744
484 0.0262 6307840
485 0.0313 6385664
486 0.0258 6307840
487 0.0317 6311936
488 0.0264 6307840
489 0.0266 6307840
490 0.0259 6307840
491 0.0313 6328320
492 0.0303 6369280
493 0.0265 6361088
494 0.0325 6438912
495 0.0271 6336512
496 0.0261 6320128
497 0.0314 6336512
498 0.0259 6324224
499 0.0348 6361088
500 0.0267 6385664
501 0.0264 6340608
502 0.0263 6328320
503 0.0276 6369280
504 0.0268 6336512
505 0.0317 6373376
506 0.0309 6369280
507 0.027 6332416
508 0.0279 6377472
509 0.0349 6340608
510 0.0273 6324224
511 0.0303 6356992
512 0.0303 6361088
513 0.0305 6377472
514 0.0306 6356992
515 0.0264 6369280
516 0.0318 6373376
517 0.0268 6336512
518 0.0315 6389760
519 0.0268 6397952
520 0.0268 6352896
521 0.0267 6356992
522 0.0314 6393856
523 0.0268 6381568
524 0.0316 6369280
525 0.0311 6381568
526 0.0274 6381568
527 0.0274 6336512
528 0.0274 6352896
529 0.0272 6410240
530 0.0283 6397952
531 0.0276 6406144
532 0.0275 6356992
533 0.0268 6373376
534 0.0325 6443008
535 0.0312 6406144
536 0.0268 6365184
537 0.0269 6352896
538 0.0286 6393856
539 0.0276 6381568
540 0.0269 6369280
541 0.0318 6434816
542 0.0269 6385664
543 0.0272 6418432
544 0.0283 6422528
545 0.0327 6422528
546 0.0274 6377472
547 0.0272 6377472
548 0.027 6365184
549 0.0272 6414336
550 0.0316 6393856
551 0.0279 6438912
552 0.0317 6430720
553 0.0321 6430720
554 0.0319 6430720
555 0.0318 6430720
556 0.0278 6438912
557 0.0316 6422528
558 0.0317 6422528
559 0.0273 6430720
560 0.0313 6418432
561 0.028 6385664
562 0.0282 6389760
563 0.0298 6438912
564 0.0319 6443008
565 0.0334 6488064
566 0.0279 6410240
567 0.028 6414336
568 0.0277 6414336
569 0.0281 6438912
570 0.0318 6430720
571 0.0278 6430720
572 0.0303 6434816
573 0.0282 6422528
574 0.035 6443008
575 0.0301 6410240
576 0.0281 6508544
577 0.0284 6492160
578 0.0278 6459392
579 0.0281 6488064
580 0.0328 6467584
581 0.0283 6500352
582 0.0294 6438912
583 0.0332 6471680
584 0.0358 6496256
585 0.0291 6447104
586 0.0329 6492160
587 0.0284 6500352
588 0.028 6504448
589 0.0285 6496256
590 0.0297 6500352
591 0.029 6451200
592 0.0333 6504448
593 0.0286 6488064
594 0.0289 6475776
595 0.0341 6508544
596 0.0296 6541312
597 0.0287 6475776
598 0.0339 6520832
599 0.0301 6541312
600 0.0294 6533120
601 0.0285 6533120
602 0.0288 6549504
603 0.0346 6627328
604 0.0285 6553600
605 0.0321 6541312
606 0.0297 6508544
607 0.0288 6545408
608 0.0295 6529024
609 0.0311 6533120
610 0.0335 6545408
611 0.0305 6557696
612 0.0349 6553600
613 0.0287 6504448
614 0.0305 6537216
615 0.0337 6557696
616 0.03 6508544
617 0.0286 6508544
618 0.0339 6549504
619 0.0286 6512640
620 0.0294 6516736
621 0.0306 6553600
622 0.0303 6541312
623 0.0293 6541312
624 0.0339 6574080
625 0.0293 6541312
626 0.0294 6524928
627 0.0342 6574080
628 0.0332 6578176
629 0.0304 6565888
630 0.0297 6524928
631 0.0383 6549504
632 0.0356 6668288
633 0.0296 6537216
634 0.0305 6561792
635 0.0293 6549504
636 0.031 6561792
637 0.034 6549504
638 0.0312 6520832
639 0.0299 6537216
640 0.0302 6549504
641 0.0296 6590464
642 0.0306 6590464
643 0.031 6574080
644 0.0295 6610944
645 0.0294 6610944
646 0.0307 6610944
647 0.032 6672384
648 0.0297 6606848
649 0.0372 6680576
650 0.0308 6606848
651 0.0307 6594560
652 0.0302 6594560
653 0.031 6594560
654 0.03 6627328
655 0.0311 6623232
656 0.0308 6615040
657 0.031 6631424
658 0.03 6647808
659 0.0296 6619136
660 0.0348 6651904
661 0.0299 6598656
662 0.0299 6635520
663 0.0301 6635520
664 0.0304 6631424
665 0.0296 6594560
666 0.0303 6594560
667 0.0301 6615040
668 0.0299 6643712
669 0.0344 6688768
670 0.0369 6676480
671 0.0326 6692864
672 0.0312 6647808
673 0.0307 6647808
674 0.0308 6647808
675 0.0307 6705152
676 0.0312 6664192
677 0.0311 6656000
678 0.0327 6639616
679 0.0308 6639616
680 0.031 6643712
681 0.031 6631424
682 0.0304 6631424
683 0.0309 6680576
684 0.0366 6692864
685 0.0313 6651904
686 0.036 6705152
687 0.0342 6668288
688 0.0349 6668288
689 0.031 6660096
690 0.031 6692864
691 0.0323 6664192
692 0.0348 6680576
693 0.031 6717440
694 0.0311 6672384
695 0.0311 6688768
696 0.0309 6631424
697 0.0308 6631424
698 0.0311 6647808
699 0.0319 6647808
700 0.031 6647808
701 0.0307 6643712
702 0.0309 6651904
703 0.0369 6733824
704 0.0317 6709248
705 0.0315 6664192
706 0.0335 6672384
707 0.0306 6676480
708 0.0305 6688768
709 0.0311 6717440
710 0.0314 6762496
711 0.0313 6729728
712 0.0315 6692864
713 0.0313 6701056
714 0.0378 6733824
715 0.0322 6688768
716 0.032 6688768
717 0.0318 6688768
718 0.0319 6696960
719 0.0321 6709248
720 0.0321 6705152
721 0.0318 6692864
722 0.0322 6705152
723 0.0322 6705152
724 0.0318 6721536
725 0.0324 6770688
726 0.0322 6717440
727 0.0311 6717440
728 0.038 6750208
729 0.0314 6742016
730 0.0319 6754304
731 0.0316 6758400
732 0.0326 6795264
733 0.0323 6770688
734 0.0328 6807552
735 0.0324 6725632
736 0.0359 6766592
737 0.0366 6754304
738 0.0322 6746112
739 0.0323 6754304
740 0.0327 6746112
741 0.0322 6750208
742 0.0351 6774784
743 0.0328 6746112
744 0.0315 6746112
745 0.0315 6778880
746 0.0334 6782976
747 0.0379 6832128
748 0.0333 6770688
749 0.0331 6799360
750 0.032 6778880
751 0.0328 6799360
752 0.0369 6787072
753 0.0401 6856704
754 0.0324 6766592
755 0.0319 6815744
756 0.0367 6819840
757 0.0382 6844416
758 0.0319 6778880
759 0.0395 6823936
760 0.0421 6877184
761 0.0427 6819840
762 0.0391 6864896
763 0.0377 6946816
764 0.0339 6803456
765 0.0356 6791168
766 0.0384 6914048
767 0.0339 6803456
768 0.0339 6795264
769 0.0389 6844416
770 0.0326 6787072
771 0.0332 6828032
772 0.0342 6803456
773 0.0335 6791168
774 0.0334 6823936
775 0.035 6811648
776 0.0328 6840320
777 0.0332 6885376
778 0.0416 6860800
779 0.0346 6836224
780 0.0334 6823936
781 0.034 6856704
782 0.0333 6807552
783 0.034 6803456
784 0.034 6975488
785 0.0333 6840320
786 0.0395 6844416
787 0.0337 6828032
788 0.0335 6815744
789 0.0396 6848512
790 0.042 6873088
791 0.0388 6959104
792 0.0334 6803456
793 0.0375 6844416
794 0.0415 6901760
795 0.0417 6836224
796 0.0385 6856704
797 0.0362 6950912
798 0.0353 6856704
799 0.042 6873088
800 0.0339 6836224