1 0.0039 8515584
2 0.0043 8527872
3 0.0049 8572928
4 0.0067 8646656
5 0.0098 8704000
6 0.0078 8736768
7 0.0093 8806400
8 0.0101 8847360
9 0.0125 8896512
10 0.0123 8937472
11 0.015 9052160
12 0.0144 9039872
13 0.0149 9101312
14 0.015 9138176
15 0.017 9166848
16 0.0168 9211904
17 0.0187 9285632
18 0.0191 9326592
19 0.0217 9388032
20 0.0217 9461760
21 0.0218 9453568
22 0.0275 9551872
23 0.0249 9609216
24 0.0266 9666560
25 0.0253 9703424
26 0.027 9777152
27 0.0303 9830400
28 0.0297 9863168
29 0.0357 9916416
30 0.0325 9957376
31 0.0327 9986048
32 0.0317 10018816
33 0.0363 10059776
34 0.036 10178560
35 0.0358 10174464
36 0.0357 10199040
37 0.04 10272768
38 0.0431 10326016
39 0.0403 10375168
40 0.0389 10428416
41 0.0394 10518528
42 0.0459 10608640
43 0.0501 10559488
44 0.0444 10616832
45 0.0448 10653696
46 0.0475 10772480
47 0.0484 10813440
48 0.0493 10858496
49 0.0491 10903552
50 0.0499 10936320
51 0.0546 11005952
52 0.0515 11005952
53 0.0553 11100160
54 0.0537 11100160
55 0.0609 11194368
56 0.0556 11194368
57 0.0532 11309056
58 0.0571 11362304
59 0.0657 11337728
60 0.061 11386880
61 0.0632 11436032
62 0.0587 11546624
63 0.0588 11538432
64 0.0615 11571200
65 0.0653 11608064
66 0.0627 11747328
67 0.0618 11755520
68 0.0677 11767808
69 0.0643 11808768
70 0.0721 11911168
71 0.066 11902976
72 0.0689 11943936
73 0.071 12075008
74 0.0759 12107776
75 0.0707 12255232
76 0.0798 12193792
77 0.0709 12296192
78 0.0746 12443648
79 0.0818 12357632
80 0.0757 12374016
81 0.08 12410880
82 0.0781 12460032
83 0.0754 12578816
84 0.079 12627968
85 0.0847 12664832
86 0.0992 12718080
87 0.0816 12668928
88 0.0866 12881920
89 0.085 12931072
90 0.0963 12959744
91 0.0846 12931072
92 0.0852 12943360
93 0.0884 13029376
94 0.0878 13053952
95 0.0935 13066240
96 0.0886 13189120
97 0.0921 13230080
98 0.0929 13258752
99 0.0941 13344768
100 0.0963 13381632
101 0.0964 13402112
102 0.0954 13381632
103 0.0956 13492224
104 0.0973 13488128
105 0.098 13529088
106 0.1019 13574144
107 0.1034 13623296
108 0.1001 13664256
109 0.1087 13881344
110 0.101 13836288
111 0.1063 13901824
112 0.1124 13942784
113 0.1151 13991936
114 0.1268 13946880
115 0.261 14069760
116 0.2032 14098432
117 0.1105 14106624
118 0.2504 14229504
119 0.108 14217216
120 0.126 14364672
121 0.1803 14299136
122 0.1542 14409728
123 0.2091 14438400
124 0.1148 14467072
125 0.2357 14553088
126 0.1479 14778368
127 0.1185 14614528
128 0.1203 14614528
129 0.1182 14839808
130 0.1213 14802944
131 0.1214 14839808
132 0.1243 14987264
133 0.1211 14872576
134 0.1296 14958592
135 0.1234 14966784
136 0.1248 15020032
137 0.1298 15130624
138 0.1252 15175680
139 0.2408 15261696
140 0.1298 15167488
141 0.1399 15306752
142 0.1331 15273984
143 0.1299 15339520
144 0.1293 15396864
145 0.1283 15560704
146 0.1356 15511552
147 0.1354 15560704
148 0.1343 15691776
149 0.1408 15663104
150 0.1389 15777792
151 0.1373 15872000
152 0.1388 15933440
153 0.1425 15888384
154 0.1401 15953920
155 0.1426 16015360
156 0.1407 16035840
157 0.1431 16158720
158 0.1458 16109568
159 0.1435 16154624
160 0.1525 16293888
161 0.1489 16302080
162 0.1458 16322560
163 0.1473 16396288
164 0.1481 16441344
165 0.1524 16470016
166 0.1476 16478208
167 0.152 16523264
168 0.1565 16613376
169 0.1647 16834560
170 0.1556 16769024
171 0.1532 16797696
172 0.1539 16789504
173 0.1597 16842752
174 0.1642 16969728
175 0.1567 16896000
176 0.1696 16949248
177 0.1659 17072128
178 0.1626 17063936
179 0.1655 17100800
180 0.1699 17264640
181 0.1602 17215488
182 0.1616 17305600
183 0.163 17276928
184 0.1685 17375232
185 0.1648 17379328
186 0.1705 17485824
187 0.1666 17563648
188 0.1688 17588224
189 0.169 17661952
190 0.1756 17620992
191 0.1745 17674240
192 0.1717 17772544
193 0.1741 17772544
194 0.1752 17907712
195 0.1844 17854464
196 0.1798 17879040
197 0.178 18018304
198 0.1754 18075648
199 0.1772 18010112
200 0.183 18071552
201 0.1863 18219008
202 0.1828 18186240
203 0.1996 18251776
204 0.1862 18272256
205 0.1893 18395136
206 0.1869 18481152
207 0.1885 18530304
208 0.1954 18571264
209 0.1893 18608128
210 0.1889 18636800
211 0.1955 18726912
212 0.2024 18718720
213 0.1966 18681856
214 0.1948 18673664
215 0.1988 18841600
216 0.1984 18739200
217 0.2017 19087360
218 0.1999 19087360
219 0.2009 19025920
220 0.2073 19136512
221 0.1997 18989056
222 0.2018 19259392
223 0.2029 19087360
224 0.2043 19226624
225 0.2052 19374080
226 0.206 19312640
227 0.2028 19423232
228 0.2044 19439616
229 0.2082 19513344
230 0.2163 19447808
231 0.2075 19611648
232 0.2078 19644416
233 0.2233 19652608
234 0.2147 19734528
235 0.2167 19632128
236 0.2189 19808256
237 0.309 19808256
238 0.214 19927040
239 0.2215 19947520
240 0.2162 20058112
241 0.2165 20037632
242 0.2218 20144128
243 0.2204 20176896
244 0.218 20267008
245 0.2253 20283392
246 0.2188 20336640
247 0.2263 20267008
248 0.2214 20373504
249 0.2287 20602880
250 0.2324 20389888
251 0.2335 20598784
252 0.2301 20598784
253 0.229 20680704
254 0.2302 20692992
255 0.229 20774912
256 0.2361 20811776
257 0.2353 20717568
258 0.2359 20951040
259 0.2349 20918272
260 0.2406 20992000
261 0.2389 20975616
262 0.2342 21016576
263 0.2438 21008384
264 0.2395 21151744
265 0.2347 20992000
266 0.2504 21422080
267 0.238 21319680
268 0.2427 21188608
269 0.2463 21422080
270 0.2445 21282816
271 0.2644 21700608
272 0.2562 21639168
273 0.2498 21581824
274 0.2511 21770240
275 0.2873 21639168
276 0.2822 21733376
277 0.2621 21786624
278 0.2631 21979136
279 0.2892 21819392
280 0.2638 21946368
281 0.2611 21786624
282 0.2658 22028288
283 0.2765 22052864
284 0.2681 22032384
285 0.3465 22249472
286 0.2831 22188032
287 0.2602 22188032
288 0.2691 22360064
289 0.2642 22331392
290 0.2643 22388736
291 0.2666 22409216
292 0.2668 22368256
293 0.2685 22605824
294 0.2662 22605824
295 0.2619 22605824
296 0.268 22654976
297 0.2668 22716416
298 0.2755 22827008
299 0.2665 22884352
300 0.2669 22888448