1 0.004 8507392
2 0.0046 8527872
3 0.0049 8572928
4 0.006 8663040
5 0.0068 8712192
6 0.0078 8749056
7 0.0086 8769536
8 0.0101 8839168
9 0.0101 8892416
10 0.0138 8929280
11 0.012 9011200
12 0.0136 9072640
13 0.0144 9068544
14 0.0168 9158656
15 0.0175 9191424
16 0.0181 9240576
17 0.0196 9297920
18 0.0229 9334784
19 0.0202 9383936
20 0.0204 9437184
21 0.0229 9506816
22 0.0264 9564160
23 0.0251 9613312
24 0.0388 9678848
25 0.0279 9781248
26 0.0263 9732096
27 0.0325 9809920
28 0.0292 9867264
29 0.0315 9949184
30 0.03 9940992
31 0.0316 10063872
32 0.0358 10018816
33 0.0338 10072064
34 0.0363 10113024
35 0.0369 10207232
36 0.035 10211328
37 0.0373 10260480
38 0.0406 10330112
39 0.0457 10407936
40 0.0459 10412032
41 0.04 10469376
42 0.0455 10633216
43 0.0412 10653696
44 0.0414 10600448
45 0.0454 10670080
46 0.0481 10760192
47 0.0492 10813440
48 0.0454 10870784
49 0.0507 10895360
50 0.0506 10948608
51 0.0525 11005952
52 0.0527 11055104
53 0.0519 11034624
54 0.0565 11157504
55 0.0898 11120640
56 0.062 11247616
57 0.0574 11300864
58 0.0593 11366400
59 0.0572 11341824
60 0.0609 11452416
61 0.0574 11505664
62 0.0743 11599872
63 0.0735 11669504
64 0.0693 11644928
65 0.0634 11677696
66 0.0696 11743232
67 0.0621 11784192
68 0.0668 11747328
69 0.0648 11874304
70 0.0643 11915264
71 0.0689 11997184
72 0.069 11952128
73 0.0711 11997184
74 0.0766 12124160
75 0.0735 12099584
76 0.0716 12226560
77 0.0754 12210176
78 0.0801 12341248
79 0.0757 12324864
80 0.0774 12369920
81 0.0826 12484608
82 0.0789 12468224
83 0.0788 12582912
84 0.0844 12611584
85 0.0801 12599296
86 0.0817 12656640
87 0.0808 12697600
88 0.0794 12804096
89 0.0834 12783616
90 0.0907 12832768
91 0.0923 12984320
92 0.0877 12943360
93 0.0855 13033472
94 0.0886 13017088
95 0.0865 13049856
96 0.0965 13230080
97 0.0958 13156352
98 0.0883 13152256
99 0.0936 13217792
100 0.0953 13410304
101 0.095 13348864
102 0.0934 13406208
103 0.0959 13467648
104 0.0994 13488128
105 0.0981 13590528
106 0.1042 13586432
107 0.102 13705216
108 0.0958 13717504
109 0.1001 13791232
110 0.1051 13811712
111 0.1052 13885440
112 0.1022 13885440
113 0.1074 13979648
114 0.1104 14041088
115 0.104 14012416
116 0.1092 14135296
117 0.1072 14278656
118 0.1136 14270464
119 0.1111 14344192
120 0.1104 14270464
121 0.1096 14393344
122 0.1178 14430208
123 0.1175 14450688
124 0.1181 14540800
125 0.1141 14475264
126 0.1135 14528512
127 0.1153 14577664
128 0.1167 14708736
129 0.117 14753792
130 0.1187 14807040
131 0.12 14753792
132 0.1216 14868480
133 0.1243 14860288
134 0.1262 14991360
135 0.1203 14958592
136 0.1213 15052800
137 0.1231 15130624
138 0.1349 15114240
139 0.1242 15253504
140 0.1263 15249408
141 0.1268 15273984
142 0.1274 15339520
143 0.1302 15486976
144 0.1308 15380480
145 0.1356 15523840
146 0.132 15577088
147 0.1326 15581184
148 0.146 15667200
149 0.1335 15646720
150 0.1379 15724544
151 0.137 15806464
152 0.1372 15945728
153 0.1405 15974400
154 0.1406 15978496
155 0.1423 16015360
156 0.1452 16072704
157 0.1462 16146432
158 0.1405 16195584
159 0.1522 16187392
160 0.1533 16220160
161 0.1451 16371712
162 0.1488 16318464
163 0.1493 16338944
164 0.148 16400384
165 0.1501 16461824
166 0.1519 16482304
167 0.1616 16564224
168 0.1536 16613376
169 0.1539 16711680
170 0.1539 16703488
171 0.1584 16789504
172 0.1685 16928768
173 0.1618 16887808
174 0.1587 16973824
175 0.165 17031168
176 0.1623 16957440
177 0.1605 17018880
178 0.1644 17043456
179 0.1635 17104896
180 0.1627 17190912
181 0.1661 17244160
182 0.1628 17252352
183 0.1686 17326080
184 0.1625 17391616
185 0.1665 17375232
186 0.1726 17588224
187 0.1664 17457152
188 0.1685 17604608
189 0.167 17645568
190 0.1803 17772544
191 0.1769 17866752
192 0.1744 17874944
193 0.175 17756160
194 0.177 17817600
195 0.1712 17858560
196 0.1831 17948672
197 0.1842 18063360
198 0.1849 18083840
199 0.1781 18006016
200 0.1783 18055168
201 0.1839 18149376
202 0.1918 18341888
203 0.1815 18235392
204 0.1832 18305024
205 0.1927 18518016
206 0.1921 18452480
207 0.1868 18526208
208 0.1894 18522112
209 0.1955 18632704
210 0.1885 18599936
211 0.1986 18685952
212 0.1972 18575360
213 0.1915 18771968
214 0.1979 18849792
215 0.1947 18853888
216 0.1964 18747392
217 0.2002 19021824
218 0.1973 19025920
219 0.1999 19017728
220 0.1975 19132416
221 0.2005 19181568
222 0.1995 19177472
223 0.1986 19193856
224 0.2033 19226624
225 0.2035 19140608
226 0.2057 19230720
227 0.2033 19456000
228 0.2029 19439616
229 0.21 19353600
230 0.2118 19525632
231 0.2109 19677184
232 0.2127 19689472
233 0.2142 19705856
234 0.2127 19726336
235 0.2131 19779584
236 0.2136 19841024
237 0.214 19726336
238 0.2181 19931136
239 0.22 19914752
240 0.2243 20078592
241 0.22 20135936
242 0.2237 20271104
243 0.2192 20103168
244 0.2196 20234240
245 0.2217 20291584
246 0.2231 20168704
247 0.222 20418560
248 0.2231 20455424
249 0.228 20426752
250 0.2214 20459520
251 0.2316 20709376
252 0.2294 20647936
253 0.2272 20598784
254 0.2298 20672512
255 0.2354 20889600
256 0.2378 20701184
257 0.2372 20934656
258 0.235 20963328
259 0.2322 20955136
260 0.2366 20971520
261 0.2346 20840448
262 0.2343 21049344
263 0.2364 21024768
264 0.2396 20992000
265 0.2418 21196800
266 0.2376 21188608
267 0.2416 21331968
268 0.2402 21274624
269 0.2414 21299200
270 0.2461 21364736
271 0.2468 21381120
272 0.2498 21544960
273 0.244 21524480
274 0.246 21585920
275 0.2453 21626880
276 0.2503 21659648
277 0.2485 21725184
278 0.2481 21762048
279 0.2549 21872640
280 0.2475 21884928
281 0.2558 22003712
282 0.255 21921792
283 0.2579 22220800
284 0.254 22114304
285 0.2558 22212608
286 0.2618 22142976
287 0.2597 22188032
288 0.2635 22196224
289 0.2617 22298624
290 0.2624 22396928
291 0.2644 22491136
292 0.2628 22474752
293 0.2705 22405120
294 0.2813 22622208
295 0.27 22839296
296 0.2688 22654976
297 0.2677 22691840
298 0.2682 22605824
299 0.2771 22953984
300 0.2722 22839296