1 0.0262 6381568
2 0.029 6639616
3 0.0322 6905856
4 0.0452 7213056
5 0.0378 7426048
6 0.0413 7688192
7 0.0478 8003584
8 0.0466 8278016
9 0.054 8519680
10 0.0563 8777728
11 0.0563 9011200
12 0.0588 9256960
13 0.0624 9535488
14 0.0694 9859072
15 0.0685 10067968
16 0.0711 10321920
17 0.0782 10629120
18 0.0777 10924032
19 0.0807 11112448
20 0.0844 11362304
21 0.0906 11669504
22 0.0906 11919360
23 0.0928 12185600
24 0.0954 12369920
25 0.0985 12636160
26 0.1026 12931072
27 0.1318 13291520
28 0.117 13578240
29 0.1141 13774848
30 0.1164 13983744
31 0.1184 14098432
32 0.1267 14430208
33 0.1289 14684160
34 0.1335 15085568
35 0.1312 15196160
36 0.135 15392768
37 0.1368 15642624
38 0.1407 15769600
39 0.1446 16084992
40 0.1478 16322560
41 0.1507 16580608
42 0.1538 16830464
43 0.1658 17108992
44 0.1639 17399808
45 0.1632 17596416
46 0.1699 17907712
47 0.1693 18157568
48 0.1722 18345984
49 0.176 18595840
50 0.1792 18849792
51 0.1857 19169280
52 0.186 19394560
53 0.1908 19709952
54 0.1938 20025344
55 0.1988 20271104
56 0.2058 20561920
57 0.2051 20758528
58 0.2115 21090304
59 0.2107 21282816
60 0.2186 21606400
61 0.2209 21839872
62 0.2197 22048768
63 0.2228 22298624
64 0.2266 22634496
65 0.2334 22876160
66 0.232 23007232
67 0.2356 23134208
68 0.2385 23326720
69 0.2413 23633920
70 0.244 23826432
71 0.2535 24080384
72 0.2514 24338432
73 0.2559 24645632
74 0.2623 24956928
75 0.2621 25157632
76 0.265 25415680
77 0.2673 25714688
78 0.2713 25919488
79 0.2745 26173440
80 0.2804 26558464
81 0.2829 26787840
82 0.2903 27099136
83 0.2935 27332608
84 0.2934 27512832
85 0.2994 27811840
86 0.2984 28053504
87 0.3073 28413952
88 0.3059 28504064
89 0.3141 29143040
90 0.3118 29016064
91 0.3145 29261824
92 0.3175 29515776
93 0.3203 29765632
94 0.3236 30027776
95 0.3276 30277632
96 0.3329 30593024
97 0.3325 30785536
98 0.336 31113216
99 0.3397 31301632
100 0.3425 31555584
101 0.3463 31813632
102 0.3481 32075776
103 0.3591 32432128
104 0.3602 32681984
105 0.3618 32890880
106 0.367 33275904
107 0.3712 33525760
108 0.3729 33775616
109 0.3792 34160640
110 0.3891 34738176
111 0.3857 34627584
112 0.3944 34922496
113 0.3971 35131392
114 0.3995 35426304
115 0.4033 35651584
116 0.4045 35954688
117 0.4045 36139008
118 0.409 36388864
119 0.4112 36638720
120 0.4136 36888576
121 0.4179 37142528
122 0.421 37412864
123 0.4324 37859328
124 0.4306 37912576
125 0.4344 38219776
126 0.4351 38420480
127 0.4372 38694912
128 0.4394 38944768
129 0.445 39272448
130 0.4491 39739392
131 0.449 39718912
132 0.4512 39972864
133 0.4553 40230912
134 0.4574 40480768
135 0.466 40800256
136 0.468 41037824
137 0.4688 40960000
138 0.4745 41029632
139 0.4752 41226240
140 0.4773 41472000
141 0.4846 41795584
142 0.4837 41975808
143 0.49 42262528
144 0.4898 42491904
145 0.4908 42745856
146 0.5005 43044864
147 0.4989 43323392
148 0.5039 43507712
149 0.5047 43765760
150 0.5111 44077056
151 0.5101 44269568
152 0.5186 44576768
153 0.5252 44855296
154 0.5193 45031424
155 0.5308 45457408
156 0.5345 45711360
157 0.5321 45907968
158 0.5404 46419968
159 0.5398 46415872
160 0.5456 46702592
161 0.5529 47386624
162 0.5537 47222784
163 0.5568 47685632
164 0.5656 47996928
165 0.5696 48373760
166 0.5727 48525312
167 0.5713 48705536
168 0.5739 48951296
169 0.5771 49205248
170 0.5801 49459200
171 0.5838 49778688
172 0.6061 50446336
173 0.5901 50208768
174 0.5984 50528256
175 0.5963 50716672
176 0.6057 51523584
177 0.6028 51224576
178 0.6044 51470336
179 0.6189 51773440
180 0.6257 51978240
181 0.6228 52232192
182 0.6255 52613120
183 0.625 52793344
184 0.6231 52994048
185 0.6291 53243904
186 0.6309 53501952
187 0.6387 53821440
188 0.6383 54022144
189 0.6443 54329344
190 0.6427 54591488
191 0.6514 54902784
192 0.6568 55271424
193 0.6545 55353344
194 0.6571 55545856
195 0.6605 55795712
196 0.6634 56053760
197 0.6679 56434688
198 0.6688 56557568
199 0.6699 56807424
200 0.6768 57057280
201 0.678 57311232
202 0.6808 57569280
203 0.6959 57856000
204 0.692 58126336
205 0.6983 58458112
206 0.7013 58687488
207 0.7063 58994688
208 0.7073 59195392
209 0.7146 59510784
210 0.7142 59715584
211 0.7174 59969536
212 0.7319 60542976
213 0.7289 60809216
214 0.738 61550592
215 0.7364 61267968
216 0.7438 61698048
217 0.7401 61759488
218 0.7447 62009344
219 0.76 62582784
220 0.7565 62844928
221 0.7609 63037440
222 0.7717 63336448
223 0.7793 63598592
224 0.7709 63860736
225 0.7784 64163840
226 0.7759 64299008
227 0.7827 65003520
228 0.7819 64823296
229 0.7899 65126400
230 0.789 65314816
231 0.7916 65703936
232 0.8002 66359296
233 0.7979 66162688
234 0.806 66457600
235 0.8098 66723840
236 0.811 66998272
237 0.8113 67211264
238 0.8179 67514368
239 0.816 67715072
240 0.8255 68026368
241 0.8265 68698112
242 0.8277 68476928
243 0.8281 68792320
244 0.8351 69029888
245 0.8409 69287936
246 0.8419 69545984
247 0.8525 69767168
248 0.8445 69992448
249 0.8479 70246400
250 0.8544 70553600
251 0.8544 70750208
252 0.861 71548928
253 0.8653 71573504
254 0.8624 71507968
255 0.8641 71761920
256 0.8746 72085504
257 0.8746 72278016
258 0.8779 72859648
259 0.8777 72781824
260 0.8841 73089024
261 0.8832 73285632
262 0.8881 73539584
263 0.8978 73912320
264 0.9 74149888
265 0.9 74354688
266 0.9025 74600448
267 0.9216 75149312
268 0.9145 75161600
269 0.9183 75411456
270 0.9285 75624448
271 0.9259 75878400
272 0.9209 76177408
273 0.9288 76423168
274 0.933 76632064
275 0.9303 76939264
276 0.9319 77135872
277 0.9388 77438976
278 0.9458 77430784
279 0.9447 77352960
280 0.9591 77430784
281 0.9513 77357056
282 0.954 77692928
283 0.9591 78245888
284 0.9578 78110720
285 0.9652 78422016
286 0.9672 78618624
287 0.9666 78868480
288 0.9746 79638528
289 0.9778 79409152
290 0.9761 79654912
291 0.9882 80478208
292 0.9822 80171008
293 0.9858 80424960
294 0.9964 81113088
295 0.9924 80953344
296 0.998 81186816
297 1.0022 81444864
298 1.0041 81694720
299 1.0049 81965056
300 1.0104 82198528