1 0.0246 6287360
2 0.027 6500352
3 0.0295 6705152
4 0.032 6991872
5 0.0383 7254016
6 0.0368 7467008
7 0.0431 7626752
8 0.0416 7774208
9 0.0441 7983104
10 0.0461 8200192
11 0.0484 8400896
12 0.0507 8605696
13 0.0535 8826880
14 0.0603 9097216
15 0.0627 9322496
16 0.0608 9465856
17 0.0633 9666560
18 0.0658 9871360
19 0.068 10080256
20 0.0704 10342400
21 0.0734 10493952
22 0.1024 10768384
23 0.0809 10940416
24 0.081 11132928
25 0.0871 11411456
26 0.0878 11579392
27 0.0934 11808768
28 0.0923 11997184
29 0.0991 12296192
30 0.0968 12439552
31 0.0996 12636160
32 0.1069 12890112
33 0.1163 13139968
34 0.1113 13307904
35 0.1093 13455360
36 0.1113 13676544
37 0.1138 13746176
38 0.1231 14000128
39 0.1251 14131200
40 0.1218 14336000
41 0.1279 14618624
42 0.1265 14757888
43 0.1331 15020032
44 0.1349 15233024
45 0.1339 15429632
46 0.1363 15441920
47 0.1432 15732736
48 0.1423 15872000
49 0.1458 16130048
50 0.152 16392192
51 0.1513 16609280
52 0.1594 16801792
53 0.1609 16998400
54 0.1602 17145856
55 0.1626 17350656
56 0.1649 17555456
57 0.1688 17821696
58 0.172 18063360
59 0.1788 18370560
60 0.1776 18518016
61 0.1792 18714624
62 0.1825 18923520
63 0.1852 19124224
64 0.1871 19329024
65 0.1938 19587072
66 0.1925 19734528
67 0.1951 19935232
68 0.1967 20144128
69 0.1996 20336640
70 0.2012 20611072
71 0.2086 20799488
72 0.211 21008384
73 0.2093 21155840
74 0.2161 21442560
75 0.2143 21561344
76 0.2169 21766144
77 0.2186 22032384
78 0.2216 22183936
79 0.2239 22384640
80 0.2398 22441984
81 0.2293 22523904
82 0.2317 22728704
83 0.2347 22933504
84 0.2371 23134208
85 0.2426 23334912
86 0.2452 23592960
87 0.2475 23748608
88 0.2499 23941120
89 0.2534 24141824
90 0.2559 24338432
91 0.2592 24674304
92 0.2567 24743936
93 0.2641 25006080
94 0.262 25161728
95 0.2652 25460736
96 0.2669 25591808
97 0.2707 25866240
98 0.2769 26038272
99 0.2784 26206208
100 0.2813 26542080
101 0.2855 26742784
102 0.2872 27000832
103 0.2925 27152384
104 0.2947 27332608
105 0.2971 27541504
106 0.2999 27746304
107 0.3075 28008448
108 0.3095 28475392
109 0.3156 28602368
110 0.3135 28618752
111 0.3161 28950528
112 0.3143 28966912
113 0.3269 29339648
114 0.324 29425664
115 0.3257 29704192
116 0.3314 30027776
117 0.3324 30298112
118 0.3392 30511104
119 0.3386 30679040
120 0.3446 30937088
121 0.3433 31072256
122 0.3459 31268864
123 0.352 31875072
124 0.3502 31674368
125 0.357 31940608
126 0.3584 32382976
127 0.3588 32288768
128 0.3599 32489472
129 0.3667 33038336
130 0.3661 32903168
131 0.367 33112064
132 0.3746 33652736
133 0.3735 33595392
134 0.3757 33800192
135 0.3773 33923072
136 0.3817 34111488
137 0.3874 34365440
138 0.385 34500608
139 0.3925 34750464
140 0.4063 35332096
141 0.4044 35184640
142 0.4098 35344384
143 0.5059 35938304
144 0.4035 35708928
145 0.4086 35905536
146 0.4129 36134912
147 0.413 36384768
148 0.4323 36761600
149 0.4374 37203968
150 0.5393 37285888
151 0.4648 37638144
152 0.4628 37933056
153 0.4316 37560320
154 0.4535 37953536
155 0.5314 38072320
156 0.4869 38555648
157 0.5543 38506496
158 0.5019 38969344
159 0.5047 39182336
160 0.5181 39206912
161 0.5062 39411712
162 0.4994 39882752
163 0.4714 39841792
164 0.503 40316928
165 0.4712 39841792
166 0.479 39776256
167 0.5058 40177664
168 0.5338 40206336
169 0.5834 40411136
170 0.6405 40718336
171 0.6449 41041920
172 0.6094 41136128
173 0.5433 41283584
174 0.5005 41472000
175 0.6275 41820160
176 0.645 42254336
177 0.5564 42082304
178 0.5625 42352640
179 0.6223 42438656
180 0.811 42754048
181 0.6516 42926080
182 0.6171 43294720
183 0.803 43487232
184 0.756 43569152
185 0.7371 43716608
186 0.5446 43851776
187 0.5629 44171264
188 0.5293 44199936
189 0.5218 44449792
190 0.5342 44830720
191 0.5223 44859392
192 0.525 45060096
193 0.5318 45322240
194 0.5373 45539328
195 0.5607 45830144
196 0.6065 46170112
197 0.5605 46166016
198 0.5624 46358528
199 0.5558 46522368
200 0.5603 47026176
201 0.5845 47243264
202 0.5575 47144960
203 0.6018 48005120
204 0.5921 47996928
205 0.5848 48574464
206 0.5772 48304128
207 0.5821 48517120
208 0.5943 48721920
209 0.5867 48893952
210 0.5838 49082368
211 0.5969 49844224
212 0.5884 49487872
213 0.5947 49754112
214 0.6015 49954816
215 0.5992 50094080
216 0.5996 50298880
217 0.6207 50524160
218 0.6146 50876416
219 0.6208 51183616
220 0.6138 51134464
221 0.6247 51834880
222 0.6187 51548160
223 0.6167 51720192
224 0.6203 51978240
225 0.6258 52260864
226 0.6257 52334592
227 0.6348 52756480
228 0.6327 52740096
229 0.6423 52940800
230 0.6498 53932032
231 0.6424 53743616
232 0.6511 54525952
233 0.6538 54530048
234 0.6618 54657024
235 0.6604 54779904
236 0.6685 54984704
237 0.6649 55250944
238 0.6719 55402496
239 0.669 55590912
240 0.6718 55791616
241 0.6793 56090624
242 0.6764 56201216
243 0.6803 56406016
244 0.6864 56938496
245 0.6873 56905728
246 0.6867 57012224
247 0.6943 57233408
248 0.6918 57434112
249 0.6993 57720832
250 0.7078 58327040
251 0.7007 58023936
252 0.7018 58228736
253 0.9859 58740736
254 0.7656 59060224
255 0.8095 59244544
256 0.8791 59531264
257 0.9344 59486208
258 0.9228 59916288
259 0.8475 60125184
260 0.837 60125184
261 0.8736 60362752
262 0.7936 60768256
263 0.7564 60596224
264 0.7366 60866560
265 0.7362 60887040
266 0.7422 61157376
267 0.7382 61288448
268 0.7491 61554688
269 0.7529 62001152
270 0.7566 61931520
271 0.7552 62484480
272 0.7535 62316544
273 0.7536 62509056
274 0.7606 62717952
275 0.7589 62922752
276 0.7605 63119360
277 0.7648 63324160
278 0.7748 63524864
279 0.7734 63762432
280 0.7782 64024576
281 0.8212 64659456
282 0.8049 64413696
283 0.7791 64548864
284 0.7863 64811008
285 0.7884 65007616
286 0.7866 65220608
287 0.7993 65646592
288 0.8146 66256896
289 0.797 65830912
290 0.7982 65986560
291 0.7996 66195456
292 0.9269 66498560
293 0.8824 67055616
294 0.84 66928640
295 0.8469 67616768
296 0.8802 67244032
297 0.9614 67620864
298 0.9892 67719168
299 1.0128 68104192
300 0.9044 68505600