1 0.0253 6303744
2 0.0268 6471680
3 0.0289 6647808
4 0.0303 6815744
5 0.0323 7045120
6 0.0381 7213056
7 0.0359 7446528
8 0.0378 7565312
9 0.0395 7680000
10 0.0413 7897088
11 0.0436 8015872
12 0.0453 8232960
13 0.0469 8359936
14 0.0494 8527872
15 0.0515 8708096
16 0.0567 8925184
17 0.0544 9052160
18 0.057 9220096
19 0.0585 9392128
20 0.061 9564160
21 0.0628 9728000
22 0.0642 9904128
23 0.07 10121216
24 0.0676 10231808
25 0.0704 10407936
26 0.0725 10629120
27 0.078 10809344
28 0.0758 10907648
29 0.0783 11137024
30 0.1047 11345920
31 0.0841 11427840
32 0.0868 11644928
33 0.0848 11763712
34 0.087 11984896
35 0.0886 12152832
36 0.0909 12288000
37 0.0976 12521472
38 0.0945 12623872
39 0.101 12836864
40 0.0984 12972032
41 0.1014 13131776
42 0.1065 13348864
43 0.1051 13512704
44 0.1067 13660160
45 0.1089 13881344
46 0.1114 14045184
47 0.1128 14151680
48 0.115 14241792
49 0.1211 14409728
50 0.1178 14508032
51 0.1249 14794752
52 0.1276 14921728
53 0.13 15081472
54 0.1279 15200256
55 0.1333 15425536
56 0.1309 15585280
57 0.1329 15699968
58 0.1387 15847424
59 0.141 15990784
60 0.1386 16166912
61 0.1453 16318464
62 0.1426 16437248
63 0.1448 16596992
64 0.1506 16838656
65 0.1667 17121280
66 0.1685 17211392
67 0.1517 17330176
68 0.1587 17575936
69 0.1556 17666048
70 0.1577 17756160
71 0.1596 17973248
72 0.1629 18079744
73 0.1643 18309120
74 0.1666 18526208
75 0.1681 18632704
76 0.1703 18804736
77 0.1721 18968576
78 0.1797 19189760
79 0.1756 19369984
80 0.1832 19513344
81 0.1807 19628032
82 0.181 19853312
83 0.1884 20025344
84 0.1858 20127744
85 0.1881 20283392
86 0.1909 20570112
87 0.1939 20795392
88 0.2 20934656
89 0.202 21106688
90 0.2009 21184512
91 0.2014 21331968
92 0.2032 21495808
93 0.2051 21655552
94 0.2121 21880832
95 0.2095 22061056
96 0.2111 22163456
97 0.2125 22327296
98 0.2151 22495232
99 0.2166 22667264
100 0.2237 22876160
101 0.2204 22999040
102 0.2225 23052288
103 0.2323 23171072
104 0.2338 23326720
105 0.2363 23494656
106 0.2379 23674880
107 0.2399 23830528
108 0.2379 23949312
109 0.2485 24256512
110 0.2463 24326144
111 0.2436 24444928
112 0.2447 24616960
113 0.2512 24825856
114 0.2527 24989696
115 0.2511 25116672
116 0.2569 25501696
117 0.2556 25493504
118 0.2616 25714688
119 0.2591 25808896
120 0.2607 25976832
121 0.2665 26206208
122 0.2645 26304512
123 0.2702 26537984
124 0.2685 26632192
125 0.2708 26800128
126 0.2721 26963968
127 0.2749 27127808
128 0.2754 27303936
129 0.2781 27467776
130 0.2792 27635712
131 0.2809 27803648
132 0.2836 27963392
133 0.2894 28286976
134 0.297 28487680
135 0.289 28459008
136 0.2913 28626944
137 0.2925 28790784
138 0.2945 28966912
139 0.297 29208576
140 0.2986 29294592
141 0.3009 29470720
142 0.3026 29630464
143 0.3091 29859840
144 0.3141 29986816
145 0.3077 30121984
146 0.315 30310400
147 0.3196 30646272
148 0.3213 30810112
149 0.3183 30986240
150 0.3228 31080448
151 0.3223 31244288
152 0.3293 31490048
153 0.3344 31694848
154 0.3277 31830016
155 0.3364 32002048
156 0.3375 32145408
157 0.3381 32313344
158 0.3407 32448512
159 0.351 32940032
160 0.3395 32747520
161 0.3429 32980992
162 0.3496 33148928
163 0.3459 33259520
164 0.3539 33521664
165 0.3567 33648640
166 0.3527 33742848
167 0.3552 33906688
168 0.3573 34074624
169 0.3578 34238464
170 0.3606 34402304
171 0.3676 34603008
172 0.3687 34779136
173 0.3662 34947072
174 0.373 35160064
175 0.3767 35393536
176 0.3754 35495936
177 0.3806 35782656
178 0.3828 35934208
179 0.3884 36118528
180 0.3913 36302848
181 0.3888 36454400
182 0.3896 36560896
183 0.3972 36798464
184 0.3973 36945920
185 0.3948 37031936
186 0.4019 37244928
187 0.405 37560320
188 0.4012 37560320
189 0.403 37658624
190 0.4053 37818368
191 0.4076 37986304
192 0.4092 38158336
193 0.411 38322176
194 0.415 38494208
195 0.4273 38670336
196 0.4212 38813696
197 0.4242 38981632
198 0.4249 39600128
199 0.427 39370752
200 0.425 39493632
201 0.4253 39645184
202 0.4273 39809024
203 0.4295 39972864
204 0.437 40472576
205 0.4395 40427520
206 0.4465 40628224
207 0.4437 40730624
208 0.4522 41132032
209 0.4477 41050112
210 0.4517 41218048
211 0.4526 41308160
212 0.4542 41308160
213 0.4613 41361408
214 0.4574 41373696
215 0.4601 41545728
216 0.4661 41766912
217 0.4871 42336256
218 0.4652 42041344
219 0.4677 42209280
220 0.4743 42688512
221 0.4762 42594304
222 0.4797 42835968
223 0.4745 42864640
224 0.4792 43032576
225 0.4833 43249664
226 0.4817 43360256
227 0.4908 43995136
228 0.4914 43749376
229 0.4866 43855872
230 0.4883 44023808
231 0.4905 44322816
232 0.4918 44474368
233 0.5011 44695552
234 0.4967 44773376
235 0.4991 44924928
236 0.5129 45625344
237 0.5077 45322240
238 0.5094 45477888
239 0.5068 45568000
240 0.5085 45740032
241 0.5109 45899776
242 0.5119 46153728
243 0.517 46419968
244 0.5145 46399488
245 0.5188 46563328
246 0.5238 46850048
247 0.5213 46977024
248 0.5274 47136768
249 0.5297 47583232
250 0.5262 47382528
251 0.5355 47628288
252 0.5364 47796224
253 0.5379 47968256
254 0.5407 48058368
255 0.5373 48205824
256 0.5386 48390144
257 0.5408 48631808
258 0.5433 48738304
259 0.5456 48893952
260 0.5513 49233920
261 0.5495 49221632
262 0.5518 49446912
263 0.5571 49647616
264 0.5543 49725440
265 0.5563 49885184
266 0.5706 50401280
267 0.5606 50212864
268 0.5615 50397184
269 0.5704 50634752
270 0.5706 51183616
271 0.5776 51048448
272 0.5696 51040256
273 0.575 51351552
274 0.5736 51372032
275 0.575 51630080
276 0.5866 52097024
277 0.5854 51924992
278 0.5821 52121600
279 0.5837 52195328
280 0.588 52449280
281 0.589 52523008
282 0.5894 52690944
283 0.5914 52850688
284 0.5981 53080064
285 0.5948 53182464
286 0.5978 53346304
287 0.5998 53514240
288 0.6 53673984
289 0.6092 53940224
290 0.6058 54009856
291 0.6084 54169600
292 0.6128 54661120
293 0.6143 54591488
294 0.6125 54767616
295 0.6242 55291904
296 0.6214 55271424
297 0.6237 55529472
298 0.6249 55603200
299 0.636 55881728
300 0.6334 56020992