1 0.0023 3649536
2 0.0028 3706880
3 0.0031 3760128
4 0.0037 3829760
5 0.0041 3878912
6 0.0045 3940352
7 0.005 3993600
8 0.0054 4050944
9 0.006 4124672
10 0.0066 4177920
11 0.0069 4235264
12 0.0072 4292608
13 0.0083 4378624
14 0.0095 4431872
15 0.0087 4460544
16 0.0092 4513792
17 0.0118 4608000
18 0.0126 4661248
19 0.0133 4718592
20 0.0138 4804608
21 0.0121 4812800
22 0.0118 4866048
23 0.0122 4923392
24 0.0126 4976640
25 0.0132 5025792
26 0.0137 5066752
27 0.0141 5120000
28 0.0187 5246976
29 0.0161 5238784
30 0.0201 5394432
31 0.0168 5361664
32 0.0164 5414912
33 0.0169 5464064
34 0.0181 5517312
35 0.0187 5570560
36 0.0226 5709824
37 0.019 5767168
38 0.0203 5820416
39 0.0196 5771264
40 0.0201 5902336
41 0.0206 5955584
42 0.0212 6012928
43 0.0214 6057984
44 0.0227 6115328
45 0.0227 6172672
46 0.0272 6307840
47 0.027 6311936
48 0.0237 6328320
49 0.0243 6397952
50 0.0293 6504448
51 0.0299 6520832
52 0.0262 6500352
53 0.0309 6631424
54 0.0269 6684672
55 0.0272 6660096
56 0.028 6799360
57 0.0282 6762496
58 0.0286 6832128
59 0.0291 6881280
60 0.0343 7061504
61 0.0308 7024640
62 0.0351 7168000
63 0.0312 7131136
64 0.032 7184384
65 0.0322 7237632
66 0.0326 7286784
67 0.033 7340032
68 0.0381 7479296
69 0.0338 7442432
70 0.0344 7495680
71 0.0352 7643136
72 0.0415 7606272
73 0.0559 7663616
74 0.0435 7860224
75 0.0372 7770112
76 0.0422 7966720
77 0.051 8019968
78 0.0428 8007680
79 0.0451 8032256
80 0.0401 8122368
81 0.0399 8081408
82 0.0403 8134656
83 0.0407 8183808
84 0.0456 8314880
85 0.0417 8380416
86 0.0421 8343552
87 0.043 8409088
88 0.043 8462336
89 0.0443 8511488
90 0.0441 8646656
91 0.0443 8613888
92 0.0451 8667136
93 0.0499 8798208
94 0.0461 8851456
95 0.0508 8904704
96 0.0467 8888320
97 0.0473 9015296
98 0.0483 9097216
99 0.0481 9056256
100 0.0533 9187328
101 0.0492 9166848
102 0.0548 9322496
103 0.0558 9383936
104 0.0564 9392128
105 0.0563 9478144
106 0.0573 9527296
107 0.0528 9502720
108 0.058 9637888
109 0.0546 9609216
110 0.0548 9662464
111 0.0549 9715712
112 0.0551 9768960
113 0.0557 9822208
114 0.0565 9875456
115 0.0572 9932800
116 0.0573 10022912
117 0.0577 10076160
118 0.0581 10129408
119 0.0596 10244096
120 0.0607 10301440
121 0.0613 10428416
122 0.0609 10399744
123 0.0618 10457088
124 0.0622 10506240
125 0.0627 10559488
126 0.0675 10694656
127 0.063 10661888
128 0.0681 10858496
129 0.0686 10850304
130 0.0648 10817536
131 0.0654 10870784
132 0.0704 11005952
133 0.0703 11055104
134 0.0713 11108352
135 0.0715 11227136
136 0.0674 11137024
137 0.0683 11182080
138 0.0688 11333632
139 0.069 11296768
140 0.0699 11341824
141 0.0746 11481088
142 0.0751 11534336
143 0.0753 11587584
144 0.0724 11595776
145 0.0726 11640832
146 0.0729 11698176
147 0.0779 11825152
148 0.0738 11800576
149 0.0782 11935744
150 0.0748 11898880
151 0.0803 12042240
152 0.0756 12009472
153 0.0758 12070912
154 0.0772 12206080
155 0.0774 12173312
156 0.0779 12226560
157 0.0823 12427264
158 0.0785 12419072
159 0.0836 12464128
160 0.0793 12435456
161 0.0803 12460032
162 0.0807 12406784
163 0.0854 12537856
164 0.0858 12591104
165 0.0816 12566528
166 0.083 12705792
167 0.088 12873728
168 0.0871 12804096
169 0.0846 12861440
170 0.0847 12832768
171 0.0848 12967936
172 0.0849 12939264
173 0.0897 13066240
174 0.0865 13049856
175 0.0865 13176832
176 0.0875 13156352
177 0.0874 13283328
178 0.0877 13262848
179 0.0933 13385728
180 0.089 13361152
181 0.0898 13418496
182 0.0904 13467648
183 0.0902 13615104
184 0.0959 13611008
185 0.0924 13537280
186 0.0924 13553664
187 0.0925 13606912
188 0.1164 13729792
189 0.0977 13787136
190 0.0952 13848576
191 0.0949 13901824
192 0.0947 13869056
193 0.0955 13918208
194 0.1034 14123008
195 0.0972 14057472
196 0.0985 14106624
197 0.0981 14159872
198 0.0988 14213120
199 0.0988 14262272
200 0.1031 14315520
201 0.1004 14372864
202 0.1011 14499840
203 0.1055 14553088
204 0.1016 14524416
205 0.1046 14626816
206 0.1053 14684160
207 0.1058 14819328
208 0.1058 14790656
209 0.1063 14843904
210 0.1122 14966784
211 0.1123 15020032
212 0.1123 15069184
213 0.1135 15126528
214 0.1084 15101952
215 0.1093 15151104
216 0.1112 15208448
217 0.1102 15261696
218 0.1118 15310848
219 0.1121 15454208
220 0.1114 15413248
221 0.112 15470592
222 0.1166 15601664
223 0.1133 15568896
224 0.1142 15626240
225 0.1192 15749120
226 0.1198 15806464
227 0.1159 15781888
228 0.1203 15982592
229 0.1216 16027648
230 0.1208 16011264
231 0.1214 16130048
232 0.1173 16097280
233 0.1183 16150528
234 0.1185 16203776
235 0.1197 16252928
236 0.1193 16306176
237 0.1202 16359424
238 0.1266 16629760
239 0.1235 16596992
240 0.1242 16650240
241 0.124 16703488
242 0.1247 16752640
243 0.1253 16809984
244 0.1255 16961536
245 0.1261 16924672
246 0.1268 16977920
247 0.1281 17027072
248 0.1281 17080320
249 0.1286 17137664
250 0.129 17182720
251 0.1283 17235968
252 0.1292 17293312
253 0.13 17338368
254 0.1308 17395712
255 0.1306 17534976
256 0.131 17494016
257 0.1323 17551360
258 0.1343 17821696
259 0.1415 17911808
260 0.1379 17784832
261 0.1407 18001920
262 0.1386 17887232
263 0.1352 17858560
264 0.1417 18018304
265 0.1357 18055168
266 0.1361 18104320
267 0.1378 18071552
268 0.1381 18120704
269 0.1379 18173952
270 0.1428 18391040
271 0.1384 18280448
272 0.1394 18333696
273 0.1398 18386944
274 0.1404 18436096
275 0.141 18567168
276 0.1414 18542592
277 0.1421 18591744
278 0.1425 18644992
279 0.1423 18796544
280 0.1436 18747392
281 0.1432 18800640
282 0.1445 18907136
283 0.1445 18903040
284 0.1492 19038208
285 0.146 19009536
286 0.1522 19275776
287 0.1464 19116032
288 0.1516 19324928
289 0.1467 19218432
290 0.1481 19267584
291 0.1559 19492864
292 0.1519 19374080
293 0.1508 19509248
294 0.1507 19566592
295 0.1517 19546112
296 0.1516 19599360
297 0.1575 19738624
298 0.1538 19705856
299 0.1529 19763200
300 0.1543 19816448