1 0.0248 6258688
2 0.027 6471680
3 0.0293 6676480
4 0.0316 6885376
5 0.0341 7090176
6 0.0365 7356416
7 0.0389 7516160
8 0.0414 7725056
9 0.0434 7987200
10 0.0499 8192000
11 0.0528 8507392
12 0.0547 8593408
13 0.0579 8810496
14 0.0557 9031680
15 0.0584 9191424
16 0.0606 9379840
17 0.0632 9584640
18 0.0651 9785344
19 0.0676 9990144
20 0.086 10285056
21 0.0722 10395648
22 0.0748 10592256
23 0.0822 10895360
24 0.0801 11026432
25 0.0824 11235328
26 0.0897 11513856
27 0.0886 11640832
28 0.0903 11837440
29 0.0936 12099584
30 0.1004 12378112
31 0.0992 12517376
32 0.1014 12718080
33 0.1033 12918784
34 0.1056 13111296
35 0.108 13373440
36 0.1105 13524992
37 0.1181 13778944
38 0.1158 13787136
39 0.1181 13987840
40 0.1203 14172160
41 0.1278 14532608
42 0.1296 14647296
43 0.1305 14860288
44 0.1298 14987264
45 0.1325 15179776
46 0.1351 15433728
47 0.1427 15519744
48 0.145 15749120
49 0.1471 15945728
50 0.1469 16138240
51 0.154 16433152
52 0.1538 16605184
53 0.16 16801792
54 0.1594 16941056
55 0.1615 17141760
56 0.163 17338368
57 0.1693 17600512
58 0.1681 17809408
59 0.1719 18063360
60 0.175 18321408
61 0.1821 18563072
62 0.1807 18702336
63 0.1826 18939904
64 0.1893 19144704
65 0.1884 19288064
66 0.1891 19484672
67 0.1974 19742720
68 0.1957 19890176
69 0.2013 20164608
70 0.1993 20291584
71 0.2017 20553728
72 0.205 20684800
73 0.2072 20885504
74 0.2097 21082112
75 0.2124 21282816
76 0.2145 21479424
77 0.2194 21749760
78 0.2189 21950464
79 0.2263 22147072
80 0.2286 22343680
81 0.2273 22441984
82 0.2292 22429696
83 0.2312 22634496
84 0.2351 22831104
85 0.237 23093248
86 0.2392 23289856
87 0.2454 23482368
88 0.248 23719936
89 0.2554 23904256
90 0.2486 24010752
91 0.2561 24252416
92 0.2582 24457216
93 0.2571 24616960
94 0.2596 24821760
95 0.2618 25022464
96 0.2645 25219072
97 0.2673 25448448
98 0.2701 25649152
99 0.2723 25849856
100 0.2752 26132480
101 0.278 26312704
102 0.2826 26583040
103 0.2932 26828800
104 0.2928 27009024
105 0.298 27328512
106 0.2968 27365376
107 0.2995 27561984
108 0.3022 27766784
109 0.3083 28020736
110 0.3065 28168192
111 0.3138 28426240
112 0.3151 28631040
113 0.3185 28823552
114 0.3168 28971008
115 0.3199 29167616
116 0.3263 29503488
117 0.3259 29835264
118 0.3301 29958144
119 0.3353 30232576
120 0.3333 30359552
121 0.3388 30687232
122 0.3407 30896128
123 0.3439 31088640
124 0.3472 31277056
125 0.3497 31465472
126 0.3518 31653888
127 0.3538 31846400
128 0.3602 32096256
129 0.3593 32243712
130 0.361 32444416
131 0.3678 32702464
132 0.3663 32845824
133 0.3704 33071104
134 0.3706 33255424
135 0.3737 33447936
136 0.3768 33632256
137 0.3781 33828864
138 0.3859 34074624
139 0.3873 34242560
140 0.3906 34521088
141 0.3885 34607104
142 0.3924 34824192
143 0.3982 35434496
144 0.3997 35663872
145 0.3984 35487744
146 0.4046 35663872
147 0.4072 35917824
148 0.4054 36020224
149 0.4122 36278272
150 0.4121 36417536
151 0.4181 36679680
152 0.4191 36880384
153 0.4228 37498880
154 0.4193 37220352
155 0.4287 37462016
156 0.4249 37687296
157 0.4285 37814272
158 0.4375 38277120
159 0.4333 38211584
160 0.4365 38412288
161 0.4376 38686720
162 0.4466 38883328
163 0.4497 39038976
164 0.4532 39325696
165 0.4521 39464960
166 0.4561 39731200
167 0.4541 39870464
168 0.4562 39829504
169 0.4586 39829504
170 0.4622 39940096
171 0.4644 40132608
172 0.4661 40337408
173 0.4692 40550400
174 0.4765 41119744
175 0.4739 40947712
176 0.481 41500672
177 0.487 41680896
178 0.4908 41545728
179 0.4835 41811968
180 0.4865 41947136
181 0.488 42143744
182 0.4941 42356736
183 0.4993 42610688
184 0.5016 42971136
185 0.4993 42934272
186 0.5019 43126784
187 0.5043 43339776
188 0.5075 43532288
189 0.5104 43741184
190 0.5123 43937792
191 0.5153 44142592
192 0.5182 44335104
193 0.5192 44539904
194 0.5286 44982272
195 0.5273 44994560
196 0.5327 45252608
197 0.5329 45395968
198 0.5394 45719552
199 0.5424 45809664
200 0.5374 45998080
201 0.5522 46366720
202 0.5446 46391296
203 0.5452 46592000
204 0.5536 46817280
205 0.5592 47120384
206 0.5613 47378432
207 0.5696 47833088
208 0.5811 48226304
209 0.5778 48140288
210 0.5773 48414720
211 0.5839 48615424
212 0.5856 48816128
213 0.585 48959488
214 0.5922 49205248
215 0.5894 49352704
216 0.5933 49553408
217 0.5947 49758208
218 0.6041 49983488
219 0.6015 50208768
220 0.6069 50421760
221 0.6054 50556928
222 0.6076 50753536
223 0.6144 51007488
224 0.6165 51474432
225 0.6155 51347456
226 0.6205 51613696
227 0.62 51748864
228 0.6219 51949568
229 0.6289 52150272
230 0.6271 52350976
231 0.631 52682752
232 0.6325 52871168
233 0.6346 53059584
234 0.6373 53252096
235 0.6456 53702656
236 0.649 53907456
237 0.6502 54202368
238 0.6589 54657024
239 0.6565 54566912
240 0.6579 54706176
241 0.6705 55230464
242 0.6716 55468032
243 0.6699 55570432
244 0.6791 56434688
245 0.6769 56045568
246 0.6815 56565760
247 0.6834 56467456
248 0.6917 56971264
249 0.6893 56975360
250 0.7011 57368576
251 0.695 57253888
252 0.6949 57368576
253 0.6957 57569280
254 0.6989 57769984
255 0.7014 57966592
256 0.7033 58175488
257 0.7106 58458112
258 0.7082 58593280
259 0.7101 58793984
260 0.7148 58994688
261 0.7164 59195392
262 0.7186 59392000
263 0.7278 59854848
264 0.726 59858944
265 0.7305 60493824
266 0.7273 60260352
267 0.7311 60387328
268 0.7335 60588032
269 0.7348 60788736
270 0.7377 61059072
271 0.7496 61435904
272 0.7455 61386752
273 0.7506 61673472
274 0.7475 61861888
275 0.7568 62414848
276 0.756 62193664
277 0.7676 62386176
278 0.7672 62590976
279 0.762 62861312
280 0.7653 63184896
281 0.7713 63250432
282 0.7681 63389696
283 0.7698 63582208
284 0.7725 63787008
285 0.7743 63983616
286 0.783 64749568
287 0.7847 64774144
288 0.7817 64589824
289 0.7888 64868352
290 0.7905 65073152
291 0.7955 65568768
292 0.7997 65601536
293 0.7957 65589248
294 0.8032 65884160
295 0.7991 66068480
296 0.8066 66289664
297 0.8107 66486272
298 0.8088 66609152
299 0.8112 66805760
300 0.815 67006464