1 0.1299 16216064
2 0.1348 16908288
3 0.1353 17154048
4 0.1503 17424384
5 0.1411 17801216
6 0.1424 17592320
7 0.2332 17797120
8 0.1563 18239488
9 0.1551 18206720
10 0.1475 18104320
11 0.1649 18526208
12 0.2431 19374080
13 0.1559 18731008
14 0.1578 19042304
15 0.1738 19353600
16 0.1683 19443712
17 0.1764 19746816
18 0.1717 19304448
19 0.1825 20111360
20 0.1737 20156416
21 0.1916 20234240
22 0.2811 20570112
23 0.2021 20660224
24 0.2057 20901888
25 0.1861 21176320
26 0.1823 21020672
27 0.1929 21557248
28 0.1856 21188608
29 0.1938 22212608
30 0.1907 22040576
31 0.1941 22499328
32 0.1938 22003712
33 0.1994 22577152
34 0.2075 22564864
35 0.2155 24051712
36 0.2117 23588864
37 0.208 23728128
38 0.2115 24043520
39 0.2124 23855104
40 0.2149 23613440
41 0.2122 23683072
42 0.218 24612864
43 0.2313 24879104
44 0.2185 24256512
45 0.2249 24973312
46 0.2217 24629248
47 0.2335 25800704
48 0.2342 25710592
49 0.2342 25858048
50 0.2385 25595904
51 0.2344 26071040
52 0.2379 26333184
53 0.2394 26423296
54 0.2457 26681344
55 0.2407 26349568
56 0.2494 27103232
57 0.2527 27275264
58 0.2509 26955776
59 0.2549 27152384
60 0.2592 28028928
61 0.2605 27586560
62 0.2585 28196864
63 0.2586 28504064
64 0.2633 28332032
65 0.2676 28372992
66 0.2656 28569600
67 0.2679 29134848
68 0.2762 29102080
69 0.2716 29089792
70 0.2744 29282304
71 0.2788 29876224
72 0.2797 29675520
73 0.282 29863936
74 0.2859 30597120
75 0.2899 30740480
76 0.2945 31383552
77 0.3027 31137792
78 0.3009 31432704
79 0.3 31682560
80 0.4433 31678464
81 0.3004 31961088
82 0.3009 32083968
83 0.3082 32333824
84 0.316 32329728
85 0.3039 32120832
86 0.3466 32591872
87 0.3118 32944128
88 0.3288 33083392
89 0.3157 33521664
90 0.319 33632256
91 0.3189 33935360
92 0.3213 33611776
93 0.3223 33701888
94 0.3231 33808384
95 0.3249 34181120
96 0.3347 34500608
97 0.3301 34594816
98 0.3384 34865152
99 0.3355 35061760
100 0.3439 35274752
101 0.5052 35381248
102 0.3489 35467264
103 0.3473 35692544
104 0.3515 35962880
105 0.3564 36143104
106 0.3536 36397056
107 0.3614 36634624
108 0.3657 36667392
109 0.387 36872192
110 0.3914 36814848
111 0.3874 37285888
112 0.3945 37568512
113 0.4061 37634048
114 0.4455 37982208
115 0.3774 38027264
116 0.4402 38424576
117 0.5206 38457344
118 0.7032 38793216
119 0.4799 38907904
120 0.4588 38973440
121 0.5413 39264256
122 0.4869 39395328
123 0.6513 39669760
124 0.4038 39616512
125 0.5057 39915520
126 0.7239 40214528
127 0.4941 40546304
128 0.4794 40587264
129 0.5897 40931328
130 0.5156 41082880
131 0.5766 41312256
132 0.6659 41590784
133 0.6985 41902080
134 0.4269 42000384
135 0.4926 41959424
136 0.5978 42188800
137 0.5761 42393600
138 0.6615 42590208
139 0.6732 43732992
140 0.5577 43294720
141 0.4585 43368448
142 0.4957 43622400
143 0.6208 43577344
144 0.5522 44761088
145 0.5083 43978752
146 0.5122 44191744
147 0.969 44425216
148 0.4952 44748800
149 0.7982 44548096
150 0.5124 45756416
151 0.5097 45092864
152 0.6169 45252608
153 0.6898 45449216
154 0.6062 46796800
155 0.501 46235648
156 0.5123 46043136
157 0.4921 46551040
158 0.4726 46624768
159 0.4832 46436352
160 0.4767 47140864
161 0.4982 47374336
162 0.4826 47136768
163 0.4775 47300608
164 0.594 47394816
165 0.4828 47587328
166 0.4866 47874048
167 0.49 47517696
168 0.5018 48058368
169 0.5389 48476160
170 0.5091 48156672
171 0.5111 48525312
172 0.5325 48386048
173 0.5038 48939008
174 0.5072 48910336
175 0.5006 48881664
176 0.5058 49266688
177 0.5135 49504256
178 0.5042 49446912
179 0.5107 49631232
180 0.519 50065408
181 0.5215 50601984
182 0.5245 50237440
183 0.5188 50696192
184 0.5219 50864128
185 0.5761 50892800
186 0.6069 51032064
187 0.5294 51134464
188 0.5376 51662848
189 0.5855 51666944
190 0.5586 52338688
191 0.7422 52105216
192 0.7179 52269056
193 0.7277 52625408
194 0.6362 52715520
195 0.8313 52883456
196 0.8893 53084160
197 0.81 53202944
198 0.852 53387264
199 0.9172 54358016
200 0.8025 54693888
201 1.0002 54038528
202 0.9435 54366208
203 0.8764 54341632
204 0.8554 54513664
205 0.8485 54829056
206 0.9632 55054336
207 0.9632 55230464
208 0.8947 55439360
209 0.962 55828480
210 0.9649 56041472
211 0.9338 56082432
212 0.9796 56954880
213 0.8957 56643584
214 0.6606 56074240
215 0.6587 56799232
216 0.7248 56934400
217 0.6211 57319424
218 0.6265 57556992
219 0.6297 57573376
220 0.6317 57520128
221 0.6619 57794560
222 0.6264 58105856
223 0.6327 58236928
224 0.6287 58540032
225 0.6416 58802176
226 0.6328 58933248
227 0.6395 59301888
228 0.6587 59514880
229 0.6391 59465728
230 0.6365 59588608
231 0.6559 60362752
232 0.6533 60653568
233 0.6544 60280832
234 0.6741 60907520
235 0.666 60416000
236 0.6578 60973056
237 0.6599 60764160
238 0.6651 61337600
239 0.6613 61624320
240 0.6695 62164992
241 0.6777 62005248
242 0.6655 62119936
243 0.6713 62099456
244 0.6718 62414848
245 0.7004 62545920
246 0.6775 62980096
247 0.6882 62619648
248 0.6922 63389696
249 0.6841 63664128
250 0.6845 63672320
251 0.6899 63758336
252 0.7056 63844352
253 0.6917 64114688
254 0.6976 64331776
255 0.7012 64643072
256 0.7104 64864256
257 0.7028 65224704
258 0.7041 64946176
259 0.7359 65548288
260 0.727 65658880
261 0.7177 65576960
262 0.7241 65728512
263 0.7327 66641920
264 0.7427 66326528
265 0.7219 66551808
266 0.7368 66805760
267 0.74 67350528
268 0.744 67506176
269 0.7509 68005888
270 0.7333 67932160
271 0.7584 67948544
272 0.7405 68100096
273 0.7557 68792320
274 0.7689 68964352
275 0.7624 68857856
276 0.7575 68558848
277 0.7544 69181440
278 0.7755 69144576
279 0.7648 69464064
280 0.7624 69619712
281 0.7697 69877760
282 0.8146 69693440
283 0.8929 70529024
284 0.8235 70512640
285 0.784 70275072
286 0.7903 71110656
287 0.7817 71065600
288 0.7882 71213056
289 0.7853 71786496
290 0.791 71979008
291 0.7873 71319552
292 0.7901 72056832
293 0.7912 71999488
294 0.7991 72818688
295 0.7906 72704000
296 0.7959 72667136
297 0.8026 72925184
298 0.8121 73203712
299 0.7987 73383936
300 0.8078 73670656