1 0.148 17772544
2 0.1522 17989632
3 0.1556 18268160
4 0.1676 18460672
5 0.1728 17731584
6 0.1699 19169280
7 0.1718 19456000
8 0.1827 19374080
9 0.1835 19623936
10 0.1911 20484096
11 0.1878 20758528
12 0.2005 21708800
13 0.1978 20799488
14 0.2187 21225472
15 0.2108 21897216
16 0.2136 22286336
17 0.2145 22781952
18 0.221 22867968
19 0.2284 22966272
20 0.2272 23150592
21 0.2391 24506368
22 0.2364 24276992
23 0.2444 24809472
24 0.2454 24887296
25 0.2485 25264128
26 0.2547 25141248
27 0.2663 26054656
28 0.2665 26136576
29 0.2674 26800128
30 0.2703 26677248
31 0.2742 26513408
32 0.2805 26853376
33 0.2932 28078080
34 0.2922 27467776
35 0.2996 28348416
36 0.2996 28078080
37 0.3054 28385280
38 0.3128 29184000
39 0.3146 29421568
40 0.3165 30003200
41 0.3211 30339072
42 0.3241 30433280
43 0.3313 30998528
44 0.3328 31223808
45 0.3475 31551488
46 0.3492 31850496
47 0.3548 32235520
48 0.3495 32374784
49 0.3601 32690176
50 0.361 33005568
51 0.3658 33284096
52 0.3728 33894400
53 0.3761 34177024
54 0.3909 32747520
55 0.3832 34660352
56 0.3953 33808384
57 0.3943 35155968
58 0.3947 35672064
59 0.3989 36122624
60 0.4053 36274176
61 0.4121 36593664
62 0.4213 37072896
63 0.4249 36999168
64 0.4219 37433344
65 0.4454 37396480
66 0.4322 38027264
67 0.4348 38457344
68 0.4552 38862848
69 0.4444 39100416
70 0.4516 38858752
71 0.4572 39415808
72 0.4562 40140800
73 0.4607 39972864
74 0.4634 40067072
75 0.471 40382464
76 0.4804 40587264
77 0.4782 41009152
78 0.4824 41893888
79 0.485 41627648
80 0.4987 42610688
81 0.4985 42807296
82 0.5053 43110400
83 0.5212 43745280
84 0.5148 43810816
85 0.514 44044288
86 0.5217 44433408
87 0.5297 44990464
88 0.5317 45199360
89 0.5485 45547520
90 0.5407 45744128
91 0.5477 44486656
92 0.5532 46034944
93 0.5497 46112768
94 0.5576 46612480
95 0.5685 46874624
96 0.5695 47292416
97 0.5795 47775744
98 0.591 47980544
99 0.5809 48046080
100 0.5869 48541696
101 0.5922 48721920
102 0.594 48979968
103 0.5984 49332224
104 0.6363 49786880
105 0.6102 50196480
106 0.6186 50495488
107 0.6252 50769920
108 0.6262 51003392
109 0.6322 51466240
110 0.6354 51568640
111 0.6356 52215808
112 0.6395 52350976
113 0.6502 52862976
114 0.6484 52752384
115 0.6518 52768768
116 0.6643 53202944
117 0.6618 53407744
118 0.669 53600256
119 0.6704 53862400
120 0.6852 53571584
121 0.6792 54689792
122 0.6909 55390208
123 0.6848 55279616
124 0.6946 55439360
125 0.6966 55787520
126 0.6989 56049664
127 0.7073 56578048
128 0.7172 57081856
129 0.7158 56995840
130 0.7195 57716736
131 0.7241 57778176
132 0.7272 57917440
133 0.7315 58404864
134 0.7465 58990592
135 0.7402 59006976
136 0.7469 58544128
137 0.7466 59551744
138 0.7536 59781120
139 0.7605 60592128
140 0.7697 60436480
141 0.7685 60887040
142 0.7716 61153280
143 0.7827 61599744
144 0.7837 61734912
145 0.9469 61775872
146 0.8323 60911616
147 0.795 62435328
148 0.8 62607360
149 0.8007 62910464
150 0.8088 63451136
151 0.8536 63733760
152 0.8537 63762432
153 0.8212 64200704
154 0.8223 64512000
155 0.8589 65310720
156 0.845 65277952
157 0.8426 65445888
158 1.4004 65851392
159 0.8495 66105344
160 0.847 66473984
161 0.8637 66850816
162 0.8704 67727360
163 0.8652 67485696
164 0.8787 67964928
165 0.8753 68104192
166 0.8812 68411392
167 0.8876 69300224
168 0.9155 69083136
169 0.9564 69443584
170 0.9564 69902336
171 1.0234 70049792
172 1.0063 70545408
173 1.0389 70922240
174 1.0521 71262208
175 0.9443 71696384
176 0.9347 71774208
177 1.2905 72151040
178 1.2638 72482816
179 1.0873 72794112
180 1.0084 73256960
181 0.9529 73359360
182 0.9863 73936896
183 0.9968 74059776
184 1.0709 74375168
185 1.1118 74629120
186 1.0669 74948608
187 0.9991 75538432
188 1.0022 75931648
189 0.9874 75812864
190 1.0165 75100160
191 0.9912 76439552
192 1.1024 76808192
193 1.0978 77148160
194 1.1978 77443072
195 1.2375 76685312
196 1.151 78049280
197 1.0698 78610432
198 1.1766 78958592
199 1.0774 78254080
200 1.1451 79564800
201 1.3459 79106048
202 1.3137 80199680
203 1.3066 80547840
204 1.1057 80814080
205 1.7667 68358144
206 1.6869 81543168
207 1.3419 81874944
208 1.1047 82591744
209 1.1196 82669568
210 1.243 82796544
211 1.4811 82087936
212 1.3152 82755584
213 1.1937 83705856
214 1.3215 84025344
215 1.2744 84492288
216 1.5266 84676608
217 1.642 84938752
218 1.3846 85393408
219 1.3234 85590016
220 1.3381 85876736
221 1.7175 86171648
222 1.3581 87126016
223 1.4162 87236608
224 1.9887 86331392
225 1.2295 88309760
226 1.3502 88244224
227 1.7057 88580096
228 1.5028 88817664
229 1.3378 88096768
230 1.4384 89010176
231 1.3215 89812992
232 1.2565 90693632
233 1.2703 90640384
234 1.2933 90509312
235 1.6651 91193344
236 1.4354 91656192
237 1.4416 91742208
238 1.8421 91824128
239 1.7079 91922432
240 1.6758 92110848
241 1.4373 91570176
242 1.4073 91824128
243 1.3669 92790784
244 1.8797 92426240
245 1.4472 93138944
246 1.3122 93466624
247 1.4944 93609984
248 1.4218 94203904
249 1.4873 94728192
250 1.4491 93265920
251 1.3953 95215616
252 1.4879 93790208
253 1.6589 94085120
254 2.0721 94425088
255 1.6375 96342016
256 1.8193 96100352
257 1.5749 96874496
258 1.5399 96780288
259 1.6386 97529856
260 1.349 98115584
261 1.4665 98099200
262 2.0234 98009088
263 1.384 98758656
264 2.3013 97603584
265 1.6524 99442688
266 1.9884 98267136
267 1.3721 100589568
268 1.3923 100315136
269 1.4032 100597760
270 1.3787 100929536
271 1.3994 101240832
272 1.4149 101990400
273 1.4125 100352000
274 1.4273 102100992
275 1.4156 102514688
276 1.423 102846464
277 1.4235 103510016
278 2.074 103444480
279 1.5714 102236160
280 1.7557 103587840
281 1.5974 104116224
282 1.5526 104235008
283 1.5683 105197568
284 1.7593 105238528
285 2.2116 104091648
286 1.8128 104951808
287 1.4855 106618880
288 1.4352 106627072
289 1.4379 106823680
290 1.4811 107483136
291 1.448 107982848
292 1.4565 107339776
293 1.448 108437504
294 1.4657 108482560
295 1.4878 108765184
296 1.5791 107954176
297 1.549 109473792
298 1.571 109182976
299 1.588 110022656
300 1.5919 109883392