1 0.07 11149312
2 0.08 11612160
3 0.08 12025856
4 0.09 12496896
5 0.11 13008896
6 0.11 13475840
7 0.11 13983744
8 0.12 14438400
9 0.14 14954496
10 0.15 15597568
11 0.16 16056320
12 0.15 16449536
13 0.15 16896000
14 0.16 17305600
15 0.17 17846272
16 0.18 18313216
17 0.18 18776064
18 0.18 19251200
19 0.2 19763200
20 0.2 20279296
21 0.21 20742144
22 0.22 21192704
23 0.23 21614592
24 0.23 22159360
25 0.24 22667264
26 0.25 23040000
27 0.26 23769088
28 0.26 24027136
29 0.26 24645632
30 0.27 25182208
31 0.28 25550848
32 0.29 26021888
33 0.29 26480640
34 0.3 26988544
35 0.31 27451392
36 0.32 28020736
37 0.32 28389376
38 0.33 29089792
39 0.33 29474816
40 0.35 30044160
41 0.39 30486528
42 0.36 30965760
43 0.36 31301632
44 0.37 31756288
45 0.38 32272384
46 0.38 32825344
47 0.41 33222656
48 0.39 33689600
49 0.4 34156544
50 0.41 34615296
51 0.42 35082240
52 0.42 35577856
53 0.44 36044800
54 0.43 36499456
55 0.45 36970496
56 0.45 37453824
57 0.46 37920768
58 0.46 38387712
59 0.47 38842368
60 0.49 39550976
61 0.49 39936000
62 0.49 40394752
63 0.5 40865792
64 0.5 41275392
65 0.5 41877504
66 0.51 42356736
67 0.53 42885120
68 0.53 43356160
69 0.53 43814912
70 0.54 44310528
71 0.54 44765184
72 0.56 45232128
73 0.56 45711360
74 0.57 46157824
75 0.58 46653440
76 0.59 47206400
77 0.6 47575040
78 0.61 48046080
79 0.61 48537600
80 0.61 48996352
81 0.63 49537024
82 0.62 49844224
83 0.63 50380800
84 0.64 50982912
85 0.65 51511296
86 0.66 51834880
87 0.67 52801536
88 0.67 53305344
89 0.67 53764096
90 0.68 54231040
91 0.7 54685696
92 0.7 55255040
93 0.71 55799808
94 0.71 56041472
95 0.72 56565760
96 0.72 57028608
97 0.72 57499648
98 0.74 58134528
99 0.74 58462208
100 0.75 58880000
101 0.76 59387904
102 0.77 59944960
103 0.77 60350464
104 0.78 60813312
105 0.78 61378560
106 0.79 61730816
107 0.79 62218240
108 0.81 62726144
109 0.82 63213568
110 0.82 63606784
111 0.82 64098304
112 0.83 64561152
113 0.83 65150976
114 0.84 65511424
115 0.85 65970176
116 0.85 66469888
117 0.86 66936832
118 0.87 67391488
119 0.88 67993600
120 0.88 68321280
121 0.89 68812800
122 0.89 69234688
123 0.9 69734400
124 0.91 70201344
125 0.93 70955008
126 0.93 71376896
127 0.93 71942144
128 0.95 72466432
129 0.95 73048064
130 0.95 73256960
131 0.98 73740288
132 0.98 74240000
133 0.98 74821632
134 0.98 75137024
135 0.99 75661312
136 1.0 76111872
137 1.01 76570624
138 1.01 77058048
139 1.01 77557760
140 1.02 78012416
141 1.03 78475264
142 1.04 78938112
143 1.05 79400960
144 1.05 79892480
145 1.05 80363520
146 1.07 80834560
147 1.07 81342464
148 1.07 81793024
149 1.1 82272256
150 1.09 82743296
151 1.1 83193856
152 1.1 83668992
153 1.12 84168704
154 1.14 84639744
155 1.14 85094400
156 1.15 85557248
157 1.15 85942272
158 1.16 86499328
159 1.16 87027712
160 1.17 87429120
161 1.18 87891968
162 1.19 88444928
163 1.2 88846336
164 1.2 89305088
165 1.21 89780224
166 1.22 90394624
167 1.22 90710016
168 1.23 91164672
169 1.23 91619328
170 1.24 92274688
171 1.24 92569600
172 1.26 93204480
173 1.27 93499392
174 1.26 93859840
175 1.27 94539776
176 1.28 94912512
177 1.29 95371264
178 1.29 95838208
179 1.31 96317440
180 1.31 96808960
181 1.31 97259520
182 1.32 97710080
183 1.33 98185216
184 1.33 98816000
185 1.34 99246080
186 1.35 99639296
187 1.34 100106240
188 1.36 100552704
189 1.36 100962304
190 1.36 101519360
191 1.37 101978112
192 1.37 102440960
193 1.41 102912000
194 1.39 103399424
195 1.4 103845888
196 1.41 104304640
197 1.44 104869888
198 1.42 105406464
199 1.42 105807872
200 1.44 106192896
201 1.44 106807296
202 1.45 107110400
203 1.46 107503616
204 1.47 108216320
205 1.46 108457984
206 1.47 108929024
207 1.48 109633536
208 1.49 109985792
209 1.49 110452736
210 1.5 110821376
211 1.51 111460352
212 1.51 111865856
213 1.53 112463872
214 1.53 113004544
215 1.53 113250304
216 1.55 113819648
217 1.54 114221056
218 1.55 114667520
219 1.56 115245056
220 1.56 115638272
221 1.56 116117504
222 1.58 116666368
223 1.59 117022720
224 1.6 117387264
225 1.6 118173696
226 1.6 118456320
227 1.62 118919168
228 1.63 119554048
229 1.62 119734272
230 1.63 120307712
231 1.64 120782848
232 1.64 121253888
233 1.65 121716736
234 1.66 122081280
235 1.66 122703872
236 1.69 123236352
237 1.77 123781120
238 1.72 124215296
239 1.75 124686336
240 1.72 125022208
241 1.71 125480960
242 1.71 125849600
243 1.72 126423040
244 1.73 126918656
245 1.73 127385600
246 1.74 127746048
247 1.77 128372736
248 1.76 128954368
249 1.77 129318912
250 1.78 129630208
251 1.78 130183168
252 1.78 130650112
253 1.78 131153920
254 1.79 131637248
255 1.81 132067328
256 1.83 133042176
257 1.82 133521408
258 1.84 133910528
259 1.85 134488064
260 1.85 134909952
261 1.86 135397376
262 1.86 135782400
263 1.88 136347648
264 1.88 136802304
265 1.88 137179136
266 1.89 137637888
267 1.89 138256384
268 1.91 138801152
269 1.92 139280384
270 1.95 139739136
271 1.93 140083200
272 1.94 140840960
273 1.93 141070336
274 1.96 141549568
275 2.01 142000128
276 1.95 142524416
277 1.96 142987264
278 1.98 143515648
279 1.97 143753216
280 1.99 144359424
281 2.0 144846848
282 1.99 145203200
283 2.01 145768448
284 2.02 146251776
285 2.02 146776064
286 2.02 147210240
287 2.04 147660800
288 2.04 148234240
289 2.04 148574208
290 2.04 149065728
291 2.06 149413888
292 2.05 150028288
293 2.07 150765568
294 2.08 151187456
295 2.08 151437312
296 2.1 151986176
297 2.1 152236032
298 2.1 152829952
299 2.11 153231360
300 2.12 153792512