1 0.12 12849152
2 0.18 15208448
3 0.24 17596416
4 0.31 19918848
5 0.35 22167552
6 0.41 24662016
7 0.47 26918912
8 0.61 29315072
9 0.69 31571968
10 0.68 33914880
11 0.72 36184064
12 0.74 38412288
13 0.81 40837120
14 0.85 43208704
15 0.89 45465600
16 1.05 47927296
17 1.05 50114560
18 1.07 52510720
19 1.13 54747136
20 1.18 56934400
21 1.24 59400192
22 1.3 61685760
23 1.34 63840256
24 1.41 66240512
25 1.46 68558848
26 1.51 70934528
27 1.58 73297920
28 1.69 75673600
29 1.68 77910016
30 1.74 80289792
31 1.78 82571264
32 1.85 84869120
33 1.9 87179264
34 1.97 89473024
35 2.0 91697152
36 2.07 94011392
37 2.12 96227328
38 2.18 98615296
39 2.23 100855808
40 2.39 103231488
41 2.33 105422848
42 2.37 107655168
43 2.43 109928448
44 2.5 112390144
45 2.56 114675712
46 2.6 116989952
47 2.65 119279616
48 2.72 121643008
49 2.76 123854848
50 2.82 126238720
51 2.87 128532480
52 2.94 130887680
53 3.01 133169152
54 3.04 135303168
55 3.26 137842688
56 3.18 140034048
57 3.24 142471168
58 3.47 144683008
59 3.59 147005440
60 3.58 149364736
61 3.48 151621632
62 3.53 153915392
63 3.6 156176384
64 3.61 158466048
65 3.67 160854016
66 3.74 163098624
67 3.77 165314560
68 3.84 167829504
69 3.92 170131456
70 3.95 172359680
71 4.0 174702592
72 4.05 176807936
73 4.11 179208192
74 4.18 181460992
75 4.26 183783424
76 4.28 186118144
77 4.32 188461056
78 4.41 190652416
79 4.43 192946176
80 4.49 195239936
81 4.54 197668864
82 5.53 199942144
83 4.7 202326016
84 4.76 204640256
85 4.86 206864384
86 4.87 209174528
87 4.89 211419136
88 4.96 213839872
89 5.01 216064000
90 5.05 218402816
91 5.1 220606464
92 5.42 222896128
93 5.96 225320960
94 6.14 227540992
95 5.93 230256640
96 6.44 203292672
97 6.28 201175040
98 6.09 237191168
99 5.82 239321088
100 6.31 241516544
101 6.23 243904512
102 6.12 246235136
103 6.48 235356160
104 6.56 220491776
105 6.79 237858816
106 6.7 232738816
107 7.0 258240512
108 6.91 260562944
109 6.33 262795264
110 6.27 265068544
111 6.21 267329536
112 6.28 269643776
113 7.59 272023552
114 6.81 274481152
115 7.46 276803584
116 6.96 278900736
117 7.31 281227264
118 7.28 283615232
119 7.34 277188608
120 8.22 248233984
121 7.57 273952768
122 6.87 292806656
123 6.94 294731776
124 7.01 296947712
125 7.02 296034304
126 7.77 301957120
127 7.77 304250880
128 7.38 306511872
129 7.25 308748288
130 7.3 311259136
131 7.33 313434112
132 7.41 315195392
133 7.41 318103552
134 7.5 318455808
135 7.89 319643648
136 7.65 318271488
137 7.7 317964288
138 7.77 318746624
139 7.82 315666432
140 7.9 312582144
141 7.93 313192448
142 7.94 313298944
143 8.02 314261504
144 8.05 312901632
145 8.1 315977728
146 8.14 315617280
147 8.2 315322368
148 8.33 316420096
149 8.32 318582784
150 8.37 317648896
151 8.43 317222912
152 8.49 320528384
153 8.53 320598016
154 8.6 320651264
155 8.64 321978368
156 8.75 322191360
157 8.8 321814528
158 8.84 322834432
159 8.89 324812800
160 8.98 326049792
161 8.99 327876608
162 9.04 328462336
163 9.11 327073792
164 9.22 329080832
165 9.23 330903552
166 9.26 332234752
167 9.37 332435456
168 9.48 330649600
169 9.45 333189120