1 0.02 7557120
2 0.02 7770112
3 0.03 7991296
4 0.03 8298496
5 0.04 8482816
6 0.03 8671232
7 0.04 8941568
8 0.05 9084928
9 0.05 9297920
10 0.04 9539584
11 0.04 9740288
12 0.05 9949184
13 0.06 10235904
14 0.06 10399744
15 0.06 10625024
16 0.07 10878976
17 0.07 11108352
18 0.07 11296768
19 0.08 11550720
20 0.07 11735040
21 0.08 11943936
22 0.09 12165120
23 0.08 12353536
24 0.09 12570624
25 0.1 12881920
26 0.09 13099008
27 0.11 13295616
28 0.1 13537280
29 0.1 13656064
30 0.11 13934592
31 0.12 14127104
32 0.12 14372864
33 0.11 14594048
34 0.11 14766080
35 0.11 14974976
36 0.11 15187968
37 0.12 15429632
38 0.13 15695872
39 0.14 15945728
40 0.14 16154624
41 0.15 16363520
42 0.15 16527360
43 0.15 16785408
44 0.15 17014784
45 0.17 17211392
46 0.17 17403904
47 0.17 17608704
48 0.17 17866752
49 0.18 18001920
50 0.17 18329600
51 0.18 18522112
52 0.18 18739200
53 0.19 18989056
54 0.17 19070976
55 0.16 19324928
56 0.19 19619840
57 0.19 19857408
58 0.17 19894272
59 0.18 20135936
60 0.18 20373504
61 0.18 20594688
62 0.18 20783104
63 0.19 21123072
64 0.18 21274624
65 0.2 21450752
66 0.19 21757952
67 0.2 21868544
68 0.2 22085632
69 0.2 22323200
70 0.2 22503424
71 0.2 22695936
72 0.21 22953984
73 0.21 23130112
74 0.22 23502848
75 0.22 23691264
76 0.21 23920640
77 0.22 24125440
78 0.23 24350720
79 0.29 24645632
80 0.26 24842240
81 0.23 24985600
82 0.24 25239552
83 0.24 25444352
84 0.23 25612288
85 0.24 25956352
86 0.26 26058752
87 0.24 26370048
88 0.24 26480640
89 0.25 26693632
90 0.24 26902528
91 0.25 27103232
92 0.25 27312128
93 0.25 27475968
94 0.26 27729920
95 0.26 27971584
96 0.26 28180480
97 0.27 28381184
98 0.27 28532736
99 0.27 28798976
100 0.28 29159424
101 0.28 29302784
102 0.28 29650944
103 0.28 29777920
104 0.29 29978624
105 0.29 30228480
106 0.29 30441472
107 0.3 30593024
108 0.3 30855168
109 0.3 31055872
110 0.3 31301632
111 0.31 31408128
112 0.31 31690752
113 0.32 31899648
114 0.32 32112640
115 0.35 32440320
116 0.33 32645120
117 0.32 32763904
118 0.33 33071104
119 0.33 33144832
120 0.33 33398784
121 0.33 33619968
122 0.33 33828864
123 0.34 34021376
124 0.34 34181120
125 0.34 34422784
126 0.35 34693120
127 0.35 35004416
128 0.35 35106816
129 0.35 35270656
130 0.36 35520512
131 0.37 35860480
132 0.36 35942400
133 0.36 36356096
134 0.36 36564992
135 0.37 36868096
136 0.37 37060608
137 0.37 37294080
138 0.37 37441536
139 0.37 37707776
140 0.37 37859328
141 0.38 38133760
142 0.39 38490112
143 0.38 38555648
144 0.39 38756352
145 0.4 38969344
146 0.4 39211008
147 0.41 39542784
148 0.41 39759872
149 0.41 39968768
150 0.4 40128512
151 0.41 40411136
152 0.41 40615936
153 0.41 40738816
154 0.41 41029632
155 0.42 41377792
156 0.42 41615360
157 0.43 41910272
158 0.43 42029056
159 0.43 42250240
160 0.44 42446848
161 0.43 42573824
162 0.44 42795008
163 0.44 43085824
164 0.45 43290624
165 0.45 43520000
166 0.45 43769856
167 0.47 44122112
168 0.46 44163072
169 0.45 44388352
170 0.46 44576768
171 0.46 44810240
172 0.46 44916736
173 0.46 45203456
174 0.46 45424640
175 0.47 45625344
176 0.48 45797376
177 0.48 46071808
178 0.48 46288896
179 0.48 46505984
180 0.49 46706688
181 0.5 47042560
182 0.49 47112192
183 0.49 47329280
184 0.5 47542272
185 0.51 47767552
186 0.53 47988736
187 0.51 48271360
188 0.5 48500736
189 0.51 48603136
190 0.51 48734208
191 0.51 49025024
192 0.51 49258496
193 0.52 49442816
194 0.52 49573888
195 0.52 49856512
196 0.52 50118656
197 0.53 50319360
198 0.6 50610176
199 0.75 50847744
200 0.58 50987008
201 0.74 51302400
202 0.58 51478528
203 0.56 51568640
204 0.73 51937280
205 0.62 52113408
206 0.71 52297728
207 0.67 52498432
208 0.59 52670464
209 0.58 52883456
210 0.57 53104640
211 0.58 53305344
212 0.57 53518336
213 0.57 53751808
214 0.58 53919744
215 0.58 54149120
216 0.58 54358016
217 0.59 54616064
218 0.6 54816768
219 0.6 55033856
220 0.59 55218176
221 0.6 55554048
222 0.6 55627776
223 0.6 55910400
224 0.62 56197120
225 0.62 56291328
226 0.62 56463360
227 0.61 56713216
228 0.61 56934400
229 0.63 57274368
230 0.62 57348096
231 0.62 57507840
232 0.66 57851904
233 0.64 58056704
234 0.63 58191872
235 0.64 58400768
236 0.63 58601472
237 0.64 58867712
238 0.64 59052032
239 0.65 59277312
240 0.65 59486208
241 0.65 59691008
242 0.65 59813888
243 0.66 60096512
244 0.7 60329984
245 0.66 60616704
246 0.66 60735488
247 0.66 60997632
248 0.67 61190144
249 0.69 61460480
250 0.67 61607936
251 0.68 61923328
252 0.68 62021632
253 0.67 62136320
254 0.68 62435328
255 0.69 62705664
256 0.68 62857216
257 0.69 63090688
258 0.7 63471616
259 0.7 63578112
260 0.69 63717376
261 0.7 63991808
262 0.72 64225280
263 0.7 64286720
264 0.7 64581632
265 0.71 64790528
266 0.72 64987136
267 0.72 65269760
268 0.72 65892352
269 0.72 66170880
270 0.72 66375680
271 0.72 66584576
272 0.73 66916352
273 0.74 67018752
274 0.73 67198976
275 0.75 67416064
276 0.74 67624960
277 0.74 67837952
278 0.74 68083712
279 0.75 68403200
280 0.75 68493312
281 0.75 68714496
282 0.75 68935680
283 0.76 69140480
284 0.77 69353472
285 0.76 69550080
286 0.76 69750784
287 0.76 69980160
288 0.78 70201344
289 0.77 70397952
290 0.78 70619136
291 0.77 70832128
292 0.77 71028736
293 0.79 71512064
294 0.79 71720960
295 0.8 71921664
296 0.79 72069120
297 0.8 72372224
298 0.81 72527872
299 0.8 72802304
300 0.82 73150464