1 0.02 7520256
2 0.02 7720960
3 0.03 7864320
4 0.03 8065024
5 0.03 8241152
6 0.03 8388608
7 0.04 8519680
8 0.04 8646656
9 0.04 8818688
10 0.04 8970240
11 0.04 9101312
12 0.05 9318400
13 0.05 9441280
14 0.05 9560064
15 0.05 9768960
16 0.06 9854976
17 0.06 10072064
18 0.07 10219520
19 0.06 10342400
20 0.07 10563584
21 0.07 10715136
22 0.06 10784768
23 0.06 10985472
24 0.07 11116544
25 0.08 11304960
26 0.07 11399168
27 0.08 11616256
28 0.09 11739136
29 0.08 11894784
30 0.08 12070912
31 0.1 12247040
32 0.09 12361728
33 0.1 12574720
34 0.1 12730368
35 0.1 12906496
36 0.11 13033472
37 0.11 13185024
38 0.1 13357056
39 0.11 13447168
40 0.11 13537280
41 0.11 13758464
42 0.11 13905920
43 0.11 14032896
44 0.13 14233600
45 0.12 14368768
46 0.13 14520320
47 0.13 14688256
48 0.13 14901248
49 0.14 15044608
50 0.13 15192064
51 0.15 15343616
52 0.14 15491072
53 0.14 15667200
54 0.15 15814656
55 0.15 15929344
56 0.14 15982592
57 0.15 16224256
58 0.16 16371712
59 0.15 16535552
60 0.16 16699392
61 0.17 16883712
62 0.18 17055744
63 0.17 17227776
64 0.17 17346560
65 0.18 17485824
66 0.18 17649664
67 0.18 17788928
68 0.18 17924096
69 0.18 18112512
70 0.18 18247680
71 0.19 18382848
72 0.19 18554880
73 0.19 18669568
74 0.19 18829312
75 0.2 18935808
76 0.19 19144704
77 0.21 19263488
78 0.19 19419136
79 0.2 19607552
80 0.2 19750912
81 0.21 19865600
82 0.21 20017152
83 0.21 20176896
84 0.21 20316160
85 0.22 20467712
86 0.24 20594688
87 0.23 20779008
88 0.23 20910080
89 0.23 21061632
90 0.24 21241856
91 0.23 21364736
92 0.23 21532672
93 0.23 21700608
94 0.24 21831680
95 0.23 22016000
96 0.23 22241280
97 0.23 22376448
98 0.26 22462464
99 0.25 22695936
100 0.25 22757376
101 0.25 22982656
102 0.25 23097344
103 0.27 23216128
104 0.25 23379968
105 0.27 23605248
106 0.27 23769088
107 0.27 23932928
108 0.27 24088576
109 0.3 24203264
110 0.27 24367104
111 0.28 24756224
112 0.28 24940544
113 0.27 25112576
114 0.29 25202688
115 0.32 25333760
116 0.28 25497600
117 0.29 25677824
118 0.29 25800704
119 0.31 26038272
120 0.3 26226688
121 0.31 26374144
122 0.3 26578944
123 0.3 26726400
124 0.32 26841088
125 0.33 27013120
126 0.32 27148288
127 0.32 27336704
128 0.33 27459584
129 0.34 27627520
130 0.34 27762688
131 0.33 27930624
132 0.33 28033024
133 0.35 28213248
134 0.33 28323840
135 0.33 28561408
136 0.35 28667904
137 0.34 28844032
138 0.34 28971008
139 0.35 29081600
140 0.36 29265920
141 0.35 29442048
142 0.34 29544448
143 0.35 29728768
144 0.35 29835264
145 0.36 30027776
146 0.37 30113792
147 0.37 30347264
148 0.38 30388224
149 0.39 30584832
150 0.38 30703616
151 0.38 30949376
152 0.38 31076352
153 0.37 31186944
154 0.38 31330304
155 0.38 31514624
156 0.39 31666176
157 0.38 31821824
158 0.39 31907840
159 0.4 32120832
160 0.39 32231424
161 0.39 32378880
162 0.38 32489472
163 0.41 32698368
164 0.4 32882688
165 0.42 32980992
166 0.41 33218560
167 0.43 33304576
168 0.41 33419264
169 0.4 33587200
170 0.42 33792000
171 0.42 33882112
172 0.42 34017280
173 0.43 34181120
174 0.43 34328576
175 0.42 34435072
176 0.42 34598912
177 0.43 34758656
178 0.42 34889728
179 0.44 35106816
180 0.44 35229696
181 0.44 35450880
182 0.45 35516416
183 0.46 35688448
184 0.45 35880960
185 0.46 35975168
186 0.46 36192256
187 0.45 36311040
188 0.46 36401152
189 0.45 36573184
190 0.49 36724736
191 0.44 36823040
192 0.47 37117952
193 0.46 37339136
194 0.49 37474304
195 0.48 37638144
196 0.48 37797888
197 0.5 37908480
198 0.5 38014976
199 0.49 38182912
200 0.49 38338560
201 0.51 38498304
202 0.5 38682624
203 0.48 38805504
204 0.49 38932480
205 0.49 39084032
206 0.52 39206912
207 0.5 39354368
208 0.45 39632896
209 0.46 39759872
210 0.46 39841792
211 0.5 40022016
212 0.52 40136704
213 0.53 40316928
214 0.53 40484864
215 0.52 40615936
216 0.55 40689664
217 0.53 40898560
218 0.55 41127936
219 0.53 41185280
220 0.54 41357312
221 0.54 41512960
222 0.53 41828352
223 0.52 42033152
224 0.56 42086400
225 0.54 42246144
226 0.54 42479616
227 0.54 42983424
228 0.56 43225088
229 0.57 43339776
230 0.56 43491328
231 0.57 43663360
232 0.55 43745280
233 0.57 43945984
234 0.56 44048384
235 0.57 44281856
236 0.57 44421120
237 0.59 44552192
238 0.6 44711936
239 0.58 44920832
240 0.58 45047808
241 0.6 45117440
242 0.59 45326336
243 0.6 45428736
244 0.59 45641728
245 0.63 45707264
246 0.61 45920256
247 0.62 46059520
248 0.61 46178304
249 0.6 46379008
250 0.6 46514176
251 0.61 46653440
252 0.63 46776320
253 0.64 47030272
254 0.64 47083520
255 0.59 47296512
256 0.63 47349760
257 0.61 47521792
258 0.65 47697920
259 0.65 47874048
260 0.64 47996928
261 0.66 48181248
262 0.63 48336896
263 0.65 48394240
264 0.65 48599040
265 0.64 48816128
266 0.66 48893952
267 0.65 49065984
268 0.65 49205248
269 0.65 49442816
270 0.66 49516544
271 0.67 49688576
272 0.65 49844224
273 0.66 49950720
274 0.69 50102272
275 0.66 50241536
276 0.69 50413568
277 0.69 50593792
278 0.68 50700288
279 0.68 50823168
280 0.69 51064832
281 0.67 51113984
282 0.68 51281920
283 0.69 51482624
284 0.69 51630080
285 0.7 51732480
286 0.69 51929088
287 0.7 52060160
288 0.71 52154368
289 0.69 52359168
290 0.7 52428800
291 0.71 52621312
292 0.7 52740096
293 0.73 52961280
294 0.7 53047296
295 0.73 53305344
296 0.72 53415936
297 0.72 53497856
298 0.74 53682176
299 0.7 53886976
300 0.74 54034432