1 0.03 7602176
2 0.02 7774208
3 0.02 7868416
4 0.03 8056832
5 0.03 8216576
6 0.03 8413184
7 0.03 8523776
8 0.05 8699904
9 0.05 8863744
10 0.06 8998912
11 0.05 9105408
12 0.05 9265152
13 0.05 9453568
14 0.05 9609216
15 0.06 9760768
16 0.06 9912320
17 0.06 10043392
18 0.07 10219520
19 0.07 10391552
20 0.07 10534912
21 0.06 10653696
22 0.06 10817536
23 0.07 11001856
24 0.07 11153408
25 0.08 11276288
26 0.07 11481088
27 0.08 11608064
28 0.08 11755520
29 0.08 11862016
30 0.09 12075008
31 0.09 12189696
32 0.09 12304384
33 0.1 12599296
34 0.09 12693504
35 0.11 12906496
36 0.1 12918784
37 0.11 13135872
38 0.1 13250560
39 0.11 13463552
40 0.1 13598720
41 0.11 13770752
42 0.11 13901824
43 0.12 14077952
44 0.13 14229504
45 0.12 14348288
46 0.12 14491648
47 0.12 14618624
48 0.13 14868480
49 0.13 15032320
50 0.13 15208448
51 0.13 15355904
52 0.14 15503360
53 0.15 15622144
54 0.14 15785984
55 0.15 15937536
56 0.15 16089088
57 0.15 16207872
58 0.15 16359424
59 0.15 16510976
60 0.16 16719872
61 0.16 16920576
62 0.17 17051648
63 0.17 17182720
64 0.18 17354752
65 0.17 17473536
66 0.17 17604608
67 0.17 17784832
68 0.19 17944576
69 0.18 17993728
70 0.18 18231296
71 0.19 18366464
72 0.18 18526208
73 0.19 18681856
74 0.2 18800640
75 0.19 19001344
76 0.18 19120128
77 0.2 19271680
78 0.2 19443712
79 0.21 19599360
80 0.2 19763200
81 0.21 19906560
82 0.22 20025344
83 0.23 20193280
84 0.22 20332544
85 0.21 20451328
86 0.22 20598784
87 0.21 20770816
88 0.2 20905984
89 0.2 21086208
90 0.2 21225472
91 0.21 21426176
92 0.21 21549056
93 0.22 21716992
94 0.24 21852160
95 0.24 22007808
96 0.25 22233088
97 0.26 22351872
98 0.25 22540288
99 0.25 22626304
100 0.26 22781952
101 0.26 22949888
102 0.26 23105536
103 0.26 23285760
104 0.27 23412736
105 0.27 23633920
106 0.27 23797760
107 0.27 23924736
108 0.28 24080384
109 0.26 24252416
110 0.29 24367104
111 0.27 24793088
112 0.28 24895488
113 0.29 25067520
114 0.29 25235456
115 0.28 25370624
116 0.3 25464832
117 0.29 25690112
118 0.29 25849856
119 0.3 26066944
120 0.31 26292224
121 0.32 26411008
122 0.33 26546176
123 0.32 26701824
124 0.31 26873856
125 0.29 26939392
126 0.31 27156480
127 0.33 27316224
128 0.32 27484160
129 0.32 27578368
130 0.33 27738112
131 0.33 27906048
132 0.33 28057600
133 0.34 28192768
134 0.33 28356608
135 0.34 28520448
136 0.35 28667904
137 0.36 28884992
138 0.35 29003776
139 0.36 29081600
140 0.34 29282304
141 0.35 29376512
142 0.35 29511680
143 0.34 29745152
144 0.36 29847552
145 0.36 30011392
146 0.35 30146560
147 0.38 30318592
148 0.37 30425088
149 0.37 30580736
150 0.38 30777344
151 0.39 30871552
152 0.37 31035392
153 0.39 31232000
154 0.38 31354880
155 0.38 31514624
156 0.38 31637504
157 0.39 31793152
158 0.38 31973376
159 0.35 31989760
160 0.39 32202752
161 0.4 32370688
162 0.41 32546816
163 0.4 32677888
164 0.43 32866304
165 0.42 33013760
166 0.42 33206272
167 0.41 33329152
168 0.42 33398784
169 0.43 33570816
170 0.41 33656832
171 0.42 33923072
172 0.43 34050048
173 0.42 34168832
174 0.42 34385920
175 0.43 34492416
176 0.44 34570240
177 0.43 34734080
178 0.45 34922496
179 0.43 35147776
180 0.45 35246080
181 0.45 35381248
182 0.46 35536896
183 0.46 35692544
184 0.47 35852288
185 0.45 35999744
186 0.45 36139008
187 0.46 36257792
188 0.46 36409344
189 0.47 36532224
190 0.45 36683776
191 0.47 36904960
192 0.47 37150720
193 0.49 37347328
194 0.48 37498880
195 0.5 37617664
196 0.49 37769216
197 0.48 37908480
198 0.47 38080512
199 0.48 38232064
200 0.49 38326272
201 0.48 38535168
202 0.49 38625280
203 0.5 38805504
204 0.52 38977536
205 0.51 39038976
206 0.49 39227392
207 0.51 39378944
208 0.49 39579648
209 0.51 39731200
210 0.52 39841792
211 0.52 40013824
212 0.52 40173568
213 0.54 40284160
214 0.53 40525824
215 0.54 40624128
216 0.54 40726528
217 0.52 40910848
218 0.53 41046016
219 0.55 41250816
220 0.53 41406464
221 0.56 41459712
222 0.55 41791488
223 0.54 41963520
224 0.55 42139648
225 0.56 42213376
226 0.55 42409984
227 0.54 43040768
228 0.57 43175936
229 0.58 43331584
230 0.57 43483136
231 0.58 43597824
232 0.57 43810816
233 0.56 43933696
234 0.56 44072960
235 0.58 44175360
236 0.56 44449792
237 0.59 44613632
238 0.6 44691456
239 0.59 44912640
240 0.6 45023232
241 0.61 45191168
242 0.61 45256704
243 0.6 45490176
244 0.6 45621248
245 0.63 45735936
246 0.6 45924352
247 0.61 45993984
248 0.61 46231552
249 0.59 46395392
250 0.55 46505984
251 0.55 46690304
252 0.6 46862336
253 0.63 46960640
254 0.63 47104000
255 0.64 47276032
256 0.63 47394816
257 0.64 47616000
258 0.64 47730688
259 0.64 47874048
260 0.63 47968256
261 0.64 48181248
262 0.64 48295936
263 0.64 48455680
264 0.65 48590848
265 0.65 48787456
266 0.66 48963584
267 0.66 49106944
268 0.65 49258496
269 0.67 49344512
270 0.66 49524736
271 0.67 49618944
272 0.68 49844224
273 0.67 50016256
274 0.67 50151424
275 0.67 50311168
276 0.68 50380800
277 0.69 50569216
278 0.69 50667520
279 0.68 50827264
280 0.69 50970624
281 0.67 51183616
282 0.71 51359744
283 0.7 51560448
284 0.69 51568640
285 0.69 51789824
286 0.71 51896320
287 0.68 52031488
288 0.71 52228096
289 0.69 52424704
290 0.72 52490240
291 0.71 52686848
292 0.72 52768768
293 0.71 52948992
294 0.73 53022720
295 0.72 53239808
296 0.72 53415936
297 0.71 53542912
298 0.71 53719040
299 0.74 53903360
300 0.72 53977088