1 0.08 11096064
2 0.09 11624448
3 0.09 12050432
4 0.1 12541952
5 0.1 13008896
6 0.11 13533184
7 0.11 13983744
8 0.13 14385152
9 0.12 14884864
10 0.13 15392768
11 0.14 15921152
12 0.15 16437248
13 0.16 16855040
14 0.16 17354752
15 0.17 17805312
16 0.19 18341888
17 0.19 18808832
18 0.19 19202048
19 0.2 19771392
20 0.2 20271104
21 0.21 20697088
22 0.22 21151744
23 0.22 21671936
24 0.24 22151168
25 0.25 22626304
26 0.25 23085056
27 0.26 23609344
28 0.25 24076288
29 0.26 24727552
30 0.28 25088000
31 0.29 25649152
32 0.28 26030080
33 0.3 26480640
34 0.3 27049984
35 0.3 27443200
36 0.31 27856896
37 0.32 28385280
38 0.32 29011968
39 0.34 29474816
40 0.34 29896704
41 0.35 30392320
42 0.36 30859264
43 0.36 31301632
44 0.37 31846400
45 0.37 32231424
46 0.38 32735232
47 0.39 33361920
48 0.39 33681408
49 0.4 34181120
50 0.41 34566144
51 0.41 35078144
52 0.42 35536896
53 0.47 35999744
54 0.44 36556800
55 0.45 37036032
56 0.44 37466112
57 0.45 37933056
58 0.46 38387712
59 0.47 38912000
60 0.47 39387136
61 0.49 39936000
62 0.49 40398848
63 0.5 40873984
64 0.51 41320448
65 0.51 41926656
66 0.51 42414080
67 0.52 42893312
68 0.53 43356160
69 0.54 43732992
70 0.54 44232704
71 0.55 44777472
72 0.56 45289472
73 0.57 45617152
74 0.58 46157824
75 0.58 46645248
76 0.58 47108096
77 0.6 47493120
78 0.67 48107520
79 0.61 48533504
80 0.62 48918528
81 0.62 49389568
82 0.63 49917952
83 0.83 50380800
84 0.66 50900992
85 0.65 51376128
86 0.67 51834880
87 0.67 52809728
88 0.67 53260288
89 0.7 53780480
90 0.69 54243328
91 0.71 54702080
92 0.7 55140352
93 0.71 55738368
94 0.71 56172544
95 0.71 56565760
96 0.72 56971264
97 0.73 57507840
98 0.74 58077184
99 0.74 58462208
100 0.75 59019264
101 0.77 59494400
102 0.77 59883520
103 0.77 60309504
104 0.77 60764160
105 0.79 61263872
106 0.79 61739008
107 0.8 62218240
108 0.8 62648320
109 0.81 63164416
110 0.83 63721472
111 0.83 64098304
112 0.83 64561152
113 0.84 65048576
114 0.85 65613824
115 0.85 66043904
116 0.86 66457600
117 0.86 66883584
118 0.87 67383296
119 0.89 67825664
120 0.89 68427776
121 0.89 68853760
122 0.89 69287936
123 0.92 69844992
124 0.93 70213632
125 0.93 70963200
126 0.93 71393280
127 0.94 71962624
128 0.95 72331264
129 0.95 72806400
130 0.95 73269248
131 0.97 73740288
132 0.97 74162176
133 0.98 74678272
134 0.99 75137024
135 0.99 75653120
136 1.0 76120064
137 1.02 76574720
138 1.02 77049856
139 1.01 77557760
140 1.03 78020608
141 1.03 78475264
142 1.04 78938112
143 1.04 79327232
144 1.25 80076800
145 1.06 80306176
146 1.06 80834560
147 1.07 81244160
148 1.07 81801216
149 1.09 82366464
150 1.08 82739200
151 1.1 83185664
152 1.11 83628032
153 1.13 84168704
154 1.14 84664320
155 1.14 85209088
156 1.15 85549056
157 1.15 86044672
158 1.17 86654976
159 1.35 86953984
160 1.18 87420928
161 1.17 87891968
162 1.2 88375296
163 1.2 88834048
164 1.2 89309184
165 1.2 89837568
166 1.21 90251264
167 1.21 90710016
168 1.23 91058176
169 1.23 91611136
170 1.23 92102656
171 1.26 92770304
172 1.26 93028352
173 1.26 93491200
174 1.27 93962240
175 1.46 94457856
176 1.27 94908416
177 1.29 95367168
178 1.31 96034816
179 1.3 96354304
180 1.31 96804864
181 1.31 97259520
182 1.32 97837056
183 1.33 98185216
184 1.33 98656256
185 1.34 99385344
186 1.36 99627008
187 1.36 100110336
188 1.36 100552704
189 1.37 101056512
190 1.37 101511168
191 1.37 101888000
192 1.39 102514688
193 1.41 103075840
194 1.4 103403520
195 1.44 104005632
196 1.65 104431616
197 1.45 104894464
198 1.42 105263104
199 1.44 105893888
200 1.44 106196992
201 1.44 106659840
202 1.45 107114496
203 1.46 107687936
204 1.48 108335104
205 1.49 108744704
206 1.47 109027328
207 1.49 109707264
208 1.54 110055424
209 1.5 110452736
210 1.51 111181824
211 1.5 111374336
212 1.52 112029696
213 1.52 112328704
214 1.72 112799744
215 1.54 113254400
216 1.54 113725440
217 1.55 114229248
218 1.56 114667520
219 1.56 115249152
220 1.57 115601408
221 1.57 116027392
222 1.59 116670464
223 1.62 117137408
224 1.82 117678080
225 1.62 118267904
226 1.62 118722560
227 1.61 118919168
228 1.62 119365632
229 1.62 119734272
230 1.64 120307712
231 1.63 120791040
232 1.66 121405440
233 1.65 121712640
234 1.66 122081280
235 1.66 122777600
236 1.68 123187200
237 1.68 123629568
238 1.69 124071936
239 1.7 124633088
240 1.72 125022208
241 1.71 125485056
242 1.72 125952000
243 1.73 126627840
244 1.74 127143936
245 1.73 127455232
246 1.75 127827968
247 1.76 128512000
248 1.77 129007616
249 1.76 129265664
250 1.77 129867776
251 1.78 130187264
252 1.78 130650112
253 1.81 131293184
254 1.8 131592192
255 1.8 132071424
256 1.82 132960256
257 1.83 133517312
258 1.85 134074368
259 1.85 134561792
260 1.86 134823936
261 1.87 135544832
262 1.87 135888896
263 1.87 136351744
264 1.88 136712192
265 1.89 137285632
266 1.9 137736192
267 1.91 138530816
268 1.9 138715136
269 1.94 139382784
270 1.92 139624448
271 1.92 140001280
272 1.93 140484608
273 1.93 141144064
274 1.94 141422592
275 1.95 141996032
276 1.95 142389248
277 1.96 142991360
278 1.99 143425536
279 1.98 143896576
280 1.99 144363520
281 2.0 144846848
282 2.0 145428480
283 2.0 145653760
284 2.02 146399232
285 2.02 146751488
286 2.03 147202048
287 2.03 147664896
288 2.04 148123648
289 2.06 148819968
290 2.05 149024768
291 2.06 149549056
292 2.07 150020096
293 2.07 150482944
294 2.08 150941696
295 2.1 151470080
296 2.08 151896064
297 2.1 152236032
298 2.12 152780800
299 2.13 153419776
300 2.12 153661440