1 0.08 11157504
2 0.12 11599872
3 0.09 12075008
4 0.1 12550144
5 0.1 13012992
6 0.11 13533184
7 0.11 13934592
8 0.13 14434304
9 0.13 14934016
10 0.13 15392768
11 0.14 15921152
12 0.14 16445440
13 0.16 16855040
14 0.17 17403904
15 0.18 17883136
16 0.18 18309120
17 0.19 18767872
18 0.19 19202048
19 0.19 19775488
20 0.2 20226048
21 0.21 20697088
22 0.21 21192704
23 0.23 21659648
24 0.23 22151168
25 0.24 22622208
26 0.24 23040000
27 0.25 23564288
28 0.26 24170496
29 0.27 24637440
30 0.27 25157632
31 0.28 25550848
32 0.29 26021888
33 0.29 26480640
34 0.3 26935296
35 0.3 27398144
36 0.31 27910144
37 0.32 28344320
38 0.33 29003776
39 0.33 29474816
40 0.34 29941760
41 0.34 30404608
42 0.35 30810112
43 0.36 31301632
44 0.37 31846400
45 0.37 32272384
46 0.38 32739328
47 0.39 33222656
48 0.39 33640448
49 0.4 34107392
50 0.41 34631680
51 0.42 35078144
52 0.42 35577856
53 0.42 36040704
54 0.44 36495360
55 0.44 36970496
56 0.45 37453824
57 0.46 37920768
58 0.47 38420480
59 0.47 38944768
60 0.48 39387136
61 0.48 39944192
62 0.49 40394752
63 0.51 40865792
64 0.5 41275392
65 0.52 42057728
66 0.52 42496000
67 0.52 42885120
68 0.54 43364352
69 0.57 43814912
70 0.54 44318720
71 0.55 44769280
72 0.56 45223936
73 0.56 45694976
74 0.58 46157824
75 0.58 46657536
76 0.59 47177728
77 0.59 47583232
78 0.6 48046080
79 0.61 48537600
80 0.62 49029120
81 0.63 49467392
82 0.63 49934336
83 0.64 50393088
84 0.64 50810880
85 0.65 51355648
86 0.66 51810304
87 0.67 52801536
88 0.66 53313536
89 0.68 53764096
90 0.69 54280192
91 0.7 54697984
92 0.71 55140352
93 0.71 55635968
94 0.71 56143872
95 0.72 56561664
96 0.73 57016320
97 0.73 57499648
98 0.74 57995264
99 0.74 58404864
100 0.76 59011072
101 0.75 59379712
102 0.76 59834368
103 0.76 60309504
104 0.77 60809216
105 0.78 61349888
106 0.79 61730816
107 0.8 62214144
108 0.8 62701568
109 0.82 63254528
110 0.81 63565824
111 0.82 64086016
112 0.82 64569344
113 0.83 65134592
114 0.84 65519616
115 0.87 66015232
116 0.87 66547712
117 0.86 66924544
118 0.87 67383296
119 0.88 67887104
120 0.89 68395008
121 0.92 68825088
122 0.89 69279744
123 0.9 69742592
124 0.9 70287360
125 0.92 70963200
126 0.94 71516160
127 0.93 71864320
128 0.94 72331264
129 0.95 72798208
130 0.95 73314304
131 0.97 73740288
132 0.96 74162176
133 0.98 74678272
134 0.99 75276288
135 0.99 75730944
136 0.99 76120064
137 1.01 76570624
138 1.01 76972032
139 1.01 77471744
140 1.02 77938688
141 1.02 78483456
142 1.05 78942208
143 1.04 79327232
144 1.04 79876096
145 1.06 80441344
146 1.06 80842752
147 1.07 81301504
148 1.08 81793024
149 1.08 82333696
150 1.11 82837504
151 1.09 83181568
152 1.1 83668992
153 1.13 84099072
154 1.13 84631552
155 1.14 85102592
156 1.14 85454848
157 1.15 86044672
158 1.16 86401024
159 1.17 86949888
160 1.18 87322624
161 1.18 87883776
162 1.19 88371200
163 1.2 88834048
164 1.2 89296896
165 1.21 89755648
166 1.22 90251264
167 1.22 90701824
168 1.23 91254784
169 1.23 91619328
170 1.24 92094464
171 1.25 92778496
172 1.24 93118464
173 1.25 93499392
174 1.27 94109696
175 1.28 94441472
176 1.28 95047680
177 1.29 95379456
178 1.28 95846400
179 1.3 96292864
180 1.31 97075200
181 1.31 97251328
182 1.31 97718272
183 1.32 98258944
184 1.33 98664448
185 1.34 99160064
186 1.36 99758080
187 1.35 100085760
188 1.37 100544512
189 1.36 101064704
190 1.37 101511168
191 1.38 101982208
192 1.38 102580224
193 1.39 102916096
194 1.4 103464960
195 1.4 103845888
196 1.41 104296448
197 1.42 104763392
198 1.42 105259008
199 1.42 105738240
200 1.44 106262528
201 1.45 106725376
202 1.45 107110400
203 1.45 107606016
204 1.46 108085248
205 1.47 108548096
206 1.48 109027328
207 1.49 109576192
208 1.49 109985792
209 1.49 110456832
210 1.51 111009792
211 1.52 111370240
212 1.52 111841280
213 1.53 112386048
214 1.53 112689152
215 1.54 113246208
216 1.55 113725440
217 1.57 114302976
218 1.56 114761728
219 1.57 115150848
220 1.58 115798016
221 1.58 116113408
222 1.59 116658176
223 1.59 117022720
224 1.59 117485568
225 1.61 118157312
226 1.61 118464512
227 1.61 118988800
228 1.62 119373824
229 1.64 119939072
230 1.64 120315904
231 1.65 120774656
232 1.65 121266176
233 1.66 121716736
234 1.66 122212352
235 1.68 123039744
236 1.67 123166720
237 1.67 123523072
238 1.69 124219392
239 1.69 124530688
240 1.7 125022208
241 1.71 125714432
242 1.72 126103552
243 1.73 126423040
244 1.73 126930944
245 1.74 127520768
246 1.74 127836160
247 1.75 128311296
248 1.75 128745472
249 1.76 129536000
250 1.77 129720320
251 1.78 130195456
252 1.8 130949120
253 1.79 131162112
254 1.79 131596288
255 1.83 132194304
256 1.83 133046272
257 1.86 133705728
258 1.95 134127616
259 1.85 134455296
260 1.86 134893568
261 1.87 135413760
262 1.87 136146944
263 1.88 136355840
264 1.88 136880128
265 1.89 137510912
266 1.9 137797632
267 1.9 138235904
268 1.91 138706944
269 1.92 139304960
270 1.92 139890688
271 1.93 140308480
272 1.94 140615680
273 1.94 141062144
274 1.95 141737984
275 1.95 142008320
276 1.97 142516224
277 1.97 142983168
278 1.97 143433728
279 1.97 143921152
280 1.99 144441344
281 2.0 144965632
282 2.0 145203200
283 2.01 145788928
284 2.01 146255872
285 2.02 146739200
286 2.02 147075072
287 2.04 147709952
288 2.06 148049920
289 2.04 148574208
290 2.06 149340160
291 2.06 149544960
292 2.06 150020096
293 2.07 150495232
294 2.11 151130112
295 2.09 151605248
296 2.09 151896064
297 2.12 152506368
298 2.15 152969216
299 2.15 153427968
300 2.12 153792512