1 0.3 23527424
2 0.34 24514560
3 0.34 25378816
4 0.33 25026560
5 0.35 25886720
6 0.37 27049984
7 0.36 26451968
8 0.37 27086848
9 0.38 27537408
10 0.41 28057600
11 0.4 28704768
12 0.41 29249536
13 0.42 29761536
14 0.42 29986816
15 0.44 30773248
16 0.43 30806016
17 0.46 31641600
18 0.46 32071680
19 0.48 32518144
20 0.47 32763904
21 0.49 33464320
22 0.51 34357248
23 0.52 35229696
24 0.52 34988032
25 0.55 35835904
26 0.55 35987456
27 0.55 36261888
28 0.56 36823040
29 0.58 37359616
30 0.59 37904384
31 0.58 38211584
32 0.58 38690816
33 0.6 39108608
34 0.6 39870464
35 0.61 40038400
36 0.65 40751104
37 0.63 41013248
38 0.65 41558016
39 0.65 42024960
40 0.66 42467328
41 0.67 43671552
42 0.68 43433984
43 0.69 44126208
44 0.7 44724224
45 0.72 45182976
46 0.73 45645824
47 0.73 46333952
48 0.75 47042560
49 0.76 47464448
50 0.77 48275456
51 0.77 48058368
52 0.78 48758784
53 0.78 48984064
54 0.8 49582080
55 0.82 50397184
56 0.82 50470912
57 0.82 50995200
58 0.83 51552256
59 0.84 52625408
60 0.86 52678656
61 0.85 52998144
62 0.87 53374976
63 0.88 53956608
64 0.89 54476800
65 0.9 55042048
66 0.9 55468032
67 0.91 55689216
68 0.93 56410112
69 0.93 56868864
70 0.95 57094144
71 0.97 57905152
72 0.96 58413056
73 0.98 59011072
74 0.98 59170816
75 1.0 59666432
76 1.01 60735488
77 1.02 60481536
78 1.01 61325312
79 1.03 61489152
80 1.03 62124032
81 1.04 62816256
82 1.04 62955520
83 1.05 63377408
84 1.06 63938560
85 1.07 64684032
86 1.09 64958464
87 1.1 65241088
88 1.12 65859584
89 1.13 66281472
90 1.13 66908160
91 1.13 67551232
92 1.13 67735552
93 1.16 68485120
94 1.16 68632576
95 1.19 69292032
96 1.2 69681152
97 1.28 70254592
98 1.22 70709248
99 1.22 71024640
100 1.23 71684096
101 1.24 72695808
102 1.26 72880128
103 1.28 73150464
104 1.31 73383936
105 1.29 74248192
106 1.29 74551296
107 1.3 74821632
108 1.31 75722752
109 1.31 75792384
110 1.34 76607488
111 1.33 76922880
112 1.35 77402112
113 1.35 77922304
114 1.37 78581760
115 1.36 78786560
116 1.37 79163392
117 1.4 79716352
118 1.41 79986688
119 1.4 80519168
120 1.42 81395712
121 1.43 81715200
122 1.43 82116608
123 1.45 82546688
124 1.46 82829312
125 1.46 83529728
126 1.5 83988480
127 1.47 84369408
128 1.49 85209088
129 1.47 85315584
130 1.52 85962752
131 1.51 86188032
132 1.56 86806528
133 1.53 87277568
134 1.54 87592960
135 1.54 88182784
136 1.56 88952832
137 1.56 89346048
138 1.58 89628672
139 1.6 90066944
140 1.59 90603520
141 1.62 91947008
142 1.61 91553792
143 1.61 91889664
144 1.62 92594176
145 1.66 93147136
146 1.64 93663232
147 1.67 93908992
148 1.66 94556160
149 1.67 94945280
150 1.69 96313344
151 1.71 97013760
152 1.71 97222656
153 1.71 97775616
154 1.72 99057664
155 1.73 98975744
156 1.74 99119104
157 1.74 99803136
158 1.74 100327424
159 1.77 100986880
160 1.76 101195776
161 1.78 101724160
162 1.79 102277120
163 1.8 102694912
164 1.83 103608320
165 1.83 103575552
166 1.83 104108032
167 1.86 104611840
168 1.85 105111552
169 1.85 105377792
170 1.86 105992192
171 1.86 106422272
172 1.9 106897408
173 1.9 107667456
174 1.91 108404736
175 1.91 108331008
176 1.91 109408256
177 1.95 109420544
178 1.96 109907968
179 1.95 110252032
180 1.95 111038464
181 1.97 111329280
182 1.96 111915008
183 1.98 112504832
184 1.98 112541696
185 2.03 113090560
186 2.04 114229248
187 2.06 113991680
188 2.06 114544640
189 2.07 115187712
190 2.08 115802112
191 2.08 116125696
192 2.12 116756480
193 2.12 117121024
194 2.12 117661696
195 2.13 117809152
196 2.12 118317056
197 2.17 119160832
198 2.16 119521280
199 2.17 119894016
200 2.17 120291328
201 2.2 120971264
202 2.25 121462784
203 2.22 122056704
204 2.22 122232832
205 2.23 122843136
206 2.29 123326464
207 2.26 123727872
208 2.25 124350464
209 2.27 125198336
210 2.27 125181952
211 2.3 125562880
212 2.3 126320640
213 2.31 126709760
214 2.32 127143936
215 2.35 127590400
216 2.34 128028672
217 2.35 128483328
218 2.35 129105920
219 2.38 129564672
220 2.37 129937408
221 2.37 130514944
222 2.39 130834432
223 2.4 131284992
224 2.4 131833856
225 2.41 132423680
226 2.41 132726784
227 2.44 133128192
228 2.47 133853184
229 2.45 134152192
230 2.44 134942720
231 2.53 135495680
232 2.45 135733248
233 2.48 136343552
234 2.48 136785920
235 2.52 137080832
236 2.53 137666560
237 2.54 138035200
238 2.53 138620928
239 2.53 139120640
240 2.57 139583488
241 2.56 139952128
242 2.56 140652544
243 2.57 141131776
244 2.58 141266944
245 2.6 141893632
246 2.61 142635008
247 2.61 143015936
248 2.63 143495168
249 2.64 143831040
250 2.64 144556032
251 2.66 144605184
252 2.67 145334272
253 2.67 145764352
254 2.67 146014208
255 2.71 146911232
256 2.7 147214336
257 2.69 147791872
258 2.7 148070400
259 2.72 148652032
260 2.75 149262336
261 2.75 149676032
262 2.75 150171648
263 2.77 150573056
264 2.75 151261184
265 2.77 151478272
266 2.78 151908352
267 2.78 152535040
268 2.8 153018368
269 2.82 153612288
270 2.82 154095616
271 2.81 154185728
272 2.83 154775552
273 2.85 155369472
274 2.87 155680768
275 2.91 156532736
276 2.89 156839936
277 2.87 157040640
278 2.89 157605888
279 2.9 158310400
280 2.92 158765056
281 2.93 159301632
282 3.08 159612928
283 2.96 159948800
284 2.95 160759808
285 2.94 161087488
286 2.95 161394688
287 3.0 161906688
288 2.99 162508800
289 2.99 162938880
290 2.98 163315712
291 2.99 163823616
292 3.0 164352000
293 3.03 165036032
294 3.05 165617664
295 3.05 165883904
296 3.06 166301696
297 3.06 166948864
298 3.07 167321600
299 3.09 167882752
300 3.1 168271872