1 0.3 23527424
2 0.32 24502272
3 0.32 25374720
4 0.33 25591808
5 0.34 25452544
6 0.37 26091520
7 0.38 27070464
8 0.38 27037696
9 0.37 27574272
10 0.39 28155904
11 0.4 28917760
12 0.41 28995584
13 0.41 29511680
14 0.42 30105600
15 0.44 31195136
16 0.43 30969856
17 0.46 32030720
18 0.46 31899648
19 0.5 32534528
20 0.48 33050624
21 0.49 33406976
22 0.51 33787904
23 0.52 34639872
24 0.52 35598336
25 0.53 36147200
26 0.59 36552704
27 0.55 36339712
28 0.56 37523456
29 0.58 37249024
30 0.57 37814272
31 0.6 38809600
32 0.6 38711296
33 0.6 39235584
34 0.62 39792640
35 0.61 40038400
36 0.62 40697856
37 0.66 41746432
38 0.66 42299392
39 0.64 42106880
40 0.66 42463232
41 0.68 43065344
42 0.7 44175360
43 0.7 44752896
44 0.7 44507136
45 0.7 45436928
46 0.73 45891584
47 0.73 46120960
48 0.76 46665728
49 0.75 47169536
50 0.77 47669248
51 0.76 48463872
52 0.8 48902144
53 0.79 49057792
54 0.8 49639424
55 0.81 50348032
56 0.83 50864128
57 0.83 51052544
58 0.84 51560448
59 0.86 52678656
60 0.87 52727808
61 0.86 52928512
62 0.87 53747712
63 0.87 53837824
64 0.89 54575104
65 0.89 55193600
66 0.9 55181312
67 0.89 55685120
68 0.93 56365056
69 0.93 56819712
70 0.94 57098240
71 0.95 57643008
72 0.96 58384384
73 1.0 58728448
74 0.98 59211776
75 0.99 59723776
76 1.01 60567552
77 1.0 60538880
78 1.03 61026304
79 1.03 61558784
80 1.03 61956096
81 1.04 62787584
82 1.05 63160320
83 1.05 63959040
84 1.07 63778816
85 1.08 64266240
86 1.1 65314816
87 1.1 65363968
88 1.11 65728512
89 1.13 66535424
90 1.13 66981888
91 1.2 67637248
92 1.25 68456448
93 1.18 68640768
94 1.18 68788224
95 1.2 69267456
96 1.19 69615616
97 1.21 70250496
98 1.23 70672384
99 1.23 71221248
100 1.24 71536640
101 1.26 72192000
102 1.25 72503296
103 1.4 73584640
104 1.27 73613312
105 1.27 73883648
106 1.28 74379264
107 1.3 74833920
108 1.31 75419648
109 1.32 75816960
110 1.32 76349440
111 1.34 76726272
112 1.36 77303808
113 1.35 78110720
114 1.36 78405632
115 1.49 79716352
116 1.36 79114240
117 1.4 79622144
118 1.39 80224256
119 1.42 80838656
120 1.42 81002496
121 1.42 81453056
122 1.43 82669568
123 1.46 82747392
124 1.47 83546112
125 1.46 83611648
126 1.47 83976192
127 1.48 84377600
128 1.48 85037056
129 1.49 85508096
130 1.5 85942272
131 1.52 86441984
132 1.51 86609920
133 1.54 87117824
134 1.55 87838720
135 1.57 88395776
136 1.56 88805376
137 1.56 89145344
138 1.58 89587712
139 1.59 90148864
140 1.61 90955776
141 1.59 90976256
142 1.6 91541504
143 1.61 92082176
144 1.64 92606464
145 1.64 93028352
146 1.66 93511680
147 1.67 93921280
148 1.66 94437376
149 1.69 95227904
150 1.72 96681984
151 1.7 96878592
152 1.73 97431552
153 1.7 97845248
154 1.74 98324480
155 1.72 98668544
156 1.74 99209216
157 1.75 100032512
158 1.76 100704256
159 1.75 100687872
160 1.81 101384192
161 1.81 101818368
162 1.82 102207488
163 1.84 102621184
164 1.8 103362560
165 1.82 103833600
166 1.84 103878656
167 2.01 105484288
168 1.96 105410560
169 1.92 105598976
170 1.86 106336256
171 1.88 106676224
172 1.89 106991616
173 1.91 107536384
174 1.92 108109824
175 1.9 108519424
176 1.93 108888064
177 1.93 109596672
178 1.95 109764608
179 1.95 110243840
180 1.95 110804992
181 1.97 111312896
182 1.99 111755264
183 1.99 112267264
184 2.0 112549888
185 2.03 113725440
186 2.17 113676288
187 2.05 113975296
188 2.09 115355648
189 2.07 115310592
190 2.08 116117504
191 2.08 116051968
192 2.09 116641792
193 2.1 117039104
194 2.11 117698560
195 2.12 117964800
196 2.14 118325248
197 2.17 119062528
198 2.18 119640064
199 2.19 120090624
200 2.22 120352768
201 2.21 120848384
202 2.21 121274368
203 2.23 121815040
204 2.22 122335232
205 2.25 122830848
206 2.26 123256832
207 2.25 124039168
208 2.25 124145664
209 2.25 124735488
210 2.28 125120512
211 2.34 125550592
212 2.3 126337024
213 2.3 126545920
214 2.31 126992384
215 2.34 127619072
216 2.34 127983616
217 2.32 128659456
218 2.36 128909312
219 2.37 129449984
220 2.42 129884160
221 2.37 130519040
222 2.39 131104768
223 2.39 131145728
224 2.41 131993600
225 2.41 132395008
226 2.39 132915200
227 2.42 133431296
228 2.42 133869568
229 2.46 134324224
230 2.46 134930432
231 2.47 135553024
232 2.46 135602176
233 2.49 136441856
234 2.49 136548352
235 2.53 137224192
236 2.53 137502720
237 2.51 138547200
238 2.55 138571776
239 2.56 139026432
240 2.58 139472896
241 2.57 140034048
242 2.57 140419072
243 2.6 141115392
244 2.59 141418496
245 2.58 142032896
246 2.59 142274560
247 2.61 142733312
248 2.64 143912960
249 2.64 143753216
250 2.63 144125952
251 2.64 144863232
252 2.66 145694720
253 2.67 145801216
254 2.81 146313216
255 2.67 146751488
256 2.68 147259392
257 2.71 147955712
258 2.73 148168704
259 2.72 148500480
260 2.72 149139456
261 2.83 149504000
262 2.77 150429696
263 2.74 150482944
264 2.75 150843392
265 2.78 151695360
266 2.77 151986176
267 2.78 152547328
268 2.78 152719360
269 2.8 153444352
270 2.84 154001408
271 2.84 154574848
272 2.85 154693632
273 2.86 155287552
274 2.85 155811840
275 2.88 156336128
276 2.88 156811264
277 2.88 157274112
278 2.88 157851648
279 2.91 158273536
280 2.91 158793728
281 2.91 159342592
282 2.94 159776768
283 2.94 160215040
284 2.95 160710656
285 2.95 161177600
286 2.95 161386496
287 2.97 162103296
288 3.0 162463744
289 3.06 162988032
290 3.1 163631104
291 3.1 164179968
292 3.05 164339712
293 3.04 164900864
294 3.05 165498880
295 3.06 165801984
296 3.05 166473728
297 3.06 166719488
298 3.11 167497728
299 3.07 167989248
300 3.09 168091648