1 0.36 25772032
2 0.38 26308608
3 0.37 27017216
4 0.44 28561408
5 0.51 29478912
6 0.48 29663232
7 0.55 30982144
8 0.56 30965760
9 0.59 32702464
10 0.59 32645120
11 0.59 33222656
12 0.58 34889728
13 0.63 35741696
14 0.67 36573184
15 0.65 37064704
16 0.59 37265408
17 0.62 38617088
18 0.61 39469056
19 0.63 39677952
20 0.71 40640512
21 0.8 42012672
22 0.76 42147840
23 0.76 43614208
24 0.77 44335104
25 0.84 45178880
26 0.81 45170688
27 0.82 46559232
28 0.83 46960640
29 0.79 47714304
30 0.9 48340992
31 1.04 49909760
32 0.9 50262016
33 0.99 50601984
34 0.94 51871744
35 0.87 52297728
36 1.03 53456896
37 1.05 54022144
38 1.0 55377920
39 0.94 55476224
40 1.02 56889344
41 1.0 57221120
42 1.03 57970688
43 1.02 58478592
44 1.09 59662336
45 1.22 60592128
46 1.1 60841984
47 1.06 62119936
48 1.05 62107648
49 1.12 62984192
50 1.42 64319488
51 1.36 64851968
52 1.27 65753088
53 1.4 66863104
54 1.39 67706880
55 1.3 68419584
56 1.38 69230592
57 1.33 69296128
58 1.41 70569984
59 1.44 71409664
60 1.46 72065024
61 1.47 72790016
62 1.52 73617408
63 1.48 74620928
64 1.41 74768384
65 1.61 76173312
66 1.58 76443648
67 1.62 77590528
68 1.74 78565376
69 1.56 78737408
70 1.55 79380480
71 1.72 80764928
72 1.68 81211392
73 1.54 81895424
74 1.59 82169856
75 1.69 83021824
76 1.77 84131840
77 1.85 85004288
78 1.66 85929984
79 1.66 86159360
80 1.75 86802432
81 1.72 88264704
82 1.72 88956928
83 1.7 89210880
84 1.86 90017792
85 1.82 91058176
86 1.97 91951104
87 1.99 92663808
88 2.23 93560832
89 2.09 94605312
90 2.18 95354880
91 2.25 96165888
92 2.23 96878592
93 2.31 97652736
94 2.54 98185216
95 2.65 99151872
96 2.27 99688448
97 2.35 100700160
98 2.22 101421056
99 2.18 101421056
100 2.12 102871040
101 2.2 103702528
102 2.76 103825408
103 2.51 104984576
104 2.09 105291776
105 2.24 106319872
106 2.44 107151360
107 2.21 107753472
108 2.41 109203456
109 2.44 109592576
110 2.61 103108608
111 2.78 111296512
112 2.47 112238592
113 2.49 112963584
114 2.5 113684480
115 2.67 113803264
116 2.6 114847744
117 2.34 115965952
118 2.22 115900416
119 2.37 117587968
120 2.3 118616064
121 2.3 119226368
122 2.34 120430592
123 2.34 120852480
124 2.35 121835520
125 2.46 122445824
126 2.48 123842560
127 2.72 124805120
128 2.91 125308928
129 2.99 126398464
130 2.7 126656512
131 2.85 127995904
132 2.68 128520192
133 2.83 129290240
134 3.32 130211840
135 3.21 131026944
136 2.89 131391488
137 2.96 132440064
138 2.95 133206016
139 2.94 133316608
140 2.8 134676480
141 3.05 135184384
142 2.8 136327168
143 2.83 136896512
144 2.84 137437184
145 2.81 138190848
146 2.84 138723328
147 2.87 139497472
148 2.91 140410880
149 2.9 141107200
150 2.9 141893632
151 2.93 142872576
152 2.95 143532032
153 2.97 144236544
154 3.0 145100800
155 3.01 145793024
156 3.02 146440192
157 3.18 147206144
158 3.17 148291584
159 3.2 149344256
160 3.16 149635072
161 3.19 150290432
162 3.14 151044096
163 3.36 152002560
164 3.52 152649728
165 3.72 154144768
166 3.67 155009024
167 3.64 155463680
168 3.96 156119040
169 3.95 157073408
170 3.66 157921280
171 3.68 158097408
172 3.68 159600640
173 3.23 159297536
174 3.26 160227328
175 3.32 161337344
176 3.31 161751040
177 3.32 162537472
178 3.47 163336192
179 3.82 164339712
180 3.92 165654528
181 3.39 165486592
182 3.43 166633472
183 3.45 167309312
184 3.47 168083456
185 3.47 168747008
186 3.49 169525248
187 3.53 170172416
188 3.73 171397120
189 3.97 172388352
190 4.07 172900352
191 3.78 173355008
192 4.04 174956544
193 3.97 175464448
194 3.89 176365568
195 4.45 177029120
196 4.19 177815552
197 3.98 178847744
198 4.05 179245056
199 3.98 180314112
200 4.17 181026816
201 4.13 181755904
202 3.96 182333440
203 4.34 182784000
204 4.09 183812096
205 4.14 184987648
206 4.54 185036800
207 4.61 186519552
208 4.46 187203584
209 4.3 187953152
210 3.97 188010496
211 4.01 188817408
212 4.03 189751296
213 4.05 190410752
214 4.05 191143936
215 4.11 191975424
216 4.23 192708608
217 4.27 193531904
218 4.18 194260992
219 4.18 195080192
220 4.2 195854336
221 4.24 196714496
222 4.66 197545984
223 4.5 198512640
224 4.45 198897664
225 4.59 199811072
226 4.53 200654848
227 4.55 201371648
228 4.65 202690560
229 4.53 202833920
230 4.59 203530240
231 4.58 204242944
232 4.61 205443072
233 4.66 206397440
234 4.66 206622720
235 4.76 207691776
236 4.89 208379904
237 4.79 209022976
238 5.0 209838080
239 4.97 211263488
240 4.78 211419136
241 4.98 212164608
242 5.16 215502848
243 5.02 215711744
244 5.01 216555520
245 5.13 217812992
246 5.24 218591232
247 5.23 219086848
248 5.47 220041216
249 5.52 220442624
250 5.56 221327360
251 5.5 222023680
252 5.42 222658560
253 5.63 223793152
254 5.44 224210944
255 5.4 225214464
256 5.7 226553856
257 5.85 227213312
258 5.53 227528704
259 5.79 228147200
260 5.73 228872192
261 5.69 229941248
262 5.59 230719488
263 6.04 231260160
264 5.87 232525824
265 5.54 233246720
266 5.5 234143744
267 5.51 234156032
268 5.59 235298816
269 5.96 236498944
270 6.16 237273088
271 5.99 237948928
272 5.96 238256128
273 6.04 239644672
274 6.38 240160768
275 6.08 241004544
276 6.05 241504256
277 6.19 242798592
278 6.47 243486720
279 6.09 243740672
280 6.4 244879360
281 6.22 245157888
282 6.17 246386688
283 6.37 247304192
284 6.12 247623680
285 6.51 248254464
286 6.07 249114624
287 6.04 249925632
288 6.11 250753024
289 6.52 251375616
290 6.22 252444672
291 6.79 253411328
292 6.58 254320640
293 6.68 254873600
294 6.54 255987712
295 6.26 255946752
296 6.71 256786432
297 6.85 257622016
298 6.7 258572288
299 6.68 259575808
300 6.86 260304896