1 0.3 23486464
2 0.31 24637440
3 0.33 25321472
4 0.34 25194496
5 0.34 25817088
6 0.36 26238976
7 0.37 26660864
8 0.36 26951680
9 0.38 27447296
10 0.39 28078080
11 0.41 29028352
12 0.41 29245440
13 0.42 29589504
14 0.43 30142464
15 0.44 30687232
16 0.45 31031296
17 0.44 31424512
18 0.47 31858688
19 0.46 32350208
20 0.49 33263616
21 0.49 33349632
22 0.51 34082816
23 0.5 34328576
24 0.52 35606528
25 0.52 35360768
26 0.54 35897344
27 0.55 36343808
28 0.55 37081088
29 0.59 37294080
30 0.58 37740544
31 0.58 38252544
32 0.6 38752256
33 0.59 39215104
34 0.61 39743488
35 0.62 40189952
36 0.62 41017344
37 0.63 41136128
38 0.64 41893888
39 0.64 42184704
40 0.68 42688512
41 0.7 43941888
42 0.69 43601920
43 0.69 44154880
44 0.7 44531712
45 0.7 45268992
46 0.73 45641728
47 0.74 46473216
48 0.75 46944256
49 0.76 47120384
50 0.75 47931392
51 0.77 48312320
52 0.79 48713728
53 0.81 49045504
54 0.8 49512448
55 0.81 50044928
56 0.81 50638848
57 0.83 51150848
58 0.83 51654656
59 0.85 52109312
60 0.87 52686848
61 0.85 52813824
62 0.87 53313536
63 0.88 54235136
64 0.88 54525952
65 0.88 54730752
66 0.93 55304192
67 0.91 55717888
68 0.92 56295424
69 0.93 56700928
70 0.97 57147392
71 0.95 57835520
72 0.97 58273792
73 0.98 58826752
74 0.98 59494400
75 0.98 59650048
76 0.99 60039168
77 1.01 61157376
78 1.01 61210624
79 1.01 61579264
80 1.02 61980672
81 1.05 62394368
82 1.05 63090688
83 1.07 63447040
84 1.08 63815680
85 1.08 64249856
86 1.08 65159168
87 1.09 65310720
88 1.1 66007040
89 1.11 66293760
90 1.15 66879488
91 1.18 67915776
92 1.2 67940352
93 1.2 68608000
94 1.23 69234688
95 1.2 69451776
96 1.23 69808128
97 1.21 70062080
98 1.23 70672384
99 1.28 71118848
100 1.25 71589888
101 1.38 72159232
102 1.25 72450048
103 1.26 72896512
104 1.27 73629696
105 1.29 74657792
106 1.31 74776576
107 1.3 74924032
108 1.32 75296768
109 1.32 76206080
110 1.34 76509184
111 1.32 76775424
112 1.33 77627392
113 1.35 77864960
114 1.36 78249984
115 1.36 78675968
116 1.37 79486976
117 1.39 79527936
118 1.41 80293888
119 1.4 80760832
120 1.41 80920576
121 1.46 81563648
122 1.43 82071552
123 1.44 82399232
124 1.45 82915328
125 1.47 83697664
126 1.45 84025344
127 1.49 84410368
128 1.55 84901888
129 1.51 85446656
130 1.52 85774336
131 1.51 86605824
132 1.51 86892544
133 1.51 87150592
134 1.55 87588864
135 1.66 88604672
136 1.69 89124864
137 1.66 89346048
138 1.58 89567232
139 1.59 90066944
140 1.6 90550272
141 1.6 91148288
142 1.62 91635712
143 1.62 92356608
144 1.62 92712960
145 1.65 93609984
146 1.65 93360128
147 1.65 93982720
148 1.66 94605312
149 1.69 95043584
150 1.66 96509952
151 1.73 96956416
152 1.7 97669120
153 1.73 98746368
154 1.74 98582528
155 1.72 98693120
156 1.74 99213312
157 1.75 99815424
158 1.77 100388864
159 1.8 100790272
160 1.79 101412864
161 1.81 101924864
162 1.79 102379520
163 1.83 102658048
164 1.81 103272448
165 1.82 103653376
166 1.82 103952384
167 1.83 104816640
168 1.86 105218048
169 1.87 105873408
170 1.87 106098688
171 1.88 106532864
172 1.89 107048960
173 1.89 107626496
174 1.89 108097536
175 1.95 108777472
176 1.92 108949504
177 1.91 109379584
178 1.94 110104576
179 1.95 110407680
180 1.97 111116288
181 1.96 111263744
182 1.98 111820800
183 1.98 112508928
184 1.98 112738304
185 2.05 113405952
186 2.04 113864704
187 2.05 114216960
188 2.05 114495488
189 2.08 115073024
190 2.08 115650560
191 2.12 116711424
192 2.11 116813824
193 2.12 117088256
194 2.13 117596160
195 2.12 117911552
196 2.14 118448128
197 2.14 118968320
198 2.19 119660544
199 2.19 119762944
200 2.18 120279040
201 2.21 120791040
202 2.22 121425920
203 2.24 122572800
204 2.24 122540032
205 2.24 122769408
206 2.24 123224064
207 2.26 123932672
208 2.28 124542976
209 2.28 125067264
210 2.27 125087744
211 2.29 125845504
212 2.31 126189568
213 2.32 126685184
214 2.32 127225856
215 2.33 127430656
216 2.35 128118784
217 2.35 128647168
218 2.36 129024000
219 2.36 129953792
220 2.38 129818624
221 2.38 130420736
222 2.36 131002368
223 2.38 131502080
224 2.43 131936256
225 2.41 132268032
226 2.43 132927488
227 2.46 133197824
228 2.48 133853184
229 2.48 134123520
230 2.47 135012352
231 2.47 135229440
232 2.49 135716864
233 2.5 136151040
234 2.52 136671232
235 2.51 137129984
236 2.53 137662464
237 2.54 138121216
238 2.58 138616832
239 2.54 139157504
240 2.55 139530240
241 2.56 140185600
242 2.59 140656640
243 2.61 140992512
244 2.62 141811712
245 2.62 141795328
246 2.6 142299136
247 2.62 142884864
248 2.63 143351808
249 2.62 143933440
250 2.66 144166912
251 2.72 144809984
252 2.72 145711104
253 2.8 145956864
254 2.67 146272256
255 2.71 146767872
256 2.7 147656704
257 2.7 147771392
258 2.72 148262912
259 2.76 148594688
260 2.74 148975616
261 2.73 149647360
262 2.75 150061056
263 2.76 150462464
264 2.79 150994944
265 2.78 151576576
266 2.78 151879680
267 2.79 152510464
268 2.8 152948736
269 2.81 153341952
270 2.82 153772032
271 2.82 154247168
272 2.85 154820608
273 2.86 155443200
274 2.87 155742208
275 2.87 156311552
276 2.88 156749824
277 2.89 157708288
278 2.9 157634560
279 2.94 158109696
280 2.93 158859264
281 2.93 159109120
282 2.92 159670272
283 2.93 160038912
284 2.96 160509952
285 2.96 161157120
286 2.98 161492992
287 2.99 162140160
288 2.99 162680832
289 3.0 163115008
290 3.02 163639296
291 3.02 163819520
292 3.03 164495360
293 3.05 164966400
294 3.05 165568512
295 3.05 166019072
296 3.05 166187008
297 3.1 166993920
298 3.08 167141376
299 3.08 167731200
300 3.11 168353792