1 0.0044 6549504
2 0.0055 6631424
3 0.0067 6684672
4 0.0071 6737920
5 0.0078 6746112
6 0.0094 6811648
7 0.0109 6860800
8 0.012 6909952
9 0.0117 6963200
10 0.0161 7028736
11 0.0166 7106560
12 0.0138 7135232
13 0.0144 7168000
14 0.0155 7180288
15 0.0171 7266304
16 0.0184 7311360
17 0.0183 7360512
18 0.0215 7405568
19 0.0208 7434240
20 0.0246 7524352
21 0.0227 7565312
22 0.0241 7602176
23 0.0295 7671808
24 0.0273 7692288
25 0.0307 7737344
26 0.0418 7856128
27 0.0301 7847936
28 0.0317 7897088
29 0.0319 7950336
30 0.0321 7995392
31 0.0341 8032256
32 0.0349 8146944
33 0.0352 8138752
34 0.05 8278016
35 0.0382 8286208
36 0.042 8286208
37 0.0385 8331264
38 0.0434 8491008
39 0.0396 8445952
40 0.0404 8491008
41 0.0453 8527872
42 0.0479 8572928
43 0.0441 8630272
44 0.0529 8663040
45 0.0474 8720384
46 0.0483 8847360
47 0.0517 8880128
48 0.05 8921088
49 0.0511 9052160
50 0.0516 9019392
51 0.0703 9093120
52 0.0555 9142272
53 0.0563 9170944
54 0.0583 9232384
55 0.0615 9203712
56 0.068 9314304
57 0.0604 9363456
58 0.0652 9355264
59 0.0617 9412608
60 0.0707 9617408
61 0.0697 9564160
62 0.0646 9572352
63 0.0687 9670656
64 0.0716 9773056
65 0.0678 9867264
66 0.0703 9723904
67 0.0758 9768960
68 0.0772 9908224
69 0.077 9867264
70 0.0754 9904128
71 0.0776 10043392
72 0.0847 10051584
73 0.0796 10149888
74 0.077 10100736
75 0.081 10256384
76 0.0946 10379264
77 0.0787 10354688
78 0.0877 10342400
79 0.0882 10375168
80 0.0871 10559488
81 0.089 10571776
82 0.0838 10522624
83 0.0827 10547200
84 0.0965 10657792
85 0.0926 10756096
86 0.0889 10715136
87 0.0904 10752000
88 0.098 10809344
89 0.1051 10924032
90 0.1105 11046912
91 0.1195 10981376
92 0.0951 10997760
93 0.1057 11091968
94 0.1238 11231232
95 0.148 11202560
96 0.1133 11214848
97 0.1139 11362304
98 0.186 11345920
99 0.104 11341824
100 0.1003 11350016
101 0.1045 11501568
102 0.102 11476992
103 0.117 11554816
104 0.1198 11677696
105 0.1157 11608064
106 0.1435 11751424
107 0.1249 11759616
108 0.1163 11776000
109 0.1187 11784192
110 0.1181 11862016
111 0.1171 11894784
112 0.1214 12046336
113 0.112 11988992
114 0.1124 12103680
115 0.1128 12111872
116 0.1121 12132352
117 0.1165 12185600
118 0.1217 12296192
119 0.1176 12345344
120 0.124 12398592
121 0.1221 12410880
122 0.1289 12464128
123 0.1228 12582912
124 0.1221 12570624
125 0.1254 12611584
126 0.1257 12587008
127 0.1255 12677120
128 0.1271 12705792
129 0.136 12922880
130 0.1331 12849152
131 0.1282 12824576
132 0.1405 13008896
133 0.1349 13070336
134 0.1346 12976128
135 0.1356 13025280
136 0.1368 13062144
137 0.1345 13111296
138 0.1402 13160448
139 0.1391 13193216
140 0.1394 13324288
141 0.1387 13340672
142 0.1397 13336576
143 0.1494 13459456
144 0.1495 13512704
145 0.1574 13516800
146 0.1482 13611008
147 0.144 13660160
148 0.1453 13623296
149 0.1507 13697024
150 0.1463 13778944
151 0.1497 13803520
152 0.1494 13930496
153 0.1539 14098432
154 0.1534 14082048
155 0.1534 14127104
156 0.1581 14106624
157 0.1539 14221312
158 0.191 14299136
159 0.1668 14274560
160 0.1647 14290944
161 0.1664 14352384
162 0.1689 14376960
163 0.1769 14561280
164 0.1615 14598144
165 0.1603 14581760
166 0.1683 14602240
167 0.1786 14651392
168 0.1624 14667776
169 0.1857 14884864
170 0.1858 14802944
171 0.1666 14852096
172 0.167 14790656
173 0.1678 14897152
174 0.1709 14917632
175 0.1734 14966784
176 0.1735 14999552
177 0.1711 15208448
178 0.1734 15110144
179 0.1746 15159296
180 0.1725 15273984
181 0.1784 15327232
182 0.2082 15355904
183 0.1807 15392768
184 0.1859 15552512
185 0.1797 15446016
186 0.1838 15572992
187 0.182 15618048
188 0.1847 15577088
189 0.1841 15667200
190 0.1839 15687680
191 0.1909 15794176
192 0.1845 15843328
193 0.1874 15843328
194 0.1945 15933440
195 0.198 15904768
196 0.1863 15978496
197 0.1939 15994880
198 0.2 16138240
199 0.2022 16158720
200 0.3368 16130048
201 0.1966 16183296
202 0.196 16240640
203 0.2013 16289792
204 0.2023 16453632
205 0.2039 16457728
206 0.202 16474112
207 0.2094 16728064
208 0.2049 16572416
209 0.2074 16699392
210 0.2077 16748544
211 0.2077 16748544
212 0.2082 16896000
213 0.2113 16908288
214 0.211 16965632
215 0.2087 16949248
216 0.2141 16891904
217 0.2169 17125376
218 0.2167 17059840
219 0.2127 17035264
220 0.2132 17121280
221 0.2184 17027072
222 0.2241 17211392
223 0.2194 17334272
224 0.2172 17190912
225 0.2221 17432576
226 0.2223 17444864
227 0.2189 17285120
228 0.2202 17457152
229 0.2233 17522688
230 0.2196 17465344
231 0.2243 17555456
232 0.225 17797120
233 0.2327 17694720
234 0.2308 17743872
235 0.2312 17895424
236 0.2308 17780736
237 0.2376 17936384
238 0.2291 18014208
239 0.2312 18120704
240 0.2441 18173952
241 0.2409 18206720
242 0.2351 18268160
243 0.2375 18219008
244 0.2432 18350080
245 0.2351 18386944
246 0.2378 18354176
247 0.2419 18550784
248 0.2389 18448384
249 0.2484 18378752
250 0.2493 18591744
251 0.2489 18649088
252 0.2441 18583552
253 0.2562 18903040
254 0.252 18661376
255 0.2509 18747392
256 0.2469 18726912
257 0.2602 18747392
258 0.2534 18980864
259 0.2523 18866176
260 0.2515 18964480
261 0.2521 19046400
262 0.2616 19210240
263 0.2546 19193856
264 0.2566 19230720
265 0.2564 19140608
266 0.2583 19296256
267 0.2631 19329024
268 0.2575 19435520
269 0.2615 19492864
270 0.2655 19550208
271 0.2708 19542016
272 0.2794 19783680
273 0.2708 19668992
274 0.2648 19668992
275 0.2677 19652608
276 0.2649 19734528
277 0.2661 19853312
278 0.2725 19841024
279 0.271 19869696
280 0.2797 20156416
281 0.2785 19972096
282 0.2736 20033536
283 0.2744 20062208
284 0.2771 20025344
285 0.2781 20287488
286 0.2759 20127744
287 0.2816 20348928
288 0.2789 20295680
289 0.277 20160512
290 0.2824 20426752
291 0.2814 20488192
292 0.2855 20623360
293 0.2863 20582400
294 0.2899 20639744
295 0.287 20717568
296 0.2888 20672512
297 0.2931 20783104
298 0.2947 20799488
299 0.2902 20811776
300 0.2961 20983808