1 0.0034 6549504
2 0.0043 6598656
3 0.0071 6664192
4 0.0075 6713344
5 0.0086 6766592
6 0.0117 6819840
7 0.0088 6877184
8 0.0099 6922240
9 0.0109 6979584
10 0.0117 6979584
11 0.0173 7077888
12 0.0154 7131136
13 0.0149 7159808
14 0.0159 7225344
15 0.0163 7229440
16 0.024 7299072
17 0.0181 7327744
18 0.0232 7401472
19 0.0232 7450624
20 0.0265 7499776
21 0.0245 7540736
22 0.0244 7602176
23 0.025 7671808
24 0.0275 7692288
25 0.0273 7737344
26 0.0429 7770112
27 0.0327 7852032
28 0.0297 7864320
29 0.0324 7958528
30 0.032 7999488
31 0.0546 8122368
32 0.0372 8196096
33 0.0401 8175616
34 0.0361 8179712
35 0.0375 8241152
36 0.0413 8273920
37 0.0396 8327168
38 0.0416 8392704
39 0.045 8433664
40 0.0448 8478720
41 0.0454 8523776
42 0.0447 8585216
43 0.0451 8626176
44 0.0455 8638464
45 0.0456 8712192
46 0.0489 8835072
47 0.0506 8880128
48 0.0599 8921088
49 0.0545 8978432
50 0.057 9129984
51 0.0602 9060352
52 0.0577 9068544
53 0.0582 9187328
54 0.0605 9162752
55 0.0573 9265152
56 0.0598 9244672
57 0.0595 9297920
58 0.0596 9371648
59 0.063 9469952
60 0.0649 9457664
61 0.071 9584640
62 0.0637 9601024
63 0.066 9719808
64 0.0717 9711616
65 0.066 9748480
66 0.0711 9887744
67 0.0698 9834496
68 0.0678 9809920
69 0.0673 9871360
70 0.0741 9973760
71 0.0711 9961472
72 0.0722 10027008
73 0.0735 10072064
74 0.0781 10121216
75 0.0741 10129408
76 0.0775 10264576
77 0.0767 10248192
78 0.082 10330112
79 0.0771 10379264
80 0.08 10428416
81 0.0834 10506240
82 0.0816 10506240
83 0.0915 10571776
84 0.0849 10665984
85 0.0867 10719232
86 0.0957 10711040
87 0.0908 10747904
88 0.0894 10854400
89 0.0919 10833920
90 0.0908 10874880
91 0.093 10940416
92 0.0923 11046912
93 0.0926 11042816
94 0.0954 11141120
95 0.1006 11198464
96 0.0939 11239424
97 0.0955 11218944
98 0.0981 11243520
99 0.0998 11304960
100 0.0988 11358208
101 0.1039 11460608
102 0.106 11456512
103 0.1043 11620352
104 0.1026 11636736
105 0.1085 11677696
106 0.1114 11730944
107 0.1068 11767808
108 0.1086 11763712
109 0.1124 11890688
110 0.1102 11919360
111 0.112 11935744
112 0.1115 11898880
113 0.113 11997184
114 0.1211 12107776
115 0.1138 12083200
116 0.1157 12165120
117 0.115 12173312
118 0.1242 12255232
119 0.122 12312576
120 0.1196 12333056
121 0.1253 12451840
122 0.1186 12431360
123 0.1211 12636160
124 0.1229 12533760
125 0.133 12562432
126 0.1254 12693504
127 0.1304 12677120
128 0.1269 12775424
129 0.1264 12759040
130 0.1273 12808192
131 0.1334 12828672
132 0.1287 12898304
133 0.1379 13107200
134 0.1337 12980224
135 0.1332 13058048
136 0.1344 13078528
137 0.1337 13148160
138 0.1347 13168640
139 0.1388 13189120
140 0.1458 13352960
141 0.1367 13336576
142 0.1375 13307904
143 0.1463 13406208
144 0.1378 13508608
145 0.1419 13512704
146 0.1448 13553664
147 0.1464 13635584
148 0.1496 13721600
149 0.146 13803520
150 0.151 13836288
151 0.147 13819904
152 0.1528 13979648
153 0.1558 14053376
154 0.1539 14000128
155 0.1581 14151680
156 0.153 14110720
157 0.1556 14155776
158 0.1539 14262272
159 0.1539 14344192
160 0.1555 14360576
161 0.1535 14356480
162 0.1605 14360576
163 0.1603 14499840
164 0.1638 14467072
165 0.1622 14495744
166 0.1736 14635008
167 0.1698 14708736
168 0.1654 14721024
169 0.163 14704640
170 0.1657 14749696
171 0.1723 14786560
172 0.1672 14880768
173 0.172 14950400
174 0.1682 14929920
175 0.1746 14983168
176 0.1822 15130624
177 0.1713 15040512
178 0.1783 15183872
179 0.1756 15142912
180 0.1747 15233024
181 0.1836 15388672
182 0.177 15388672
183 0.1786 15425536
184 0.1812 15474688
185 0.184 15515648
186 0.1795 15568896
187 0.1856 15634432
188 0.1811 15585280
189 0.1858 15704064
190 0.188 15712256
191 0.1849 15720448
192 0.1853 15806464
193 0.1936 15806464
194 0.1897 15925248
195 0.1886 15998976
196 0.189 15966208
197 0.1892 15974400
198 0.1934 16056320
199 0.1913 16134144
200 0.1977 16224256
201 0.1961 16187392
202 0.1949 16211968
203 0.1984 16293888
204 0.1958 16326656
205 0.2088 16515072
206 0.2054 16547840
207 0.2016 16523264
208 0.2105 16646144
209 0.2038 16678912
210 0.206 16703488
211 0.2118 16826368
212 0.2079 16830464
213 0.2065 16674816
214 0.2199 16863232
215 0.2142 16850944
216 0.2189 17006592
217 0.2144 17010688
218 0.2179 17047552
219 0.2173 17080320
220 0.2202 17190912
221 0.2295 17178624
222 0.2232 17211392
223 0.2151 17215488
224 0.2259 17338368
225 0.2204 17420288
226 0.2265 17526784
227 0.2221 17494016
228 0.2239 17485824
229 0.2209 17526784
230 0.2242 17469440
231 0.2254 17678336
232 0.2317 17707008
233 0.2281 17612800
234 0.2252 17797120
235 0.2344 17891328
236 0.2293 17752064
237 0.2285 17883136
238 0.2344 18018304
239 0.2341 18030592
240 0.2305 18169856
241 0.242 18206720
242 0.2378 18149376
243 0.2335 18288640
244 0.2389 18165760
245 0.2372 18239488
246 0.2363 18427904
247 0.2428 18354176
248 0.2418 18423808
249 0.2401 18542592
250 0.2485 18489344
251 0.2464 18767872
252 0.2421 18731008
253 0.2546 18677760
254 0.2459 18743296
255 0.2499 18706432
256 0.2535 18792448
257 0.2493 18907136
258 0.2496 18935808
259 0.2496 18898944
260 0.2617 19017728
261 0.2557 18923520
262 0.2598 19177472
263 0.2616 19329024
264 0.2568 19165184
265 0.2589 19083264
266 0.2628 19365888
267 0.2648 19406848
268 0.2588 19357696
269 0.2592 19263488
270 0.2616 19419136
271 0.2637 19517440
272 0.2734 19685376
273 0.2614 19615744
274 0.2699 19705856
275 0.2692 19689472
276 0.2668 19804160
277 0.2701 19673088
278 0.2671 19791872
279 0.2685 19845120
280 0.2697 19918848
281 0.2735 20082688
282 0.2764 20004864
283 0.2789 20238336
284 0.2769 20099072
285 0.2749 20078592
286 0.2788 20094976
287 0.2817 20242432
288 0.2778 20275200
289 0.2752 20344832
290 0.2779 20381696
291 0.2811 20537344
292 0.281 20393984
293 0.286 20590592
294 0.2813 20594688
295 0.2909 20582400
296 0.2912 20733952
297 0.2961 20705280
298 0.293 20901888
299 0.2974 20881408
300 0.2978 21082112