1 0.0225 8126464
2 0.0281 8220672
3 0.0278 8163328
4 0.0239 8130560
5 0.0251 8155136
6 0.0253 8146944
7 0.0263 8159232
8 0.0235 8134656
9 0.0275 8167424
10 0.0242 8142848
11 0.0244 8142848
12 0.0259 8159232
13 0.0238 8142848
14 0.0255 8183808
15 0.0242 8146944
16 0.0254 8187904
17 0.0235 8151040
18 0.025 8208384
19 0.0284 8183808
20 0.0245 8155136
21 0.0279 8187904
22 0.0298 8196096
23 0.0253 8196096
24 0.0246 8163328
25 0.025 8200192
26 0.0252 8200192
27 0.0279 8216576
28 0.0247 8167424
29 0.0253 8167424
30 0.0251 8171520
31 0.0244 8171520
32 0.0246 8183808
33 0.0265 8208384
34 0.0254 8212480
35 0.0286 8208384
36 0.0253 8183808
37 0.0267 8212480
38 0.0252 8220672
39 0.0262 8200192
40 0.0266 8212480
41 0.0255 8192000
42 0.027 8212480
43 0.0253 8228864
44 0.0255 8228864
45 0.03 8273920
46 0.0272 8212480
47 0.026 8196096
48 0.0259 8200192
49 0.0273 8212480
50 0.0249 8200192
51 0.0261 8204288
52 0.0264 8237056
53 0.0255 8204288
54 0.0263 8208384
55 0.0279 8224768
56 0.0287 8212480
57 0.0276 8224768
58 0.0282 8228864
59 0.0277 8224768
60 0.0266 8212480
61 0.0266 8216576
62 0.0279 8228864
63 0.0284 8237056
64 0.0271 8257536
65 0.0273 8253440
66 0.0268 8220672
67 0.0281 8237056
68 0.0314 8257536
69 0.0268 8224768
70 0.0281 8224768
71 0.0268 8269824
72 0.0271 8232960
73 0.0308 8282112
74 0.0301 8261632
75 0.028 8282112
76 0.0271 8278016
77 0.0293 8253440
78 0.0273 8241152
79 0.0275 8241152
80 0.0271 8241152
81 0.0308 8273920
82 0.0275 8245248
83 0.0293 8261632
84 0.0297 8273920
85 0.0275 8249344
86 0.0284 8249344
87 0.028 8253440
88 0.0321 8306688
89 0.0278 8253440
90 0.0289 8278016
91 0.0283 8261632
92 0.0278 8261632
93 0.0282 8290304
94 0.0281 8261632
95 0.0328 8298496
96 0.028 8265728
97 0.0295 8286208
98 0.0337 8327168
99 0.0284 8269824
100 0.0299 8306688
101 0.0293 8306688
102 0.0297 8302592
103 0.0299 8306688
104 0.0288 8310784
105 0.0299 8302592
106 0.0287 8282112
107 0.0288 8318976
108 0.0328 8355840
109 0.0302 8323072
110 0.0289 8327168
111 0.0301 8323072
112 0.0292 8298496
113 0.029 8302592
114 0.0293 8339456
115 0.0317 8339456
116 0.0305 8343552
117 0.0294 8306688
118 0.033 8335360
119 0.0292 8302592
120 0.0293 8318976
121 0.0302 8306688
122 0.0301 8314880
123 0.0307 8347648
124 0.0319 8351744
125 0.0336 8359936
126 0.0295 8314880
127 0.03 8323072
128 0.0295 8323072
129 0.0299 8327168
130 0.0295 8327168
131 0.0341 8359936
132 0.0331 8347648
133 0.0299 8368128
134 0.032 8351744
135 0.0306 8327168
136 0.0312 8351744
137 0.0318 8351744
138 0.0314 8347648
139 0.0331 8339456
140 0.0429 8433664
141 0.032 8372224
142 0.031 8339456
143 0.0356 8392704
144 0.031 8372224
145 0.034 8380416
146 0.035 8388608
147 0.0308 8400896
148 0.0359 8404992
149 0.032 8388608
150 0.0313 8409088
151 0.0316 8388608
152 0.0346 8400896
153 0.0314 8364032
154 0.0312 8392704
155 0.0311 8384512
156 0.0311 8376320
157 0.0312 8396800
158 0.0322 8404992
159 0.0313 8376320
160 0.0323 8396800
161 0.0327 8396800
162 0.0319 8384512
163 0.0329 8396800
164 0.0327 8400896
165 0.033 8400896
166 0.0316 8417280
167 0.0343 8396800
168 0.0318 8388608
169 0.0357 8429568
170 0.0335 8409088
171 0.0335 8417280
172 0.0336 8417280
173 0.0367 8441856
174 0.0347 8404992
175 0.0358 8425472
176 0.0339 8417280
177 0.0352 8425472
178 0.0417 8384512
179 0.0326 8384512
180 0.0345 8425472
181 0.037 8429568
182 0.0326 8396800
183 0.0454 8503296
184 0.0349 8458240
185 0.0327 8396800
186 0.0345 8429568
187 0.035 8400896
188 0.0361 8429568
189 0.035 8462336
190 0.0328 8396800
191 0.0375 8462336
192 0.0329 8421376
193 0.0329 8421376
194 0.0329 8458240
195 0.0331 8421376
196 0.0346 8450048
197 0.0368 8454144
198 0.033 8421376
199 0.039 8450048
200 0.0337 8433664
201 0.0334 8433664
202 0.0343 8462336
203 0.0374 8458240
204 0.0386 8511488
205 0.0332 8433664
206 0.0332 8433664
207 0.0338 8474624
208 0.0374 8466432
209 0.0338 8437760
210 0.0406 8519680
211 0.0339 8437760
212 0.0385 8503296
213 0.0361 8478720
214 0.039 8531968
215 0.0344 8495104
216 0.0341 8470528
217 0.0351 8470528
218 0.038 8466432
219 0.0374 8503296
220 0.0355 8462336
221 0.0351 8474624
222 0.0343 8441856
223 0.038 8503296
224 0.0346 8474624
225 0.0383 8495104
226 0.036 8466432
227 0.0347 8458240
228 0.0343 8450048
229 0.0348 8486912
230 0.0347 8454144
231 0.0345 8486912
232 0.0365 8486912
233 0.039 8503296
234 0.035 8470528
235 0.0354 8474624
236 0.0399 8523776
237 0.035 8478720
238 0.0398 8540160
239 0.0352 8478720
240 0.0375 8527872
241 0.0357 8523776
242 0.0368 8523776
243 0.0354 8486912
244 0.0358 8486912
245 0.0369 8519680
246 0.036 8544256
247 0.0403 8601600
248 0.0357 8548352
249 0.0368 8507392
250 0.0376 8523776
251 0.0353 8486912
252 0.0422 8527872
253 0.0377 8511488
254 0.0399 8523776
255 0.0366 8515584
256 0.0375 8519680
257 0.0417 8536064
258 0.036 8507392
259 0.0395 8556544
260 0.0399 8630272
261 0.0389 8527872
262 0.0422 8613888
263 0.037 8544256
264 0.0367 8544256
265 0.0405 8536064
266 0.0364 8511488
267 0.0377 8536064
268 0.0368 8515584
269 0.0362 8515584
270 0.0377 8548352
271 0.0406 8564736
272 0.0368 8511488
273 0.0369 8511488
274 0.0436 8613888
275 0.037 8548352
276 0.038 8548352
277 0.0477 8564736
278 0.0368 8536064
279 0.0368 8536064
280 0.0381 8536064
281 0.0374 8572928
282 0.0372 8536064
283 0.0424 8564736
284 0.0405 8609792
285 0.0385 8560640
286 0.0371 8544256
287 0.0378 8544256
288 0.0376 8556544
289 0.041 8581120
290 0.039 8577024
291 0.0376 8556544
292 0.0415 8589312
293 0.0397 8556544
294 0.0378 8556544
295 0.0378 8564736
296 0.0423 8654848
297 0.0391 8589312
298 0.0422 8601600
299 0.0391 8585216
300 0.0415 8597504
301 0.038 8577024
302 0.0382 8577024
303 0.0395 8601600
304 0.0386 8577024
305 0.0399 8581120
306 0.0401 8601600
307 0.0386 8617984
308 0.0431 8609792
309 0.0412 8679424
310 0.0384 8585216
311 0.0388 8609792
312 0.0429 8613888
313 0.0403 8646656
314 0.0393 8630272
315 0.0405 8638464
316 0.0387 8605696
317 0.039 8593408
318 0.0436 8626176
319 0.0426 8626176
320 0.0473 8679424
321 0.0434 8626176
322 0.0439 8708096
323 0.0427 8654848
324 0.0435 8634368
325 0.0404 8605696
326 0.0408 8642560
327 0.0392 8605696
328 0.0445 8679424
329 0.0413 8605696
330 0.0394 8605696
331 0.0438 8642560
332 0.0406 8642560
333 0.0425 8642560
334 0.0418 8642560
335 0.0394 8613888
336 0.0413 8613888
337 0.0396 8638464
338 0.0399 8613888
339 0.0412 8650752
340 0.041 8642560
341 0.0417 8658944
342 0.0461 8667136
343 0.0401 8622080
344 0.0412 8675328
345 0.0404 8663040
346 0.0412 8622080
347 0.0416 8654848
348 0.0415 8646656
349 0.0416 8650752
350 0.0417 8658944
351 0.0423 8646656
352 0.0459 8769536
353 0.0409 8634368
354 0.0444 8663040
355 0.0422 8654848
356 0.0424 8683520
357 0.0409 8642560
358 0.0405 8642560
359 0.0415 8650752
360 0.0428 8667136
361 0.0436 8667136
362 0.0417 8650752
363 0.0463 8777728
364 0.042 8671232
365 0.0451 8679424
366 0.0427 8679424
367 0.0461 8708096
368 0.0458 8683520
369 0.0429 8687616
370 0.0422 8679424
371 0.042 8658944
372 0.0422 8695808
373 0.0429 8695808
374 0.0414 8663040
375 0.0453 8687616
376 0.0475 8695808
377 0.0418 8663040
378 0.0437 8687616
379 0.0417 8671232
380 0.047 8704000
381 0.0429 8679424
382 0.0462 8704000
383 0.0416 8712192
384 0.0521 8769536
385 0.045 8757248
386 0.0449 8765440
387 0.0423 8728576
388 0.0439 8728576
389 0.0419 8691712
390 0.0451 8708096
391 0.0451 8724480
392 0.0423 8687616
393 0.0494 8740864
394 0.0435 8728576
395 0.0446 8695808
396 0.0523 8794112
397 0.0426 8699904
398 0.0427 8712192
399 0.0423 8736768
400 0.0455 8765440
401 0.0443 8773632
402 0.0479 8839168
403 0.0465 8740864
404 0.0431 8716288
405 0.0432 8728576
406 0.0432 8724480
407 0.044 8740864
408 0.0441 8724480
409 0.0439 8724480
410 0.0444 8757248
411 0.0437 8773632
412 0.0438 8732672
413 0.0434 8732672
414 0.0437 8769536
415 0.0449 8773632
416 0.0434 8732672
417 0.0468 8830976
418 0.0444 8732672
419 0.0435 8732672
420 0.0491 8863744
421 0.0435 8740864
422 0.0479 8773632
423 0.0456 8761344
424 0.0433 8744960
425 0.0438 8769536
426 0.0438 8744960
427 0.0478 8777728
428 0.0441 8749056
429 0.0455 8773632
430 0.045 8773632
431 0.0443 8749056
432 0.0485 8785920
433 0.0485 8814592
434 0.0442 8794112
435 0.0487 8785920
436 0.0453 8761344
437 0.0447 8753152
438 0.0446 8761344
439 0.0445 8761344
440 0.0448 8802304
441 0.0453 8765440
442 0.0448 8765440
443 0.0449 8765440
444 0.0467 8859648
445 0.0446 8802304
446 0.0455 8802304
447 0.0444 8781824
448 0.0489 8810496
449 0.0495 8822784
450 0.0455 8785920
451 0.0465 8790016
452 0.046 8867840
453 0.0454 8790016
454 0.0456 8814592
455 0.0463 8790016
456 0.0501 8941568
457 0.0452 8785920
458 0.0457 8785920
459 0.0467 8826880
460 0.0466 8830976
461 0.0465 8839168
462 0.0496 8847360
463 0.0457 8794112
464 0.0499 8835072
465 0.0522 8843264
466 0.0465 8802304
467 0.0464 8835072
468 0.0472 8810496
469 0.05 8826880
470 0.0461 8847360
471 0.0497 8888320
472 0.0461 8822784
473 0.0463 8822784
474 0.0479 8843264
475 0.0461 8826880
476 0.0462 8826880
477 0.0474 8863744
478 0.0509 8863744
479 0.0478 8863744
480 0.0519 8855552
481 0.0482 8871936
482 0.0467 8876032
483 0.0472 8835072
484 0.0509 8867840
485 0.0473 8896512
486 0.0484 8888320
487 0.0482 8867840
488 0.0466 8847360
489 0.0482 8859648
490 0.047 8839168
491 0.0517 8884224
492 0.0471 8851456
493 0.0502 8916992
494 0.047 8851456
495 0.0476 8851456
496 0.0475 8855552
497 0.0485 8900608
498 0.0508 8908800
499 0.0474 8859648
500 0.0478 8859648
501 0.0474 8859648
502 0.0477 8859648
503 0.0475 8851456
504 0.0484 8929280
505 0.0483 8863744
506 0.0514 8916992
507 0.0515 8900608
508 0.0483 8867840
509 0.0479 8867840
510 0.0478 8867840
511 0.0482 8896512
512 0.0482 8863744
513 0.0482 8859648
514 0.0481 8863744
515 0.0501 8888320
516 0.0486 8908800
517 0.0548 9027584
518 0.0538 8990720
519 0.0528 8974336
520 0.0483 8867840
521 0.0483 8867840
522 0.0502 8888320
523 0.0561 8990720
524 0.0482 8876032
525 0.0528 8941568
526 0.0497 8908800
527 0.0485 8867840
528 0.055 8912896
529 0.0538 8941568
530 0.0509 8896512
531 0.0496 8880128
532 0.0492 8908800
533 0.05 8925184
534 0.0577 8962048
535 0.0489 8884224
536 0.0493 8892416
537 0.0502 8912896
538 0.0496 8896512
539 0.0493 8896512
540 0.0509 8916992
541 0.0497 8896512
542 0.0538 8925184
543 0.0511 8925184
544 0.053 8929280
545 0.0536 8929280
546 0.0543 9007104
547 0.0512 8925184
548 0.0509 8933376
549 0.0504 8900608
550 0.0517 8929280
551 0.0541 8929280
552 0.0539 8941568
553 0.052 8962048
554 0.0498 8916992
555 0.0515 8929280
556 0.0549 9003008
557 0.0506 8916992
558 0.0552 9043968
559 0.052 8949760
560 0.0508 8990720
561 0.0504 8966144
562 0.0506 8933376
563 0.0503 8962048
564 0.0518 8949760
565 0.0515 8949760
566 0.0508 8953856
567 0.0509 8966144
568 0.0565 9064448
569 0.0551 8957952
570 0.0512 8970240
571 0.0505 8933376
572 0.0523 8949760
573 0.0529 8945664
574 0.0512 8941568
575 0.051 8933376
576 0.0511 9023488
577 0.0522 8994816
578 0.0519 8994816
579 0.0525 9019392
580 0.054 9084928
581 0.0515 8994816
582 0.0524 9015296
583 0.0519 8994816
584 0.0522 9023488
585 0.0518 9076736
586 0.0527 9007104
587 0.0559 9080832
588 0.0569 9039872
589 0.0563 9027584
590 0.0547 9035776
591 0.053 9007104
592 0.0552 9039872
593 0.0536 9052160
594 0.0528 9043968
595 0.0528 9011200
596 0.0525 9043968
597 0.0643 9199616
598 0.0563 9064448
599 0.0551 9027584
600 0.0541 9138176
601 0.0562 9043968
602 0.0571 9076736
603 0.0525 9015296
604 0.0588 9207808
605 0.059 9101312
606 0.0555 9105408
607 0.056 9035776
608 0.0611 9207808
609 0.053 9015296
610 0.055 9015296
611 0.0602 9105408
612 0.0535 9056256
613 0.0584 9056256
614 0.0578 9199616
615 0.058 9154560
616 0.0567 9060352
617 0.06 9216000
618 0.0541 9076736
619 0.0566 9109504
620 0.0551 9048064
621 0.0554 9035776
622 0.0539 9060352
623 0.0544 9060352
624 0.055 9121792
625 0.0536 9072640
626 0.0544 9084928
627 0.0545 9068544
628 0.0544 9072640
629 0.0545 9072640
630 0.0543 9064448
631 0.0546 9113600
632 0.0543 9093120
633 0.0548 9068544
634 0.0562 9162752
635 0.0552 9068544
636 0.0553 9068544
637 0.0544 9048064
638 0.0538 9068544
639 0.0556 9060352
640 0.0546 9084928
641 0.0546 9052160
642 0.0588 9084928
643 0.0551 9101312
644 0.0543 9068544
645 0.0557 9076736
646 0.0591 9093120
647 0.0551 9105408
648 0.0547 9060352
649 0.0588 9097216
650 0.0548 9068544
651 0.0551 9068544
652 0.0587 9097216
653 0.0564 9097216
654 0.0598 9129984
655 0.0587 9105408
656 0.0565 9097216
657 0.0553 9076736
658 0.0548 9080832
659 0.0595 9146368
660 0.0552 9080832
661 0.0591 9166848
662 0.0557 9084928
663 0.0551 9084928
664 0.0559 9084928
665 0.0553 9084928
666 0.0564 9101312
667 0.0555 9076736
668 0.0555 9076736
669 0.0556 9076736
670 0.0558 9129984
671 0.0564 9109504
672 0.056 9134080
673 0.0555 9109504
674 0.0603 9211904
675 0.0603 9154560
676 0.0611 9109504
677 0.0588 9109504
678 0.0604 9179136
679 0.0574 9105408
680 0.0566 9097216
681 0.0618 9150464
682 0.0586 9146368
683 0.0584 9162752
684 0.0561 9138176
685 0.0587 9187328
686 0.061 9154560
687 0.0575 9121792
688 0.0565 9158656
689 0.0627 9203712
690 0.0573 9166848
691 0.0581 9175040
692 0.0623 9162752
693 0.0583 9129984
694 0.0596 9203712
695 0.0567 9134080
696 0.0597 9142272
697 0.062 9297920
698 0.0633 9162752
699 0.0587 9150464
700 0.0584 9187328
701 0.0569 9138176
702 0.0601 9306112
703 0.0629 9158656
704 0.0588 9138176
705 0.0604 9162752
706 0.0593 9138176
707 0.0585 9166848
708 0.0629 9318400
709 0.0588 9158656
710 0.0617 9170944
711 0.0596 9170944
712 0.0588 9166848
713 0.0579 9150464
714 0.0584 9150464
715 0.0589 9166848
716 0.0579 9187328
717 0.0615 9175040
718 0.0591 9179136
719 0.058 9170944
720 0.0585 9240576
721 0.0583 9158656
722 0.0579 9158656
723 0.0627 9273344
724 0.0592 9187328
725 0.0582 9203712
726 0.0592 9175040
727 0.0605 9216000
728 0.0623 9195520
729 0.0588 9175040
730 0.0584 9175040
731 0.0586 9170944
732 0.0582 9175040
733 0.0653 9347072
734 0.0588 9211904
735 0.0647 9306112
736 0.0592 9183232
737 0.0627 9203712
738 0.059 9183232
739 0.0589 9183232
740 0.0594 9175040
741 0.0606 9195520
742 0.0608 9211904
743 0.0602 9203712
744 0.0587 9179136
745 0.0635 9211904
746 0.06 9187328
747 0.0644 9248768
748 0.0603 9228288
749 0.0609 9199616
750 0.0596 9191424
751 0.0596 9195520
752 0.064 9224192
753 0.064 9224192
754 0.0603 9224192
755 0.061 9207808
756 0.0591 9199616
757 0.0613 9211904
758 0.0599 9199616
759 0.0598 9236480
760 0.0595 9240576
761 0.0662 9302016
762 0.0623 9232384
763 0.0608 9269248
764 0.0616 9199616
765 0.0604 9203712
766 0.1002 9355264
767 0.0605 9228288
768 0.0602 9256960
769 0.0614 9265152
770 0.0634 9265152
771 0.0606 9252864
772 0.0609 9252864
773 0.0619 9265152
774 0.0617 9261056
775 0.061 9256960
776 0.0646 9256960
777 0.0609 9302016
778 0.0608 9293824
779 0.0655 9347072
780 0.061 9256960
781 0.0621 9314304
782 0.0623 9269248
783 0.0623 9293824
784 0.0627 9289728
785 0.0622 9269248
786 0.0625 9281536
787 0.065 9297920
788 0.0614 9252864
789 0.0655 9437184
790 0.0637 9293824
791 0.0628 9302016
792 0.0614 9281536
793 0.0613 9318400
794 0.0636 9285632
795 0.0681 9482240
796 0.0614 9273344
797 0.0626 9273344
798 0.0625 9310208
799 0.0635 9285632
800 0.0618 9265152
801 0.0627 9306112
802 0.0622 9277440
803 0.0663 9478144
804 0.0635 9293824
805 0.0634 9297920
806 0.0621 9277440
807 0.062 9277440
808 0.0638 9322496
809 0.0657 9314304
810 0.0627 9326592
811 0.0618 9330688
812 0.0669 9367552
813 0.0625 9314304
814 0.0652 9347072
815 0.0634 9351168
816 0.0656 9367552
817 0.0651 9318400
818 0.0681 9322496
819 0.0661 9306112
820 0.067 9347072
821 0.0659 9314304
822 0.0686 9314304
823 0.0647 9334784
824 0.0693 9338880
825 0.0657 9326592
826 0.0718 9342976
827 0.0646 9302016
828 0.0641 9363456
829 0.0645 9289728
830 0.0664 9318400
831 0.0663 9330688
832 0.0677 9347072
833 0.0715 9388032
834 0.0673 9363456
835 0.0663 9359360
836 0.0643 9375744
837 0.0665 9482240
838 0.0648 9375744
839 0.072 9543680
840 0.0685 9564160
841 0.0658 9347072
842 0.068 9400320
843 0.0664 9347072
844 0.0655 9367552
845 0.0669 9375744
846 0.0692 9486336
847 0.0702 9371648
848 0.0643 9347072
849 0.0692 9371648
850 0.0699 9535488
851 0.0688 9375744
852 0.071 9596928
853 0.0695 9433088
854 0.066 9408512
855 0.0655 9420800
856 0.0687 9515008
857 0.0678 9420800
858 0.0664 9404416
859 0.0653 9441280
860 0.0656 9420800
861 0.0688 9408512
862 0.065 9392128
863 0.0678 9428992
864 0.0657 9428992
865 0.0647 9408512
866 0.0681 9392128
867 0.0663 9424896
868 0.065 9461760
869 0.0674 9428992
870 0.0661 9400320
871 0.0713 9490432
872 0.0662 9449472
873 0.069 9433088
874 0.0666 9424896
875 0.0659 9408512
876 0.0652 9408512
877 0.0756 9445376
878 0.0656 9412608
879 0.0667 9437184
880 0.077 9564160
881 0.0657 9416704
882 0.068 9437184
883 0.0688 9445376
884 0.0689 9445376
885 0.0673 9469952
886 0.0655 9457664
887 0.0664 9461760
888 0.0712 9572352
889 0.0717 9568256
890 0.0664 9457664
891 0.0669 9424896
892 0.0672 9457664
893 0.0701 9457664
894 0.0661 9428992
895 0.0664 9433088
896 0.0679 9461760
897 0.0669 9437184
898 0.0676 9437184
899 0.0673 9478144
900 0.0714 9572352
901 0.0668 9437184
902 0.0663 9437184
903 0.068 9478144
904 0.0719 9482240
905 0.0715 9478144
906 0.0749 9445376
907 0.0679 9474048
908 0.0691 9478144
909 0.067 9494528
910 0.0669 9461760
911 0.0669 9461760
912 0.0687 9486336
913 0.068 9461760
914 0.067 9482240
915 0.0705 9494528
916 0.0682 9474048
917 0.0706 9486336
918 0.0674 9465856
919 0.0686 9478144
920 0.0681 9502720
921 0.0696 9482240
922 0.0678 9474048
923 0.0691 9498624
924 0.0705 9506816
925 0.0693 9510912
926 0.0698 9494528
927 0.0713 9539584
928 0.0734 9498624
929 0.0695 9482240
930 0.0749 9498624
931 0.0703 9523200
932 0.0681 9469952
933 0.0777 9543680
934 0.069 9474048
935 0.0709 9506816
936 0.075 9641984
937 0.0703 9482240
938 0.0703 9494528
939 0.0698 9515008
940 0.0745 9560064
941 0.0723 9576448
942 0.0718 9613312
943 0.073 9543680
944 0.0704 9523200
945 0.0683 9523200
946 0.0696 9535488
947 0.0711 9539584
948 0.0713 9543680
949 0.0705 9527296
950 0.0723 9605120
951 0.0704 9531392
952 0.0698 9531392
953 0.0721 9695232
954 0.0714 9539584
955 0.069 9531392
956 0.0694 9568256
957 0.0698 9576448
958 0.0712 9613312
959 0.0711 9543680
960 0.0697 9523200
961 0.0692 9535488
962 0.0707 9568256
963 0.0733 9564160
964 0.0701 9576448
965 0.0693 9539584
966 0.0698 9539584
967 0.0698 9539584
968 0.071 9584640
969 0.0704 9572352
970 0.0747 9576448
971 0.0704 9580544
972 0.0712 9564160
973 0.0726 9580544
974 0.072 9576448
975 0.0792 9707520
976 0.0704 9551872
977 0.0703 9551872
978 0.0707 9551872
979 0.071 9555968
980 0.0703 9535488
981 0.0711 9551872
982 0.07 9564160
983 0.0712 9560064
984 0.0722 9596928
985 0.0716 9576448
986 0.0719 9576448
987 0.0709 9568256
988 0.0719 9584640
989 0.0705 9609216
990 0.0728 9584640
991 0.0734 9588736
992 0.072 9592832
993 0.0748 9605120
994 0.0713 9613312
995 0.0717 9621504
996 0.0711 9580544
997 0.0736 9601024
998 0.0726 9625600
999 0.0764 9613312
1000 0.072 9584640