1 0.0244 8187904
2 0.0238 8163328
3 0.0274 8196096
4 0.0288 8224768
5 0.0249 8196096
6 0.0273 8196096
7 0.0244 8167424
8 0.0252 8204288
9 0.0244 8212480
10 0.0255 8196096
11 0.0293 8249344
12 0.0323 8237056
13 0.0312 8237056
14 0.0268 8200192
15 0.0257 8187904
16 0.0258 8208384
17 0.0311 8241152
18 0.0284 8208384
19 0.0266 8216576
20 0.0332 8216576
21 0.0257 8200192
22 0.0264 8196096
23 0.0262 8216576
24 0.0259 8228864
25 0.0259 8212480
26 0.0286 8216576
27 0.0257 8265728
28 0.026 8204288
29 0.0251 8183808
30 0.0248 8187904
31 0.0246 8204288
32 0.0255 8187904
33 0.0268 8216576
34 0.0251 8228864
35 0.0267 8216576
36 0.0297 8224768
37 0.0253 8196096
38 0.0248 8212480
39 0.026 8232960
40 0.0288 8232960
41 0.0254 8200192
42 0.0254 8200192
43 0.0254 8241152
44 0.0267 8220672
45 0.027 8228864
46 0.0249 8204288
47 0.0266 8224768
48 0.0254 8204288
49 0.0254 8269824
50 0.027 8228864
51 0.0274 8224768
52 0.0292 8228864
53 0.027 8237056
54 0.0292 8245248
55 0.0257 8253440
56 0.0268 8245248
57 0.0252 8216576
58 0.0256 8216576
59 0.0301 8302592
60 0.0257 8216576
61 0.0269 8241152
62 0.0257 8257536
63 0.0276 8232960
64 0.0281 8237056
65 0.0264 8249344
66 0.027 8257536
67 0.0267 8286208
68 0.026 8220672
69 0.026 8261632
70 0.0269 8220672
71 0.0274 8249344
72 0.0277 8261632
73 0.0267 8278016
74 0.0276 8273920
75 0.0277 8261632
76 0.0265 8278016
77 0.0273 8261632
78 0.0264 8241152
79 0.0272 8273920
80 0.0284 8273920
81 0.0267 8278016
82 0.026 8245248
83 0.0278 8290304
84 0.0269 8253440
85 0.0303 8273920
86 0.0267 8249344
87 0.0273 8249344
88 0.0277 8269824
89 0.028 8286208
90 0.0283 8273920
91 0.0267 8257536
92 0.0306 8290304
93 0.0279 8318976
94 0.0307 8290304
95 0.0271 8294400
96 0.0306 8286208
97 0.027 8306688
98 0.0273 8306688
99 0.027 8269824
100 0.0272 8265728
101 0.0283 8294400
102 0.0273 8302592
103 0.0281 8265728
104 0.0272 8265728
105 0.0314 8318976
106 0.0322 8331264
107 0.0314 8306688
108 0.0321 8302592
109 0.0282 8298496
110 0.0281 8310784
111 0.0288 8298496
112 0.029 8298496
113 0.0273 8323072
114 0.029 8298496
115 0.0293 8306688
116 0.0276 8286208
117 0.0319 8314880
118 0.0277 8286208
119 0.0277 8286208
120 0.028 8286208
121 0.0274 8323072
122 0.03 8298496
123 0.0291 8306688
124 0.028 8286208
125 0.0283 8286208
126 0.028 8327168
127 0.0297 8318976
128 0.032 8314880
129 0.0283 8314880
130 0.029 8327168
131 0.0279 8302592
132 0.0282 8290304
133 0.0295 8314880
134 0.0298 8310784
135 0.0296 8314880
136 0.0289 8298496
137 0.0285 8298496
138 0.0322 8327168
139 0.0287 8298496
140 0.0297 8310784
141 0.0328 8327168
142 0.0299 8323072
143 0.0289 8298496
144 0.0304 8318976
145 0.0281 8343552
146 0.0287 8306688
147 0.0287 8306688
148 0.0287 8306688
149 0.0286 8314880
150 0.0326 8343552
151 0.0289 8351744
152 0.0311 8359936
153 0.0317 8335360
154 0.0295 8372224
155 0.0328 8343552
156 0.0292 8314880
157 0.0316 8339456
158 0.0289 8318976
159 0.0302 8343552
160 0.0304 8351744
161 0.0369 8339456
162 0.0304 8355840
163 0.033 8347648
164 0.0291 8327168
165 0.0333 8364032
166 0.0333 8364032
167 0.0296 8335360
168 0.0296 8355840
169 0.0313 8351744
170 0.0374 8359936
171 0.0308 8339456
172 0.0294 8318976
173 0.0302 8364032
174 0.0333 8355840
175 0.0294 8327168
176 0.031 8339456
177 0.042 8359936
178 0.0336 8396800
179 0.0301 8327168
180 0.0299 8327168
181 0.0298 8331264
182 0.0297 8323072
183 0.0314 8339456
184 0.0314 8364032
185 0.0336 8384512
186 0.0343 8392704
187 0.0316 8343552
188 0.0315 8351744
189 0.034 8355840
190 0.0302 8327168
191 0.0309 8335360
192 0.0342 8458240
193 0.0316 8355840
194 0.0304 8339456
195 0.0302 8339456
196 0.0316 8351744
197 0.0302 8376320
198 0.0343 8368128
199 0.0305 8339456
200 0.0303 8339456
201 0.0323 8380416
202 0.0311 8347648
203 0.0329 8388608
204 0.0318 8364032
205 0.0305 8347648
206 0.0351 8413184
207 0.032 8376320
208 0.0319 8376320
209 0.0349 8413184
210 0.0345 8384512
211 0.0343 8400896
212 0.031 8347648
213 0.0322 8380416
214 0.0328 8359936
215 0.0307 8359936
216 0.0356 8376320
217 0.0317 8359936
218 0.0323 8380416
219 0.0347 8466432
220 0.0311 8364032
221 0.0322 8376320
222 0.0328 8380416
223 0.0358 8409088
224 0.0331 8380416
225 0.0367 8458240
226 0.031 8368128
227 0.0327 8396800
228 0.0313 8368128
229 0.0315 8404992
230 0.0362 8384512
231 0.0325 8388608
232 0.0323 8392704
233 0.0347 8470528
234 0.0329 8404992
235 0.0333 8392704
236 0.0323 8384512
237 0.0328 8413184
238 0.0358 8413184
239 0.0325 8417280
240 0.0318 8384512
241 0.0328 8384512
242 0.0333 8400896
243 0.0332 8400896
244 0.032 8384512
245 0.032 8409088
246 0.032 8384512
247 0.035 8417280
248 0.0369 8466432
249 0.0319 8417280
250 0.0322 8421376
251 0.0321 8388608
252 0.0319 8388608
253 0.0322 8392704
254 0.0325 8392704
255 0.032 8396800
256 0.0336 8429568
257 0.0367 8417280
258 0.0323 8388608
259 0.0327 8388608
260 0.0353 8388608
261 0.0321 8388608
262 0.0326 8441856
263 0.0339 8417280
264 0.0367 8495104
265 0.0327 8396800
266 0.0328 8429568
267 0.0327 8396800
268 0.0327 8396800
269 0.0368 8429568
270 0.0328 8396800
271 0.0336 8437760
272 0.0328 8396800
273 0.0355 8474624
274 0.0364 8421376
275 0.0342 8433664
276 0.0327 8396800
277 0.0329 8421376
278 0.0377 8462336
279 0.0328 8445952
280 0.0334 8409088
281 0.0343 8437760
282 0.0368 8429568
283 0.0388 8499200
284 0.0334 8413184
285 0.0334 8437760
286 0.0377 8458240
287 0.0332 8450048
288 0.0343 8454144
289 0.0328 8462336
290 0.0367 8454144
291 0.0334 8433664
292 0.0384 8482816
293 0.0396 8527872
294 0.0334 8429568
295 0.0374 8454144
296 0.0371 8462336
297 0.0348 8470528
298 0.035 8466432
299 0.0336 8470528
300 0.0347 8470528
301 0.0337 8437760
302 0.0387 8499200
303 0.0346 8437760
304 0.0377 8478720
305 0.0337 8445952
306 0.0382 8474624
307 0.0362 8486912
308 0.0339 8454144
309 0.0379 8482816
310 0.0341 8478720
311 0.0347 8454144
312 0.0394 8482816
313 0.0345 8454144
314 0.0343 8454144
315 0.0345 8454144
316 0.0399 8478720
317 0.0384 8482816
318 0.0346 8491008
319 0.0345 8495104
320 0.0342 8458240
321 0.0356 8474624
322 0.0389 8486912
323 0.0362 8486912
324 0.0357 8474624
325 0.0347 8458240
326 0.0361 8478720
327 0.0345 8458240
328 0.0348 8499200
329 0.0359 8495104
330 0.0384 8495104
331 0.0396 8523776
332 0.0371 8503296
333 0.0352 8466432
334 0.0351 8466432
335 0.0359 8499200
336 0.0386 8495104
337 0.0363 8499200
338 0.0361 8486912
339 0.0348 8462336
340 0.0388 8544256
341 0.0362 8486912
342 0.0363 8499200
343 0.0409 8507392
344 0.0348 8482816
345 0.0367 8585216
346 0.0383 8511488
347 0.0357 8482816
348 0.0366 8507392
349 0.0403 8613888
350 0.0354 8478720
351 0.037 8503296
352 0.0354 8482816
353 0.0371 8495104
354 0.0363 8486912
355 0.0396 8519680
356 0.0401 8548352
357 0.0395 8511488
358 0.0361 8482816
359 0.0392 8568832
360 0.0361 8511488
361 0.04 8527872
362 0.0403 8544256
363 0.0393 8544256
364 0.0363 8491008
365 0.0402 8585216
366 0.0359 8536064
367 0.0375 8527872
368 0.0361 8495104
369 0.0373 8523776
370 0.0395 8536064
371 0.0376 8601600
372 0.0416 8605696
373 0.0379 8519680
374 0.0391 8523776
375 0.0382 8527872
376 0.0402 8536064
377 0.0364 8499200
378 0.0399 8556544
379 0.0365 8499200
380 0.0364 8499200
381 0.0362 8540160
382 0.0381 8531968
383 0.0372 8511488
384 0.0374 8572928
385 0.0372 8548352
386 0.0368 8503296
387 0.037 8503296
388 0.0371 8548352
389 0.0365 8507392
390 0.037 8544256
391 0.0379 8548352
392 0.0374 8597504
393 0.038 8523776
394 0.0379 8527872
395 0.0367 8495104
396 0.0412 8556544
397 0.038 8540160
398 0.0405 8536064
399 0.0376 8548352
400 0.037 8495104
401 0.0406 8560640
402 0.0415 8589312
403 0.0411 8540160
404 0.0413 8515584
405 0.0382 8544256
406 0.0384 8556544
407 0.0374 8511488
408 0.0424 8560640
409 0.0376 8511488
410 0.0371 8552448
411 0.0372 8511488
412 0.0374 8511488
413 0.0383 8544256
414 0.0397 8552448
415 0.0375 8519680
416 0.0398 8548352
417 0.0413 8548352
418 0.039 8544256
419 0.0387 8564736
420 0.0414 8560640
421 0.0397 8560640
422 0.0388 8552448
423 0.0391 8552448
424 0.0393 8552448
425 0.0394 8556544
426 0.0418 8572928
427 0.0378 8548352
428 0.0388 8589312
429 0.0417 8572928
430 0.038 8544256
431 0.0392 8585216
432 0.0384 8577024
433 0.0441 8654848
434 0.0399 8564736
435 0.0404 8548352
436 0.0382 8548352
437 0.0423 8577024
438 0.0392 8564736
439 0.0387 8556544
440 0.0386 8593408
441 0.0421 8577024
442 0.0396 8581120
443 0.0392 8577024
444 0.0386 8552448
445 0.0423 8577024
446 0.042 8593408
447 0.0395 8556544
448 0.0393 8601600
449 0.039 8605696
450 0.0395 8601600
451 0.0389 8613888
452 0.0392 8597504
453 0.0419 8654848
454 0.0391 8601600
455 0.0398 8609792
456 0.0398 8609792
457 0.0395 8613888
458 0.0399 8605696
459 0.0403 8585216
460 0.0393 8593408
461 0.0397 8593408
462 0.0491 8654848
463 0.0401 8593408
464 0.04 8593408
465 0.0397 8589312
466 0.0398 8585216
467 0.0404 8585216
468 0.0403 8597504
469 0.039 8617984
470 0.0402 8728576
471 0.0403 8613888
472 0.0404 8613888
473 0.0407 8597504
474 0.0435 8609792
475 0.0396 8572928
476 0.0391 8577024
477 0.0436 8605696
478 0.0412 8597504
479 0.0393 8593408
480 0.0435 8630272
481 0.0436 8630272
482 0.0385 8593408
483 0.0396 8593408
484 0.0409 8597504
485 0.0398 8597504
486 0.04 8601600
487 0.0414 8613888
488 0.04 8597504
489 0.0405 8597504
490 0.0415 8654848
491 0.0458 8724480
492 0.0412 8638464
493 0.0399 8601600
494 0.0441 8679424
495 0.0438 8634368
496 0.0392 8613888
497 0.0436 8642560
498 0.0401 8609792
499 0.0412 8634368
500 0.0402 8650752
501 0.0402 8650752
502 0.0469 8654848
503 0.0403 8609792
504 0.0475 8630272
505 0.0406 8609792
506 0.0408 8613888
507 0.0443 8667136
508 0.041 8613888
509 0.0449 8675328
510 0.0407 8609792
511 0.0407 8658944
512 0.0463 8757248
513 0.042 8609792
514 0.0422 8634368
515 0.0413 8654848
516 0.041 8654848
517 0.0428 8650752
518 0.0421 8630272
519 0.0597 8687616
520 0.0409 8663040
521 0.045 8654848
522 0.0421 8642560
523 0.0418 8617984
524 0.0411 8613888
525 0.0448 8650752
526 0.0454 8650752
527 0.0413 8654848
528 0.0449 8646656
529 0.0412 8609792
530 0.042 8638464
531 0.0424 8654848
532 0.0418 8617984
533 0.0451 8650752
534 0.0429 8646656
535 0.0423 8617984
536 0.0427 8642560
537 0.0418 8617984
538 0.0429 8650752
539 0.0413 8617984
540 0.0429 8646656
541 0.0433 8642560
542 0.0427 8642560
543 0.0428 8642560
544 0.0411 8626176
545 0.0423 8683520
546 0.0419 8667136
547 0.0425 8658944
548 0.0421 8675328
549 0.043 8654848
550 0.0431 8671232
551 0.0425 8675328
552 0.044 8679424
553 0.0471 8724480
554 0.0434 8663040
555 0.0458 8675328
556 0.0464 8667136
557 0.0418 8638464
558 0.0421 8638464
559 0.0429 8695808
560 0.0421 8638464
561 0.0445 8667136
562 0.0422 8663040
563 0.0426 8679424
564 0.0423 8667136
565 0.0421 8646656
566 0.0426 8646656
567 0.0427 8646656
568 0.048 8712192
569 0.0426 8646656
570 0.0437 8646656
571 0.0456 8720384
572 0.0424 8687616
573 0.0427 8654848
574 0.0439 8675328
575 0.044 8728576
576 0.0445 8712192
577 0.0428 8691712
578 0.0446 8708096
579 0.0428 8691712
580 0.0445 8732672
581 0.0432 8716288
582 0.043 8708096
583 0.0445 8720384
584 0.0467 8716288
585 0.0442 8749056
586 0.0499 8744960
587 0.043 8691712
588 0.0447 8708096
589 0.0445 8720384
590 0.0428 8732672
591 0.0431 8728576
592 0.0443 8716288
593 0.0438 8691712
594 0.0446 8712192
595 0.0497 8794112
596 0.0438 8736768
597 0.0435 8699904
598 0.0498 8867840
599 0.0449 8732672
600 0.0434 8704000
601 0.0438 8704000
602 0.0464 8777728
603 0.0497 8822784
604 0.0437 8708096
605 0.0435 8708096
606 0.0453 8728576
607 0.0483 8728576
608 0.0437 8708096
609 0.0478 8744960
610 0.0449 8740864
611 0.0438 8708096
612 0.0459 8720384
613 0.0438 8708096
614 0.0455 8728576
615 0.0448 8740864
616 0.0443 8749056
617 0.0439 8753152
618 0.045 8740864
619 0.0446 8753152
620 0.0443 8765440
621 0.0489 8740864
622 0.0441 8753152
623 0.0445 8757248
624 0.0442 8712192
625 0.0494 8810496
626 0.0468 8798208
627 0.0456 8740864
628 0.0445 8716288
629 0.0499 8798208
630 0.0443 8716288
631 0.0457 8736768
632 0.0441 8716288
633 0.0444 8720384
634 0.0443 8720384
635 0.0456 8712192
636 0.0459 8732672
637 0.0452 8785920
638 0.0463 8740864
639 0.0449 8720384
640 0.0455 8724480
641 0.0448 8708096
642 0.0448 8749056
643 0.0463 8732672
644 0.0458 8765440
645 0.0463 8761344
646 0.0449 8761344
647 0.0464 8744960
648 0.0505 8798208
649 0.0462 8749056
650 0.0494 8769536
651 0.0483 8781824
652 0.0492 8765440
653 0.0504 8835072
654 0.0452 8724480
655 0.0456 8773632
656 0.0495 8765440
657 0.0455 8765440
658 0.0454 8724480
659 0.0503 8785920
660 0.0454 8732672
661 0.0457 8773632
662 0.0451 8724480
663 0.0458 8765440
664 0.0497 8777728
665 0.0467 8740864
666 0.0456 8777728
667 0.0499 8847360
668 0.0491 8794112
669 0.0467 8769536
670 0.0519 8835072
671 0.0485 8765440
672 0.0517 8781824
673 0.0462 8822784
674 0.0459 8744960
675 0.0479 8773632
676 0.0472 8744960
677 0.0462 8744960
678 0.0459 8785920
679 0.046 8785920
680 0.046 8728576
681 0.0464 8777728
682 0.0458 8757248
683 0.0459 8753152
684 0.0515 8822784
685 0.0475 8785920
686 0.0484 8798208
687 0.0504 8826880
688 0.0498 8785920
689 0.0483 8761344
690 0.0466 8769536
691 0.0479 8794112
692 0.0475 8785920
693 0.0475 8794112
694 0.0484 8785920
695 0.0463 8773632
696 0.0477 8798208
697 0.0524 8806400
698 0.0493 8790016
699 0.0467 8773632
700 0.048 8773632
701 0.0476 8794112
702 0.0479 8798208
703 0.0514 8867840
704 0.0469 8822784
705 0.0478 8781824
706 0.0473 8802304
707 0.0482 8806400
708 0.05 8790016
709 0.0481 8785920
710 0.0533 8888320
711 0.0484 8777728
712 0.0508 8802304
713 0.0469 8773632
714 0.0479 8773632
715 0.0474 8798208
716 0.0484 8822784
717 0.0514 8806400
718 0.0504 8880128
719 0.0487 8794112
720 0.0476 8814592
721 0.0517 8810496
722 0.0484 8777728
723 0.0474 8777728
724 0.0489 8830976
725 0.0476 8794112
726 0.0489 8810496
727 0.055 8867840
728 0.0493 8798208
729 0.0475 8777728
730 0.0477 8777728
731 0.0478 8777728
732 0.0491 8798208
733 0.0546 8859648
734 0.0485 8826880
735 0.0477 8798208
736 0.0483 8835072
737 0.0486 8839168
738 0.0483 8826880
739 0.0516 8826880
740 0.0492 8835072
741 0.0501 8835072
742 0.052 8830976
743 0.0483 8798208
744 0.0504 8818688
745 0.0485 8835072
746 0.048 8818688
747 0.0482 8806400
748 0.0522 8978432
749 0.0482 8806400
750 0.0486 8806400
751 0.0496 8826880
752 0.0485 8802304
753 0.0526 8859648
754 0.0529 8912896
755 0.0488 8843264
756 0.0543 8822784
757 0.0499 8880128
758 0.0528 8843264
759 0.0485 8810496
760 0.0488 8810496
761 0.0525 8843264
762 0.0491 8810496
763 0.0498 8835072
764 0.0489 8851456
765 0.0503 8835072
766 0.0506 8826880
767 0.0497 8941568
768 0.0504 8835072
769 0.055 8876032
770 0.0487 8822784
771 0.0493 8863744
772 0.0493 8822784
773 0.0502 8839168
774 0.0501 8855552
775 0.0638 8863744
776 0.0588 8921088
777 0.0495 8826880
778 0.0538 8859648
779 0.0498 8892416
780 0.0534 8859648
781 0.0495 8863744
782 0.0496 8867840
783 0.0511 8851456
784 0.0543 8855552
785 0.0494 8826880
786 0.0518 8851456
787 0.0494 8839168
788 0.0541 8871936
789 0.0493 8847360
790 0.0538 8859648
791 0.0507 8871936
792 0.0518 8859648
793 0.0499 8835072
794 0.0497 8880128
795 0.0538 8867840
796 0.0496 8839168
797 0.0514 8863744
798 0.0543 8867840
799 0.0535 8871936
800 0.0526 8945664
801 0.0598 8941568
802 0.05 8839168
803 0.0501 8839168
804 0.0516 8867840
805 0.0507 8859648
806 0.0539 8945664
807 0.0516 8859648
808 0.0526 8851456
809 0.0509 8859648
810 0.0512 8880128
811 0.0517 8880128
812 0.0517 8888320
813 0.0506 8863744
814 0.0516 8876032
815 0.0503 8847360
816 0.0504 8847360
817 0.0506 8892416
818 0.0524 8863744
819 0.0503 8851456
820 0.0515 8892416
821 0.0524 8876032
822 0.053 8876032
823 0.0524 8871936
824 0.0611 8916992
825 0.0516 8876032
826 0.054 8884224
827 0.051 8896512
828 0.0515 8884224
829 0.051 8859648
830 0.0517 8925184
831 0.0514 8957952
832 0.0517 8941568
833 0.0523 8888320
834 0.0511 8863744
835 0.052 8863744
836 0.0562 8921088
837 0.052 8884224
838 0.0552 8921088
839 0.0512 8863744
840 0.0511 8859648
841 0.0521 8900608
842 0.0523 8904704
843 0.0554 8888320
844 0.0515 8904704
845 0.0525 8880128
846 0.0516 8859648
847 0.0556 8892416
848 0.0574 8888320
849 0.053 8884224
850 0.0556 8892416
851 0.0566 8925184
852 0.0518 8933376
853 0.0539 9011200
854 0.056 8949760
855 0.0536 8916992
856 0.0522 8916992
857 0.0535 8945664
858 0.0556 8949760
859 0.052 8957952
860 0.0547 8949760
861 0.0524 8929280
862 0.0534 8998912
863 0.053 8957952
864 0.056 8953856
865 0.0519 8929280
866 0.0575 8994816
867 0.0527 8929280
868 0.0538 8953856
869 0.0522 8929280
870 0.0518 8929280
871 0.0535 8953856
872 0.0564 8982528
873 0.0525 8929280
874 0.0525 8945664
875 0.0523 8933376
876 0.0525 8966144
877 0.0543 8957952
878 0.0528 8978432
879 0.0526 8941568
880 0.058 8982528
881 0.0544 8982528
882 0.0582 8970240
883 0.0526 8921088
884 0.0562 8945664
885 0.0537 8966144
886 0.053 8949760
887 0.0539 8970240
888 0.0529 8978432
889 0.0564 8970240
890 0.0531 8949760
891 0.0528 8949760
892 0.0528 8949760
893 0.055 9011200
894 0.0579 9027584
895 0.0558 8990720
896 0.0543 8978432
897 0.0531 8949760
898 0.0541 8978432
899 0.0571 8982528
900 0.0582 8986624
901 0.0535 8957952
902 0.0549 8990720
903 0.0543 8957952
904 0.0531 8962048
905 0.0591 9011200
906 0.0545 8974336
907 0.0574 8986624
908 0.054 9027584
909 0.0582 8978432
910 0.0596 9031680
911 0.055 8998912
912 0.0573 8982528
913 0.0543 8994816
914 0.0552 8974336
915 0.0539 8962048
916 0.0582 8998912
917 0.0566 8994816
918 0.0577 9035776
919 0.0556 9052160
920 0.0539 8998912
921 0.0536 8986624
922 0.0558 8978432
923 0.0553 8990720
924 0.0542 8970240
925 0.0556 8970240
926 0.0551 8990720
927 0.0578 8978432
928 0.0544 8953856
929 0.0556 8986624
930 0.0553 9003008
931 0.0542 8970240
932 0.0541 8974336
933 0.0551 9023488
934 0.0583 8994816
935 0.059 8994816
936 0.0543 8974336
937 0.0561 8990720
938 0.0543 8978432
939 0.0589 9003008
940 0.0562 8994816
941 0.0556 8978432
942 0.0569 8994816
943 0.0548 8978432
944 0.0545 8978432
945 0.0551 9023488
946 0.0552 9015296
947 0.0601 9043968
948 0.0598 9048064
949 0.0608 9129984
950 0.055 8986624
951 0.0562 9007104
952 0.0708 9146368
953 0.0564 9003008
954 0.0553 9019392
955 0.055 9023488
956 0.0589 9031680
957 0.0576 8998912
958 0.0545 8998912
959 0.0585 9043968
960 0.0553 8986624
961 0.0565 9007104
962 0.0557 9023488
963 0.0577 9043968
964 0.0571 9007104
965 0.0595 8990720
966 0.0568 9011200
967 0.0551 9035776
968 0.0552 9027584
969 0.0572 9011200
970 0.0575 9015296
971 0.0571 9019392
972 0.0555 9015296
973 0.0571 9015296
974 0.061 9093120
975 0.0593 9023488
976 0.0561 8998912
977 0.0571 9027584
978 0.0562 9003008
979 0.056 8998912
980 0.0562 9003008
981 0.0586 9048064
982 0.0561 9015296
983 0.0561 9003008
984 0.057 9039872
985 0.0562 9043968
986 0.0563 9003008
987 0.0566 9003008
988 0.0571 9027584
989 0.0564 9027584
990 0.0567 9043968
991 0.0566 9031680
992 0.058 9097216
993 0.0563 9007104
994 0.0563 9007104
995 0.0582 9121792
996 0.0561 9011200
997 0.0563 9015296
998 0.0566 9056256
999 0.0671 9224192
1000 0.0606 9125888