1 0.0268 8179712
2 0.0244 8146944
3 0.0254 8155136
4 0.0247 8130560
5 0.0231 8130560
6 0.0245 8151040
7 0.0239 8134656
8 0.0233 8163328
9 0.0232 8175616
10 0.0248 8179712
11 0.0244 8142848
12 0.0271 8175616
13 0.0235 8142848
14 0.0257 8179712
15 0.0248 8146944
16 0.0252 8171520
17 0.0255 8171520
18 0.0254 8163328
19 0.0244 8151040
20 0.0247 8155136
21 0.0239 8175616
22 0.0243 8200192
23 0.0239 8159232
24 0.0338 8212480
25 0.0257 8163328
26 0.0242 8163328
27 0.0245 8167424
28 0.0255 8179712
29 0.0261 8196096
30 0.0285 8200192
31 0.0252 8228864
32 0.0271 8241152
33 0.0243 8175616
34 0.0257 8175616
35 0.0258 8187904
36 0.0246 8183808
37 0.0248 8216576
38 0.0268 8208384
39 0.0249 8187904
40 0.0252 8212480
41 0.0289 8216576
42 0.0249 8192000
43 0.0264 8216576
44 0.0258 8192000
45 0.0252 8196096
46 0.0264 8220672
47 0.0267 8220672
48 0.029 8228864
49 0.0255 8200192
50 0.0268 8216576
51 0.0255 8204288
52 0.0267 8216576
53 0.0257 8204288
54 0.039 8208384
55 0.036 8224768
56 0.0267 8241152
57 0.0271 8224768
58 0.0258 8212480
59 0.0258 8212480
60 0.026 8212480
61 0.027 8232960
62 0.0274 8224768
63 0.0261 8220672
64 0.0261 8220672
65 0.026 8220672
66 0.0276 8245248
67 0.0299 8249344
68 0.0275 8253440
69 0.0299 8257536
70 0.0264 8224768
71 0.0277 8245248
72 0.028 8249344
73 0.0282 8249344
74 0.0268 8232960
75 0.0271 8278016
76 0.0282 8286208
77 0.0265 8237056
78 0.0267 8278016
79 0.0283 8261632
80 0.0267 8241152
81 0.027 8241152
82 0.0269 8245248
83 0.027 8245248
84 0.0268 8249344
85 0.0269 8286208
86 0.0309 8278016
87 0.0271 8290304
88 0.0285 8282112
89 0.0271 8253440
90 0.0283 8290304
91 0.0274 8294400
92 0.0274 8261632
93 0.0273 8261632
94 0.0291 8282112
95 0.0275 8261632
96 0.0274 8265728
97 0.0292 8286208
98 0.0277 8306688
99 0.0291 8290304
100 0.0281 8339456
101 0.0315 8298496
102 0.0279 8273920
103 0.0316 8298496
104 0.0295 8298496
105 0.0286 8278016
106 0.0283 8310784
107 0.0321 8314880
108 0.0295 8310784
109 0.0283 8290304
110 0.0283 8290304
111 0.0283 8298496
112 0.0282 8298496
113 0.0295 8327168
114 0.03 8331264
115 0.0287 8339456
116 0.0289 8343552
117 0.0356 8339456
118 0.0306 8331264
119 0.0292 8343552
120 0.0296 8306688
121 0.0292 8306688
122 0.0291 8314880
123 0.0335 8347648
124 0.0293 8355840
125 0.0304 8351744
126 0.03 8339456
127 0.0305 8343552
128 0.0378 8421376
129 0.0294 8327168
130 0.0291 8368128
131 0.0291 8364032
132 0.0291 8331264
133 0.0292 8339456
134 0.0337 8404992
135 0.0309 8351744
136 0.0337 8376320
137 0.0294 8351744
138 0.0307 8351744
139 0.0343 8388608
140 0.0332 8380416
141 0.0314 8359936
142 0.0295 8364032
143 0.0583 8359936
144 0.0308 8347648
145 0.0319 8384512
146 0.0315 8380416
147 0.0346 8380416
148 0.0304 8396800
149 0.0311 8388608
150 0.0302 8364032
151 0.034 8392704
152 0.0343 8404992
153 0.0307 8364032
154 0.0303 8364032
155 0.0317 8425472
156 0.0304 8376320
157 0.0347 8400896
158 0.0313 8400896
159 0.0309 8376320
160 0.0381 8409088
161 0.0316 8417280
162 0.0306 8384512
163 0.0357 8437760
164 0.0318 8380416
165 0.0307 8380416
166 0.0336 8421376
167 0.0364 8400896
168 0.033 8404992
169 0.0322 8450048
170 0.0313 8376320
171 0.0356 8413184
172 0.0313 8384512
173 0.0312 8388608
174 0.0312 8384512
175 0.0352 8417280
176 0.0356 8429568
177 0.0311 8388608
178 0.0316 8425472
179 0.0352 8417280
180 0.0316 8409088
181 0.0329 8421376
182 0.0318 8396800
183 0.0318 8392704
184 0.0356 8421376
185 0.0333 8429568
186 0.0319 8396800
187 0.0319 8400896
188 0.0352 8429568
189 0.0331 8425472
190 0.0353 8466432
191 0.0324 8404992
192 0.0359 8445952
193 0.0362 8450048
194 0.0329 8458240
195 0.0338 8441856
196 0.0326 8466432
197 0.0338 8445952
198 0.0364 8450048
199 0.0325 8429568
200 0.0327 8433664
201 0.0327 8470528
202 0.0332 8486912
203 0.0326 8429568
204 0.0364 8458240
205 0.0327 8433664
206 0.0365 8462336
207 0.0334 8437760
208 0.0332 8437760
209 0.0329 8466432
210 0.0343 8466432
211 0.0368 8466432
212 0.034 8437760
213 0.035 8466432
214 0.0346 8462336
215 0.0347 8458240
216 0.0347 8470528
217 0.0332 8474624
218 0.0343 8499200
219 0.0332 8441856
220 0.0336 8441856
221 0.0336 8441856
222 0.0344 8486912
223 0.034 8491008
224 0.0347 8499200
225 0.0337 8445952
226 0.0347 8478720
227 0.0337 8458240
228 0.0349 8474624
229 0.0357 8470528
230 0.034 8482816
231 0.0353 8470528
232 0.0345 8507392
233 0.0383 8495104
234 0.0344 8507392
235 0.0341 8474624
236 0.0342 8515584
237 0.0392 8507392
238 0.0341 8478720
239 0.0358 8499200
240 0.0362 8511488
241 0.0344 8482816
242 0.0358 8507392
243 0.0366 8507392
244 0.0373 8523776
245 0.0361 8507392
246 0.0364 8511488
247 0.0362 8519680
248 0.0386 8519680
249 0.0354 8511488
250 0.0362 8523776
251 0.0389 8519680
252 0.0351 8491008
253 0.0372 8511488
254 0.0352 8495104
255 0.039 8544256
256 0.0352 8499200
257 0.0354 8507392
258 0.0358 8540160
259 0.0392 8523776
260 0.0355 8507392
261 0.0393 8536064
262 0.0352 8511488
263 0.035 8511488
264 0.0367 8531968
265 0.0355 8511488
266 0.039 8536064
267 0.0353 8511488
268 0.0355 8515584
269 0.0353 8515584
270 0.0357 8556544
271 0.0355 8519680
272 0.0367 8527872
273 0.037 8536064
274 0.0356 8511488
275 0.0399 8540160
276 0.0359 8519680
277 0.0374 8552448
278 0.0358 8536064
279 0.0368 8556544
280 0.0362 8536064
281 0.0359 8536064
282 0.0373 8556544
283 0.0362 8536064
284 0.0374 8564736
285 0.0365 8536064
286 0.0361 8544256
287 0.0375 8564736
288 0.0365 8556544
289 0.0362 8556544
290 0.0404 8581120
291 0.038 8572928
292 0.0405 8585216
293 0.0379 8577024
294 0.0368 8556544
295 0.0408 8593408
296 0.0407 8593408
297 0.0374 8560640
298 0.0407 8601600
299 0.0367 8568832
300 0.0372 8568832
301 0.0371 8630272
302 0.0372 8609792
303 0.0371 8577024
304 0.0385 8601600
305 0.0372 8613888
306 0.0385 8609792
307 0.0413 8609792
308 0.0372 8617984
309 0.0372 8585216
310 0.0416 8609792
311 0.0373 8609792
312 0.0378 8585216
313 0.0414 8613888
314 0.0378 8617984
315 0.0378 8593408
316 0.0389 8626176
317 0.039 8622080
318 0.0387 8617984
319 0.0386 8622080
320 0.0387 8642560
321 0.0388 8638464
322 0.0386 8634368
323 0.0536 8634368
324 0.0389 8634368
325 0.0387 8638464
326 0.0388 8638464
327 0.039 8634368
328 0.0396 8642560
329 0.0388 8634368
330 0.0394 8634368
331 0.0388 8634368
332 0.0393 8638464
333 0.0389 8609792
334 0.039 8654848
335 0.0395 8646656
336 0.0395 8646656
337 0.0391 8638464
338 0.0393 8654848
339 0.0392 8646656
340 0.0394 8646656
341 0.0397 8663040
342 0.0388 8622080
343 0.039 8658944
344 0.0577 8687616
345 0.0594 8658944
346 0.0431 8654848
347 0.0401 8650752
348 0.0406 8667136
349 0.039 8634368
350 0.0392 8634368
351 0.0406 8654848
352 0.0407 8654848
353 0.0397 8654848
354 0.0398 8654848
355 0.0439 8663040
356 0.0408 8667136
357 0.0454 8667136
358 0.0398 8642560
359 0.0416 8667136
360 0.0395 8650752
361 0.0403 8683520
362 0.04 8687616
363 0.0443 8679424
364 0.0396 8650752
365 0.0414 8679424
366 0.04 8650752
367 0.0399 8658944
368 0.0402 8658944
369 0.0406 8658944
370 0.0415 8683520
371 0.0405 8695808
372 0.0416 8699904
373 0.0402 8695808
374 0.0414 8691712
375 0.0413 8671232
376 0.0418 8679424
377 0.0404 8663040
378 0.0409 8699904
379 0.0408 8708096
380 0.0455 8699904
381 0.041 8679424
382 0.0407 8679424
383 0.0411 8699904
384 0.0423 8704000
385 0.0426 8716288
386 0.0408 8687616
387 0.0413 8732672
388 0.041 8691712
389 0.0453 8720384
390 0.0411 8691712
391 0.0424 8720384
392 0.0415 8687616
393 0.0412 8691712
394 0.0452 8724480
395 0.0418 8736768
396 0.0415 8757248
397 0.0427 8724480
398 0.0434 8740864
399 0.0418 8699904
400 0.0418 8699904
401 0.043 8728576
402 0.0419 8708096
403 0.0419 8716288
404 0.043 8740864
405 0.042 8716288
406 0.0427 8740864
407 0.0461 8753152
408 0.0423 8749056
409 0.0435 8749056
410 0.0434 8744960
411 0.0435 8757248
412 0.0423 8732672
413 0.0424 8749056
414 0.0424 8732672
415 0.0426 8761344
416 0.0426 8732672
417 0.0422 8732672
418 0.0464 8761344
419 0.0432 8761344
420 0.0428 8740864
421 0.0428 8740864
422 0.0427 8740864
423 0.043 8740864
424 0.0427 8744960
425 0.0442 8765440
426 0.0437 8769536
427 0.0432 8749056
428 0.0429 8749056
429 0.0472 8781824
430 0.0433 8749056
431 0.0434 8798208
432 0.0429 8753152
433 0.0435 8794112
434 0.0452 8785920
435 0.0434 8753152
436 0.0434 8818688
437 0.0447 8785920
438 0.0448 8818688
439 0.0436 8761344
440 0.0436 8765440
441 0.0441 8802304
442 0.0448 8798208
443 0.0434 8765440
444 0.0441 8765440
445 0.0443 8806400
446 0.0454 8785920
447 0.0452 8802304
448 0.0483 8806400
449 0.0453 8810496
450 0.0452 8806400
451 0.0439 8818688
452 0.0441 8790016
453 0.0484 8818688
454 0.045 8826880
455 0.0444 8826880
456 0.0488 8822784
457 0.0445 8785920
458 0.0455 8806400
459 0.0445 8785920
460 0.0455 8867840
461 0.0491 8826880
462 0.0447 8835072
463 0.0448 8830976
464 0.0451 8794112
465 0.0448 8794112
466 0.0448 8802304
467 0.0448 8810496
468 0.0449 8794112
469 0.045 8814592
470 0.0489 8859648
471 0.0452 8822784
472 0.0453 8867840
473 0.0495 8843264
474 0.0452 8822784
475 0.0489 8851456
476 0.0456 8826880
477 0.0459 8863744
478 0.0497 8867840
479 0.0453 8830976
480 0.0469 8851456
481 0.0455 8835072
482 0.0454 8867840
483 0.0455 8835072
484 0.0457 8835072
485 0.0471 8855552
486 0.0458 8839168
487 0.046 8884224
488 0.046 8847360
489 0.0457 8847360
490 0.0472 8855552
491 0.0461 8851456
492 0.05 8884224
493 0.0463 8851456
494 0.0461 8851456
495 0.0503 8884224
496 0.046 8855552
497 0.0463 8855552
498 0.0464 8859648
499 0.0509 8892416
500 0.0465 8859648
501 0.0481 8884224
502 0.0505 8892416
503 0.0466 8892416
504 0.0507 8888320
505 0.0469 8863744
506 0.0483 8888320
507 0.0468 8896512
508 0.048 8892416
509 0.0469 8867840
510 0.0471 8867840
511 0.0469 8855552
512 0.0483 8888320
513 0.0507 8912896
514 0.0481 8884224
515 0.0475 8859648
516 0.0485 8953856
517 0.0489 8884224
518 0.0475 8867840
519 0.0473 8867840
520 0.0473 8867840
521 0.0476 8867840
522 0.0476 8888320
523 0.0475 8876032
524 0.0478 8876032
525 0.0485 8876032
526 0.0525 8908800
527 0.0492 8900608
528 0.0489 8896512
529 0.0478 8880128
530 0.0522 8904704
531 0.0484 8880128
532 0.0478 8884224
533 0.0516 8933376
534 0.0491 8904704
535 0.0482 8884224
536 0.0481 8925184
537 0.0534 8945664
538 0.0492 8937472
539 0.0553 8933376
540 0.0498 8929280
541 0.0488 8896512
542 0.0493 8929280
543 0.0507 8916992
544 0.0533 8916992
545 0.0486 8937472
546 0.0535 8933376
547 0.0495 8941568
548 0.0487 8900608
549 0.0501 8921088
550 0.0493 8937472
551 0.0498 8929280
552 0.0503 8933376
553 0.0493 8941568
554 0.0495 8916992
555 0.0495 8957952
556 0.0503 8941568
557 0.0526 9035776
558 0.0525 8916992
559 0.05 8957952
560 0.0555 8962048
561 0.0505 8957952
562 0.2764 9015296
563 0.0619 8962048
564 0.0785 9113600
565 0.05 8962048
566 0.0576 8974336
567 0.2225 9056256
568 0.0536 8949760
569 0.052 9039872
570 0.054 9031680
571 0.0524 8957952
572 0.0501 8933376
573 0.0524 8953856
574 0.0626 9084928
575 0.054 8957952
576 0.0515 8998912
577 0.0499 8994816
578 0.0504 9015296
579 0.0518 9011200
580 0.0504 9007104
581 0.0501 9031680
582 0.0528 8994816
583 0.0518 9019392
584 0.0518 9011200
585 0.0505 8994816
586 0.0519 9023488
587 0.0507 8994816
588 0.0528 9138176
589 0.0633 9121792
590 0.0716 9084928
591 0.0561 9035776
592 0.0608 9043968
593 0.0552 9023488
594 0.0633 9170944
595 0.0606 9084928
596 0.0531 9015296
597 0.0558 9031680
598 0.0514 9015296
599 0.0611 9072640
600 0.0556 9109504
601 0.0689 9175040
602 0.0559 9043968
603 0.0556 9039872
604 0.0515 9015296
605 0.0527 9035776
606 0.0524 9039872
607 0.0594 9125888
608 0.0522 9043968
609 0.2782 9105408
610 0.0538 9052160
611 0.0532 9043968
612 0.0626 9117696
613 0.0599 9162752
614 0.0523 9072640
615 0.0522 9068544
616 0.0565 9056256
617 0.0521 9031680
618 0.052 9043968
619 0.0525 9064448
620 0.0525 9031680
621 0.0537 9056256
622 0.058 9068544
623 0.0524 9035776
624 0.0532 9089024
625 0.0526 9043968
626 0.0546 9043968
627 0.0527 9043968
628 0.057 9072640
629 0.0531 9043968
630 0.054 9056256
631 0.0542 9048064
632 0.0529 9060352
633 0.0548 9064448
634 0.0568 9093120
635 0.0528 9076736
636 0.0534 9039872
637 0.0612 9109504
638 0.0571 9076736
639 0.0559 9068544
640 0.0548 9093120
641 0.06 9121792
642 0.065 9203712
643 0.0536 9068544
644 0.0549 9084928
645 0.0541 9068544
646 0.0575 9146368
647 0.0588 9097216
648 0.0562 9060352
649 0.0584 9084928
650 0.0585 9093120
651 0.0626 9154560
652 0.0588 9191424
653 0.0588 9097216
654 0.0596 9318400
655 0.0551 9134080
656 0.0582 9199616
657 0.0661 9261056
658 0.4204 9117696
659 0.1363 9146368
660 0.1666 9179136
661 0.0747 9093120
662 0.1242 9183232
663 0.0706 9187328
664 0.11 9101312
665 0.1752 9142272
666 0.1322 9109504
667 0.1086 9101312
668 0.0863 9248768
669 0.0622 9093120
670 0.0824 9166848
671 0.0584 9125888
672 0.0603 9244672
673 0.0653 9125888
674 0.0562 9138176
675 0.0549 9080832
676 0.0574 9117696
677 0.0567 9117696
678 0.0671 9121792
679 0.0669 9121792
680 0.0559 9129984
681 0.0561 9101312
682 0.0565 9142272
683 0.0607 9162752
684 0.0594 9162752
685 0.0554 9138176
686 0.0552 9121792
687 0.0598 9273344
688 0.0567 9146368
689 0.057 9142272
690 0.0557 9166848
691 0.0562 9138176
692 0.057 9146368
693 0.0594 9158656
694 0.0554 9162752
695 0.0595 9154560
696 0.06 9158656
697 0.0562 9154560
698 0.0598 9166848
699 0.0602 9162752
700 0.0614 9199616
701 0.057 9158656
702 0.0564 9138176
703 0.0564 9154560
704 0.0579 9162752
705 0.0568 9175040
706 0.0563 9138176
707 0.0563 9179136
708 0.0579 9162752
709 0.0577 9166848
710 0.0577 9146368
711 0.0609 9175040
712 0.0614 9179136
713 0.057 9187328
714 0.0583 9179136
715 0.0566 9191424
716 0.0614 9207808
717 0.0567 9150464
718 0.0573 9187328
719 0.0583 9179136
720 0.0612 9183232
721 0.0574 9191424
722 0.0587 9187328
723 0.0574 9195520
724 0.0574 9183232
725 0.0616 9191424
726 0.0599 9199616
727 0.058 9175040
728 0.0582 9191424
729 0.0619 9195520
730 0.0624 9203712
731 0.0625 9203712
732 0.0663 9228288
733 0.0597 9195520
734 0.0601 9199616
735 0.0598 9211904
736 0.0606 9199616
737 0.0714 9232384
738 0.0598 9183232
739 0.0653 9224192
740 0.0639 9256960
741 0.0619 9199616
742 0.06 9175040
743 0.0623 9211904
744 0.064 9211904
745 0.0659 9285632
746 0.0608 9220096
747 0.06 9228288
748 0.0648 9220096
749 0.0598 9224192
750 0.0624 9220096
751 0.0653 9228288
752 0.0621 9224192
753 0.0644 9318400
754 0.0627 9228288
755 0.0599 9216000
756 0.0631 9224192
757 0.061 9216000
758 0.0599 9236480
759 0.0633 9224192
760 0.0636 9228288
761 0.1816 9228288
762 0.063 9220096
763 0.0594 9207808
764 0.0612 9232384
765 0.0607 9232384
766 0.0588 9244672
767 0.0634 9232384
768 0.0643 9273344
769 0.0591 9252864
770 0.0607 9256960
771 0.0598 9252864
772 0.0609 9261056
773 0.0599 9265152
774 0.0615 9265152
775 0.0645 9302016
776 0.0643 9261056
777 0.0599 9244672
778 0.0618 9281536
779 0.0614 9277440
780 0.0639 9318400
781 0.0618 9285632
782 0.0642 9289728
783 0.0625 9281536
784 0.0616 9281536
785 0.0622 9281536
786 0.0641 9285632
787 0.0608 9293824
788 0.0608 9256960
789 0.0604 9314304
790 0.0618 9289728
791 0.0607 9314304
792 0.0607 9318400
793 0.0652 9314304
794 0.0701 9306112
795 0.0649 9297920
796 0.0619 9293824
797 0.0615 9297920
798 0.0646 9302016
799 0.0609 9306112
800 0.0621 9293824
801 0.0621 9289728
802 0.0654 9322496
803 0.0625 9285632
804 0.0653 9306112
805 0.0754 9502720
806 0.0611 9277440
807 0.063 9310208
808 0.0624 9310208
809 0.0651 9314304
810 0.063 9322496
811 0.0629 9310208
812 0.0611 9330688
813 0.0696 9416704
814 0.0654 9318400
815 0.0623 9322496
816 0.0696 9314304
817 0.0727 9371648
818 0.066 9355264
819 0.0662 9322496
820 0.0664 9347072
821 0.0676 9396224
822 0.0657 9322496
823 0.0663 9326592
824 0.066 9326592
825 0.0619 9347072
826 0.0617 9338880
827 0.0617 9302016
828 0.0666 9330688
829 0.0657 9318400
830 0.0641 9302016
831 0.0637 9334784
832 0.0641 9347072
833 0.0659 9359360
834 0.0677 9367552
835 0.0623 9367552
836 0.0631 9355264
837 0.0629 9383936
838 0.0642 9367552
839 0.0629 9379840
840 0.0637 9367552
841 0.0645 9367552
842 0.0694 9400320
843 0.0693 9404416
844 0.1608 9371648
845 0.069 9371648
846 0.0648 9396224
847 0.0655 9367552
848 0.0634 9347072
849 0.0659 9371648
850 0.0627 9351168
851 0.0694 9404416
852 0.0676 9388032
853 0.0652 9416704
854 0.0671 9420800
855 0.0663 9416704
856 0.0671 9420800
857 0.0691 9416704
858 0.0673 9424896
859 0.0692 9555968
860 0.0677 9412608
861 0.0661 9420800
862 0.0681 9428992
863 0.0693 9424896
864 0.0676 9428992
865 0.0693 9400320
866 0.0742 9474048
867 0.0716 9584640
868 0.0698 9437184
869 0.0652 9400320
870 0.0666 9420800
871 0.0689 9428992
872 0.067 9543680
873 0.0648 9424896
874 0.0685 9437184
875 0.0645 9408512
876 0.0645 9445376
877 0.0649 9445376
878 0.065 9445376
879 0.0692 9449472
880 0.0665 9437184
881 0.0685 9449472
882 0.0691 9449472
883 0.065 9457664
884 0.0649 9416704
885 0.0659 9445376
886 0.0688 9461760
887 0.0644 9449472
888 0.0661 9449472
889 0.0653 9441280
890 0.0689 9453568
891 0.0703 9461760
892 0.0667 9449472
893 0.0659 9428992
894 0.07 9568256
895 0.0695 9613312
896 0.076 9625600
897 0.0675 9474048
898 0.0698 9461760
899 0.0667 9469952
900 0.066 9437184
901 0.0709 9461760
902 0.0707 9469952
903 0.0755 9469952
904 0.0668 9469952
905 0.0653 9461760
906 0.067 9478144
907 0.0702 9609216
908 0.0662 9445376
909 0.0662 9445376
910 0.0655 9486336
911 0.071 9482240
912 0.0665 9486336
913 0.068 9465856
914 0.068 9486336
915 0.0689 9494528
916 0.0742 9478144
917 0.0712 9490432
918 0.0676 9498624
919 0.0721 9494528
920 0.0677 9486336
921 0.0717 9502720
922 0.0677 9506816
923 0.0722 9490432
924 0.0671 9523200
925 0.0691 9506816
926 0.0728 9490432
927 0.0717 9506816
928 0.068 9502720
929 0.0724 9502720
930 0.0699 9498624
931 0.0722 9494528
932 0.0679 9523200
933 0.0724 9515008
934 0.0687 9474048
935 0.0727 9519104
936 0.069 9482240
937 0.0701 9515008
938 0.07 9519104
939 0.0681 9515008
940 0.0683 9543680
941 0.0712 9584640
942 0.0705 9674752
943 0.0687 9551872
944 0.0718 9539584
945 0.0676 9539584
946 0.0683 9555968
947 0.0694 9555968
948 0.0717 9535488
949 0.0682 9555968
950 0.0722 9560064
951 0.0675 9531392
952 0.0693 9531392
953 0.0695 9539584
954 0.0681 9531392
955 0.0693 9555968
956 0.073 9543680
957 0.0716 9555968
958 0.0693 9555968
959 0.0684 9523200
960 0.0696 9539584
961 0.07 9555968
962 0.0687 9535488
963 0.0699 9560064
964 0.0689 9539584
965 0.0688 9539584
966 0.07 9568256
967 0.0703 9560064
968 0.0687 9539584
969 0.0703 9572352
970 0.0708 9568256
971 0.0696 9576448
972 0.0686 9543680
973 0.073 9572352
974 0.0727 9572352
975 0.073 9588736
976 0.0691 9584640
977 0.0739 9674752
978 0.074 9580544
979 0.0692 9555968
980 0.0689 9564160
981 0.0705 9572352
982 0.069 9601024
983 0.0693 9588736
984 0.074 9596928
985 0.0741 9596928
986 0.071 9580544
987 0.073 9596928
988 0.0694 9605120
989 0.0715 9588736
990 0.0736 9592832
991 0.0709 9613312
992 0.071 9584640
993 0.07 9605120
994 0.0714 9592832
995 0.0719 9592832
996 0.0698 9580544
997 0.0739 9613312
998 0.0704 9605120
999 0.0722 9605120
1000 0.0707 9584640