1 0.0267 8155136
2 0.0278 8159232
3 0.0279 8183808
4 0.0256 8204288
5 0.0249 8167424
6 0.0239 8130560
7 0.0232 8134656
8 0.0279 8163328
9 0.0248 8175616
10 0.024 8142848
11 0.0306 8192000
12 0.0251 8196096
13 0.0242 8142848
14 0.0242 8146944
15 0.0247 8146944
16 0.0239 8146944
17 0.0239 8187904
18 0.0256 8167424
19 0.025 8175616
20 0.0245 8155136
21 0.0247 8183808
22 0.026 8175616
23 0.0302 8204288
24 0.0257 8257536
25 0.0288 8192000
26 0.0277 8208384
27 0.0252 8183808
28 0.0252 8167424
29 0.0264 8183808
30 0.0269 8192000
31 0.0251 8171520
32 0.0263 8204288
33 0.0266 8192000
34 0.0258 8253440
35 0.029 8237056
36 0.0268 8196096
37 0.0263 8216576
38 0.025 8220672
39 0.0282 8204288
40 0.0256 8187904
41 0.0254 8187904
42 0.0271 8208384
43 0.0314 8253440
44 0.026 8192000
45 0.0253 8228864
46 0.026 8220672
47 0.026 8196096
48 0.0293 8224768
49 0.0259 8200192
50 0.0259 8200192
51 0.0277 8228864
52 0.0275 8228864
53 0.0304 8273920
54 0.0301 8237056
55 0.0256 8208384
56 0.0262 8212480
57 0.0278 8241152
58 0.0294 8286208
59 0.0265 8212480
60 0.028 8265728
61 0.028 8232960
62 0.0265 8216576
63 0.0269 8220672
64 0.0266 8220672
65 0.0304 8249344
66 0.0282 8237056
67 0.0279 8241152
68 0.0269 8224768
69 0.0268 8265728
70 0.027 8224768
71 0.0274 8228864
72 0.0272 8273920
73 0.0328 8310784
74 0.0279 8245248
75 0.0278 8261632
76 0.0279 8237056
77 0.0294 8257536
78 0.0314 8310784
79 0.0315 8273920
80 0.0313 8269824
81 0.0305 8306688
82 0.0327 8347648
83 0.032 8265728
84 0.0296 8327168
85 0.0314 8278016
86 0.0283 8249344
87 0.0309 8273920
88 0.0298 8278016
89 0.0381 8273920
90 0.0346 8310784
91 0.0281 8261632
92 0.0286 8261632
93 0.0293 8306688
94 0.0295 8278016
95 0.0291 8286208
96 0.0283 8302592
97 0.032 8290304
98 0.0292 8269824
99 0.031 8327168
100 0.0336 8310784
101 0.0307 8388608
102 0.0287 8310784
103 0.03 8314880
104 0.0326 8302592
105 0.0297 8278016
106 0.0364 8339456
107 0.0286 8290304
108 0.0296 8335360
109 0.0291 8318976
110 0.03 8314880
111 0.0297 8331264
112 0.0332 8396800
113 0.0305 8327168
114 0.0302 8318976
115 0.0316 8331264
116 0.0351 8351744
117 0.046 8343552
118 0.0292 8347648
119 0.0306 8327168
120 0.0312 8364032
121 0.0353 8347648
122 0.0335 8372224
123 0.0312 8339456
124 0.0314 8339456
125 0.0333 8343552
126 0.0308 8335360
127 0.0298 8323072
128 0.031 8351744
129 0.0336 8351744
130 0.0298 8327168
131 0.0299 8331264
132 0.0299 8331264
133 0.0356 8417280
134 0.0313 8368128
135 0.0302 8327168
136 0.0314 8343552
137 0.0309 8351744
138 0.0342 8355840
139 0.0304 8339456
140 0.0358 8388608
141 0.032 8355840
142 0.0344 8396800
143 0.0308 8339456
144 0.0305 8376320
145 0.032 8380416
146 0.0314 8409088
147 0.0321 8380416
148 0.0318 8388608
149 0.0306 8355840
150 0.0307 8364032
151 0.0314 8409088
152 0.0307 8364032
153 0.031 8400896
154 0.0307 8364032
155 0.0332 8396800
156 0.031 8376320
157 0.0311 8376320
158 0.0329 8470528
159 0.0353 8396800
160 0.0313 8376320
161 0.0351 8400896
162 0.0311 8384512
163 0.0329 8396800
164 0.0316 8380416
165 0.0354 8445952
166 0.0328 8400896
167 0.0318 8384512
168 0.0318 8388608
169 0.0318 8421376
170 0.0329 8400896
171 0.0362 8454144
172 0.0319 8384512
173 0.0319 8425472
174 0.0327 8417280
175 0.0403 8404992
176 0.0319 8388608
177 0.032 8417280
178 0.033 8425472
179 0.0335 8409088
180 0.0359 8417280
181 0.0335 8417280
182 0.0333 8433664
183 0.0411 8486912
184 0.0334 8417280
185 0.0332 8413184
186 0.0357 8495104
187 0.0342 8429568
188 0.0329 8433664
189 0.0339 8413184
190 0.0376 8450048
191 0.0329 8404992
192 0.0341 8421376
193 0.0327 8421376
194 0.0328 8421376
195 0.0328 8421376
196 0.0331 8429568
197 0.0333 8425472
198 0.0329 8421376
199 0.0342 8429568
200 0.033 8433664
201 0.0345 8454144
202 0.0345 8450048
203 0.0346 8454144
204 0.0334 8429568
205 0.0384 8486912
206 0.0387 8495104
207 0.0386 8466432
208 0.035 8462336
209 0.0348 8458240
210 0.0352 8437760
211 0.0339 8437760
212 0.0337 8437760
213 0.035 8462336
214 0.0358 8458240
215 0.034 8437760
216 0.0393 8511488
217 0.0352 8462336
218 0.0342 8441856
219 0.0378 8470528
220 0.0345 8499200
221 0.0381 8470528
222 0.0343 8441856
223 0.0341 8454144
224 0.0343 8441856
225 0.034 8445952
226 0.038 8495104
227 0.0345 8458240
228 0.0346 8450048
229 0.0348 8454144
230 0.0357 8482816
231 0.0361 8474624
232 0.0347 8503296
233 0.0347 8474624
234 0.0411 8560640
235 0.0347 8474624
236 0.0347 8478720
237 0.0352 8519680
238 0.0393 8507392
239 0.0349 8478720
240 0.0366 8503296
241 0.0348 8482816
242 0.0383 8503296
243 0.0353 8486912
244 0.035 8486912
245 0.0365 8507392
246 0.0396 8515584
247 0.0356 8523776
248 0.0366 8515584
249 0.0355 8527872
250 0.0353 8495104
251 0.0359 8486912
252 0.0413 8589312
253 0.0435 8585216
254 0.0374 8523776
255 0.04 8523776
256 0.036 8499200
257 0.0366 8507392
258 0.0363 8507392
259 0.0361 8503296
260 0.0395 8531968
261 0.0366 8511488
262 0.0361 8511488
263 0.0361 8511488
264 0.0363 8511488
265 0.0366 8581120
266 0.0361 8548352
267 0.0368 8548352
268 0.0394 8544256
269 0.0465 8531968
270 0.0367 8515584
271 0.0366 8519680
272 0.0421 8540160
273 0.0388 8540160
274 0.0407 8540160
275 0.0365 8515584
276 0.0383 8540160
277 0.0368 8536064
278 0.0381 8556544
279 0.0373 8536064
280 0.0416 8552448
281 0.0369 8568832
282 0.0412 8564736
283 0.037 8536064
284 0.0385 8556544
285 0.0385 8556544
286 0.0377 8544256
287 0.0373 8544256
288 0.039 8572928
289 0.0378 8577024
290 0.0392 8577024
291 0.0378 8556544
292 0.0374 8556544
293 0.0393 8585216
294 0.039 8577024
295 0.0376 8601600
296 0.0384 8564736
297 0.0379 8597504
298 0.0391 8597504
299 0.0379 8613888
300 0.0391 8585216
301 0.0385 8601600
302 0.0387 8577024
303 0.0389 8630272
304 0.0439 8683520
305 0.0391 8622080
306 0.0417 8609792
307 0.0402 8605696
308 0.0389 8634368
309 0.0397 8601600
310 0.0385 8585216
311 0.0385 8585216
312 0.04 8613888
313 0.0388 8589312
314 0.0386 8593408
315 0.0396 8613888
316 0.0392 8630272
317 0.0449 8695808
318 0.0407 8626176
319 0.0429 8622080
320 0.0392 8601600
321 0.0405 8613888
322 0.0391 8601600
323 0.0389 8601600
324 0.0392 8601600
325 0.0394 8663040
326 0.0393 8638464
327 0.0432 8638464
328 0.044 8634368
329 0.0396 8605696
330 0.0406 8646656
331 0.0408 8630272
332 0.04 8609792
333 0.044 8650752
334 0.0406 8646656
335 0.0406 8634368
336 0.0404 8613888
337 0.041 8630272
338 0.0404 8626176
339 0.0401 8613888
340 0.0398 8617984
341 0.0403 8622080
342 0.0399 8622080
343 0.0399 8622080
344 0.04 8622080
345 0.0417 8683520
346 0.0411 8622080
347 0.0445 8658944
348 0.0454 8658944
349 0.042 8658944
350 0.0415 8667136
351 0.0437 8654848
352 0.0444 8667136
353 0.0436 8679424
354 0.0412 8634368
355 0.0426 8658944
356 0.0405 8634368
357 0.0418 8671232
358 0.0427 8712192
359 0.0463 8679424
360 0.0412 8650752
361 0.0417 8650752
362 0.0425 8671232
363 0.0433 8671232
364 0.0446 8671232
365 0.0426 8667136
366 0.0422 8650752
367 0.042 8658944
368 0.0425 8679424
369 0.0412 8699904
370 0.0424 8679424
371 0.0464 8744960
372 0.0434 8687616
373 0.0429 8679424
374 0.0422 8704000
375 0.0412 8671232
376 0.0445 8679424
377 0.0472 8740864
378 0.0421 8679424
379 0.0428 8728576
380 0.0457 8699904
381 0.0421 8716288
382 0.0442 8712192
383 0.0421 8671232
384 0.0445 8716288
385 0.043 8687616
386 0.0436 8724480
387 0.0423 8728576
388 0.0422 8728576
389 0.0424 8720384
390 0.0456 8720384
391 0.0421 8728576
392 0.0462 8720384
393 0.0432 8736768
394 0.0438 8720384
395 0.0423 8695808
396 0.0427 8699904
397 0.0426 8699904
398 0.0435 8749056
399 0.0426 8699904
400 0.0469 8728576
401 0.0428 8699904
402 0.0429 8736768
403 0.0429 8716288
404 0.0429 8716288
405 0.0467 8749056
406 0.0444 8740864
407 0.0435 8724480
408 0.0442 8744960
409 0.0494 8851456
410 0.0435 8724480
411 0.0432 8773632
412 0.0434 8769536
413 0.0451 8753152
414 0.0442 8753152
415 0.0487 8810496
416 0.0442 8761344
417 0.0445 8761344
418 0.0448 8732672
419 0.0488 8835072
420 0.0485 8765440
421 0.0459 8773632
422 0.0484 8863744
423 0.0454 8757248
424 0.0439 8744960
425 0.0434 8744960
426 0.0448 8781824
427 0.0483 8777728
428 0.0483 8814592
429 0.0451 8773632
430 0.0445 8794112
431 0.0443 8749056
432 0.045 8794112
433 0.0446 8753152
434 0.0442 8794112
435 0.0447 8753152
436 0.0443 8761344
437 0.0447 8781824
438 0.0451 8785920
439 0.0447 8802304
440 0.045 8798208
441 0.0462 8790016
442 0.045 8765440
443 0.045 8765440
444 0.0476 8781824
445 0.0506 8921088
446 0.0469 8794112
447 0.0491 8818688
448 0.0463 8806400
449 0.0453 8822784
450 0.0454 8785920
451 0.049 8814592
452 0.0455 8826880
453 0.0499 8822784
454 0.0457 8822784
455 0.0463 8814592
456 0.0455 8785920
457 0.0455 8785920
458 0.0456 8785920
459 0.0454 8785920
460 0.0461 8830976
461 0.0495 8826880
462 0.0458 8790016
463 0.0462 8794112
464 0.0463 8859648
465 0.0458 8794112
466 0.0464 8802304
467 0.0475 8830976
468 0.0464 8794112
469 0.0477 8851456
470 0.0461 8822784
471 0.0462 8822784
472 0.0476 8859648
473 0.0462 8822784
474 0.0466 8822784
475 0.0477 8859648
476 0.0477 8847360
477 0.0476 8847360
478 0.0468 8876032
479 0.0469 8863744
480 0.0479 8851456
481 0.0466 8835072
482 0.0467 8835072
483 0.0482 8892416
484 0.0476 8863744
485 0.0471 8871936
486 0.0476 8839168
487 0.047 8847360
488 0.0468 8847360
489 0.0469 8888320
490 0.0469 8839168
491 0.051 8884224
492 0.049 8888320
493 0.051 8884224
494 0.0484 8863744
495 0.0474 8851456
496 0.0477 8855552
497 0.0474 8855552
498 0.0474 8896512
499 0.0473 8859648
500 0.0519 8888320
501 0.0484 8859648
502 0.0513 8892416
503 0.0489 8871936
504 0.048 8859648
505 0.0476 8863744
506 0.0489 8884224
507 0.0484 8888320
508 0.0557 8921088
509 0.049 8867840
510 0.0519 8900608
511 0.0496 8876032
512 0.0486 8863744
513 0.0491 8888320
514 0.0493 8908800
515 0.05 8880128
516 0.0524 8925184
517 0.0496 8867840
518 0.0485 8867840
519 0.0536 8921088
520 0.0535 8921088
521 0.0503 8888320
522 0.0504 8982528
523 0.0503 8912896
524 0.0579 8912896
525 0.0497 8921088
526 0.0505 8876032
527 0.0506 8912896
528 0.0543 8998912
529 0.0511 8953856
530 0.0498 8912896
531 0.0508 8912896
532 0.0506 8921088
533 0.0591 8966144
534 0.0498 8908800
535 0.0608 8925184
536 0.0527 9043968
537 0.0506 8929280
538 0.0507 8925184
539 0.0502 8925184
540 0.0523 8896512
541 0.0515 8962048
542 0.0517 8925184
543 0.0593 8900608
544 0.0497 8900608
545 0.0505 8937472
546 0.0684 9027584
547 0.0615 8990720
548 0.0512 8921088
549 0.0521 8962048
550 0.0497 8941568
551 0.056 8937472
552 0.0514 8937472
553 0.0514 8941568
554 0.0558 8941568
555 0.0504 8916992
556 0.0521 8990720
557 0.0502 8949760
558 0.0514 8945664
559 0.0536 9060352
560 0.0516 8970240
561 0.0518 8949760
562 0.0543 8962048
563 0.0504 8925184
564 0.0554 9113600
565 0.0551 8986624
566 0.0512 8929280
567 0.0549 9011200
568 0.0542 8949760
569 0.051 8929280
570 0.0526 8953856
571 0.0506 8933376
572 0.0527 8962048
573 0.051 8933376
574 0.0512 8941568
575 0.0512 8933376
576 0.0511 9023488
577 0.0548 9023488
578 0.0513 8994816
579 0.0529 9048064
580 0.0514 8994816
581 0.0518 8994816
582 0.053 9011200
583 0.0514 8994816
584 0.053 9011200
585 0.0537 9015296
586 0.0518 8994816
587 0.0547 9109504
588 0.0554 9027584
589 0.0529 9003008
590 0.0533 9039872
591 0.0571 9109504
592 0.0547 9019392
593 0.0556 9089024
594 0.0529 9035776
595 0.0591 9039872
596 0.0531 9031680
597 0.0531 9105408
598 0.0522 9015296
599 0.0554 9027584
600 0.0566 9056256
601 0.0552 9064448
602 0.0538 9015296
603 0.0706 9216000
604 0.0539 9015296
605 0.0527 9015296
606 0.0579 9043968
607 0.0528 9015296
608 0.0572 9064448
609 0.0533 9052160
610 0.0581 9191424
611 0.0566 9039872
612 0.0561 9105408
613 0.0566 9244672
614 0.0539 9031680
615 0.054 9031680
616 0.0554 9056256
617 0.0547 9068544
618 0.054 9084928
619 0.0543 9031680
620 0.0572 9064448
621 0.0616 9232384
622 0.0534 9035776
623 0.0537 9035776
624 0.0568 9101312
625 0.0536 9076736
626 0.0535 9080832
627 0.0556 9089024
628 0.055 9064448
629 0.058 9191424
630 0.0541 9048064
631 0.0575 9076736
632 0.0537 9060352
633 0.0546 9089024
634 0.0583 9089024
635 0.0541 9039872
636 0.0552 9076736
637 0.0542 9080832
638 0.0539 9048064
639 0.0544 9068544
640 0.0542 9052160
641 0.0551 9089024
642 0.0541 9052160
643 0.0544 9068544
644 0.0578 9089024
645 0.0554 9101312
646 0.0544 9060352
647 0.0563 9084928
648 0.055 9060352
649 0.0588 9089024
650 0.0576 9084928
651 0.0556 9117696
652 0.0552 9068544
653 0.0608 9142272
654 0.0578 9273344
655 0.0551 9076736
656 0.0548 9076736
657 0.0606 9076736
658 0.0563 9097216
659 0.056 9109504
660 0.0657 9228288
661 0.055 9076736
662 0.0602 9211904
663 0.0566 9105408
664 0.0563 9125888
665 0.0557 9113600
666 0.0566 9117696
667 0.0607 9285632
668 0.0556 9154560
669 0.0559 9076736
670 0.0558 9129984
671 0.0645 9138176
672 0.0667 9211904
673 0.061 9142272
674 0.0577 9134080
675 0.0561 9113600
676 0.0568 9109504
677 0.0572 9109504
678 0.0576 9121792
679 0.0567 9142272
680 0.0573 9117696
681 0.0577 9138176
682 0.058 9142272
683 0.0601 9162752
684 0.0586 9256960
685 0.0558 9138176
686 0.0563 9121792
687 0.057 9121792
688 0.0568 9138176
689 0.0601 9158656
690 0.0562 9129984
691 0.0577 9138176
692 0.0628 9162752
693 0.0636 9306112
694 0.0597 9183232
695 0.059 9134080
696 0.0591 9154560
697 0.0597 9166848
698 0.0577 9138176
699 0.0619 9162752
700 0.0586 9138176
701 0.0578 9154560
702 0.0591 9154560
703 0.0625 9232384
704 0.0586 9191424
705 0.0645 9216000
706 0.0581 9154560
707 0.0586 9179136
708 0.0643 9211904
709 0.0633 9269248
710 0.0611 9170944
711 0.0606 9162752
712 0.0629 9207808
713 0.0654 9183232
714 0.0573 9179136
715 0.0609 9170944
716 0.0599 9179136
717 0.0597 9150464
718 0.0592 9150464
719 0.0596 9150464
720 0.0622 9195520
721 0.061 9175040
722 0.0703 9285632
723 0.0601 9162752
724 0.0597 9162752
725 0.0581 9170944
726 0.064 9224192
727 0.0581 9211904
728 0.061 9195520
729 0.0624 9191424
730 0.0591 9203712
731 0.0627 9203712
732 0.0599 9191424
733 0.0593 9211904
734 0.0637 9207808
735 0.063 9211904
736 0.0587 9183232
737 0.0608 9199616
738 0.0602 9211904
739 0.059 9224192
740 0.0593 9211904
741 0.0594 9175040
742 0.0589 9175040
743 0.0602 9175040
744 0.0589 9179136
745 0.0655 9359360
746 0.063 9220096
747 0.0641 9207808
748 0.0653 9322496
749 0.061 9203712
750 0.0605 9216000
751 0.0596 9195520
752 0.0596 9195520
753 0.0629 9224192
754 0.0638 9224192
755 0.0613 9211904
756 0.0596 9236480
757 0.0605 9199616
758 0.0617 9252864
759 0.0616 9211904
760 0.0604 9203712
761 0.0601 9203712
762 0.0642 9232384
763 0.0651 9347072
764 0.0617 9232384
765 0.0597 9203712
766 0.0607 9203712
767 0.064 9232384
768 0.0601 9224192
769 0.0621 9297920
770 0.061 9289728
771 0.065 9408512
772 0.061 9252864
773 0.0602 9256960
774 0.0622 9261056
775 0.0604 9256960
776 0.062 9261056
777 0.0653 9453568
778 0.0642 9285632
779 0.0606 9256960
780 0.0628 9326592
781 0.0656 9277440
782 0.0613 9297920
783 0.0651 9293824
784 0.0616 9261056
785 0.064 9277440
786 0.062 9306112
787 0.0632 9277440
788 0.0676 9269248
789 0.0719 9404416
790 0.0648 9306112
791 0.0635 9302016
792 0.0632 9306112
793 0.0612 9281536
794 0.0627 9302016
795 0.0626 9285632
796 0.0636 9297920
797 0.0616 9297920
798 0.0637 9293824
799 0.0625 9310208
800 0.0684 9457664
801 0.0639 9289728
802 0.0642 9318400
803 0.0652 9297920
804 0.0643 9273344
805 0.062 9277440
806 0.0693 9314304
807 0.0641 9289728
808 0.0643 9347072
809 0.0666 9424896
810 0.076 9306112
811 0.0629 9293824
812 0.0645 9367552
813 0.0645 9314304
814 0.0678 9416704
815 0.0649 9306112
816 0.0636 9347072
817 0.0625 9293824
818 0.0677 9306112
819 0.0627 9330688
820 0.0628 9293824
821 0.0641 9314304
822 0.0647 9318400
823 0.0628 9334784
824 0.0646 9322496
825 0.0723 9506816
826 0.0668 9322496
827 0.0627 9338880
828 0.0683 9379840
829 0.0646 9314304
830 0.0668 9318400
831 0.0635 9314304
832 0.065 9351168
833 0.0658 9367552
834 0.0648 9363456
835 0.0652 9363456
836 0.0704 9527296
837 0.0636 9347072
838 0.0657 9375744
839 0.0693 9457664
840 0.063 9347072
841 0.0642 9408512
842 0.0659 9367552
843 0.0655 9375744
844 0.0654 9396224
845 0.0653 9379840
846 0.064 9347072
847 0.0671 9367552
848 0.0649 9375744
849 0.0648 9375744
850 0.0643 9351168
851 0.0649 9441280
852 0.0654 9445376
853 0.0647 9424896
854 0.066 9379840
855 0.0645 9379840
856 0.0667 9404416
857 0.0662 9404416
858 0.0684 9424896
859 0.0712 9564160
860 0.0685 9412608
861 0.068 9428992
862 0.0649 9392128
863 0.0701 9482240
864 0.065 9437184
865 0.0666 9400320
866 0.0684 9441280
867 0.0645 9396224
868 0.0676 9416704
869 0.0701 9474048
870 0.0655 9428992
871 0.0664 9420800
872 0.0673 9424896
873 0.0658 9404416
874 0.0654 9441280
875 0.07 9441280
876 0.0655 9408512
877 0.067 9433088
878 0.0694 9469952
879 0.0698 9437184
880 0.0653 9416704
881 0.0659 9416704
882 0.0661 9445376
883 0.0681 9474048
884 0.0699 9441280
885 0.0662 9416704
886 0.0681 9469952
887 0.0664 9424896
888 0.0725 9523200
889 0.0829 9609216
890 0.0663 9453568
891 0.0676 9457664
892 0.0724 9625600
893 0.0669 9461760
894 0.0698 9478144
895 0.0662 9461760
896 0.0664 9433088
897 0.0709 9551872
898 0.0667 9437184
899 0.0682 9478144
900 0.0696 9461760
901 0.0688 9531392
902 0.068 9461760
903 0.0671 9437184
904 0.0671 9441280
905 0.072 9486336
906 0.0662 9445376
907 0.0669 9486336
908 0.0679 9465856
909 0.0683 9474048
910 0.0672 9494528
911 0.0715 9482240
912 0.0677 9465856
913 0.0669 9433088
914 0.0687 9535488
915 0.0678 9453568
916 0.0685 9474048
917 0.0674 9461760
918 0.0676 9490432
919 0.0693 9502720
920 0.0679 9465856
921 0.0677 9474048
922 0.0723 9498624
923 0.069 9531392
924 0.0717 9490432
925 0.0739 9625600
926 0.069 9478144
927 0.068 9515008
928 0.0695 9498624
929 0.0715 9494528
930 0.069 9482240
931 0.0694 9502720
932 0.0688 9523200
933 0.0704 9502720
934 0.068 9474048
935 0.0688 9494528
936 0.0683 9531392
937 0.0738 9629696
938 0.0728 9527296
939 0.0682 9515008
940 0.0697 9531392
941 0.0694 9551872
942 0.0709 9543680
943 0.073 9539584
944 0.0737 9555968
945 0.0709 9539584
946 0.0731 9543680
947 0.0753 9601024
948 0.0721 9527296
949 0.07 9527296
950 0.0708 9531392
951 0.0697 9551872
952 0.075 9662464
953 0.0706 9547776
954 0.0727 9551872
955 0.0705 9547776
956 0.0714 9564160
957 0.0712 9572352
958 0.0765 9666560
959 0.0767 9715712
960 0.0771 9568256
961 0.0724 9613312
962 0.0735 9564160
963 0.0787 9596928
964 0.0699 9539584
965 0.0713 9584640
966 0.0696 9580544
967 0.0749 9564160
968 0.0713 9539584
969 0.0737 9662464
970 0.0762 9580544
971 0.0708 9641984
972 0.0705 9580544
973 0.0784 9617408
974 0.0699 9543680
975 0.0701 9551872
976 0.0717 9568256
977 0.0751 9707520
978 0.0726 9572352
979 0.0702 9555968
980 0.0709 9572352
981 0.0707 9576448
982 0.0717 9576448
983 0.0741 9650176
984 0.0709 9564160
985 0.0729 9576448
986 0.0714 9674752
987 0.0712 9596928
988 0.0722 9588736
989 0.078 9756672
990 0.0713 9568256
991 0.0717 9588736
992 0.0789 9703424
993 0.0721 9572352
994 0.0752 9605120
995 0.071 9580544
996 0.0709 9617408
997 0.0719 9601024
998 0.0718 9621504
999 0.0719 9633792
1000 0.0779 9605120