1 0.0262 8683520
2 0.0365 8658944
3 0.0253 8654848
4 0.0285 8667136
5 0.0266 8609792
6 0.0268 8708096
7 0.0257 8634368
8 0.0306 8675328
9 0.03 8687616
10 0.0362 8691712
11 0.0306 8699904
12 0.028 8687616
13 0.0256 8667136
14 0.0305 8663040
15 0.0275 8663040
16 0.03 8634368
17 0.0267 8667136
18 0.0318 8675328
19 0.0291 8642560
20 0.0315 8695808
21 0.0345 8712192
22 0.0275 8671232
23 0.0292 8646656
24 0.0313 8712192
25 0.0316 8699904
26 0.0302 8679424
27 0.0318 8687616
28 0.0324 8667136
29 0.0315 8716288
30 0.0297 8712192
31 0.0257 8654848
32 0.0322 8704000
33 0.0278 8712192
34 0.028 8646656
35 0.032 8708096
36 0.0327 8663040
37 0.0284 8663040
38 0.0292 8687616
39 0.032 8679424
40 0.0313 8704000
41 0.027 8658944
42 0.0312 8683520
43 0.0311 8658944
44 0.0264 8663040
45 0.0297 8728576
46 0.0296 8708096
47 0.0313 8708096
48 0.0284 8658944
49 0.03 8699904
50 0.0298 8642560
51 0.0287 8663040
52 0.0321 8732672
53 0.0269 8675328
54 0.0312 8675328
55 0.0297 8708096
56 0.033 8736768
57 0.0296 8740864
58 0.0332 8646656
59 0.0284 8679424
60 0.0323 8683520
61 0.0308 8736768
62 0.0295 8679424
63 0.034 8728576
64 0.0327 8663040
65 0.0328 8716288
66 0.0318 8716288
67 0.033 8687616
68 0.0291 8667136
69 0.0307 8654848
70 0.0276 8671232
71 0.0273 8675328
72 0.031 8744960
73 0.0308 8724480
74 0.0328 8679424
75 0.0294 8679424
76 0.0287 8675328
77 0.0354 8720384
78 0.0311 8749056
79 0.0312 8683520
80 0.0342 8740864
81 0.0313 8675328
82 0.0316 8712192
83 0.0354 8683520
84 0.0345 8732672
85 0.0303 8716288
86 0.0318 8753152
87 0.0326 8699904
88 0.028 8699904
89 0.0306 8724480
90 0.029 8679424
91 0.0286 8704000
92 0.0314 8753152
93 0.0329 8704000
94 0.0309 8687616
95 0.0281 8658944
96 0.0334 8712192
97 0.0298 8749056
98 0.0341 8740864
99 0.0322 8675328
100 0.0295 8720384
101 0.0339 8761344
102 0.0292 8749056
103 0.0305 8736768
104 0.0352 8765440
105 0.0313 8712192
106 0.0308 8744960
107 0.0299 8732672
108 0.0307 8753152
109 0.0342 8736768
110 0.0345 8699904
111 0.034 8716288
112 0.0303 8712192
113 0.0328 8691712
114 0.0347 8757248
115 0.0302 8749056
116 0.0392 8749056
117 0.0366 8761344
118 0.0321 8761344
119 0.032 8695808
120 0.0335 8757248
121 0.0338 8740864
122 0.036 8744960
123 0.0297 8687616
124 0.0337 8712192
125 0.0348 8740864
126 0.0354 8720384
127 0.0334 8699904
128 0.0346 8704000
129 0.0418 8781824
130 0.0434 8753152
131 0.0402 8749056
132 0.0412 8757248
133 0.0319 8728576
134 0.0285 8728576
135 0.0327 8716288
136 0.0346 8777728
137 0.0329 8720384
138 0.0315 8708096
139 0.0304 8704000
140 0.0328 8765440
141 0.0307 8744960
142 0.0335 8736768
143 0.0302 8691712
144 0.0352 8790016
145 0.0343 8724480
146 0.0347 8708096
147 0.033 8744960
148 0.0315 8728576
149 0.0328 8777728
150 0.0314 8744960
151 0.0334 8736768
152 0.0315 8724480
153 0.0338 8769536
154 0.0417 8732672
155 0.0452 8769536
156 0.0314 8732672
157 0.0321 8704000
158 0.0292 8716288
159 0.0345 8785920
160 0.0333 8749056
161 0.0308 8716288
162 0.0356 8765440
163 0.0341 8769536
164 0.0356 8712192
165 0.0307 8749056
166 0.0352 8712192
167 0.0336 8765440
168 0.0329 8765440
169 0.0327 8761344
170 0.0338 8781824
171 0.0345 8732672
172 0.0319 8732672
173 0.0307 8753152
174 0.0336 8736768
175 0.0331 8744960
176 0.0379 8777728
177 0.0347 8740864
178 0.0342 8773632
179 0.0305 8740864
180 0.0359 8744960
181 0.0354 8794112
182 0.0346 8736768
183 0.037 8757248
184 0.0443 8773632
185 0.0399 8757248
186 0.0317 8753152
187 0.0351 8773632
188 0.0337 8794112
189 0.0296 8728576
190 0.0346 8724480
191 0.0339 8798208
192 0.0352 8814592
193 0.0356 8773632
194 0.0323 8785920
195 0.0344 8802304
196 0.0336 8790016
197 0.0313 8732672
198 0.0343 8728576
199 0.0367 8777728
200 0.036 8790016
201 0.0319 8728576
202 0.0346 8798208
203 0.0371 8769536
204 0.0335 8773632
205 0.0305 8716288
206 0.0308 8720384
207 0.0328 8724480
208 0.0338 8773632
209 0.036 8761344
210 0.0348 8798208
211 0.0413 8773632
212 0.0443 8757248
213 0.035 8728576
214 0.0325 8728576
215 0.0355 8806400
216 0.0321 8773632
217 0.0395 8757248
218 0.0344 8802304
219 0.0338 8724480
220 0.0375 8810496
221 0.0356 8806400
222 0.0349 8802304
223 0.0355 8773632
224 0.0327 8806400
225 0.0332 8753152
226 0.0354 8794112
227 0.0368 8810496
228 0.0384 8757248
229 0.0345 8835072
230 0.0337 8744960
231 0.0337 8802304
232 0.0336 8744960
233 0.0333 8757248
234 0.0358 8810496
235 0.0322 8798208
236 0.0324 8798208
237 0.0345 8761344
238 0.0337 8806400
239 0.0354 8818688
240 0.0342 8781824
241 0.0325 8744960
242 0.0369 8777728
243 0.0355 8794112
244 0.0397 8810496
245 0.0346 8810496
246 0.0358 8761344
247 0.0355 8777728
248 0.0379 8773632
249 0.0337 8777728
250 0.0368 8781824
251 0.0365 8822784
252 0.0364 8802304
253 0.0333 8777728
254 0.0357 8839168
255 0.0356 8818688
256 0.0336 8851456
257 0.0323 8765440
258 0.0339 8765440
259 0.0362 8798208
260 0.0401 8785920
261 0.0332 8761344
262 0.0352 8794112
263 0.0336 8810496
264 0.0328 8777728
265 0.0341 8781824
266 0.037 8790016
267 0.0351 8810496
268 0.032 8777728
269 0.0331 8794112
270 0.0329 8773632
271 0.0338 8781824
272 0.0318 8765440
273 0.0367 8818688
274 0.0368 8785920
275 0.0348 8802304
276 0.0366 8802304
277 0.0331 8757248
278 0.0347 8835072
279 0.0349 8777728
280 0.0356 8769536
281 0.0322 8798208
282 0.0334 8814592
283 0.0387 8822784
284 0.0342 8851456
285 0.037 8843264
286 0.036 8773632
287 0.0339 8814592
288 0.0355 8835072
289 0.0346 8822784
290 0.0357 8818688
291 0.0336 8790016
292 0.035 8802304
293 0.0358 8855552
294 0.0376 8847360
295 0.0349 8810496
296 0.0377 8814592
297 0.0356 8830976
298 0.0358 8810496
299 0.0348 8863744
300 0.0346 8851456
301 0.041 8814592
302 0.036 8843264
303 0.0352 8794112
304 0.0364 8835072
305 0.0387 8835072
306 0.0323 8814592
307 0.0379 8794112
308 0.0344 8863744
309 0.0335 8822784
310 0.0336 8798208
311 0.0371 8851456
312 0.0377 8855552
313 0.0353 8818688
314 0.0416 8810496
315 0.0364 8867840
316 0.0378 8826880
317 0.035 8794112
318 0.0386 8863744
319 0.0405 8822784
320 0.033 8839168
321 0.0395 8822784
322 0.036 8814592
323 0.0353 8810496
324 0.0347 8826880
325 0.0364 8888320
326 0.0374 8843264
327 0.0344 8863744
328 0.0354 8843264
329 0.0359 8847360
330 0.0388 8843264
331 0.0372 8826880
332 0.0355 8830976
333 0.0346 8818688
334 0.0427 8859648
335 0.0385 8871936
336 0.037 8880128
337 0.0371 8826880
338 0.0365 8822784
339 0.0361 8806400
340 0.0356 8814592
341 0.037 8876032
342 0.0401 8871936
343 0.0349 8822784
344 0.0377 8867840
345 0.0372 8851456
346 0.04 8880128
347 0.0402 8867840
348 0.0353 8818688
349 0.0374 8826880
350 0.0436 8843264
351 0.0384 8851456
352 0.0392 8908800
353 0.0365 8810496
354 0.0377 8867840
355 0.0363 8900608
356 0.0402 8888320
357 0.0392 8818688
358 0.036 8876032
359 0.0387 8871936
360 0.0396 8810496
361 0.0376 8818688
362 0.0367 8826880
363 0.0353 8839168
364 0.0379 8855552
365 0.0379 8851456
366 0.0401 8888320
367 0.0351 8855552
368 0.0346 8847360
369 0.0397 8880128
370 0.0399 8863744
371 0.0389 8880128
372 0.0364 8822784
373 0.0393 8871936
374 0.0359 8822784
375 0.0398 8916992
376 0.0376 8859648
377 0.0425 8859648
378 0.0398 8871936
379 0.0398 8835072
380 0.0355 8851456
381 0.0388 8843264
382 0.0368 8867840
383 0.0405 8892416
384 0.0395 8896512
385 0.0364 8896512
386 0.0411 8880128
387 0.0395 8851456
388 0.0394 8847360
389 0.039 8855552
390 0.0349 8908800
391 0.0368 8855552
392 0.0387 8859648
393 0.0385 8888320
394 0.0392 8847360
395 0.0405 8888320
396 0.0388 8916992
397 0.0383 8941568
398 0.0378 8847360
399 0.0402 8925184
400 0.0415 8904704
401 0.04 8900608
402 0.0356 8904704
403 0.0379 8908800
404 0.0373 8851456
405 0.0389 8908800
406 0.0382 8908800
407 0.0385 8921088
408 0.0409 8921088
409 0.0378 8843264
410 0.0398 8892416
411 0.0437 8884224
412 0.0413 8929280
413 0.0386 8880128
414 0.0367 8859648
415 0.0359 8871936
416 0.0388 8880128
417 0.0438 8921088
418 0.0378 8835072
419 0.0415 8863744
420 0.0417 8876032
421 0.0382 8908800
422 0.0443 8912896
423 0.036 8880128
424 0.0375 8904704
425 0.0394 8851456
426 0.0371 8859648
427 0.0378 8925184
428 0.04 8855552
429 0.037 8908800
430 0.0383 8912896
431 0.0385 8876032
432 0.0423 8912896
433 0.0359 8863744
434 0.0403 8904704
435 0.0388 8908800
436 0.041 8892416
437 0.0362 8888320
438 0.0368 8859648
439 0.0383 8884224
440 0.0402 8843264
441 0.0351 8855552
442 0.0369 8908800
443 0.0378 8867840
444 0.0397 8933376
445 0.0385 8884224
446 0.0413 8900608
447 0.0411 8867840
448 0.0402 8880128
449 0.0401 8962048
450 0.0376 8867840
451 0.0403 8851456
452 0.0367 8892416
453 0.0385 8871936
454 0.0388 8949760
455 0.0368 8966144
456 0.0362 8880128
457 0.0368 8859648
458 0.0415 8925184
459 0.0409 8888320
460 0.0377 8876032
461 0.0399 8937472
462 0.0505 8900608
463 0.0495 8904704
464 0.0387 8916992
465 0.0445 8904704
466 0.0581 8921088
467 0.0451 8941568
468 0.0436 8949760
469 0.0409 8863744
470 0.0433 8966144
471 0.0431 8990720
472 0.0467 8957952
473 0.0404 8900608
474 0.043 8949760
475 0.041 8925184
476 0.0459 8933376
477 0.0432 8933376
478 0.0392 8871936
479 0.0451 8945664
480 0.0434 8974336
481 0.0418 8888320
482 0.0402 8941568
483 0.0379 8921088
484 0.0387 8908800
485 0.0391 8957952
486 0.0419 8871936
487 0.04 8957952
488 0.0397 8982528
489 0.0381 8900608
490 0.04 8966144
491 0.0435 8929280
492 0.0398 8871936
493 0.0556 8945664
494 0.045 8876032
495 0.0411 8888320
496 0.0418 8937472
497 0.0405 8945664
498 0.0424 8921088
499 0.0411 8937472
500 0.0381 8925184
501 0.0403 8912896
502 0.0411 8974336
503 0.0511 8933376
504 0.0488 8953856
505 0.051 8945664
506 0.0445 8925184
507 0.0416 8949760
508 0.0438 8912896
509 0.0376 8900608
510 0.0421 8937472
511 0.0426 8962048
512 0.0392 8871936
513 0.0374 8884224
514 0.0445 8937472
515 0.0391 8921088
516 0.0442 8970240
517 0.0414 8896512
518 0.041 8904704
519 0.0416 8966144
520 0.042 8916992
521 0.0415 8998912
522 0.0418 8904704
523 0.0497 8962048
524 0.0444 8953856
525 0.0433 8974336
526 0.0425 8974336
527 0.0427 8896512
528 0.0404 8945664
529 0.0428 8937472
530 0.0388 8888320
531 0.0422 8925184
532 0.0398 8892416
533 0.0451 8966144
534 0.0459 8925184
535 0.0415 8921088
536 0.0372 8892416
537 0.0475 8966144
538 0.0407 8933376
539 0.0456 8994816
540 0.0402 8880128
541 0.0408 8888320
542 0.0416 8974336
543 0.0432 8896512
544 0.1112 8933376
545 0.0401 8908800
546 0.0415 8912896
547 0.0431 8994816
548 0.0418 8921088
549 0.0432 8962048
550 0.0466 8888320
551 0.0391 8921088
552 0.0393 8921088
553 0.0432 8937472
554 0.0453 8921088
555 0.0461 8990720
556 0.0452 8949760
557 0.0432 8949760
558 0.0418 8966144
559 0.0439 9007104
560 0.0406 8925184
561 0.0423 8921088
562 0.0435 8937472
563 0.0373 8892416
564 0.0438 8941568
565 0.0427 8941568
566 0.0478 8982528
567 0.0434 8982528
568 0.0394 8896512
569 0.0452 8966144
570 0.0488 8962048
571 0.0408 8912896
572 0.0402 8937472
573 0.0393 8884224
574 0.0394 8896512
575 0.043 8949760
576 0.0409 8970240
577 0.0438 8994816
578 0.0412 8970240
579 0.0375 8937472
580 0.0426 8978432
581 0.0445 8994816
582 0.0467 8982528
583 0.042 8966144
584 0.0429 8953856
585 0.0428 8986624
586 0.0389 8912896
587 0.0447 9031680
588 0.0441 8933376
589 0.0393 8937472
590 0.0399 8912896
591 0.0387 8896512
592 0.0456 8933376
593 0.0402 8929280
594 0.0459 8986624
595 0.046 8978432
596 0.0446 8937472
597 0.045 8966144
598 0.0427 8929280
599 0.0427 8949760
600 0.0437 8945664
601 0.0461 9015296
602 0.0446 9011200
603 0.046 8998912
604 0.0446 8949760
605 0.0468 8990720
606 0.0406 8982528
607 0.0412 8978432
608 0.0411 8925184
609 0.0411 8966144
610 0.0464 8970240
611 0.0408 8953856
612 0.0431 9003008
613 0.0429 9007104
614 0.044 9003008
615 0.0462 8945664
616 0.0439 9011200
617 0.0432 8982528
618 0.0415 9048064
619 0.0418 8966144
620 0.0475 9031680
621 0.0446 8986624
622 0.0493 8998912
623 0.0428 8982528
624 0.0478 8994816
625 0.0494 9007104
626 0.0498 9039872
627 0.0417 8986624
628 0.0421 9027584
629 0.0497 9019392
630 0.0455 8978432
631 0.04 8941568
632 0.0461 9003008
633 0.0444 8986624
634 0.0457 8957952
635 0.0433 8966144
636 0.0414 9011200
637 0.0411 8945664
638 0.0437 8941568
639 0.0471 8994816
640 0.0449 8986624
641 0.0511 9031680
642 0.0457 8974336
643 0.0485 9015296
644 0.0456 9003008
645 0.0438 9056256
646 0.0491 9035776
647 0.0442 8986624
648 0.0465 9019392
649 0.0442 9003008
650 0.0431 8949760
651 0.0429 8953856
652 0.042 8966144
653 0.0445 8957952
654 0.0486 8994816
655 0.0426 8990720
656 0.0452 8974336
657 0.0463 9043968
658 0.0435 9007104
659 0.0482 8998912
660 0.0472 9035776
661 0.0638 9035776
662 0.0506 8978432
663 0.0461 9039872
664 0.0474 8990720
665 0.0531 9043968
666 0.0411 8962048
667 0.0586 8941568
668 0.0524 8982528
669 0.0555 8998912
670 0.0597 8978432
671 0.0452 8990720
672 0.0436 8998912
673 0.0493 9080832
674 0.0597 8990720
675 0.0452 8970240
676 0.0418 9011200
677 0.0445 9019392
678 0.0416 8949760
679 0.042 8982528
680 0.0429 8974336
681 0.046 9093120
682 0.0455 9027584
683 0.0468 8994816
684 0.0449 8970240
685 0.0448 9056256
686 0.0471 9011200
687 0.0466 9031680
688 0.044 9039872
689 0.0427 8974336
690 0.0431 9080832
691 0.0451 9048064
692 0.0418 8986624
693 0.0444 8994816
694 0.044 8998912
695 0.0419 8998912
696 0.0424 9007104
697 0.0451 9031680
698 0.0446 9003008
699 0.0442 8982528
700 0.0436 8986624
701 0.0408 8957952
702 0.041 9003008
703 0.0476 9003008
704 0.0473 9048064
705 0.0497 9043968
706 0.046 8998912
707 0.048 9023488
708 0.045 8994816
709 0.0428 8982528
710 0.052 9076736
711 0.0492 9056256
712 0.0513 9052160
713 0.045 9031680
714 0.0456 8966144
715 0.045 9019392
716 0.0444 9035776
717 0.0479 9003008
718 0.0438 8998912
719 0.0467 9060352
720 0.0465 9043968
721 0.0486 9084928
722 0.044 9007104
723 0.0497 9072640
724 0.047 9056256
725 0.0474 9039872
726 0.0522 9084928
727 0.0474 9101312
728 0.0495 8982528
729 0.0456 9035776
730 0.0455 9039872
731 0.0441 9007104
732 0.0463 9035776
733 0.0459 9089024
734 0.0468 9080832
735 0.0469 9089024
736 0.0493 9007104
737 0.0428 9011200
738 0.0501 9027584
739 0.0472 9125888
740 0.0466 9064448
741 0.0535 9093120
742 0.0452 9039872
743 0.0436 8982528
744 0.0461 9019392
745 0.0488 9068544
746 0.0472 9121792
747 0.0554 9068544
748 0.051 9121792
749 0.0497 9060352
750 0.045 9048064
751 0.047 9043968
752 0.046 9146368
753 0.0459 9080832
754 0.0499 9080832
755 0.045 9003008
756 0.0431 9093120
757 0.0466 9019392
758 0.042 8990720
759 0.0494 9121792
760 0.0509 9154560
761 0.0506 9080832
762 0.0475 9056256
763 0.0486 8990720
764 0.0509 9056256
765 0.0481 9060352
766 0.0496 9056256
767 0.047 9084928
768 0.043 9031680
769 0.0439 9003008
770 0.044 9064448
771 0.0456 9027584
772 0.0489 9105408
773 0.0503 9056256
774 0.0435 9076736
775 0.0482 9097216
776 0.0515 9089024
777 0.0443 9048064
778 0.0449 9093120
779 0.0499 9113600
780 0.0475 9134080
781 0.0456 9023488
782 0.0451 9076736
783 0.0492 9084928
784 0.0495 9121792
785 0.0431 9023488
786 0.0472 9080832
787 0.0514 9150464
788 0.0484 9134080
789 0.0449 9109504
790 0.0469 9089024
791 0.0488 9117696
792 0.0505 9076736
793 0.0462 9060352
794 0.0492 9125888
795 0.0478 9060352
796 0.0483 9158656
797 0.0495 9052160
798 0.0465 9035776
799 0.048 9105408
800 0.0471 9093120
801 0.049 9052160
802 0.0434 9048064
803 0.0495 9093120
804 0.0456 9011200
805 0.0521 9109504
806 0.047 9089024
807 0.0519 9089024
808 0.0427 9060352
809 0.0473 9084928
810 0.0509 9076736
811 0.0507 9101312
812 0.0441 9064448
813 0.0503 9064448
814 0.0478 9080832
815 0.0539 9125888
816 0.0486 9084928
817 0.0452 9101312
818 0.0462 9035776
819 0.0472 9138176
820 0.0534 9109504
821 0.0515 9023488
822 0.0535 9162752
823 0.0497 9089024
824 0.0482 9125888
825 0.0473 9117696
826 0.051 9048064
827 0.0494 9084928
828 0.0501 9097216
829 0.0507 9125888
830 0.0486 9138176
831 0.0444 9101312
832 0.0462 9076736
833 0.0476 9117696
834 0.0443 9043968
835 0.0476 9060352
836 0.0502 9105408
837 0.0453 9060352
838 0.0501 9138176
839 0.0544 9125888
840 0.0486 9068544
841 0.0471 9121792
842 0.0528 9109504
843 0.0496 9170944
844 0.0504 9211904
845 0.0505 9117696
846 0.048 9039872
847 0.0461 9162752
848 0.0543 9134080
849 0.05 9056256
850 0.0472 9060352
851 0.0512 9150464
852 0.0529 9125888
853 0.052 9166848
854 0.0483 9080832
855 0.0553 9121792
856 0.045 9097216
857 0.0489 9138176
858 0.0472 9101312
859 0.0509 9129984
860 0.046 9129984
861 0.0468 9068544
862 0.0458 9064448
863 0.0515 9076736
864 0.0511 9097216
865 0.0548 9142272
866 0.0485 9035776
867 0.0523 9154560
868 0.0516 9113600
869 0.048 9125888
870 0.0538 9117696
871 0.0531 9154560
872 0.0525 9150464
873 0.0492 9097216
874 0.0566 9179136
875 0.0509 9129984
876 0.048 9072640
877 0.0514 9158656
878 0.049 9109504
879 0.0505 9097216
880 0.0454 9060352
881 0.0522 9146368
882 0.0519 9240576
883 0.0485 9142272
884 0.0575 9142272
885 0.0507 9154560
886 0.0494 9134080
887 0.0529 9056256
888 0.0513 9166848
889 0.0526 9150464
890 0.0457 9068544
891 0.0477 9121792
892 0.0493 9080832
893 0.0504 9170944
894 0.0548 9125888
895 0.052 9097216
896 0.0497 9146368
897 0.0501 9105408
898 0.0505 9089024
899 0.0501 9117696
900 0.0539 9138176
901 0.0563 9154560
902 0.0505 9207808
903 0.0578 9166848
904 0.0496 9093120
905 0.0485 9129984
906 0.0536 9179136
907 0.0496 9142272
908 0.0536 9154560
909 0.0477 9105408
910 0.0497 9117696
911 0.0512 9199616
912 0.0563 9146368
913 0.0493 9183232
914 0.0569 9179136
915 0.0498 9187328
916 0.0504 9150464
917 0.0507 9175040
918 0.0526 9179136
919 0.0528 9162752
920 0.0521 9158656
921 0.0566 9154560
922 0.0504 9105408
923 0.047 9117696
924 0.0526 9129984
925 0.0501 9138176
926 0.0518 9158656
927 0.0528 9162752
928 0.055 9179136
929 0.0512 9162752
930 0.049 9125888
931 0.0535 9191424
932 0.0496 9113600
933 0.0512 9195520
934 0.0531 9158656
935 0.0538 9142272
936 0.0513 9207808
937 0.0488 9154560
938 0.0577 9142272
939 0.054 9076736
940 0.0529 9097216
941 0.0519 9093120
942 0.0505 9142272
943 0.048 9166848
944 0.0506 9121792
945 0.0478 9175040
946 0.0465 9134080
947 0.0526 9154560
948 0.0505 9154560
949 0.0507 9244672
950 0.0467 9175040
951 0.0528 9117696
952 0.0463 9125888
953 0.0544 9183232
954 0.05 9162752
955 0.0498 9158656
956 0.0493 9170944
957 0.0481 9244672
958 0.0489 9183232
959 0.0522 9211904
960 0.0518 9146368
961 0.0497 9195520
962 0.0509 9134080
963 0.0471 9195520
964 0.0504 9252864
965 0.0535 9158656
966 0.0577 9187328
967 0.0562 9220096
968 0.0491 9084928
969 0.05 9191424
970 0.0514 9142272
971 0.0559 9158656
972 0.0592 9252864
973 0.0546 9154560
974 0.0538 9216000
975 0.0534 9154560
976 0.0546 9162752
977 0.052 9142272
978 0.0505 9101312
979 0.0522 9142272
980 0.0508 9220096
981 0.0487 9183232
982 0.0558 9211904
983 0.0489 9146368
984 0.0555 9175040
985 0.054 9170944
986 0.0551 9244672
987 0.0516 9170944
988 0.055 9240576
989 0.0545 9179136
990 0.0717 9191424
991 0.0627 9191424
992 0.0579 9191424
993 0.053 9256960
994 0.0616 9175040
995 0.0665 9179136
996 0.0622 9248768
997 0.0528 9170944
998 0.0631 9187328
999 0.0567 9211904
1000 0.0539 9207808