1 0.0238 8159232
2 0.0233 8126464
3 0.0237 8126464
4 0.028 8163328
5 0.024 8130560
6 0.0232 8130560
7 0.0239 8134656
8 0.0241 8134656
9 0.0242 8134656
10 0.0234 8142848
11 0.0249 8171520
12 0.0281 8175616
13 0.0242 8142848
14 0.0253 8163328
15 0.0242 8146944
16 0.0243 8146944
17 0.0236 8151040
18 0.0245 8151040
19 0.0261 8167424
20 0.0246 8155136
21 0.0247 8159232
22 0.029 8224768
23 0.028 8175616
24 0.0257 8183808
25 0.0249 8200192
26 0.0264 8192000
27 0.0259 8175616
28 0.025 8167424
29 0.0262 8183808
30 0.0244 8171520
31 0.0248 8171520
32 0.0267 8192000
33 0.0262 8220672
34 0.0252 8175616
35 0.0252 8175616
36 0.0264 8220672
37 0.0265 8200192
38 0.0294 8212480
39 0.0268 8204288
40 0.0271 8204288
41 0.0259 8187904
42 0.029 8232960
43 0.0257 8192000
44 0.0256 8192000
45 0.0262 8196096
46 0.0258 8196096
47 0.0297 8220672
48 0.0258 8200192
49 0.0273 8220672
50 0.0255 8200192
51 0.0261 8228864
52 0.0257 8204288
53 0.0282 8232960
54 0.0305 8278016
55 0.0396 8237056
56 0.0264 8212480
57 0.0273 8232960
58 0.0278 8228864
59 0.0265 8249344
60 0.0303 8241152
61 0.0265 8216576
62 0.026 8216576
63 0.0312 8294400
64 0.0305 8249344
65 0.0266 8220672
66 0.0314 8273920
67 0.0268 8224768
68 0.0264 8265728
69 0.0314 8265728
70 0.0278 8237056
71 0.0276 8228864
72 0.0269 8232960
73 0.0289 8249344
74 0.0328 8331264
75 0.0283 8261632
76 0.0267 8237056
77 0.0284 8278016
78 0.0295 8302592
79 0.0274 8241152
80 0.0288 8257536
81 0.0314 8273920
82 0.0272 8257536
83 0.0289 8269824
84 0.0288 8269824
85 0.0282 8249344
86 0.0277 8249344
87 0.0291 8269824
88 0.0306 8269824
89 0.0319 8359936
90 0.0321 8298496
91 0.0278 8261632
92 0.0321 8290304
93 0.0279 8261632
94 0.0312 8290304
95 0.0303 8335360
96 0.0301 8298496
97 0.0283 8265728
98 0.0283 8269824
99 0.0302 8302592
100 0.0313 8302592
101 0.0323 8302592
102 0.0284 8273920
103 0.0296 8302592
104 0.0288 8273920
105 0.0283 8278016
106 0.0287 8282112
107 0.0284 8290304
108 0.0308 8355840
109 0.0291 8290304
110 0.0285 8290304
111 0.029 8335360
112 0.0303 8318976
113 0.0294 8323072
114 0.0305 8339456
115 0.031 8331264
116 0.0295 8306688
117 0.0301 8368128
118 0.0285 8306688
119 0.0305 8331264
120 0.0291 8306688
121 0.0297 8306688
122 0.0295 8314880
123 0.0338 8343552
124 0.0293 8314880
125 0.0295 8314880
126 0.0338 8347648
127 0.0299 8323072
128 0.0302 8323072
129 0.0299 8327168
130 0.0338 8400896
131 0.0331 8376320
132 0.0337 8384512
133 0.0298 8331264
134 0.03 8339456
135 0.0343 8351744
136 0.0302 8359936
137 0.0299 8331264
138 0.0341 8355840
139 0.0301 8339456
140 0.0315 8359936
141 0.0308 8339456
142 0.0317 8359936
143 0.0322 8355840
144 0.0308 8347648
145 0.0373 8429568
146 0.031 8355840
147 0.032 8380416
148 0.0349 8384512
149 0.0355 8384512
150 0.0308 8364032
151 0.0342 8458240
152 0.0324 8364032
153 0.0308 8364032
154 0.0309 8364032
155 0.0326 8388608
156 0.0324 8404992
157 0.0373 8466432
158 0.0324 8392704
159 0.0309 8376320
160 0.0309 8376320
161 0.0326 8400896
162 0.0365 8458240
163 0.0354 8409088
164 0.0316 8380416
165 0.0316 8421376
166 0.032 8409088
167 0.032 8421376
168 0.0339 8421376
169 0.0316 8437760
170 0.0325 8417280
171 0.033 8421376
172 0.032 8384512
173 0.039 8437760
174 0.0328 8384512
175 0.0356 8417280
176 0.0359 8417280
177 0.0336 8413184
178 0.0321 8384512
179 0.0323 8384512
180 0.0351 8404992
181 0.0339 8425472
182 0.0362 8425472
183 0.0321 8392704
184 0.0363 8425472
185 0.0372 8441856
186 0.0326 8396800
187 0.0332 8425472
188 0.0329 8421376
189 0.0383 8433664
190 0.0327 8396800
191 0.0328 8404992
192 0.0369 8445952
193 0.0331 8421376
194 0.0341 8441856
195 0.0328 8421376
196 0.033 8429568
197 0.0331 8425472
198 0.033 8421376
199 0.0332 8429568
200 0.0397 8531968
201 0.0353 8454144
202 0.0388 8445952
203 0.0332 8466432
204 0.0334 8429568
205 0.0347 8458240
206 0.0335 8433664
207 0.0335 8437760
208 0.0389 8495104
209 0.0337 8437760
210 0.0377 8466432
211 0.0337 8437760
212 0.034 8437760
213 0.0352 8470528
214 0.0378 8462336
215 0.038 8466432
216 0.0345 8433664
217 0.035 8441856
218 0.0343 8441856
219 0.0339 8441856
220 0.0341 8441856
221 0.0354 8462336
222 0.0378 8470528
223 0.0348 8527872
224 0.0345 8441856
225 0.0382 8474624
226 0.0346 8445952
227 0.0348 8458240
228 0.0394 8499200
229 0.0361 8474624
230 0.0351 8454144
231 0.0347 8450048
232 0.0346 8466432
233 0.0349 8474624
234 0.036 8470528
235 0.0362 8503296
236 0.0364 8499200
237 0.0352 8478720
238 0.0348 8478720
239 0.036 8478720
240 0.0351 8482816
241 0.0362 8511488
242 0.0389 8519680
243 0.0371 8507392
244 0.0406 8581120
245 0.0367 8507392
246 0.0365 8486912
247 0.0365 8523776
248 0.0393 8519680
249 0.0391 8548352
250 0.0359 8495104
251 0.0376 8556544
252 0.0359 8491008
253 0.0356 8491008
254 0.0403 8597504
255 0.0358 8544256
256 0.036 8499200
257 0.0375 8531968
258 0.0398 8548352
259 0.036 8503296
260 0.0383 8507392
261 0.0357 8511488
262 0.0364 8511488
263 0.0401 8536064
264 0.04 8531968
265 0.0373 8527872
266 0.0396 8540160
267 0.0366 8511488
268 0.0368 8552448
269 0.0365 8515584
270 0.0367 8515584
271 0.0365 8519680
272 0.0365 8511488
273 0.0378 8540160
274 0.0381 8531968
275 0.0367 8515584
276 0.0372 8519680
277 0.0382 8552448
278 0.0374 8536064
279 0.0386 8556544
280 0.042 8564736
281 0.042 8552448
282 0.037 8536064
283 0.0372 8536064
284 0.0411 8560640
285 0.0373 8536064
286 0.0375 8544256
287 0.0381 8544256
288 0.0374 8601600
289 0.0415 8622080
290 0.0378 8556544
291 0.0431 8589312
292 0.0377 8556544
293 0.0379 8597504
294 0.0383 8556544
295 0.0375 8564736
296 0.0388 8564736
297 0.0382 8560640
298 0.0408 8593408
299 0.0393 8601600
300 0.0381 8568832
301 0.0384 8577024
302 0.0391 8609792
303 0.0388 8577024
304 0.0396 8601600
305 0.0425 8605696
306 0.0387 8585216
307 0.0419 8609792
308 0.0384 8585216
309 0.0399 8617984
310 0.0424 8609792
311 0.0398 8642560
312 0.0437 8667136
313 0.0393 8626176
314 0.0387 8630272
315 0.0405 8626176
316 0.0398 8630272
317 0.0405 8630272
318 0.0408 8622080
319 0.0448 8622080
320 0.0404 8650752
321 0.0402 8622080
322 0.0462 8675328
323 0.0405 8601600
324 0.0392 8601600
325 0.0391 8605696
326 0.041 8634368
327 0.0442 8634368
328 0.045 8650752
329 0.0481 8630272
330 0.04 8642560
331 0.043 8646656
332 0.042 8630272
333 0.0448 8642560
334 0.0414 8630272
335 0.046 8708096
336 0.0406 8613888
337 0.0456 8630272
338 0.0397 8642560
339 0.0446 8716288
340 0.0415 8617984
341 0.0428 8679424
342 0.042 8638464
343 0.0419 8658944
344 0.0405 8667136
345 0.0442 8654848
346 0.043 8642560
347 0.0403 8650752
348 0.0416 8646656
349 0.0429 8654848
350 0.0403 8634368
351 0.0452 8732672
352 0.0414 8667136
353 0.0427 8646656
354 0.0414 8634368
355 0.0447 8663040
356 0.0407 8634368
357 0.0409 8642560
358 0.0408 8679424
359 0.045 8675328
360 0.0413 8650752
361 0.0428 8749056
362 0.0463 8749056
363 0.042 8691712
364 0.046 8716288
365 0.0425 8683520
366 0.0412 8650752
367 0.041 8687616
368 0.0427 8658944
369 0.0411 8658944
370 0.0413 8658944
371 0.0424 8691712
372 0.0419 8699904
373 0.0425 8679424
374 0.0464 8757248
375 0.0421 8671232
376 0.0435 8773632
377 0.0413 8663040
378 0.0468 8691712
379 0.0432 8687616
380 0.0428 8687616
381 0.0416 8679424
382 0.0418 8679424
383 0.0424 8671232
384 0.0462 8708096
385 0.042 8724480
386 0.0438 8704000
387 0.0437 8687616
388 0.0445 8708096
389 0.043 8708096
390 0.0424 8691712
391 0.0436 8712192
392 0.0463 8724480
393 0.0424 8691712
394 0.0423 8691712
395 0.0454 8744960
396 0.0429 8699904
397 0.0439 8736768
398 0.0428 8699904
399 0.0427 8736768
400 0.0466 8728576
401 0.0443 8736768
402 0.0441 8732672
403 0.0442 8749056
404 0.047 8777728
405 0.0437 8753152
406 0.0442 8749056
407 0.0445 8744960
408 0.0482 8835072
409 0.0432 8724480
410 0.0443 8757248
411 0.0429 8728576
412 0.0437 8732672
413 0.0435 8732672
414 0.0448 8761344
415 0.0436 8765440
416 0.0446 8753152
417 0.0435 8773632
418 0.0437 8732672
419 0.0454 8765440
420 0.044 8740864
421 0.0457 8769536
422 0.0459 8785920
423 0.0451 8835072
424 0.0458 8769536
425 0.0458 8744960
426 0.0449 8781824
427 0.045 8785920
428 0.045 8773632
429 0.0453 8777728
430 0.045 8749056
431 0.0448 8798208
432 0.0457 8781824
433 0.0453 8794112
434 0.0447 8753152
435 0.0468 8781824
436 0.0463 8876032
437 0.0448 8790016
438 0.0455 8790016
439 0.0467 8904704
440 0.0458 8794112
441 0.0453 8794112
442 0.0462 8798208
443 0.0496 8794112
444 0.0513 8802304
445 0.0463 8777728
446 0.049 8794112
447 0.0458 8802304
448 0.0477 8810496
449 0.0495 8818688
450 0.0464 8798208
451 0.0461 8818688
452 0.0473 8810496
453 0.0498 8810496
454 0.0458 8835072
455 0.0466 8810496
456 0.0454 8785920
457 0.0454 8785920
458 0.0469 8814592
459 0.0515 8880128
460 0.051 8822784
461 0.0478 8884224
462 0.0456 8790016
463 0.0458 8794112
464 0.0473 8814592
465 0.0499 8835072
466 0.0468 8822784
467 0.0522 8937472
468 0.0473 8835072
469 0.0488 8843264
470 0.0501 8822784
471 0.0503 8843264
472 0.0522 8957952
473 0.0479 8851456
474 0.0491 8851456
475 0.0486 8867840
476 0.0461 8826880
477 0.0522 8871936
478 0.0479 8847360
479 0.0491 8933376
480 0.0507 8876032
481 0.0507 8855552
482 0.049 8876032
483 0.0509 8867840
484 0.0472 8871936
485 0.0481 8867840
486 0.0537 8974336
487 0.0476 8896512
488 0.0488 8871936
489 0.0529 8880128
490 0.0473 8839168
491 0.0512 8904704
492 0.0489 8871936
493 0.0527 8966144
494 0.0525 8908800
495 0.0476 8851456
496 0.0499 8884224
497 0.0471 8855552
498 0.0512 8978432
499 0.0508 8892416
500 0.0488 8859648
501 0.0494 8916992
502 0.0543 8957952
503 0.0481 8851456
504 0.0477 8859648
505 0.0491 8884224
506 0.05 8867840
507 0.0494 8892416
508 0.0524 8900608
509 0.0516 8900608
510 0.049 8888320
511 0.0479 8855552
512 0.0482 8863744
513 0.0482 8859648
514 0.0496 8884224
515 0.0519 8921088
516 0.053 8986624
517 0.0483 8908800
518 0.0483 8908800
519 0.05 8900608
520 0.0488 8867840
521 0.0487 8867840
522 0.0484 8912896
523 0.0486 8876032
524 0.05 8888320
525 0.0486 8876032
526 0.0499 8896512
527 0.0568 8921088
528 0.0489 8876032
529 0.0502 8908800
530 0.0492 8880128
531 0.0488 8880128
532 0.0488 8921088
533 0.049 8884224
534 0.0506 8921088
535 0.0533 8916992
536 0.0486 8921088
537 0.0495 8933376
538 0.0499 8896512
539 0.0496 8896512
540 0.0508 8929280
541 0.0494 8896512
542 0.0492 8937472
543 0.0516 8916992
544 0.0495 8900608
545 0.0494 8900608
546 0.0499 8900608
547 0.0498 8904704
548 0.0507 8941568
549 0.0499 8900608
550 0.0513 8921088
551 0.05 8904704
552 0.0542 8941568
553 0.0499 8941568
554 0.0516 8937472
555 0.0521 8937472
556 0.0506 8949760
557 0.0504 8937472
558 0.0501 8916992
559 0.0503 8962048
560 0.0521 8957952
561 0.054 8978432
562 0.0505 8933376
563 0.0519 8941568
564 0.0543 8953856
565 0.0523 8949760
566 0.0509 8957952
567 0.0511 8929280
568 0.0529 9003008
569 0.0523 8962048
570 0.0509 8933376
571 0.0503 8933376
572 0.0511 8933376
573 0.0551 8978432
574 0.051 8941568
575 0.0578 9093120
576 0.0517 9039872
577 0.0521 9015296
578 0.0566 9134080
579 0.052 9019392
580 0.0603 9027584
581 0.0511 8994816
582 0.0516 9043968
583 0.058 9031680
584 0.0522 9027584
585 0.0531 9031680
586 0.0523 8994816
587 0.0529 9084928
588 0.0518 8994816
589 0.0516 9003008
590 0.0521 9003008
591 0.0515 9043968
592 0.0528 9019392
593 0.052 9007104
594 0.0526 9007104
595 0.0576 9084928
596 0.0526 9039872
597 0.0562 9031680
598 0.0559 9035776
599 0.0527 9043968
600 0.0527 9043968
601 0.0523 9048064
602 0.0568 9043968
603 0.0568 9043968
604 0.0536 9052160
605 0.0559 9043968
606 0.0555 9043968
607 0.0527 9015296
608 0.0591 9175040
609 0.0526 9015296
610 0.0539 9052160
611 0.0527 9052160
612 0.0567 9072640
613 0.0527 9031680
614 0.0543 9043968
615 0.0543 9048064
616 0.0536 9031680
617 0.0564 9060352
618 0.0543 9105408
619 0.0532 9031680
620 0.0531 9068544
621 0.0569 9068544
622 0.0536 9035776
623 0.0571 9175040
624 0.054 9048064
625 0.0557 9043968
626 0.0533 9043968
627 0.0531 9080832
628 0.055 9043968
629 0.0537 9043968
630 0.0539 9048064
631 0.0533 9084928
632 0.0557 9080832
633 0.0606 9064448
634 0.0556 9072640
635 0.0543 9039872
636 0.054 9039872
637 0.054 9048064
638 0.0543 9048064
639 0.0556 9060352
640 0.0541 9052160
641 0.0578 9080832
642 0.0553 9072640
643 0.0547 9105408
644 0.0558 9089024
645 0.0546 9093120
646 0.0554 9089024
647 0.0582 9097216
648 0.056 9117696
649 0.0597 9170944
650 0.0547 9068544
651 0.0544 9105408
652 0.0558 9109504
653 0.0552 9068544
654 0.0556 9109504
655 0.0549 9076736
656 0.0597 9179136
657 0.0545 9121792
658 0.0554 9117696
659 0.0568 9093120
660 0.0564 9080832
661 0.0555 9076736
662 0.0554 9084928
663 0.0566 9113600
664 0.0572 9101312
665 0.056 9084928
666 0.0571 9101312
667 0.0571 9093120
668 0.056 9076736
669 0.0568 9093120
670 0.0562 9093120
671 0.0568 9134080
672 0.0564 9142272
673 0.0632 9256960
674 0.0577 9125888
675 0.0557 9080832
676 0.0575 9109504
677 0.057 9109504
678 0.0559 9105408
679 0.0571 9134080
680 0.0562 9150464
681 0.0598 9125888
682 0.0618 9207808
683 0.0593 9162752
684 0.0569 9138176
685 0.0561 9138176
686 0.0564 9154560
687 0.0566 9150464
688 0.0591 9138176
689 0.0604 9318400
690 0.0616 9158656
691 0.0592 9158656
692 0.058 9129984
693 0.0603 9166848
694 0.0618 9158656
695 0.0589 9154560
696 0.06 9236480
697 0.0602 9146368
698 0.0595 9183232
699 0.0588 9154560
700 0.0578 9138176
701 0.0582 9154560
702 0.0641 9306112
703 0.0581 9142272
704 0.058 9138176
705 0.0589 9175040
706 0.0641 9306112
707 0.0612 9236480
708 0.06 9211904
709 0.0611 9175040
710 0.0595 9146368
711 0.0576 9166848
712 0.0658 9207808
713 0.0588 9203712
714 0.0645 9322496
715 0.0587 9170944
716 0.0609 9166848
717 0.059 9191424
718 0.0597 9191424
719 0.0637 9269248
720 0.0659 9392128
721 0.0594 9179136
722 0.0576 9158656
723 0.0599 9183232
724 0.0593 9170944
725 0.0593 9195520
726 0.0603 9187328
727 0.0625 9203712
728 0.0652 9363456
729 0.0631 9273344
730 0.0583 9175040
731 0.0595 9170944
732 0.0607 9187328
733 0.0638 9322496
734 0.0588 9179136
735 0.061 9179136
736 0.0595 9211904
737 0.0602 9207808
738 0.0626 9211904
739 0.0591 9183232
740 0.0589 9175040
741 0.0598 9207808
742 0.0631 9203712
743 0.0622 9240576
744 0.0587 9179136
745 0.0603 9187328
746 0.0625 9211904
747 0.0598 9207808
748 0.0598 9191424
749 0.0647 9261056
750 0.064 9297920
751 0.0608 9207808
752 0.0602 9195520
753 0.0598 9211904
754 0.0653 9318400
755 0.0613 9224192
756 0.0603 9232384
757 0.0597 9199616
758 0.0605 9199616
759 0.0601 9232384
760 0.0601 9203712
761 0.0635 9232384
762 0.0603 9203712
763 0.0598 9220096
764 0.0613 9216000
765 0.0625 9375744
766 0.0617 9228288
767 0.0636 9232384
768 0.0605 9244672
769 0.0607 9252864
770 0.0602 9252864
771 0.062 9256960
772 0.0629 9302016
773 0.0733 9347072
774 0.0832 9330688
775 0.1937 9371648
776 0.2113 9285632
777 0.0915 9314304
778 0.0695 9297920
779 0.0601 9297920
780 0.0601 9297920
781 0.0615 9277440
782 0.061 9261056
783 0.0605 9261056
784 0.0622 9261056
785 0.0603 9265152
786 0.0618 9281536
787 0.0643 9297920
788 0.0606 9224192
789 0.0617 9302016
790 0.0679 9351168
791 0.0606 9314304
792 0.0639 9310208
793 0.0625 9310208
794 0.0613 9269248
795 0.0625 9289728
796 0.0623 9285632
797 0.0613 9273344
798 0.0612 9273344
799 0.0613 9273344
800 0.0625 9310208
801 0.0626 9289728
802 0.0609 9277440
803 0.0613 9277440
804 0.0652 9306112
805 0.0632 9289728
806 0.0674 9347072
807 0.0636 9310208
808 0.0642 9306112
809 0.0641 9310208
810 0.0641 9318400
811 0.0677 9318400
812 0.0647 9314304
813 0.0637 9318400
814 0.0632 9326592
815 0.0659 9322496
816 0.0627 9293824
817 0.0619 9293824
818 0.0668 9322496
819 0.0622 9330688
820 0.0679 9318400
821 0.0626 9293824
822 0.067 9322496
823 0.0635 9334784
824 0.0674 9326592
825 0.0633 9318400
826 0.0634 9351168
827 0.062 9302016
828 0.0677 9326592
829 0.064 9314304
830 0.0656 9314304
831 0.0692 9351168
832 0.0663 9347072
833 0.0649 9355264
834 0.0652 9367552
835 0.0631 9338880
836 0.0651 9379840
837 0.0638 9347072
838 0.0626 9383936
839 0.0635 9404416
840 0.0628 9379840
841 0.0635 9347072
842 0.0643 9375744
843 0.0636 9347072
844 0.0639 9388032
845 0.0651 9375744
846 0.0651 9375744
847 0.0644 9375744
848 0.0648 9379840
849 0.0645 9367552
850 0.0632 9351168
851 0.064 9351168
852 0.0632 9359360
853 0.0636 9379840
854 0.0638 9379840
855 0.0638 9379840
856 0.0687 9445376
857 0.0639 9383936
858 0.0655 9412608
859 0.0681 9433088
860 0.0656 9420800
861 0.0654 9412608
862 0.0686 9465856
863 0.0692 9482240
864 0.0636 9392128
865 0.0657 9388032
866 0.0656 9408512
867 0.064 9416704
868 0.0652 9400320
869 0.0654 9433088
870 0.0645 9400320
871 0.0684 9457664
872 0.0669 9428992
873 0.0662 9433088
874 0.0646 9404416
875 0.0662 9445376
876 0.0665 9428992
877 0.0654 9412608
878 0.0662 9433088
879 0.0725 9437184
880 0.0666 9437184
881 0.067 9437184
882 0.0651 9416704
883 0.0646 9416704
884 0.0666 9437184
885 0.0687 9437184
886 0.0662 9449472
887 0.0691 9449472
888 0.0652 9428992
889 0.0651 9404416
890 0.0649 9424896
891 0.0659 9461760
892 0.0704 9457664
893 0.0692 9453568
894 0.072 9469952
895 0.0674 9457664
896 0.0677 9457664
897 0.0656 9437184
898 0.0663 9437184
899 0.07 9461760
900 0.0699 9465856
901 0.0668 9437184
902 0.0701 9461760
903 0.0672 9465856
904 0.0674 9465856
905 0.0664 9441280
906 0.0677 9465856
907 0.0672 9478144
908 0.066 9494528
909 0.0673 9478144
910 0.066 9498624
911 0.068 9482240
912 0.0703 9482240
913 0.0667 9433088
914 0.0665 9453568
915 0.0686 9486336
916 0.0685 9474048
917 0.0678 9494528
918 0.068 9486336
919 0.068 9490432
920 0.0668 9490432
921 0.0683 9486336
922 0.0678 9474048
923 0.0683 9494528
924 0.0669 9474048
925 0.0678 9498624
926 0.0678 9478144
927 0.0672 9478144
928 0.0679 9502720
929 0.069 9502720
930 0.0667 9482240
931 0.0689 9510912
932 0.0688 9510912
933 0.0688 9474048
934 0.0676 9523200
935 0.0687 9539584
936 0.0694 9498624
937 0.0677 9527296
938 0.0724 9510912
939 0.0677 9547776
940 0.0679 9519104
941 0.0695 9519104
942 0.0674 9519104
943 0.0687 9519104
944 0.0696 9539584
945 0.068 9539584
946 0.069 9543680
947 0.068 9543680
948 0.069 9560064
949 0.0687 9527296
950 0.0677 9531392
951 0.0699 9564160
952 0.0701 9551872
953 0.0699 9547776
954 0.0684 9531392
955 0.0727 9543680
956 0.0699 9547776
957 0.0707 9564160
958 0.069 9539584
959 0.0704 9539584
960 0.0704 9547776
961 0.0702 9564160
962 0.0689 9576448
963 0.0706 9576448
964 0.0772 9568256
965 0.0687 9539584
966 0.0703 9564160
967 0.0696 9580544
968 0.0702 9572352
969 0.0704 9564160
970 0.0708 9568256
971 0.0704 9576448
972 0.0727 9609216
973 0.0741 9576448
974 0.0696 9543680
975 0.0695 9551872
976 0.0744 9576448
977 0.0712 9568256
978 0.0707 9551872
979 0.0737 9588736
980 0.0695 9535488
981 0.0755 9584640
982 0.0697 9564160
983 0.0715 9584640
984 0.0707 9564160
985 0.0708 9564160
986 0.0701 9568256
987 0.071 9592832
988 0.0707 9568256
989 0.071 9584640
990 0.0706 9568256
991 0.0714 9601024
992 0.0717 9601024
993 0.0752 9596928
994 0.0786 9744384
995 0.0736 9601024
996 0.0726 9621504
997 0.0738 9605120
998 0.0715 9584640
999 0.0724 9621504
1000 0.0758 9605120