1 0.0329 6266880
2 0.0509 6541312
3 0.0424 6729728
4 0.047 6946816
5 0.0604 7151616
6 0.085 7401472
7 0.0588 7577600
8 0.0606 7614464
9 0.0888 7938048
10 0.0686 8065024
11 0.0853 8261632
12 0.0831 8515584
13 0.078 8691712
14 0.112 8822784
15 0.0939 9056256
16 0.1083 9285632
17 0.0872 9523200
18 0.0865 9674752
19 0.1448 9773056
20 0.0845 9953280
21 0.1314 10240000
22 0.1289 10416128
23 0.156 10493952
24 0.1563 10723328
25 0.1012 10858496
26 0.1293 11063296
27 0.1884 11268096
28 0.1341 11620352
29 0.1148 11767808
30 0.1365 12005376
31 0.1601 12173312
32 0.1112 12308480
33 0.1105 12439552
34 0.1157 12644352
35 0.1048 12726272
36 0.1097 12976128
37 0.113 13086720
38 0.1396 13238272
39 0.1439 13500416
40 0.1391 13684736
41 0.1789 13860864
42 0.1488 13996032
43 0.1412 14114816
44 0.1656 14364672
45 0.1451 14495744
46 0.1395 14614528
47 0.145 14970880
48 0.1598 15056896
49 0.1655 15405056
50 0.1728 15540224
51 0.1794 15679488
52 0.1862 15888384
53 0.1957 15958016
54 0.1615 16179200
55 0.1613 16314368
56 0.188 16543744
57 0.1966 16818176
58 0.1724 16969728
59 0.2137 17170432
60 0.1876 17498112
61 0.1745 17375232
62 0.1878 17760256
63 0.2188 17899520
64 0.2048 18182144
65 0.2033 18325504
66 0.2272 18522112
67 0.2011 18661376
68 0.2168 18919424
69 0.2162 18956288
70 0.2901 19214336
71 0.2378 19419136
72 0.2188 19496960
73 0.2249 19804160
74 0.2203 19881984
75 0.237 20254720
76 0.2573 20365312
77 0.2848 20447232
78 0.3345 20635648
79 0.2832 20811776
80 0.335 21041152
81 0.3181 21000192
82 0.3636 21102592
83 0.369 21311488
84 0.3424 21520384
85 0.3507 21655552
86 0.3686 21991424
87 0.3549 22175744
88 0.4404 22278144
89 0.3589 22417408
90 0.3758 22585344
91 0.29 22740992
92 0.3037 22941696
93 0.3515 23150592
94 0.2705 23375872
95 0.2658 23433216
96 0.2826 23609344
97 0.2976 23904256
98 0.2871 23998464
99 0.2959 24383488
100 0.2908 24600576
101 0.313 24932352
102 0.4123 24956928
103 0.3778 25296896
104 0.3241 25305088
105 0.3425 25563136
106 0.2986 25624576
107 0.2933 25714688
108 0.294 25899008
109 0.3207 26185728
110 0.3328 26632192
111 0.3499 26861568
112 0.3178 26812416
113 0.316 26996736
114 0.3436 27447296
115 0.3521 27500544
116 0.3867 27762688
117 0.3675 27906048
118 0.4245 28327936
119 0.4487 28229632
120 0.4509 28569600
121 0.3661 28819456
122 0.3549 29032448
123 0.3312 28778496
124 0.337 29089792
125 0.3581 29503488
126 0.3486 29560832
127 0.3665 30040064
128 0.3519 30072832
129 0.3544 30199808
130 0.3522 30191616
131 0.356 30556160
132 0.3558 30584832
133 0.3636 30851072
134 0.4377 30937088
135 0.3636 31158272
136 0.368 31313920
137 0.3745 31711232
138 0.4104 31862784
139 0.4753 32174080
140 0.3835 32112640
141 0.4179 32329728
142 0.4557 32518144
143 0.4094 32874496
144 0.3861 32845824
145 0.3874 32890880
146 0.4035 33251328
147 0.3975 33714176
148 0.4073 33665024
149 0.4055 33697792
150 0.4158 34344960
151 0.4049 34033664
152 0.418 34349056
153 0.409 34410496
154 0.4116 34693120
155 0.4301 35217408
156 0.479 35028992
157 0.5477 35246080
158 0.4444 35614720
159 0.4646 35962880
160 0.6205 35872768
161 0.5347 35962880
162 0.5603 36450304
163 0.4781 36438016
164 0.5795 36515840
165 0.665 36790272
166 0.6601 37330944
167 0.5399 36970496
168 0.5237 36986880
169 0.6155 37253120
170 0.6244 37150720
171 0.5332 37502976
172 0.4963 37662720
173 0.4572 37720064
174 0.5029 37801984
175 0.4818 38195200
176 0.5049 38350848
177 0.5281 38666240
178 0.4704 38473728
179 0.4841 38744064
180 0.5596 39079936
181 0.5141 39116800
182 0.5027 39301120
183 0.4858 39665664
184 0.5271 39882752
185 0.5073 39804928
186 0.4939 40058880
187 0.4922 40128512
188 0.494 40255488
189 0.4968 40501248
190 0.5043 40812544
191 0.5079 41017344
192 0.5452 41172992
193 0.5562 41721856
194 0.5117 41902080
195 0.5363 41955328
196 0.5502 41865216
197 0.6419 42397696
198 0.6406 42283008
199 0.6148 42397696
200 0.6346 42676224
201 0.6507 42864640
202 0.6219 43208704
203 0.6698 43442176
204 0.5637 43794432
205 0.5823 44367872
206 0.5568 44027904
207 0.5526 44158976
208 0.5652 44449792
209 0.5621 44630016
210 0.5679 44933120
211 0.5703 45154304
212 0.5688 45191168
213 0.5795 45563904
214 0.592 45490176
215 0.7505 45801472
216 0.6452 46211072
217 0.7229 46137344
218 0.6744 46440448
219 0.7214 46559232
220 0.6419 47067136
221 0.6145 47050752
222 0.5965 47144960
223 0.6294 47591424
224 0.6049 47837184
225 0.604 47849472
226 0.6077 47955968
227 0.6248 48611328
228 0.6192 48500736
229 0.6226 48488448
230 0.6195 48877568
231 0.6184 49008640
232 0.6216 49266688
233 0.6219 49348608
234 0.6231 49455104
235 0.6301 50036736
236 0.6366 50368512
237 0.6367 50302976
238 0.639 50606080
239 0.6509 50843648
240 0.6525 50917376
241 0.6537 50720768
242 0.6482 51216384
243 0.6481 51134464
244 0.6673 51503104
245 0.6642 51978240
246 0.6609 51580928
247 0.6588 51863552
248 0.6599 52273152
249 0.6743 52887552
250 0.6844 52973568
251 0.6734 52813824
252 0.6753 53284864
253 0.6842 53256192
254 0.6816 53436416
255 0.6886 53850112
256 0.7305 54099968
257 0.6975 53952512
258 0.696 54214656
259 0.7172 54681600
260 0.7009 54439936
261 0.6989 54640640
262 0.6984 54788096
263 0.7127 55197696
264 0.7522 55427072
265 0.8985 55427072
266 0.7979 55672832
267 0.7551 56197120
268 0.7676 56020992
269 0.8417 56270848
270 0.9008 56561664
271 0.8607 56569856
272 0.805 56954880
273 0.8305 57167872
274 0.8858 57286656
275 1.003 57249792
276 1.0944 57401344
277 1.0834 57573376
278 0.9102 57774080
279 0.8631 57954304
280 0.7453 58224640
281 0.7461 58302464
282 0.856 58515456
283 0.9625 58908672
284 0.9229 59166720
285 0.9019 59334656
286 0.8124 59363328
287 0.8172 59928576
288 0.9192 59973632
289 0.9444 60297216
290 0.7919 60350464
291 0.7741 60186624
292 0.788 60358656
293 1.0589 60956672
294 0.8259 60887040
295 0.7795 61263872
296 0.7893 61157376
297 0.8042 61681664
298 0.7778 61423616
299 0.7913 61730816
300 0.7869 61837312