1 0.0259 6303744
2 0.0486 6471680
3 0.0321 6631424
4 0.0419 6828032
5 0.0445 7000064
6 0.0387 7204864
7 0.0403 7372800
8 0.0396 7536640
9 0.0433 7725056
10 0.0464 7786496
11 0.0493 7966720
12 0.048 8110080
13 0.0528 8306688
14 0.0524 8470528
15 0.0553 8638464
16 0.0578 8802304
17 0.0586 8998912
18 0.0623 9146368
19 0.0612 9281536
20 0.0696 9461760
21 0.0657 9646080
22 0.0683 9818112
23 0.0698 9940992
24 0.0741 10121216
25 0.0707 10248192
26 0.0794 10620928
27 0.0812 10641408
28 0.0796 10756096
29 0.0812 10960896
30 0.083 11124736
31 0.0889 11313152
32 0.0973 11464704
33 0.0871 11550720
34 0.0916 11776000
35 0.0918 11870208
36 0.0955 12091392
37 0.0979 12234752
38 0.0981 12349440
39 0.1058 12566528
40 0.1104 12771328
41 0.1177 13062144
42 0.1078 13078528
43 0.1152 13254656
44 0.1111 13438976
45 0.1134 13602816
46 0.1172 13729792
47 0.1171 13914112
48 0.12 14073856
49 0.1302 14237696
50 0.1246 14254080
51 0.1239 14422016
52 0.1274 14589952
53 0.1366 14745600
54 0.1349 14962688
55 0.1347 15081472
56 0.1352 15241216
57 0.1388 15388672
58 0.1436 15704064
59 0.1426 15757312
60 0.1435 15826944
61 0.1715 15998976
62 0.1539 16084992
63 0.1535 16347136
64 0.1541 16437248
65 0.1524 16576512
66 0.1543 16719872
67 0.1559 16900096
68 0.166 17035264
69 0.1646 17362944
70 0.1617 17362944
71 0.1647 17526784
72 0.1657 17686528
73 0.1676 17866752
74 0.1762 18006016
75 0.1743 18165760
76 0.1805 18317312
77 0.1787 18477056
78 0.2025 18632704
79 0.1787 18792448
80 0.1856 19025920
81 0.1845 19165184
82 0.1929 19333120
83 0.1859 19435520
84 0.1953 19640320
85 0.1931 19812352
86 0.1967 20029440
87 0.2024 20156416
88 0.2018 20365312
89 0.2035 20520960
90 0.2048 20652032
91 0.2059 20754432
92 0.2073 20971520
93 0.2134 21143552
94 0.2114 21233664
95 0.2201 21467136
96 0.2151 21614592
97 0.2209 21774336
98 0.2215 21925888
99 0.2209 22085632
100 0.2252 22196224
101 0.2324 22425600
102 0.2271 22528000
103 0.2308 22781952
104 0.2382 22925312
105 0.2349 23031808
106 0.2446 23113728
107 0.2411 23146496
108 0.2411 23330816
109 0.2417 23470080
110 0.2455 23633920
111 0.2512 23789568
112 0.2499 23904256
113 0.2509 24109056
114 0.2548 24248320
115 0.2529 24375296
116 0.2542 24616960
117 0.2584 24760320
118 0.2635 25001984
119 0.2615 25063424
120 0.2706 25280512
121 0.2669 25419776
122 0.2698 25571328
123 0.2691 25739264
124 0.275 25874432
125 0.2756 26050560
126 0.2845 26324992
127 0.3028 26382336
128 0.2807 26660864
129 0.2836 26701824
130 0.2839 26959872
131 0.2923 26988544
132 0.2872 27176960
133 0.2886 27283456
134 0.2906 27496448
135 0.2957 27656192
136 0.2949 27832320
137 0.3001 27975680
138 0.3099 28184576
139 0.3039 28311552
140 0.3043 28467200
141 0.3104 28794880
142 0.3079 28762112
143 0.308 28946432
144 0.3094 29102080
145 0.3133 29278208
146 0.3307 29417472
147 0.325 29569024
148 0.3195 29941760
149 0.3219 29896704
150 0.3223 30044160
151 0.3456 30408704
152 0.3415 30519296
153 0.3383 30769152
154 0.3404 30818304
155 0.3336 30789632
156 0.3387 31064064
157 0.3434 31289344
158 0.3373 31326208
159 0.3394 31514624
160 0.3415 31731712
161 0.3556 32149504
162 0.3493 32165888
163 0.3486 32243712
164 0.3493 32378880
165 0.3578 32784384
166 0.3565 32821248
167 0.3578 32854016
168 0.3686 33312768
169 0.3678 33329152
170 0.3668 33402880
171 0.3738 33538048
172 0.3722 33632256
173 0.3722 33824768
174 0.376 33935360
175 0.3788 34238464
176 0.3786 34582528
177 0.3801 34660352
178 0.3871 34807808
179 0.3866 35012608
180 0.4131 35450880
181 0.3926 35291136
182 0.3938 35459072
183 0.395 35631104
184 0.4017 35885056
185 0.3984 35966976
186 0.4004 36065280
187 0.4027 36212736
188 0.4027 36315136
189 0.4155 36909056
190 0.4175 36618240
191 0.4076 36794368
192 0.4161 37109760
193 0.4161 37138432
194 0.414 37261312
195 0.4229 37478400
196 0.4212 37625856
197 0.4163 37740544
198 0.4273 38113280
199 0.4306 38453248
200 0.43 38326272
201 0.4313 38416384
202 0.4366 38629376
203 0.43 38748160
204 0.437 39170048
205 0.4457 39161856
206 0.4447 39321600
207 0.4522 39469056
208 0.4547 39620608
209 0.4502 39780352
210 0.4569 40222720
211 0.4648 40247296
212 0.4636 40382464
213 0.4572 40435712
214 0.475 40824832
215 0.4647 40738816
216 0.4633 40857600
217 0.4678 41074688
218 0.4712 41230336
219 0.4708 41299968
220 0.4744 41328640
221 0.498 41680896
222 0.4842 41562112
223 0.4835 41533440
224 0.4974 41758720
225 0.4993 41926656
226 0.5018 42344448
227 0.5131 42160128
228 0.503 42291200
229 0.5025 42520576
230 0.492 42553344
231 0.4922 42844160
232 0.4939 43061248
233 0.5021 43212800
234 0.5065 43327488
235 0.5034 43749376
236 0.5033 43667456
237 0.5026 43749376
238 0.5096 43941888
239 0.5116 44167168
240 0.5117 44277760
241 0.5172 44470272
242 0.5156 44646400
243 0.5145 44765184
244 0.5189 44949504
245 0.5231 45092864
246 0.522 45223936
247 0.5275 45416448
248 0.5253 45547520
249 0.5296 45699072
250 0.5302 45871104
251 0.5342 46022656
252 0.5286 46125056
253 0.537 46333952
254 0.5448 46477312
255 0.5444 46960640
256 0.5474 46817280
257 0.5443 46972928
258 0.5506 47271936
259 0.5459 47239168
260 0.5494 47448064
261 0.5556 47669248
262 0.5664 47775744
263 0.5579 48062464
264 0.5572 48082944
265 0.5582 48259072
266 0.5651 48435200
267 0.5662 48812032
268 0.5735 48791552
269 0.5648 48881664
270 0.5661 48988160
271 0.5808 49233920
272 0.5712 49356800
273 0.5709 49467392
274 0.5743 49672192
275 0.5753 49885184
276 0.5764 49967104
277 0.583 50151424
278 0.584 50384896
279 0.5939 50479104
280 0.59 50626560
281 0.5975 51355648
282 0.5969 50954240
283 0.5966 51138560
284 0.5902 51236864
285 0.5981 51441664
286 0.6063 51597312
287 0.6085 52146176
288 0.6126 51933184
289 0.6364 52445184
290 0.6161 52338688
291 0.6154 53035008
292 0.6102 52502528
293 0.6148 53112832
294 0.6144 52887552
295 0.6224 53051392
296 0.6156 53157888
297 0.6214 53362688
298 0.6251 53510144
299 0.6255 53678080
300 0.6317 53837824