1 0.0273 6385664
2 0.0303 6647808
3 0.0333 6967296
4 0.0365 7155712
5 0.0421 7467008
6 0.0426 7716864
7 0.0526 7942144
8 0.0514 8204288
9 0.0526 8454144
10 0.0565 8716288
11 0.0593 9007104
12 0.0634 9232384
13 0.0665 9486336
14 0.0727 9781248
15 0.0742 10022912
16 0.076 10407936
17 0.0814 10526720
18 0.089 10809344
19 0.0923 11231232
20 0.0877 11321344
21 0.0923 11546624
22 0.0945 11833344
23 0.1016 12165120
24 0.0988 12259328
25 0.1034 12492800
26 0.1085 12836864
27 0.1167 13058048
28 0.1152 13332480
29 0.1229 13631488
30 0.1308 13881344
31 0.13 14180352
32 0.1236 14200832
33 0.1324 14491648
34 0.1369 14815232
35 0.139 14991360
36 0.1406 15249408
37 0.1427 15474688
38 0.1461 15683584
39 0.1565 16060416
40 0.1564 16343040
41 0.1556 16343040
42 0.1602 16617472
43 0.1853 16863232
44 0.1651 17121280
45 0.1671 17326080
46 0.1706 17657856
47 0.1738 17817600
48 0.2231 18108416
49 0.1813 18407424
50 0.1848 18612224
51 0.1882 18870272
52 0.1911 19144704
53 0.1939 19378176
54 0.2018 19767296
55 0.2025 19955712
56 0.2073 20242432
57 0.2122 20480000
58 0.2153 20758528
59 0.2201 20979712
60 0.2193 21196800
61 0.2227 21463040
62 0.2272 21716992
63 0.2283 21950464
64 0.2316 22257664
65 0.2411 22609920
66 0.2372 22716416
67 0.2424 22994944
68 0.2486 23142400
69 0.2481 23216128
70 0.2505 23470080
71 0.2537 23740416
72 0.2589 23924736
73 0.2814 24383488
74 0.2716 24449024
75 0.272 24936448
76 0.2828 25083904
77 0.2844 25452544
78 0.2939 25657344
79 0.2817 25755648
80 0.2865 26222592
81 0.2928 26464256
82 0.2967 26591232
83 0.2952 26775552
84 0.301 27156480
85 0.3089 27590656
86 0.3055 27471872
87 0.3113 27815936
88 0.3189 28188672
89 0.3181 28319744
90 0.3217 28557312
91 0.329 28987392
92 0.3269 28975104
93 0.3285 29237248
94 0.3319 29511680
95 0.3385 29937664
96 0.3371 29945856
97 0.3402 30240768
98 0.3447 30523392
99 0.3511 30859264
100 0.3579 30969856
101 0.3525 31305728
102 0.362 31522816
103 0.3694 31780864
104 0.3725 32264192
105 0.3834 32292864
106 0.3763 32763904
107 0.3772 32776192
108 0.3825 33046528
109 0.3891 33509376
110 0.3845 33652736
111 0.3893 33898496
112 0.3916 34152448
113 0.4033 34852864
114 0.4085 34750464
115 0.4541 35254272
116 0.408 35237888
117 0.4113 35467264
118 0.4148 35745792
119 0.4206 36130816
120 0.4182 36163584
121 0.4232 36483072
122 0.4296 36728832
123 0.4356 37244928
124 0.4379 37232640
125 0.4348 37441536
126 0.4419 37765120
127 0.444 37941248
128 0.4433 38227968
129 0.4511 38617088
130 0.4569 39002112
131 0.4546 38957056
132 0.4613 39387136
133 0.4641 39440384
134 0.462 39657472
135 0.4661 40062976
136 0.4742 40484864
137 0.4706 40394752
138 0.4766 40763392
139 0.4827 41029632
140 0.4809 40931328
141 0.4883 40964096
142 0.4878 41156608
143 0.4903 41377792
144 0.4956 41660416
145 0.5226 42217472
146 0.4988 42098688
147 0.5078 42364928
148 0.5062 42659840
149 0.5113 42860544
150 0.5193 43147264
151 0.5168 43409408
152 0.5198 43581440
153 0.528 44298240
154 0.5278 44208128
155 0.5337 44515328
156 0.533 44736512
157 0.538 45035520
158 0.5399 45182976
159 0.5457 45498368
160 0.5478 45817856
161 0.5517 45924352
162 0.5544 46268416
163 0.5616 46731264
164 0.5667 46927872
165 0.5734 47235072
166 0.5715 47423488
167 0.5808 47783936
168 0.5789 47984640
169 0.5882 48189440
170 0.588 48447488
171 0.5962 49143808
172 0.5948 48939008
173 0.6008 49197056
174 0.6001 49414144
175 0.61 50098176
176 0.6038 49905664
177 0.6129 50171904
178 0.6158 50413568
179 0.6157 50642944
180 0.6259 50851840
181 0.6294 51290112
182 0.6262 51343360
183 0.6264 51650560
184 0.6343 51879936
185 0.6364 52125696
186 0.6396 52350976
187 0.6385 52674560
188 0.6612 53010432
189 0.6553 53256192
190 0.6567 53399552
191 0.6528 53637120
192 0.6609 54231040
193 0.6582 54185984
194 0.6697 54714368
195 0.6892 54640640
196 0.6821 54947840
197 0.7004 55394304
198 0.6788 55496704
199 0.685 55627776
200 0.6834 55865344
201 0.6835 56102912
202 0.6919 56541184
203 0.7095 56836096
204 0.7118 56868864
205 0.7629 57348096
206 0.8061 57577472
207 0.7641 57831424
208 0.7544 57978880
209 0.8838 58204160
210 0.736 58798080
211 0.77 58839040
212 0.7703 59277312
213 0.747 59342848
214 0.7434 59498496
215 0.738 59699200
216 0.7494 59936768
217 0.7491 60313600
218 0.7452 60465152
219 0.7563 61145088
220 0.7619 61206528
221 0.775 61460480
222 0.7698 62107648
223 0.7659 61939712
224 0.7761 62320640
225 0.7994 62414848
226 0.8313 63217664
227 0.8256 63754240
228 0.8622 63533056
229 0.7953 63660032
230 0.7954 63995904
231 0.8066 64348160
232 0.8089 64638976
233 0.8127 65257472
234 0.8081 64946176
235 0.8128 65302528
236 0.8191 65863680
237 0.8224 65814528
238 0.8218 66113536
239 0.831 66629632
240 0.8301 66613248
241 0.8289 66772992
242 0.8446 67026944
243 0.8424 67284992
244 0.8449 67764224
245 0.8461 67731456
246 0.8454 68014080
247 0.8507 68268032
248 0.8605 68505600
249 0.8534 68698112
250 0.8601 69001216
251 0.8677 69230592
252 0.8632 69431296
253 0.8667 69746688
254 0.8781 69980160
255 0.8735 70246400
256 0.8859 70483968
257 0.8839 70971392
258 0.8835 70979584
259 0.8917 71708672
260 0.8865 71409664
261 0.9043 72032256
262 0.9037 71954432
263 0.9043 72699904
264 0.9128 72568832
265 0.9072 72753152
266 0.9132 73076736
267 0.933 73474048
268 0.9333 73498624
269 0.9409 74297344
270 0.925 73936896
271 0.9274 74301440
272 0.9314 74465280
273 0.9363 74723328
274 0.94 74981376
275 0.9419 75554816
276 0.9537 75493376
277 0.9494 76169216
278 0.947 75952128
279 0.9617 76562432
280 0.9693 77012992
281 0.9564 76730368
282 0.967 77373440
283 0.9645 77180928
284 0.9684 77307904
285 0.9694 77266944
286 0.9736 77328384
287 0.9785 77266944
288 0.989 77742080
289 0.9876 78151680
290 0.9871 77905920
291 1.0029 78139392
292 0.9953 78700544
293 1.0027 78983168
294 1.0027 78876672
295 1.0034 79089664
296 1.0151 79855616
297 1.0139 80011264
298 1.015 79859712
299 1.0243 80515072
300 1.0192 80367616