1 0.0247 6270976
2 0.0272 6414336
3 0.0293 6619136
4 0.0348 6914048
5 0.0382 7073792
6 0.0363 7290880
7 0.0386 7434240
8 0.0411 7639040
9 0.0433 7835648
10 0.0457 8052736
11 0.0482 8245248
12 0.0568 8646656
13 0.053 8650752
14 0.0554 8859648
15 0.058 9080832
16 0.0607 9334784
17 0.0628 9474048
18 0.0651 9748480
19 0.0799 9973760
20 0.0738 10121216
21 0.0722 10252288
22 0.0745 10448896
23 0.0776 10670080
24 0.08 10870784
25 0.0831 11067392
26 0.0853 11276288
27 0.092 11530240
28 0.0943 11722752
29 0.0929 11911168
30 0.0965 12201984
31 0.1014 12361728
32 0.1005 12525568
33 0.1111 12877824
34 0.1056 12910592
35 0.1084 13115392
36 0.1104 13312000
37 0.1125 13512704
38 0.1989 13725696
39 0.1186 13811712
40 0.1278 14008320
41 0.1264 14159872
42 0.1257 14352384
43 0.1271 14614528
44 0.1306 14741504
45 0.1319 14938112
46 0.1388 15200256
47 0.1369 15331328
48 0.1454 15519744
49 0.1429 15609856
50 0.1464 15863808
51 0.1487 16056320
52 0.1528 16252928
53 0.1557 16453632
54 0.1581 16646144
55 0.1609 16838656
56 0.1629 17035264
57 0.1654 17231872
58 0.1722 17534976
59 0.1753 17797120
60 0.1762 17993728
61 0.1824 18227200
62 0.1795 18362368
63 0.1831 18546688
64 0.1841 18747392
65 0.187 18952192
66 0.1894 19193856
67 0.1933 19329024
68 0.1939 19521536
69 0.2008 19775488
70 0.1988 19910656
71 0.2054 20185088
72 0.2049 20299776
73 0.2064 20500480
74 0.213 20754432
75 0.2155 20942848
76 0.2183 21295104
77 0.2169 21274624
78 0.2189 21532672
79 0.2207 21671936
80 0.2229 21864448
81 0.2254 22065152
82 0.2299 22163456
83 0.2306 22192128
84 0.2344 22384640
85 0.2364 22589440
86 0.2394 22781952
87 0.2458 23035904
88 0.2455 23162880
89 0.2461 23359488
90 0.2498 23552000
91 0.2549 23793664
92 0.2534 23937024
93 0.2605 24186880
94 0.2588 24338432
95 0.2653 24584192
96 0.2636 24723456
97 0.2669 24948736
98 0.27 25149440
99 0.276 25395200
100 0.2743 25538560
101 0.2765 25731072
102 0.2835 26058752
103 0.288 26247168
104 0.2902 26435584
105 0.2934 26624000
106 0.2987 26824704
107 0.2982 27017216
108 0.3046 27279360
109 0.3039 27402240
110 0.3092 27664384
111 0.3119 27869184
112 0.3102 28004352
113 0.3168 28229632
114 0.3148 28393472
115 0.3217 28647424
116 0.3249 28925952
117 0.3252 29179904
118 0.3323 29429760
119 0.3317 29548544
120 0.3332 29741056
121 0.3381 30072832
122 0.3407 30334976
123 0.3504 30511104
124 0.3458 30625792
125 0.3479 30810112
126 0.3506 30990336
127 0.353 31182848
128 0.3566 31461376
129 0.3584 31588352
130 0.3599 31780864
131 0.3666 32309248
132 0.365 32169984
133 0.3683 32395264
134 0.3795 33046528
135 0.377 32825344
136 0.3803 33021952
137 0.3788 33132544
138 0.3888 33382400
139 0.3839 33509376
140 0.3925 33775616
141 0.3879 33898496
142 0.391 34095104
143 0.3925 34291712
144 0.3991 34553856
145 0.3983 34684928
146 0.4049 34951168
147 0.403 35078144
148 0.4065 35266560
149 0.4071 35463168
150 0.4096 35651584
151 0.4132 35856384
152 0.4145 36048896
153 0.4167 36245504
154 0.4246 36511744
155 0.4226 36646912
156 0.4267 36900864
157 0.4325 37093376
158 0.4361 37298176
159 0.4366 37490688
160 0.4356 37621760
161 0.4365 37814272
162 0.4444 38273024
163 0.4423 38207488
164 0.4498 38858752
165 0.4474 38649856
166 0.4498 38842368
167 0.4534 39120896
168 0.4552 39235584
169 0.4673 39755776
170 0.4666 39436288
171 0.474 39886848
172 0.4711 39567360
173 0.4674 39686144
174 0.4757 39956480
175 0.472 40075264
176 0.4764 40263680
177 0.4778 40546304
178 0.483 40742912
179 0.4833 40853504
180 0.4859 41058304
181 0.4889 41254912
182 0.4905 41447424
183 0.4935 41648128
184 0.4956 41832448
185 0.4984 42012672
186 0.5001 42205184
187 0.5123 42717184
188 0.5051 42606592
189 0.5088 42803200
190 0.5121 42995712
191 0.5132 43192320
192 0.524 43847680
193 0.5193 43659264
194 0.5226 43847680
195 0.5294 44101632
196 0.5323 44298240
197 0.5303 44507136
198 0.5343 44621824
199 0.5396 44883968
200 0.5402 45010944
201 0.5443 45252608
202 0.548 45465600
203 0.5452 45596672
204 0.5472 45789184
205 0.5621 46256128
206 0.564 46358528
207 0.5679 46751744
208 0.5757 47415296
209 0.5725 47116288
210 0.5755 47325184
211 0.579 47517696
212 0.5841 47771648
213 0.5879 47960064
214 0.5855 48099328
215 0.5883 48291840
216 0.5894 48488448
217 0.5932 48693248
218 0.5957 48885760
219 0.6005 49123328
220 0.5995 49270784
221 0.6033 49471488
222 0.6103 49737728
223 0.6083 49938432
224 0.6106 50049024
225 0.6177 50274304
226 0.6195 50503680
227 0.6183 50642944
228 0.6196 50831360
229 0.6221 51036160
230 0.6301 51671040
231 0.6353 51601408
232 0.6299 51736576
233 0.6373 52469760
234 0.6358 52183040
235 0.6431 52584448
236 0.6511 52813824
237 0.6476 52969472
238 0.6548 53448704
239 0.6574 53420032
240 0.6604 53612544
241 0.665 54063104
242 0.6668 54214656
243 0.6707 54411264
244 0.6724 54603776
245 0.6739 54796288
246 0.6761 54992896
247 0.6835 55193600
248 0.681 55476224
249 0.6887 55578624
250 0.688 55771136
251 0.69 55971840
252 0.6916 56160256
253 0.6956 56365056
254 0.6977 56561664
255 0.7001 56758272
256 0.7064 57409536
257 0.705 57212928
258 0.7079 57339904
259 0.7136 57593856
260 0.7167 57851904
261 0.7145 57925632
262 0.7243 58265600
263 0.7237 58384384
264 0.7263 58568704
265 0.7248 58703872
266 0.7259 58900480
267 0.7341 59240448
268 0.7298 59285504
269 0.7402 59576320
270 0.7409 60219392
271 0.7487 60313600
272 0.7454 60137472
273 0.7501 60338176
274 0.7512 60530688
275 0.7542 61128704
276 0.7515 60874752
277 0.7592 61128704
278 0.7563 61263872
279 0.7581 61468672
280 0.7603 61657088
281 0.7708 61853696
282 0.7757 62042112
283 0.7707 62246912
284 0.7807 62955520
285 0.7773 62713856
286 0.7804 62824448
287 0.7833 63098880
288 0.7902 63262720
289 0.7846 63410176
290 0.7957 63606784
291 0.7876 63803392
292 0.7901 64053248
293 0.7909 64188416
294 0.8007 64421888
295 0.8001 64581632
296 0.8012 64782336
297 0.8029 64978944
298 0.8115 65236992
299 0.8126 65437696
300 0.8107 65581056