1 0.029 6324224
2 0.0283 6483968
3 0.0301 6705152
4 0.0325 6930432
5 0.0396 7180288
6 0.0375 7417856
7 0.0397 7561216
8 0.0423 7786496
9 0.0486 8044544
10 0.0473 8208384
11 0.0501 8486912
12 0.0562 8687616
13 0.0593 8929280
14 0.0619 9138176
15 0.0642 9355264
16 0.0668 9584640
17 0.0697 9809920
18 0.0682 9945088
19 0.0704 10166272
20 0.0727 10362880
21 0.0855 10608640
22 0.0783 10784768
23 0.085 11059200
24 0.0834 11210752
25 0.0863 11452416
26 0.0895 11661312
27 0.0927 11911168
28 0.0951 12103680
29 0.0974 12394496
30 0.1005 12603392
31 0.1026 12750848
32 0.111 13017088
33 0.1085 13205504
34 0.1106 13402112
35 0.1177 13660160
36 0.1155 13819904
37 0.1228 13959168
38 0.1207 14102528
39 0.1236 14311424
40 0.1301 14581760
41 0.129 14745600
42 0.131 14950400
43 0.1344 15155200
44 0.1364 15327232
45 0.139 15437824
46 0.1418 15650816
47 0.1452 15929344
48 0.1478 16105472
49 0.1547 16359424
50 0.1537 16498688
51 0.1553 16785408
52 0.1602 16949248
53 0.1637 17231872
54 0.1682 17494016
55 0.1701 17690624
56 0.1731 17887232
57 0.1752 18083840
58 0.1774 18313216
59 0.1796 18518016
60 0.1864 18788352
61 0.1856 18935808
62 0.1878 19148800
63 0.1903 19353600
64 0.1937 19566592
65 0.2082 19922944
66 0.2001 20049920
67 0.2031 20250624
68 0.2044 20447232
69 0.2066 20643840
70 0.215 20910080
71 0.2165 21118976
72 0.2146 21274624
73 0.2176 21544960
74 0.2241 21753856
75 0.2286 22151168
76 0.2292 22171648
77 0.228 22315008
78 0.2304 22528000
79 0.2336 22577152
80 0.2354 22683648
81 0.238 22884352
82 0.2419 23195648
83 0.2444 23330816
84 0.2502 23584768
85 0.2484 23740416
86 0.2519 23949312
87 0.255 24158208
88 0.2575 24420352
89 0.2594 24629248
90 0.2668 24838144
91 0.2646 24993792
92 0.2679 25198592
93 0.2692 25468928
94 0.2729 25628672
95 0.2773 25833472
96 0.2795 26038272
97 0.2813 26251264
98 0.2879 26521600
99 0.291 26726400
100 0.2894 26873856
101 0.2958 27144192
102 0.2982 27361280
103 0.3032 27553792
104 0.3025 27750400
105 0.3096 28045312
106 0.3136 28237824
107 0.3105 28393472
108 0.3138 28598272
109 0.319 28942336
110 0.3245 29274112
111 0.3317 29528064
112 0.3304 29675520
113 0.3371 29933568
114 0.3362 30072832
115 0.3374 30273536
116 0.3416 30556160
117 0.3433 30748672
118 0.3492 30994432
119 0.349 31141888
120 0.3557 31395840
121 0.3539 31559680
122 0.3557 31764480
123 0.3589 31973376
124 0.3655 32223232
125 0.3671 32768000
126 0.3657 32649216
127 0.3689 32804864
128 0.3723 33075200
129 0.3732 33222656
130 0.3779 33431552
131 0.383 33804288
132 0.3851 34000896
133 0.3884 34197504
134 0.397 34459648
135 0.3935 34643968
136 0.4015 34848768
137 0.4081 35094528
138 0.4008 35188736
139 0.4144 35577856
140 0.4056 35602432
141 0.4093 35831808
142 0.4125 36085760
143 0.4139 36249600
144 0.4167 36450304
145 0.4186 36663296
146 0.4268 36909056
147 0.4239 37081088
148 0.4329 37429248
149 0.4325 37539840
150 0.4366 37744640
151 0.4358 37912576
152 0.4376 38113280
153 0.4482 38440960
154 0.4486 38588416
155 0.4454 38739968
156 0.4477 38940672
157 0.4549 39215104
158 0.4572 39440384
159 0.461 39624704
160 0.4625 39837696
161 0.4602 39985152
162 0.4625 40194048
163 0.4663 40251392
164 0.4698 40251392
165 0.4725 40345600
166 0.4747 40550400
167 0.4824 40816640
168 0.4844 41009152
169 0.4831 41172992
170 0.4854 41377792
171 0.4916 41631744
172 0.4917 41791488
173 0.4995 42045440
174 0.5003 42213376
175 0.4994 42418176
176 0.5012 42622976
177 0.5043 42831872
178 0.5054 43040768
179 0.51 43307008
180 0.5216 43614208
181 0.5149 43741184
182 0.5173 43884544
183 0.5248 44150784
184 0.5277 44355584
185 0.5254 44503040
186 0.5302 44707840
187 0.5405 45002752
188 0.5416 45146112
189 0.5398 45363200
190 0.5406 45568000
191 0.5468 45830144
192 0.5454 45981696
193 0.5514 46243840
194 0.5511 46399488
195 0.5547 46649344
196 0.5553 46813184
197 0.5592 47026176
198 0.5612 47230976
199 0.564 47443968
200 0.5708 47702016
201 0.5689 47857664
202 0.5802 48193536
203 0.5789 48332800
204 0.5767 48480256
205 0.5853 48816128
206 0.5899 49016832
207 0.5899 49209344
208 0.6082 49836032
209 0.6058 49770496
210 0.6046 49922048
211 0.6057 50597888
212 0.6057 50253824
213 0.6083 50454528
214 0.61 50667520
215 0.6126 50876416
216 0.615 51085312
217 0.6176 51298304
218 0.626 51769344
219 0.6295 51974144
220 0.6341 52252672
221 0.6339 52400128
222 0.6369 52604928
223 0.6444 53080064
224 0.6587 53800960
225 0.6807 53510144
226 0.6584 53772288
227 0.6553 53915648
228 0.663 54218752
229 0.6669 54394880
230 0.669 54595584
231 0.6662 54947840
232 0.674 55480320
233 0.6708 55279616
234 0.6735 55472128
235 0.6854 55721984
236 0.6864 55922688
237 0.6857 56152064
238 0.6888 56262656
239 0.6888 56463360
240 0.6955 56655872
241 0.6939 56856576
242 0.6969 57049088
243 0.7089 57655296
244 0.7044 57462784
245 0.705 57671680
246 0.7089 57880576
247 0.7112 58089472
248 0.7199 58834944
249 0.7202 59015168
250 0.7191 58732544
251 0.7207 58937344
252 0.7304 59219968
253 0.7327 59416576
254 0.7371 59744256
255 0.7317 59772928
256 0.7417 60039168
257 0.7396 60231680
258 0.739 60395520
259 0.7473 60669952
260 0.7455 60813312
261 0.7592 61087744
262 0.7578 61497344
263 0.7668 61833216
264 0.7676 62214144
265 0.7752 62484480
266 0.7688 62365696
267 0.7719 62648320
268 0.7854 62783488
269 0.7773 62992384
270 0.7788 63197184
271 0.7806 63410176
272 0.7843 63684608
273 0.787 63827968
274 0.7894 64032768
275 0.7925 64307200
276 0.7956 64544768
277 0.8031 65290240
278 0.799 64888832
279 0.8015 65097728
280 0.8103 65355776
281 0.8079 65511424
282 0.8093 65712128
283 0.8138 65921024
284 0.8207 66207744
285 0.8229 66424832
286 0.8249 66990080
287 0.8314 66830336
288 0.8392 67031040
289 0.835 67174400
290 0.8312 67379200
291 0.8333 67665920
292 0.8366 67796992
293 0.838 68009984
294 0.841 68218880
295 0.8484 68976640
296 0.8477 68636672
297 0.8553 68919296
298 0.8522 69050368
299 0.8535 69255168
300 0.8594 69472256