1 0.0029 3792896
2 0.0027 3833856
3 0.0031 3883008
4 0.0046 3915776
5 0.0047 3948544
6 0.0041 3997696
7 0.0049 4059136
8 0.0048 4087808
9 0.0054 4112384
10 0.0055 4153344
11 0.0063 4186112
12 0.0063 4231168
13 0.0074 4296704
14 0.0069 4329472
15 0.0078 4395008
16 0.0079 4395008
17 0.0087 4431872
18 0.0082 4468736
19 0.0106 4546560
20 0.009 4546560
21 0.0107 4632576
22 0.0096 4620288
23 0.0112 4689920
24 0.0106 4747264
25 0.0118 4747264
26 0.0113 4784128
27 0.0127 4902912
28 0.0119 4894720
29 0.0143 4919296
30 0.0129 4956160
31 0.0168 5042176
32 0.0134 5021696
33 0.0141 5148672
34 0.014 5099520
35 0.0185 5218304
36 0.015 5173248
37 0.0163 5206016
38 0.0155 5242880
39 0.0158 5337088
40 0.0218 5361664
41 0.0172 5361664
42 0.0169 5464064
43 0.0174 5517312
44 0.0182 5464064
45 0.0187 5558272
46 0.0186 5554176
47 0.0193 5607424
48 0.0206 5730304
49 0.0198 5681152
50 0.0222 5836800
51 0.0204 5742592
52 0.0259 5849088
53 0.0216 5820416
54 0.0261 5926912
55 0.0225 5971968
56 0.023 6090752
57 0.0236 6041600
58 0.0243 6053888
59 0.0239 6074368
60 0.0303 6184960
61 0.0285 6254592
62 0.029 6246400
63 0.0278 6250496
64 0.0306 6287360
65 0.0272 6340608
66 0.0354 6414336
67 0.0346 6451200
68 0.0359 6418432
69 0.0274 6430720
70 0.0326 6557696
71 0.0361 6557696
72 0.0289 6541312
73 0.0295 6586368
74 0.0343 6651904
75 0.0305 6684672
76 0.0308 6721536
77 0.0311 6733824
78 0.035 6803456
79 0.0336 6889472
80 0.0367 6918144
81 0.0326 6909952
82 0.0382 6955008
83 0.0374 7016448
84 0.039 7081984
85 0.0353 7045120
86 0.0336 7061504
87 0.0366 7135232
88 0.0371 7163904
89 0.0354 7172096
90 0.0365 7233536
91 0.0415 7270400
92 0.0372 7282688
93 0.0372 7335936
94 0.056 7499776
95 0.0448 7589888
96 0.04 7528448
97 0.0393 7516160
98 0.0418 7593984
99 0.0407 7589888
100 0.0419 7659520
101 0.0423 7716864
102 0.0428 7700480
103 0.0429 7802880
104 0.0465 7831552
105 0.048 7880704
106 0.0444 7892992
107 0.0439 7892992
108 0.0454 7958528
109 0.0487 7995392
110 0.0502 8032256
111 0.05 8077312
112 0.0499 8192000
113 0.0467 8155136
114 0.0463 8159232
115 0.0464 8192000
116 0.0491 8278016
117 0.0552 8347648
118 0.0496 8364032
119 0.0586 8388608
120 0.0494 8441856
121 0.0521 8491008
122 0.0516 8495104
123 0.0517 8540160
124 0.052 8601600
125 0.0516 8613888
126 0.0518 8671232
127 0.0527 8716288
128 0.054 8720384
129 0.0532 8761344
130 0.0539 8818688
131 0.055 8847360
132 0.0546 8876032
133 0.0548 8925184
134 0.0595 8978432
135 0.06 8986624
136 0.0551 8982528
137 0.0558 9076736
138 0.0589 9084928
139 0.0572 9134080
140 0.0599 9248768
141 0.059 9199616
142 0.0575 9244672
143 0.0578 9269248
144 0.0605 9314304
145 0.0588 9371648
146 0.0631 9383936
147 0.0612 9461760
148 0.0606 9457664
149 0.0605 9506816
150 0.0603 9502720
151 0.061 9580544
152 0.0619 9609216
153 0.0632 9646080
154 0.0627 9695232
155 0.0627 9723904
156 0.0648 9756672
157 0.0643 9822208
158 0.0676 9900032
159 0.0649 9895936
160 0.065 9908224
161 0.0645 9949184
162 0.0654 9977856
163 0.0645 10022912
164 0.066 10043392
165 0.0671 10076160
166 0.0671 10125312
167 0.0676 10219520
168 0.071 10194944
169 0.0689 10252288
170 0.0682 10276864
171 0.0697 10305536
172 0.0732 10444800
173 0.075 10399744
174 0.071 10424320
175 0.0698 10457088
176 0.0709 10469376
177 0.0739 10543104
178 0.0721 10563584
179 0.0714 10612736
180 0.0742 10645504
181 0.0715 10735616
182 0.0704 10690560
183 0.0747 10743808
184 0.0698 10776576
185 0.0737 10842112
186 0.0761 10915840
187 0.0765 11018240
188 0.0839 11067392
189 0.0778 11116544
190 0.0803 11169792
191 0.0775 11157504
192 0.0782 11194368
193 0.0777 11243520
194 0.0775 11333632
195 0.0788 11350016
196 0.0867 11345920
197 0.0792 11423744
198 0.0805 11481088
199 0.0864 11628544
200 0.0858 11485184
201 0.0828 11522048
202 0.0846 11526144
203 0.0825 11603968
204 0.0837 11603968
205 0.0848 11739136
206 0.0883 11780096
207 0.0861 11763712
208 0.0859 11939840
209 0.0878 11894784
210 0.087 11866112
211 0.0865 11870208
212 0.0875 12034048
213 0.0875 12025856
214 0.0886 12075008
215 0.0881 12013568
216 0.0876 12095488
217 0.091 12156928
218 0.0914 12410880
219 0.0933 12263424
220 0.0935 12312576
221 0.0908 12292096
222 0.0978 12382208
223 0.0906 12419072
224 0.0911 12443648
225 0.0922 12414976
226 0.093 12398592
227 0.0949 12361728
228 0.0952 12427264
229 0.0932 12513280
230 0.0937 12484608
231 0.0947 12550144
232 0.0942 12587008
233 0.0959 12693504
234 0.0944 12730368
235 0.1056 12898304
236 0.0997 12767232
237 0.0987 13008896
238 0.0979 12894208
239 0.0958 12918784
240 0.097 12955648
241 0.0996 13004800
242 0.0978 13041664
243 0.0983 13074432
244 0.0999 13045760
245 0.0992 13107200
246 0.0987 13156352
247 0.1069 13135872
248 0.1031 13185024
249 0.101 13287424
250 0.1075 13258752
251 0.1009 13258752
252 0.107 13352960
253 0.1007 13418496
254 0.1022 13402112
255 0.1062 13574144
256 0.1025 13438976
257 0.1059 13484032
258 0.1045 13619200
259 0.1038 13606912
260 0.1041 13602816
261 0.1073 13643776
262 0.1043 13701120
263 0.1087 13758464
264 0.114 13840384
265 0.1145 13873152
266 0.1069 13897728
267 0.1076 13893632
268 0.1075 13926400
269 0.1086 13811712
270 0.1091 13840384
271 0.1097 13881344
272 0.1103 13967360
273 0.1106 14008320
274 0.1163 14012416
275 0.1121 14061568
276 0.11 14139392
277 0.1104 14073856
278 0.1097 14114816
279 0.112 14151680
280 0.112 14188544
281 0.1101 14221312
282 0.1118 14262272
283 0.1153 14295040
284 0.1197 14401536
285 0.1123 14434304
286 0.116 14401536
287 0.122 14540800
288 0.121 14540800
289 0.1155 14647296
290 0.1201 14712832
291 0.1148 14614528
292 0.1201 14659584
293 0.1189 14700544
294 0.1176 14749696
295 0.1195 14843904
296 0.118 14852096
297 0.1171 14839808
298 0.1222 14880768
299 0.1253 14909440
300 0.1196 14921728