1 0.0019 3559424
2 0.0024 3620864
3 0.0032 3698688
4 0.0035 3751936
5 0.0054 3837952
6 0.0046 3891200
7 0.0052 3952640
8 0.0058 4030464
9 0.0079 4087808
10 0.0069 4145152
11 0.0104 4276224
12 0.0082 4276224
13 0.0115 4395008
14 0.0113 4452352
15 0.0108 4513792
16 0.011 4546560
17 0.0129 4653056
18 0.0145 4702208
19 0.0128 4763648
20 0.0132 4780032
21 0.0138 4911104
22 0.0137 4919296
23 0.0152 4997120
24 0.0148 5038080
25 0.0166 5152768
26 0.0164 5193728
27 0.0168 5246976
28 0.0196 5382144
29 0.0196 5423104
30 0.0229 5517312
31 0.0203 5496832
32 0.0195 5562368
33 0.0237 5652480
34 0.0225 5722112
35 0.026 5832704
36 0.0284 5865472
37 0.0224 5869568
38 0.0233 6025216
39 0.0295 6057984
40 0.0293 6135808
41 0.0254 6115328
42 0.0301 6316032
43 0.0263 6311936
44 0.0335 6365184
45 0.0271 6381568
46 0.0339 6467584
47 0.0294 6504448
48 0.0302 6615040
49 0.0305 6627328
50 0.0316 6684672
51 0.0364 6836224
52 0.0326 6823936
53 0.0338 6893568
54 0.0384 7036928
55 0.0345 7012352
56 0.0359 7081984
57 0.0356 7139328
58 0.0402 7376896
59 0.0374 7364608
60 0.0394 7360512
61 0.0381 7397376
62 0.0416 7483392
63 0.0417 7651328
64 0.0395 7593984
65 0.0438 7741440
66 0.0427 7716864
67 0.0427 7811072
68 0.0422 7839744
69 0.0443 7925760
70 0.0458 7999488
71 0.0477 8069120
72 0.047 8081408
73 0.0479 8171520
74 0.0536 8237056
75 0.0473 8351744
76 0.0554 8380416
77 0.0528 8470528
78 0.0536 8523776
79 0.0513 8536064
80 0.0555 8609792
81 0.0539 8699904
82 0.056 8716288
83 0.0529 8790016
84 0.052 8814592
85 0.0557 8925184
86 0.0549 9003008
87 0.0564 9072640
88 0.0557 9179136
89 0.0573 9179136
90 0.0558 9211904
91 0.0589 9302016
92 0.0655 9379840
93 0.0637 9437184
94 0.0615 9531392
95 0.0601 9564160
96 0.063 9617408
97 0.0703 9687040
98 0.0623 9842688
99 0.0703 9805824
100 0.0699 9859072
101 0.0662 9998336
102 0.0735 9994240
103 0.067 10088448
104 0.0693 10199040
105 0.0744 10207232
106 0.07 10260480
107 0.0717 10346496
108 0.0702 10383360
109 0.0705 10444800
110 0.0775 10682368
111 0.0777 10596352
112 0.0706 10645504
113 0.079 10731520
114 0.0825 10764288
115 0.1301 10809344
116 0.0725 10924032
117 0.081 10993664
118 0.0733 11042816
119 0.0751 11124736
120 0.0806 11386880
121 0.0756 11194368
122 0.0764 11296768
123 0.0767 11304960
124 0.0841 11390976
125 0.0861 11452416
126 0.0793 11509760
127 0.0805 11649024
128 0.0876 11665408
129 0.0795 11694080
130 0.0979 11845632
131 0.0895 11968512
132 0.0834 11907072
133 0.0853 11960320
134 0.0846 12025856
135 0.0872 12242944
136 0.0853 12148736
137 0.0857 12255232
138 0.0896 12345344
139 0.0868 12341248
140 0.0903 12382208
141 0.097 12505088
142 0.0926 12591104
143 0.0893 12607488
144 0.0896 12656640
145 0.0918 12689408
146 0.0904 12763136
147 0.0989 12845056
148 0.0956 12972032
149 0.1015 12976128
150 0.0979 13021184
151 0.0938 13090816
152 0.1015 13217792
153 0.096 13176832
154 0.095 13258752
155 0.0985 13312000
156 0.0973 13398016
157 0.0976 13475840
158 0.1052 13541376
159 0.0988 13615104
160 0.1028 13524992
161 0.1026 13627392
162 0.1016 13598720
163 0.1052 13778944
164 0.1001 13697024
165 0.1051 13832192
166 0.1121 14020608
167 0.1054 13918208
168 0.1052 13963264
169 0.1144 14053376
170 0.1114 14336000
171 0.1074 14139392
172 0.1089 14118912
173 0.117 14258176
174 0.1129 14290944
175 0.1082 14311424
176 0.1104 14405632
177 0.1109 14491648
178 0.1118 14544896
179 0.1149 14581760
180 0.113 14639104
181 0.1134 14712832
182 0.1138 14778368
183 0.1164 14925824
184 0.1134 14893056
185 0.1224 14995456
186 0.1197 15065088
187 0.125 15101952
188 0.1168 15187968
189 0.1294 15314944
190 0.1218 15273984
191 0.1181 15310848
192 0.1211 15417344
193 0.1297 15458304
194 0.1206 15527936
195 0.1284 15589376
196 0.1217 15650816
197 0.1271 15802368
198 0.1245 15798272
199 0.1242 15798272
200 0.1239 15900672
201 0.1239 15949824
202 0.1271 16031744
203 0.1328 16027648
204 0.1384 16183296
205 0.1331 16343040
206 0.1316 16281600
207 0.1377 16396288
208 0.1362 16547840
209 0.1398 16502784
210 0.1367 16633856
211 0.1346 16625664
212 0.1424 16719872
213 0.139 16777216
214 0.1358 16846848
215 0.1421 16867328
216 0.1365 16953344
217 0.1367 17010688
218 0.1371 17006592
219 0.1357 17084416
220 0.1394 17321984
221 0.1395 17190912
222 0.1416 17317888
223 0.141 17383424
224 0.1415 17448960
225 0.1439 17547264
226 0.1427 17674240
227 0.1425 17657856
228 0.1446 17690624
229 0.146 17756160
230 0.1518 17788928
231 0.1442 17907712
232 0.1476 17940480
233 0.1457 18026496
234 0.1508 18092032
235 0.1511 18137088
236 0.1505 18190336
237 0.1463 18202624
238 0.1522 18374656
239 0.15 18403328
240 0.1516 18477056
241 0.1589 18501632
242 0.1494 18505728
243 0.1594 18632704
244 0.1648 18714624
245 0.1526 18780160
246 0.163 18829312
247 0.1603 18882560
248 0.1528 18870272
249 0.161 18976768
250 0.1599 19103744
251 0.1563 19140608
252 0.1559 19103744
253 0.1647 19255296
254 0.1573 19230720
255 0.1622 19308544
256 0.162 19484672
257 0.161 19578880
258 0.1684 19673088
259 0.1636 19656704
260 0.1637 19718144
261 0.1705 19775488
262 0.1645 19861504
263 0.1642 19922944
264 0.1663 19988480
265 0.1653 19968000
266 0.1662 20029440
267 0.1689 20144128
268 0.1672 20275200
269 0.168 20291584
270 0.1769 20418560
271 0.1695 20402176
272 0.1698 20480000
273 0.1737 20512768
274 0.1705 20512768
275 0.1773 20680704
276 0.1786 20709376
277 0.1784 20779008
278 0.1771 20828160
279 0.1755 20926464
280 0.1857 21000192
281 0.1764 21000192
282 0.1783 21028864
283 0.1828 21131264
284 0.1792 21159936
285 0.1771 21254144
286 0.1791 21303296
287 0.1835 21508096
288 0.1829 21426176
289 0.1809 21454848
290 0.1814 21671936
291 0.1842 21618688
292 0.1822 21667840
293 0.1873 21745664
294 0.1875 21782528
295 0.1867 21917696
296 0.1925 21954560
297 0.1847 22007808
298 0.1853 22085632
299 0.1898 22110208
300 0.1952 22261760