1 0.0253 6270976
2 0.0326 6533120
3 0.034 6750208
4 0.0333 6897664
5 0.0364 7090176
6 0.0376 7360512
7 0.0444 7577600
8 0.0454 7811072
9 0.0451 7909376
10 0.0476 8126464
11 0.0501 8380416
12 0.0572 8704000
13 0.0578 8732672
14 0.0587 8982528
15 0.074 9310208
16 0.0622 9351168
17 0.0649 9617408
18 0.068 9744384
19 0.2696 9973760
20 0.0746 10141696
21 0.075 10350592
22 0.077 10547200
23 0.0811 10784768
24 0.0882 11030528
25 0.0861 11165696
26 0.0883 11370496
27 0.099 11649024
28 0.0932 11776000
29 0.0953 12005376
30 0.0984 12304384
31 0.1076 12525568
32 0.1145 12673024
33 0.2916 12849152
34 0.1081 13029376
35 0.1125 13271040
36 0.113 13484032
37 0.1157 13619200
38 0.1179 13725696
39 0.122 13881344
40 0.1262 14151680
41 0.1281 14286848
42 0.1297 14483456
43 0.1305 14675968
44 0.1332 14880768
45 0.1352 15073280
46 0.1466 15269888
47 0.1457 15437824
48 0.144 15548416
49 0.1509 15867904
50 0.1592 16244736
51 0.1538 16203776
52 0.157 16392192
53 0.3556 16592896
54 0.1661 16846848
55 0.1685 17047552
56 0.1778 17260544
57 0.1703 17457152
58 0.1741 17637376
59 0.1793 18046976
60 0.1834 18145280
61 0.1829 18350080
62 0.1988 18636800
63 0.1985 18923520
64 0.1985 19087360
65 0.2384 19161088
66 0.2001 19410944
67 0.2124 19492864
68 0.2328 19689472
69 0.2117 19881984
70 0.4528 20111360
71 0.2151 20279296
72 0.2201 20525056
73 0.2502 20729856
74 0.2326 20873216
75 0.3866 21098496
76 0.2207 21266432
77 0.2255 21540864
78 0.2238 21667840
79 0.2256 21860352
80 0.2283 22056960
81 0.2355 22315008
82 0.233 22265856
83 0.2389 22392832
84 0.2394 22589440
85 0.241 22781952
86 0.2454 22982656
87 0.2474 23179264
88 0.2495 23379968
89 0.2541 23633920
90 0.2529 23756800
91 0.2565 23957504
92 0.2588 24158208
93 0.2739 24674304
94 0.2834 24604672
95 0.2744 24801280
96 0.2771 24981504
97 0.2829 25403392
98 0.2818 25436160
99 0.2808 25563136
100 0.29 26066944
101 0.2863 26075136
102 0.2914 26292224
103 0.305 26726400
104 0.3034 26718208
105 0.3054 26918912
106 0.3037 27066368
107 0.3088 27312128
108 0.3366 27664384
109 0.3146 27664384
110 0.3223 28037120
111 0.3209 28213248
112 0.323 28360704
113 0.3198 28446720
114 0.3371 28864512
115 0.3265 28942336
116 0.335 29229056
117 0.3338 29360128
118 0.3345 29614080
119 0.3392 30044160
120 0.3455 30375936
121 0.348 30273536
122 0.3438 30412800
123 0.3473 30613504
124 0.3564 30986240
125 0.3607 31154176
126 0.3584 31305728
127 0.3632 31547392
128 0.3637 31670272
129 0.3647 31858688
130 0.3674 32055296
131 0.368 32317440
132 0.3728 32481280
133 0.3823 32727040
134 0.3836 32911360
135 0.3858 33107968
136 0.3876 33337344
137 0.3938 33832960
138 0.3891 33603584
139 0.3907 33800192
140 0.4184 34037760
141 0.3994 34222080
142 0.3992 34480128
143 0.4014 34590720
144 0.4141 35303424
145 0.4092 34988032
146 0.4136 35205120
147 0.4116 35368960
148 0.4157 35663872
149 0.4171 35778560
150 0.4226 36126720
151 0.4208 36212736
152 0.4254 36433920
153 0.4236 36618240
154 0.4324 36855808
155 0.4348 37130240
156 0.4339 37154816
157 0.4402 37416960
158 0.4509 37859328
159 0.4524 37748736
160 0.4545 38178816
161 0.4497 38141952
162 0.4474 38412288
163 0.4491 38531072
164 0.4588 38858752
165 0.4544 38989824
166 0.4639 39247872
167 0.4649 39456768
168 0.4618 39579648
169 0.4737 39694336
170 0.4751 39936000
171 0.4711 39641088
172 0.4866 40284160
173 0.4824 40239104
174 0.48 40325120
175 0.48 40443904
176 0.4851 40706048
177 0.4851 40833024
178 0.4889 41033728
179 0.4899 41234432
180 0.4949 41426944
181 0.4955 41623552
182 0.5015 41820160
183 0.5013 42016768
184 0.516 42254336
185 0.5077 42479616
186 0.5544 42901504
187 0.5326 43106304
188 0.5237 43442176
189 0.5463 43331584
190 0.5554 43528192
191 0.5457 43859968
192 0.563 43892736
193 0.5461 44081152
194 0.5488 44236800
195 0.5471 44445696
196 0.5491 44978176
197 0.5726 44818432
198 0.5396 45019136
199 0.5457 45215744
200 0.5497 45477888
201 0.5576 45744128
202 0.5548 45813760
203 0.5605 46268416
204 0.5634 46473216
205 0.5865 46809088
206 0.5834 46985216
207 0.586 47296512
208 0.5837 47398912
209 0.5838 47538176
210 0.5847 47738880
211 0.587 47931392
212 0.5904 48132096
213 0.5937 48324608
214 0.6014 48574464
215 0.6051 49246208
216 0.6053 49139712
217 0.604 49168384
218 0.6076 49373184
219 0.6118 49598464
220 0.6167 49881088
221 0.6136 49971200
222 0.6161 50102272
223 0.6218 50393088
224 0.6302 50573312
225 0.6273 50688000
226 0.6246 50892800
227 0.6354 51089408
228 0.6585 51531776
229 0.6484 51515392
230 0.6554 51699712
231 0.6592 52056064
232 0.6476 52170752
233 0.6688 52535296
234 0.6619 52801536
235 0.6533 52891648
236 0.6579 53211136
237 0.6648 53407744
238 0.6665 53641216
239 0.6706 54296576
240 0.6658 53997568
241 0.6686 54194176
242 0.6784 54755328
243 0.6757 54816768
244 0.6771 54788096
245 0.6884 55058432
246 0.71 55238656
247 0.6923 55595008
248 0.7632 56037376
249 0.7226 56193024
250 0.7871 56430592
251 0.7505 56897536
252 0.7352 56676352
253 0.7778 56926208
254 0.7069 57049088
255 0.7194 57589760
256 0.7163 57548800
257 0.7167 57626624
258 0.7158 57819136
259 0.7219 58011648
260 0.7334 58560512
261 0.7292 58490880
262 0.7314 58982400
263 0.7413 59318272
264 0.7368 59060224
265 0.7366 59195392
266 0.7399 59428864
267 0.7398 59592704
268 0.7494 59858944
269 0.7458 59981824
270 0.7497 60272640
271 0.7509 60375040
272 0.7596 61075456
273 0.777 60940288
274 0.7638 61493248
275 0.7683 61227008
276 0.7683 61415424
277 0.7681 61624320
278 0.7721 61759488
279 0.7954 62214144
280 0.79 62697472
281 0.7787 62349312
282 0.7806 62545920
283 0.7844 62803968
284 0.7892 63021056
285 0.8342 63234048
286 0.7926 63578112
287 0.7961 63946752
288 0.8177 63889408
289 0.8061 64380928
290 0.8083 64499712
291 0.9177 64356352
292 0.8015 64520192
293 0.8051 64712704
294 0.8127 64962560
295 0.8101 65105920
296 0.8156 65392640
297 0.8215 65626112
298 0.8164 65716224
299 0.8221 65908736
300 0.8253 66170880