1 0.0021 3559424
2 0.0026 3620864
3 0.0034 3661824
4 0.0033 3706880
5 0.0042 3772416
6 0.0042 3821568
7 0.0062 3887104
8 0.0056 3919872
9 0.006 3981312
10 0.0078 4038656
11 0.0063 4079616
12 0.0072 4124672
13 0.007 4182016
14 0.0098 4255744
15 0.0079 4263936
16 0.0097 4362240
17 0.0087 4358144
18 0.0127 4456448
19 0.0116 4485120
20 0.0112 4513792
21 0.0102 4554752
22 0.0136 4661248
23 0.0141 4710400
24 0.0149 4771840
25 0.0119 4784128
26 0.0132 4894720
27 0.0128 4861952
28 0.0149 4960256
29 0.0142 4956160
30 0.0232 5017600
31 0.0217 5070848
32 0.0232 5124096
33 0.0196 5206016
34 0.0211 5238784
35 0.0163 5271552
36 0.0169 5382144
37 0.0183 5414912
38 0.0176 5492736
39 0.0177 5455872
40 0.02 5500928
41 0.0193 5619712
42 0.0238 5656576
43 0.0199 5726208
44 0.0242 5750784
45 0.0278 5877760
46 0.0215 5844992
47 0.0261 5955584
48 0.0222 6000640
49 0.0221 5980160
50 0.0273 6094848
51 0.0285 6189056
52 0.0244 6152192
53 0.0246 6156288
54 0.0256 6172672
55 0.0254 6217728
56 0.0326 6475776
57 0.0304 6410240
58 0.0322 6438912
59 0.027 6500352
60 0.0323 6549504
61 0.0281 6512640
62 0.0283 6565888
63 0.0458 6782976
64 0.0373 6721536
65 0.03 6787072
66 0.0366 6938624
67 0.0373 6959104
68 0.0311 6836224
69 0.0314 6885376
70 0.0383 7049216
71 0.0357 7065600
72 0.0376 7053312
73 0.0342 7102464
74 0.0381 7204864
75 0.0367 7249920
76 0.035 7245824
77 0.0402 7352320
78 0.0388 7352320
79 0.0413 7421952
80 0.0394 7507968
81 0.0375 7479296
82 0.047 7589888
83 0.0426 7606272
84 0.0426 7643136
85 0.0396 7704576
86 0.0396 7704576
87 0.0423 7749632
88 0.042 7827456
89 0.0458 7921664
90 0.047 7929856
91 0.0513 8167424
92 0.0434 7991296
93 0.0455 8036352
94 0.0502 8130560
95 0.0517 8175616
96 0.0462 8216576
97 0.0496 8257536
98 0.0497 8409088
99 0.047 8359936
100 0.0534 8413184
101 0.0492 8450048
102 0.0525 8548352
103 0.0488 8540160
104 0.0582 8622080
105 0.0523 8634368
106 0.0553 8720384
107 0.0511 8732672
108 0.0514 8777728
109 0.0521 8822784
110 0.0562 8900608
111 0.0526 8953856
112 0.0544 9019392
113 0.0589 9154560
114 0.0608 9105408
115 0.0581 9142272
116 0.0584 9330688
117 0.0559 9252864
118 0.0555 9277440
119 0.0578 9338880
120 0.0593 9379840
121 0.0586 9412608
122 0.0586 9486336
123 0.058 9625600
124 0.063 9617408
125 0.0613 9629696
126 0.0646 9703424
127 0.0629 9699328
128 0.0603 9805824
129 0.0611 9805824
130 0.0612 9867264
131 0.0645 10059776
132 0.0623 9949184
133 0.0627 10002432
134 0.0621 10014720
135 0.0642 10100736
136 0.0655 10129408
137 0.0676 10174464
138 0.0649 10252288
139 0.0703 10358784
140 0.066 10403840
141 0.0717 10428416
142 0.0716 10510336
143 0.0671 10518528
144 0.0703 10612736
145 0.0685 10629120
146 0.0754 10674176
147 0.0739 10956800
148 0.0697 10817536
149 0.0701 10866688
150 0.0718 10936320
151 0.0701 10919936
152 0.0711 10985472
153 0.0707 11001856
154 0.0785 11137024
155 0.0779 11141120
156 0.0727 11194368
157 0.0735 11218944
158 0.0747 11276288
159 0.0732 11276288
160 0.0749 11345920
161 0.0758 11395072
162 0.0782 11460608
163 0.0759 11554816
164 0.0768 11587584
165 0.0773 11608064
166 0.0766 11665408
167 0.0786 11677696
168 0.0789 11722752
169 0.0788 11751424
170 0.0827 11870208
171 0.0801 11837440
172 0.0868 11935744
173 0.0799 11984896
174 0.0795 12042240
175 0.0814 12066816
176 0.0829 12132352
177 0.086 12181504
178 0.0895 12402688
179 0.086 12267520
180 0.0863 12234752
181 0.0917 12247040
182 0.0877 12316672
183 0.0857 12345344
184 0.0921 12378112
185 0.0931 12455936
186 0.0928 12488704
187 0.0934 12517376
188 0.0881 12607488
189 0.0869 12607488
190 0.0886 12611584
191 0.0872 12693504
192 0.0905 12857344
193 0.0985 12795904
194 0.0895 12963840
195 0.0947 12845056
196 0.0907 12894208
197 0.0987 12943360
198 0.0916 13000704
199 0.0934 13041664
200 0.0935 13099008
201 0.097 13176832
202 0.0945 13176832
203 0.0951 13422592
204 0.0948 13271040
205 0.1174 13414400
206 0.0971 13434880
207 0.0967 13537280
208 0.1001 13533184
209 0.0996 13590528
210 0.0989 13533184
211 0.1058 13574144
212 0.1032 13611008
213 0.1012 13631488
214 0.1026 13684736
215 0.1012 13737984
216 0.1001 13754368
217 0.1043 13971456
218 0.1029 13897728
219 0.1131 13938688
220 0.1051 13926400
221 0.1087 14237696
222 0.1042 14065664
223 0.1091 14241792
224 0.1063 14184448
225 0.1059 14204928
226 0.1093 14221312
227 0.1049 14319616
228 0.1071 14295040
229 0.1124 14462976
230 0.108 14458880
231 0.1077 14499840
232 0.1164 14585856
233 0.1192 14688256
234 0.1125 14680064
235 0.1105 14708736
236 0.1175 14716928
237 0.1116 14811136
238 0.1117 14868480
239 0.1171 15048704
240 0.1126 14929920
241 0.1188 15167488
242 0.1128 15056896
243 0.1139 15089664
244 0.1162 15192064
245 0.1155 15142912
246 0.1208 15228928
247 0.1159 15294464
248 0.1143 15269888
249 0.1156 15372288
250 0.1162 15343616
251 0.1159 15396864
252 0.1163 15437824
253 0.1168 15478784
254 0.1161 15536128
255 0.1192 15577088
256 0.1187 15622144
257 0.1214 15699968
258 0.1204 15798272
259 0.1227 15831040
260 0.1292 15831040
261 0.1203 15978496
262 0.1251 16138240
263 0.1218 15949824
264 0.1266 16265216
265 0.1251 16150528
266 0.1257 16105472
267 0.1268 16125952
268 0.1257 16265216
269 0.125 16310272
270 0.1258 16343040
271 0.1267 16478208
272 0.1265 16441344
273 0.132 16621568
274 0.1324 16527360
275 0.1277 16523264
276 0.1302 16637952
277 0.1278 16621568
278 0.1379 16838656
279 0.1357 16908288
280 0.1338 16936960
281 0.1319 16973824
282 0.1348 17031168
283 0.1384 17223680
284 0.1367 17068032
285 0.1331 17096704
286 0.1405 17371136
287 0.1354 17211392
288 0.1366 17289216
289 0.1354 17330176
290 0.1365 17440768
291 0.1426 17559552
292 0.1392 17539072
293 0.1397 17727488
294 0.1392 17608704
295 0.1414 17637376
296 0.1422 17690624
297 0.1438 17788928
298 0.1414 17870848
299 0.1413 17899520
300 0.147 18046976