1 0.0256 6270976
2 0.0288 6529024
3 0.0307 6692864
4 0.034 6950912
5 0.036 7090176
6 0.0388 7417856
7 0.0409 7577600
8 0.0435 7770112
9 0.046 7970816
10 0.0482 8232960
11 0.0515 8372224
12 0.0534 8667136
13 0.0561 8732672
14 0.0588 8929280
15 0.0637 9314304
16 0.0633 9412608
17 0.0658 9613312
18 0.0681 9744384
19 0.0704 9945088
20 0.0753 10141696
21 0.0774 10350592
22 0.0783 10616832
23 0.0806 10784768
24 0.0873 11137024
25 0.09 11231232
26 0.0913 11448320
27 0.0999 11681792
28 0.0937 11776000
29 0.0988 12066816
30 0.1026 12316672
31 0.1004 12447744
32 0.1032 12632064
33 0.1054 12894208
34 0.1096 13029376
35 0.1147 13283328
36 0.1175 13492224
37 0.1162 13619200
38 0.1208 13848576
39 0.1248 13938688
40 0.1225 14086144
41 0.1271 14286848
42 0.128 14483456
43 0.1377 14729216
44 0.1325 14880768
45 0.1352 15073280
46 0.1374 15269888
47 0.1444 15446016
48 0.1479 15609856
49 0.1516 15863808
50 0.1499 15998976
51 0.1535 16203776
52 0.1644 16412672
53 0.1599 16592896
54 0.1634 16855040
55 0.1734 17121280
56 0.1686 17186816
57 0.1735 17547264
58 0.1766 17788928
59 0.182 17960960
60 0.186 18292736
61 0.1889 18432000
62 0.1895 18681856
63 0.1914 18804736
64 0.1911 18993152
65 0.1921 19095552
66 0.1947 19296256
67 0.1985 19492864
68 0.2003 19709952
69 0.2025 19898368
70 0.208 20185088
71 0.2103 20385792
72 0.2155 20725760
73 0.2157 20746240
74 0.2181 21200896
75 0.2192 21069824
76 0.2186 21266432
77 0.2205 21463040
78 0.2225 21725184
79 0.2253 21860352
80 0.2278 22126592
81 0.2426 22274048
82 0.2461 22286336
83 0.247 22597632
84 0.2503 22974464
85 0.2451 22937600
86 0.2474 23048192
87 0.2458 23179264
88 0.2566 23580672
89 0.2545 23609344
90 0.2534 23756800
91 0.2571 23969792
92 0.2591 24215552
93 0.2654 24403968
94 0.2688 24604672
95 0.2702 24829952
96 0.2767 25071616
97 0.2762 25223168
98 0.2774 25370624
99 0.2792 25743360
100 0.282 25894912
101 0.2958 26222592
102 0.2868 26292224
103 0.2976 26529792
104 0.3018 26726400
105 0.2998 26861568
106 0.3132 27385856
107 0.3023 27258880
108 0.3136 27758592
109 0.3089 27652096
110 0.3224 27865088
111 0.3209 28106752
112 0.3201 28303360
113 0.3235 28471296
114 0.3205 28639232
115 0.3233 28835840
116 0.3263 29110272
117 0.3378 29327360
118 0.3344 29659136
119 0.3531 30175232
120 0.3893 30081024
121 0.3506 30265344
122 0.3699 30674944
123 0.4289 30617600
124 0.3536 30982144
125 0.359 31117312
126 0.3651 31387648
127 0.362 31490048
128 0.361 31670272
129 0.3643 31924224
130 0.3677 32055296
131 0.3695 32256000
132 0.3812 32698368
133 0.3739 32665600
134 0.3828 32911360
135 0.3833 33083392
136 0.3877 33292288
137 0.3894 33665024
138 0.3875 33603584
139 0.3905 33800192
140 0.3956 34230272
141 0.3979 34529280
142 0.3961 34394112
143 0.4001 34590720
144 0.4046 34824192
145 0.4043 34975744
146 0.4137 35328000
147 0.4102 35368960
148 0.4183 35700736
149 0.4148 35778560
150 0.4171 35971072
151 0.4222 36175872
152 0.4235 36364288
153 0.4252 36564992
154 0.4297 36839424
155 0.4286 36962304
156 0.4323 37154816
157 0.4353 37355520
158 0.441 37605376
159 0.4392 37748736
160 0.4472 37974016
161 0.4493 38346752
162 0.4463 38334464
163 0.453 38588416
164 0.4534 38858752
165 0.46 39051264
166 0.4573 39251968
167 0.4631 39444480
168 0.4668 39653376
169 0.4642 39620608
170 0.4711 39620608
171 0.4756 39673856
172 0.5151 39854080
173 0.4784 40112128
174 0.4839 40345600
175 0.4863 40505344
176 0.4821 40689664
177 0.4886 40890368
178 0.4918 41082880
179 0.4938 41234432
180 0.4939 41426944
181 0.4983 41623552
182 0.5047 41877504
183 0.5022 42086400
184 0.5075 42283008
185 0.5059 42414080
186 0.563 42999808
187 0.5139 42823680
188 0.5189 43159552
189 0.5229 43302912
190 0.5218 43466752
191 0.5281 44101632
192 0.5292 43896832
193 0.5283 44032000
194 0.534 44302336
195 0.5341 44429312
196 0.5377 44630016
197 0.5405 44818432
198 0.5466 45072384
199 0.5639 45731840
200 0.5457 45490176
201 0.5495 45608960
202 0.5544 45862912
203 0.5586 46329856
204 0.563 46473216
205 0.5771 46841856
206 0.5807 47083520
207 0.581 47210496
208 0.5906 47505408
209 0.5969 47710208
210 0.5911 47796224
211 0.5888 48001024
212 0.5911 48132096
213 0.594 48324608
214 0.5953 48590848
215 0.6064 48844800
216 0.6078 48918528
217 0.6122 49111040
218 0.6106 49311744
219 0.6096 49573888
220 0.6132 49745920
221 0.6152 50454528
222 0.6131 50102272
223 0.6272 50532352
224 0.6191 50495488
225 0.6269 50716672
226 0.6282 50892800
227 0.6453 51294208
228 0.6282 51290112
229 0.6329 51482624
230 0.6371 51683328
231 0.6402 52043776
232 0.639 52170752
233 0.6425 52359168
234 0.6474 52604928
235 0.6497 52813824
236 0.6556 53211136
237 0.6665 53637120
238 0.6643 54022144
239 0.6717 53878784
240 0.6831 54259712
241 0.6687 54194176
242 0.6802 54988800
243 0.6821 54886400
244 0.6782 54788096
245 0.7271 55025664
246 0.6858 55377920
247 0.6965 55603200
248 0.6934 55844864
249 0.6967 56041472
250 0.7009 56311808
251 0.7077 56516608
252 0.7032 56651776
253 0.7025 56852480
254 0.7158 57421824
255 0.7095 57245696
256 0.7302 57626624
257 1.2193 57798656
258 0.8678 58028032
259 0.7622 58216448
260 0.7586 58748928
261 0.7408 58937344
262 0.7344 58630144
263 0.7424 58916864
264 0.7382 59060224
265 0.7406 59260928
266 0.7377 59437056
267 0.7448 59977728
268 0.758 59990016
269 0.755 60362752
270 0.7503 60243968
271 0.7545 60452864
272 0.7616 60571648
273 0.7526 60768256
274 0.7544 60968960
275 0.7665 61546496
276 0.775 61468672
277 0.8451 61779968
278 0.7676 61759488
279 0.7817 62144512
280 0.7885 62459904
281 0.804 62767104
282 0.793 62881792
283 0.7923 62828544
284 0.8077 63344640
285 0.8221 63311872
286 0.7985 63397888
287 0.8001 63619072
288 0.8126 64098304
289 0.8062 63938560
290 0.8279 64192512
291 0.9003 64696320
292 0.871 64933888
293 0.8493 64819200
294 0.8687 65028096
295 0.8186 65183744
296 0.8461 65380352
297 0.8663 65740800
298 0.8843 66240512
299 0.8906 66379776
300 0.8907 66273280