1 0.1445 17207296
2 0.1574 17670144
3 0.1586 18370560
4 0.1592 18116608
5 0.1838 17485824
6 0.1714 18542592
7 0.1927 19517440
8 0.1839 19836928
9 0.1853 20545536
10 0.1887 20541440
11 0.2645 20119552
12 0.2074 21671936
13 0.2274 19955712
14 0.1998 21053440
15 0.2144 22237184
16 0.2093 22249472
17 0.2331 22732800
18 0.222 22364160
19 0.2372 21659648
20 0.2269 23363584
21 0.2333 23715840
22 0.2464 24399872
23 0.2418 24559616
24 0.2458 24973312
25 0.2483 24510464
26 0.2532 25415680
27 0.2567 25686016
28 0.2617 26202112
29 0.2724 26308608
30 0.271 26673152
31 0.2813 26988544
32 0.2782 26787840
33 0.2849 26742784
34 0.2883 27766784
35 0.2913 27402240
36 0.296 28532736
37 0.3005 28811264
38 0.3039 29384704
39 0.3132 29204480
40 0.3156 29368320
41 0.3181 30048256
42 0.3211 29782016
43 0.3305 30781440
44 0.3327 30457856
45 0.344 31096832
46 0.3399 31563776
47 0.3521 32055296
48 0.3542 31907840
49 0.3541 32571392
50 0.3599 32788480
51 0.3687 33198080
52 0.3675 33521664
53 0.38 33964032
54 0.3767 34033664
55 0.3821 34439168
56 0.3932 34766848
57 0.3945 34643968
58 0.3936 35590144
59 0.4013 35934208
60 0.4154 35770368
61 0.4078 36352000
62 0.4111 36052992
63 0.4176 37089280
64 0.427 37330944
65 0.4359 37175296
66 0.4265 37822464
67 0.4292 37584896
68 0.4439 37937152
69 0.4401 38658048
70 0.4438 39084032
71 0.4483 39383040
72 0.46 39714816
73 0.4567 40120320
74 0.4605 40345600
75 0.4707 40394752
76 0.4727 40349696
77 0.4729 41340928
78 0.4839 41193472
79 0.4843 41816064
80 0.4918 41611264
81 0.5 42397696
82 0.504 43036672
83 0.5075 43347968
84 0.511 43204608
85 0.5106 43728896
86 0.5174 44077056
87 0.5331 43999232
88 0.5289 44179456
89 0.6455 44998656
90 0.5421 44818432
91 0.5431 45260800
92 0.5536 45649920
93 0.5513 45764608
94 0.5527 46182400
95 0.5578 46415872
96 0.5764 47120384
97 0.5798 47026176
98 0.5771 47554560
99 0.6987 47722496
100 0.582 48005120
101 0.5883 48418816
102 0.591 48553984
103 0.6009 49074176
104 0.601 49262592
105 0.6152 48594944
106 0.6098 49889280
107 0.6147 50298880
108 0.6249 50749440
109 0.6279 49967104
110 0.6299 51208192
111 0.6302 51503104
112 0.6442 51544064
113 0.6504 52056064
114 0.654 52477952
115 0.6599 52662272
116 0.6558 52494336
117 0.6596 52891648
118 0.664 53415936
119 0.6677 53530624
120 0.6777 53800960
121 0.6744 53932032
122 0.6889 54603776
123 0.6858 54779904
124 0.6853 54857728
125 0.6989 54374400
126 0.6948 55484416
127 0.6981 55844864
128 0.7059 56274944
129 0.7554 56602624
130 0.9766 56926208
131 0.7415 57122816
132 0.7981 57417728
133 0.7252 56598528
134 1.13 58216448
135 0.7891 58564608
136 0.7407 58597376
137 0.8201 58945536
138 0.8194 58368000
139 1.155 59547648
140 0.8116 59879424
141 0.7885 60264448
142 0.7739 59703296
143 0.792 60764160
144 0.778 61419520
145 0.7772 61415424
146 0.7908 62115840
147 0.788 61734912
148 0.7908 62046208
149 0.8023 62455808
150 0.7992 62779392
151 0.8057 62857216
152 0.8092 63242240
153 0.8272 63705088
154 0.8245 64004096
155 0.8203 64212992
156 0.8473 63840256
157 0.8374 65048576
158 0.8289 64958464
159 0.85 64442368
160 0.8491 65855488
161 0.8491 66052096
162 0.8594 66662400
163 0.8638 67452928
164 0.8668 67559424
165 0.8668 67366912
166 0.8743 67801088
167 0.8776 68083712
168 0.8831 68366336
169 0.8852 68976640
170 0.8882 68886528
171 0.9016 69640192
172 0.9143 69615616
173 0.9066 70119424
174 0.9122 70373376
175 0.9228 70971392
176 0.9218 71188480
177 0.9333 71626752
178 0.9349 71831552
179 0.9342 72097792
180 0.9422 72454144
181 0.9619 72581120
182 0.9455 72994816
183 0.9594 73498624
184 0.9575 73441280
185 0.962 73838592
186 0.9704 74764288
187 0.9673 74371072
188 0.9824 75272192
189 0.9844 74977280
190 1.0032 75771904
191 0.9922 76222464
192 0.9941 76107776
193 0.9942 76193792
194 0.9978 76681216
195 1.0054 76894208
196 1.0338 77189120
197 1.0375 77979648
198 1.0228 78139392
199 1.0404 78381056
200 1.0296 78774272
201 1.0343 78929920
202 1.0483 79495168
203 1.049 79708160
204 1.0483 80019456
205 1.0613 80433152
206 1.0796 80732160
207 1.0879 80867328
208 1.0814 81412096
209 1.0767 81469440
210 1.087 82104320
211 1.0912 82145280
212 1.0925 82554880
213 1.1049 82870272
214 1.1075 83222528
215 1.1118 83333120
216 1.1151 83783680
217 1.1353 83976192
218 1.115 84226048
219 1.1242 84709376
220 1.1214 84811776
221 1.1312 85344256
222 1.1301 85962752
223 1.141 86233088
224 1.1717 85254144
225 1.1539 87064576
226 1.1608 87498752
227 1.1605 87076864
228 1.1733 88027136
229 1.166 88231936
230 1.1725 88670208
231 1.172 88911872
232 1.1776 89210880
233 1.1882 89505792
234 1.1946 90189824
235 1.1934 90124288
236 1.1943 90337280
237 1.2006 90103808
238 1.2112 90869760
239 1.2048 91267072
240 1.2136 91406336
241 1.2169 91607040
242 1.2476 91066368
243 1.2221 91611136
244 1.239 91742208
245 1.2386 91553792
246 1.2403 91881472
247 1.2483 92651520
248 1.2633 93138944
249 1.2602 93356032
250 1.2531 93691904
251 1.259 94023680
252 1.2594 93696000
253 1.2669 93999104
254 1.2802 94556160
255 1.2837 95092736
256 1.3048 95879168
257 1.2995 96120832
258 1.3046 96354304
259 1.2947 96497664
260 1.3074 96153600
261 1.3069 97099776
262 1.302 96763904
263 1.3145 97517568
264 1.321 97955840
265 1.3273 98324480
266 1.3274 98451456
267 1.3354 98607104
268 1.3338 99442688
269 1.3402 99110912
270 1.3512 99856384
271 1.3524 99848192
272 1.357 100339712
273 1.3587 100622336
274 1.3958 101019648
275 1.3745 101285888
276 1.3698 101093376
277 1.3735 102096896
278 1.3843 102756352
279 1.3848 102440960
280 1.388 102903808
281 1.402 103055360
282 1.3955 103505920
283 1.4042 103923712
284 1.4138 103993344
285 1.412 104280064
286 1.4134 104644608
287 1.4204 105545728
288 1.4171 104734720
289 1.4269 105046016
290 1.4359 105938944
291 1.4329 106201088
292 1.4451 106450944
293 1.4521 106860544
294 1.4507 106733568
295 1.446 106872832
296 1.4555 107778048
297 1.4659 108232704
298 1.4601 108429312
299 1.4699 108642304
300 1.4678 109039616