1 0.0297 6397952
2 0.032 6557696
3 0.0309 6729728
4 0.0364 6905856
5 0.039 7098368
6 0.0359 7200768
7 0.0452 7454720
8 0.0473 7622656
9 0.0439 7823360
10 0.0509 7974912
11 0.0499 8163328
12 0.0521 8290304
13 0.0548 8417280
14 0.0551 8597504
15 0.0615 8757248
16 0.0567 8921088
17 0.0584 9134080
18 0.0623 9277440
19 0.0629 9420800
20 0.0642 9613312
21 0.0726 9809920
22 0.0705 9957376
23 0.0951 10223616
24 0.0932 10342400
25 0.0843 10473472
26 0.0775 10641408
27 0.0784 10821632
28 0.0843 11014144
29 0.0846 11149312
30 0.0851 11309056
31 0.0919 11530240
32 0.0946 11653120
33 0.0898 11816960
34 0.0916 11980800
35 0.0964 12292096
36 0.099 12316672
37 0.0977 12472320
38 0.1009 12640256
39 0.099 12746752
40 0.1024 13033472
41 0.1052 13131776
42 0.1087 13340672
43 0.1102 13533184
44 0.1113 13651968
45 0.1139 13963264
46 0.1166 14028800
47 0.1195 14176256
48 0.1252 14266368
49 0.12 14323712
50 0.1241 14655488
51 0.129 14761984
52 0.1286 14897152
53 0.1316 15065088
54 0.1317 15208448
55 0.1356 15433728
56 0.1416 15609856
57 0.138 15728640
58 0.1393 15872000
59 0.1416 15982592
60 0.1427 16109568
61 0.1437 16228352
62 0.148 16547840
63 0.1546 16592896
64 0.1514 16896000
65 0.1508 16879616
66 0.1522 17039360
67 0.1564 17260544
68 0.1593 17440768
69 0.1586 17707008
70 0.1637 17743872
71 0.1635 17928192
72 0.1701 18071552
73 0.1755 18415616
74 0.176 18407424
75 0.1783 18575360
76 0.1749 18915328
77 0.1748 18903040
78 0.1787 19042304
79 0.1838 19333120
80 0.1846 19451904
81 0.1846 19550208
82 0.1882 19775488
83 0.1881 20013056
84 0.1969 20103168
85 0.1949 20336640
86 0.1942 20418560
87 0.1974 20578304
88 0.2092 20840448
89 0.2025 21049344
90 0.2052 21164032
91 0.2082 21315584
92 0.2075 21454848
93 0.2168 21606400
94 0.2123 21774336
95 0.2175 21979136
96 0.2159 22122496
97 0.2206 22278144
98 0.2202 22425600
99 0.2222 22618112
100 0.224 22790144
101 0.2377 23052288
102 0.2272 23105536
103 0.2324 23330816
104 0.2331 23371776
105 0.2414 23437312
106 0.248 23617536
107 0.242 23707648
108 0.2435 23896064
109 0.2441 24064000
110 0.2475 24211456
111 0.2468 24322048
112 0.2482 24481792
113 0.2529 24719360
114 0.2535 24928256
115 0.2599 25030656
116 0.2581 25260032
117 0.2602 25436160
118 0.2642 25559040
119 0.2641 25726976
120 0.2632 25837568
121 0.2721 26132480
122 0.2698 26234880
123 0.2701 26333184
124 0.274 26558464
125 0.2733 26656768
126 0.2927 26918912
127 0.2838 27291648
128 0.2793 27213824
129 0.2837 27369472
130 0.2886 27553792
131 0.2858 27709440
132 0.2875 27865088
133 0.3035 28217344
134 0.296 28196864
135 0.2937 28364800
136 0.2976 28585984
137 0.2991 28819456
138 0.2966 28819456
139 0.3035 29024256
140 0.3034 29188096
141 0.3048 29388800
142 0.3113 29552640
143 0.3162 29843456
144 0.3116 29843456
145 0.3144 30015488
146 0.3148 30167040
147 0.3149 30334976
148 0.3187 30519296
149 0.3194 30597120
150 0.3291 30834688
151 0.3236 31006720
152 0.325 31162368
153 0.3548 31387648
154 0.3289 31481856
155 0.3733 31633408
156 0.336 31838208
157 0.3359 32038912
158 0.3396 32145408
159 0.3428 32296960
160 0.3513 32628736
161 0.3448 32714752
162 0.3501 32935936
163 0.3475 33038336
164 0.3566 33284096
165 0.3595 33456128
166 0.3588 33574912
167 0.3665 34025472
168 0.3622 33927168
169 0.3648 34082816
170 0.3635 34226176
171 0.3701 34439168
172 0.3737 34676736
173 0.3887 34742272
174 0.3731 34885632
175 0.3743 35106816
176 0.382 35405824
177 0.3827 35618816
178 0.3938 35766272
179 0.3879 35921920
180 0.3922 36057088
181 0.3957 36511744
182 0.4047 36392960
183 0.3981 36544512
184 0.3959 36659200
185 0.3984 36892672
186 0.4066 37339136
187 0.4038 37216256
188 0.4032 37253120
189 0.4049 37408768
190 0.4078 37572608
191 0.4169 37785600
192 0.4146 37961728
193 0.4144 38125568
194 0.4213 38563840
195 0.4258 38461440
196 0.4214 38633472
197 0.4225 38801408
198 0.4315 39112704
199 0.4256 39084032
200 0.4308 39383040
201 0.4327 39661568
202 0.4335 39600128
203 0.436 39751680
204 0.4339 39870464
205 0.4451 40210432
206 0.4509 40304640
207 0.4598 40460288
208 0.452 40673280
209 0.4618 40812544
210 0.4622 41115648
211 0.4549 41205760
212 0.4595 41324544
213 0.4603 41525248
214 0.4599 41623552
215 0.4679 41959424
216 0.4666 41738240
217 0.4764 41811968
218 0.4999 41881600
219 0.4869 42078208
220 0.4751 42119168
221 0.4844 42541056
222 0.4785 42446848
223 0.4829 42680320
224 0.4784 42729472
225 0.4822 42889216
226 0.4839 43163648
227 0.4877 43270144
228 0.5011 43565056
229 0.4894 43540480
230 0.4953 43769856
231 0.4929 44011520
232 0.5041 44638208
233 0.5008 44359680
234 0.5003 44453888
235 0.5017 44761088
236 0.5082 44847104
237 0.5054 44920832
238 0.5058 45084672
239 0.5119 45375488
240 0.5121 45408256
241 0.5147 45629440
242 0.5198 45776896
243 0.5203 45981696
244 0.5193 46276608
245 0.5254 46317568
246 0.528 46485504
247 0.5244 46702592
248 0.5283 46804992
249 0.5376 47058944
250 0.5369 47067136
251 0.5375 47296512
252 0.5384 47493120
253 0.5403 47673344
254 0.5384 47742976
255 0.5463 48431104
256 0.544 48115712
257 0.5456 48263168
258 0.5453 48422912
259 0.5515 48603136
260 0.5577 48746496
261 0.56 49119232
262 0.5546 49147904
263 0.5662 49790976
264 0.5616 49414144
265 0.5674 49627136
266 0.5644 49684480
267 0.5632 49844224
268 0.567 50077696
269 0.5683 50221056
270 0.5684 50335744
271 0.5739 50630656
272 0.5814 50761728
273 0.5797 50950144
274 0.5798 51171328
275 0.5832 51236864
276 0.5846 51404800
277 0.5893 51712000
278 0.5889 51716096
279 0.5904 51875840
280 0.6185 52604928
281 0.589 52195328
282 0.5994 52310016
283 0.6018 52678656
284 0.5983 52690944
285 0.6013 53096448
286 0.6067 52965376
287 0.6093 53141504
288 0.609 53551104
289 0.6112 53997568
290 0.6157 53690368
291 0.608 53911552
292 0.6161 54272000
293 0.6176 54181888
294 0.6151 54370304
295 0.6179 54489088
296 0.6247 54677504
297 0.6239 54824960
298 0.6224 54951936
299 0.6334 55701504
300 0.6281 55341056