1 0.0256 6295552
2 0.0343 6586368
3 0.0384 6795264
4 0.05 6950912
5 0.0456 7237632
6 0.0855 7438336
7 0.042 7573504
8 0.0426 7675904
9 0.0454 7860224
10 0.0473 8065024
11 0.051 8278016
12 0.0543 8482816
13 0.0576 8667136
14 0.059 8871936
15 0.0623 9076736
16 0.0622 9289728
17 0.0692 9469952
18 0.0764 9809920
19 0.0773 9928704
20 0.0739 10051584
21 0.0761 10215424
22 0.0804 10391552
23 0.0866 10711040
24 0.0826 10829824
25 0.0895 11005952
26 0.0888 11210752
27 0.0893 11407360
28 0.096 11608064
29 0.0998 11825152
30 0.0975 12058624
31 0.1046 12296192
32 0.1011 12423168
33 0.1121 12713984
34 0.1087 12804096
35 0.1108 12984320
36 0.1229 13197312
37 0.1159 13217792
38 0.1163 13545472
39 0.1219 13680640
40 0.1205 13783040
41 0.1294 14004224
42 0.1366 14188544
43 0.1269 14295040
44 0.1358 14598144
45 0.1337 14741504
46 0.1356 14905344
47 0.1408 15134720
48 0.1404 15306752
49 0.1436 15548416
50 0.1472 15691776
51 0.1477 15745024
52 0.1509 15933440
53 0.1549 16244736
54 0.1588 16416768
55 0.1642 16773120
56 0.1649 16932864
57 0.1662 17010688
58 0.1703 17223680
59 0.1685 17350656
60 0.1717 17522688
61 0.1729 17707008
62 0.1791 17952768
63 0.185 18423808
64 0.1843 18378752
65 0.1898 18710528
66 0.197 18780160
67 0.2129 19161088
68 0.2044 19279872
69 0.2136 19529728
70 0.2209 19603456
71 0.2158 19894272
72 0.2611 20017152
73 0.2425 20180992
74 0.2364 20275200
75 0.2489 20590592
76 0.2199 20803584
77 0.2339 20979712
78 0.2389 21221376
79 0.2326 21397504
80 0.2446 21364736
81 0.232 21364736
82 0.2312 21680128
83 0.2373 21745664
84 0.24 21946368
85 0.2358 22069248
86 0.2396 22245376
87 0.2433 22429696
88 0.2426 22573056
89 0.2473 22798336
90 0.244 22982656
91 0.2459 23138304
92 0.256 23511040
93 0.2521 23539712
94 0.2535 23683072
95 0.2864 23957504
96 0.2749 24268800
97 0.2814 24535040
98 0.2964 24731648
99 0.3214 24756224
100 0.3119 25063424
101 0.3016 25382912
102 0.2827 25395200
103 0.285 25595904
104 0.2877 25845760
105 0.3002 25935872
106 0.2962 26132480
107 0.2942 26267648
108 0.3023 26759168
109 0.3042 26755072
110 0.3029 27029504
111 0.3064 27205632
112 0.3101 27394048
113 0.3131 27578368
114 0.3156 27783168
115 0.3157 27947008
116 0.318 28131328
117 0.3197 28360704
118 0.3215 28545024
119 0.324 28721152
120 0.3504 29270016
121 0.3527 29429760
122 0.3611 29376512
123 0.3618 29663232
124 0.3787 29949952
125 0.3487 29929472
126 0.5139 30253056
127 0.4918 30744576
128 0.3934 30928896
129 0.3753 30916608
130 0.3528 30855168
131 0.3643 31252480
132 0.368 31494144
133 0.3634 31440896
134 0.3655 31641600
135 0.3694 31838208
136 0.3739 32030720
137 0.3692 32141312
138 0.3754 32317440
139 0.3777 32604160
140 0.3784 32755712
141 0.3808 32894976
142 0.383 33083392
143 0.387 33345536
144 0.3859 33501184
145 0.3946 33669120
146 0.3936 33878016
147 0.3946 34091008
148 0.4 34222080
149 0.4028 34418688
150 0.3989 34562048
151 0.4032 34820096
152 0.4134 35209216
153 0.4086 35123200
154 0.4157 35364864
155 0.4128 35549184
156 0.4199 35725312
157 0.4226 36462592
158 0.4221 36220928
159 0.423 36241408
160 0.4253 36499456
161 0.432 37183488
162 0.4316 36876288
163 0.4425 37085184
164 0.4366 37343232
165 0.47 37543936
166 0.4463 37388288
167 0.4433 37347328
168 0.4426 37470208
169 0.4726 37728256
170 0.4941 37924864
171 0.5015 38293504
172 0.4853 38285312
173 0.5981 38477824
174 0.6208 38670336
175 0.6215 39104512
176 0.5204 39063552
177 0.5245 39211008
178 0.4938 39493632
179 0.4832 39555072
180 0.51 39890944
181 0.5308 40087552
182 0.5017 40148992
183 0.491 40493056
184 0.4964 40775680
185 0.5189 40771584
186 0.524 40898560
187 0.5176 41140224
188 0.5255 41713664
189 0.5371 41467904
190 0.5274 41750528
191 0.5421 42078208
192 0.5857 42389504
193 0.5295 42389504
194 0.547 42504192
195 0.5436 43094016
196 0.5306 43089920
197 0.5395 43495424
198 0.5254 43155456
199 0.5416 43413504
200 0.5758 43610112
201 0.5453 44187648
202 0.5606 43995136
203 0.5552 44453888
204 0.5617 44584960
205 0.5897 44969984
206 0.5891 45629440
207 0.5875 45641728
208 0.5772 45428736
209 0.5963 45645824
210 0.6013 46219264
211 0.6165 46174208
212 0.5872 46428160
213 0.6584 46362624
214 0.6014 46751744
215 0.6452 46952448
216 0.6346 47009792
217 0.6165 47104000
218 0.7918 47415296
219 0.7064 47661056
220 0.6345 47976448
221 0.6299 48513024
222 0.6326 48455680
223 0.6275 48558080
224 0.6308 48852992
225 0.619 49393664
226 0.654 49111040
227 0.6227 49745920
228 0.643 49537024
229 0.6517 49819648
230 0.6511 49827840
231 0.6459 50696192
232 0.6542 50688000
233 0.6568 50774016
234 0.6373 50728960
235 0.633 50806784
236 0.655 51322880
237 0.6778 51400704
238 0.6995 51826688
239 0.7071 51634176
240 0.6863 52039680
241 0.6554 52301824
242 0.6729 52203520
243 0.6831 52379648
244 0.7075 52846592
245 0.6896 52715520
246 0.6731 53395456
247 0.688 53379072
248 0.6798 53583872
249 0.706 54054912
250 0.7214 54095872
251 0.7043 54513664
252 0.7017 54296576
253 0.7193 54489088
254 0.7029 54616064
255 0.7008 55398400
256 0.7194 55390208
257 0.7072 55443456
258 0.7334 55672832
259 0.7368 55836672
260 0.7288 55930880
261 0.7453 55959552
262 0.7184 56160256
263 0.7231 56524800
264 0.704 56545280
265 0.7393 57184256
266 0.7581 57364480
267 0.7204 57581568
268 0.7459 57430016
269 0.7589 57704448
270 0.7674 57843712
271 0.7457 58400768
272 0.7811 58093568
273 0.7675 58720256
274 0.7533 58454016
275 0.7558 58621952
276 0.7505 59170816
277 0.7664 59027456
278 0.7604 59604992
279 0.7773 59838464
280 0.7648 59543552
281 0.7555 59695104
282 0.7696 59969536
283 0.8018 60354560
284 0.7745 60469248
285 0.7802 60489728
286 0.7621 60665856
287 0.7553 60764160
288 0.7715 61636608
289 0.7987 61267968
290 0.7753 61423616
291 0.7891 61673472
292 0.7801 62189568
293 0.7819 62054400
294 0.7978 62197760
295 0.792 62824448
296 0.7843 62484480
297 0.7948 63062016
298 0.8019 63467520
299 0.799 63676416
300 0.8102 63660032