1 0.0252 6307840
2 0.0283 6529024
3 0.0323 6762496
4 0.0328 6987776
5 0.0436 7196672
6 0.0398 7426048
7 0.0417 7606272
8 0.0476 7815168
9 0.0467 7966720
10 0.0502 8212480
11 0.0588 8560640
12 0.057 8572928
13 0.0581 8818688
14 0.0604 9015296
15 0.0641 9277440
16 0.0737 9469952
17 0.0724 9641984
18 0.0761 9859072
19 0.0745 10043392
20 0.0743 10276864
21 0.0775 10469376
22 0.0799 10727424
23 0.0893 10936320
24 0.0929 11202560
25 0.0904 11304960
26 0.0925 11628544
27 0.0924 11714560
28 0.1075 12009472
29 0.1027 12242944
30 0.1072 12398592
31 0.1027 12546048
32 0.1075 12808192
33 0.1124 13053952
34 0.1233 13242368
35 0.1137 13377536
36 0.1228 13590528
37 0.1236 13803520
38 0.1214 13963264
39 0.1223 14094336
40 0.1245 14200832
41 0.1365 14508032
42 0.1305 14643200
43 0.134 14852096
44 0.1382 15048704
45 0.1383 15257600
46 0.1471 15441920
47 0.1475 15523840
48 0.1488 15745024
49 0.1495 15933440
50 0.1586 16232448
51 0.1578 16420864
52 0.1603 16584704
53 0.164 16777216
54 0.1722 16990208
55 0.1735 17178624
56 0.1696 17375232
57 0.1726 17571840
58 0.1743 17833984
59 0.1773 18034688
60 0.1774 18161664
61 0.1812 18456576
62 0.1844 18681856
63 0.1918 18935808
64 0.1905 19075072
65 0.1925 19263488
66 0.2005 19513344
67 0.1977 19783680
68 0.2044 19869696
69 0.2068 20111360
70 0.2059 20295680
71 0.2106 20504576
72 0.2101 20721664
73 0.2257 20938752
74 0.2265 21303296
75 0.2198 21282816
76 0.2283 21487616
77 0.2313 21884928
78 0.2281 21897216
79 0.2499 22163456
80 0.232 22269952
81 0.2347 22495232
82 0.2395 22622208
83 0.2399 22622208
84 0.2574 22966272
85 0.2435 22970368
86 0.2564 23244800
87 0.2475 23367680
88 0.2517 23621632
89 0.2591 23810048
90 0.2562 23998464
91 0.2593 24215552
92 0.2635 24403968
93 0.2674 24543232
94 0.2694 24973312
95 0.2703 25014272
96 0.2746 25284608
97 0.278 25374720
98 0.2805 25620480
99 0.2777 25763840
100 0.2882 26071040
101 0.2817 26161152
102 0.2879 26497024
103 0.2936 26693632
104 0.3045 26918912
105 0.3006 27078656
106 0.3076 27467776
107 0.3055 27541504
108 0.3195 27693056
109 0.3094 27877376
110 0.3121 28094464
111 0.3208 28512256
112 0.3381 28499968
113 0.3255 28954624
114 0.3213 28860416
115 0.3357 29339648
116 0.3278 29396992
117 0.3375 29593600
118 0.3346 29765632
119 0.3376 30035968
120 0.3395 30113792
121 0.3481 30806016
122 0.3452 30658560
123 0.3468 30855168
124 0.351 31059968
125 0.3581 31502336
126 0.3588 31645696
127 0.362 31838208
128 0.3642 31969280
129 0.3649 32215040
130 0.369 32468992
131 0.3819 32591872
132 0.3747 32780288
133 0.3798 33071104
134 0.3802 33185792
135 0.3838 33370112
136 0.385 33554432
137 0.3921 33824768
138 0.3945 33935360
139 0.4061 34607104
140 0.3943 34328576
141 0.4034 34578432
142 0.4034 34791424
143 0.4074 35008512
144 0.4147 35143680
145 0.4095 35352576
146 0.4081 35885056
147 0.4163 35713024
148 0.4119 35876864
149 0.4183 36122624
150 0.4304 36786176
151 0.4198 36544512
152 0.4266 37158912
153 0.4263 36904960
154 0.4327 37531648
155 0.4419 37830656
156 0.4365 37593088
157 0.4352 37658624
158 0.4436 38297600
159 0.4418 38105088
160 0.4427 38264832
161 0.4451 38567936
162 0.4497 38711296
163 0.4588 38875136
164 0.4647 39403520
165 0.4559 39292928
166 0.4607 39563264
167 0.4649 39743488
168 0.4625 39890944
169 0.5067 40751104
170 0.4748 40493056
171 0.479 40235008
172 0.4895 40296448
173 0.4785 40423424
174 0.4801 40648704
175 0.4809 40759296
176 0.5003 41238528
177 0.4905 41250816
178 0.4898 41361408
179 0.4922 41553920
180 0.504 41820160
181 0.4971 42016768
182 0.5015 42201088
183 0.5012 42409984
184 0.5077 42635264
185 0.5083 42811392
186 0.529 43253760
187 0.5135 43208704
188 0.524 43380736
189 0.5169 43593728
190 0.529 43778048
191 0.5308 44019712
192 0.5356 44216320
193 0.5257 44318720
194 0.534 44642304
195 0.5419 44888064
196 0.538 45158400
197 0.5427 45387776
198 0.5479 45502464
199 0.5494 45875200
200 0.5533 45797376
201 0.5531 46030848
202 0.5551 46333952
203 0.56 46399488
204 0.5701 46624768
205 0.5775 46960640
206 0.5747 47124480
207 0.5811 47624192
208 0.5846 47792128
209 0.5816 47923200
210 0.5865 48181248
211 0.5886 48324608
212 0.5986 48775168
213 0.5979 49127424
214 0.6078 49430528
215 0.5956 49188864
216 0.6025 49377280
217 0.6066 49569792
218 0.6065 49778688
219 0.6165 49958912
220 0.6181 50360320
221 0.6366 50823168
222 0.6171 50565120
223 0.6396 50827264
224 0.6289 51126272
225 0.6206 51195904
226 0.6334 51351552
227 0.6275 51560448
228 0.6294 51699712
229 0.6404 52162560
230 0.6479 52117504
231 0.6432 52498432
232 0.6558 53018624
233 0.6445 52879360
234 0.6607 53387264
235 0.6577 53817344
236 0.651 53395456
237 0.6528 53600256
238 0.6588 53903360
239 0.6706 54013952
240 0.6717 54194176
241 0.6653 54390784
242 0.6754 55160832
243 0.677 55087104
244 0.6798 55332864
245 0.6866 55660544
246 0.6856 55672832
247 0.6845 55848960
248 0.6933 56053760
249 0.7027 56336384
250 0.6936 56475648
251 0.6985 56725504
252 0.6986 56975360
253 0.7072 57303040
254 0.7169 57978880
255 0.7282 57757696
256 0.7131 57892864
257 0.7298 58716160
258 0.7234 58544128
259 0.7316 58912768
260 0.7279 58728448
261 0.7312 58920960
262 0.7342 59482112
263 0.7324 59371520
264 0.7404 59592704
265 0.7351 59793408
266 0.7422 59908096
267 0.7503 60407808
268 0.743 60305408
269 0.7468 60600320
270 0.7482 60723200
271 0.7485 60891136
272 0.7582 61095936
273 0.7789 61698048
274 0.7622 61730816
275 0.7599 61693952
276 0.7669 61902848
277 0.779 62382080
278 0.7916 62287872
279 0.7721 62504960
280 0.7737 62685184
281 0.778 62898176
282 0.7768 63107072
283 0.781 63352832
284 0.782 63483904
285 0.7888 63688704
286 0.801 63979520
287 0.7967 64163840
288 0.8016 64327680
289 0.8044 64704512
290 0.7981 64745472
291 0.801 64974848
292 0.8104 65118208
293 0.8061 65384448
294 0.8153 65523712
295 0.8103 65724416
296 0.8142 65982464
297 0.8214 66248704
298 0.8318 66666496
299 0.8214 66514944
300 0.8301 67215360