1 0.0259 6352896
2 0.0288 6520832
3 0.0348 6742016
4 0.0323 6864896
5 0.0342 7045120
6 0.0363 7200768
7 0.0379 7426048
8 0.04 7610368
9 0.0426 7725056
10 0.0467 7983104
11 0.0483 8101888
12 0.0483 8212480
13 0.0577 8495104
14 0.0578 8577024
15 0.0565 8757248
16 0.0583 8933376
17 0.058 9134080
18 0.0608 9285632
19 0.0658 9469952
20 0.0712 9625600
21 0.0655 9801728
22 0.0687 9981952
23 0.07 10129408
24 0.0716 10313728
25 0.0839 10465280
26 0.0778 10637312
27 0.0773 10747904
28 0.0809 10969088
29 0.0811 11165696
30 0.0901 11329536
31 0.0921 11599872
32 0.0933 11636736
33 0.089 11812864
34 0.0945 11980800
35 0.0942 12259328
36 0.0955 12300288
37 0.0974 12472320
38 0.0975 12632064
39 0.1084 12808192
40 0.1016 12963840
41 0.1065 13201408
42 0.1064 13352960
43 0.1125 13611008
44 0.1185 13705216
45 0.1144 13852672
46 0.1226 14000128
47 0.1174 14233600
48 0.1189 14381056
49 0.1239 14376960
50 0.1251 14553088
51 0.1272 14692352
52 0.1294 15020032
53 0.1327 15069184
54 0.1334 15228928
55 0.1342 15376384
56 0.136 15491072
57 0.138 15822848
58 0.1404 15908864
59 0.142 15958016
60 0.1441 16117760
61 0.1448 16277504
62 0.1524 16437248
63 0.1535 16596992
64 0.1523 16781312
65 0.1525 16936960
66 0.1548 17088512
67 0.156 17264640
68 0.1597 17518592
69 0.1663 17584128
70 0.1628 17788928
71 0.1707 17924096
72 0.166 18026496
73 0.1728 18415616
74 0.1715 18407424
75 0.1715 18567168
76 0.1733 18759680
77 0.1792 18894848
78 0.179 19054592
79 0.18 19206144
80 0.1835 19468288
81 0.1854 19550208
82 0.1871 19767296
83 0.1897 19951616
84 0.1953 20307968
85 0.193 20336640
86 0.1949 20471808
87 0.1991 20713472
88 0.2088 20848640
89 0.2064 21082112
90 0.2039 21168128
91 0.2069 21299200
92 0.2095 21463040
93 0.2099 21626880
94 0.2148 21962752
95 0.2127 21897216
96 0.213 22065152
97 0.2203 22372352
98 0.22 22491136
99 0.2225 22597632
100 0.223 22790144
101 0.2258 22933504
102 0.2288 23113728
103 0.2338 23343104
104 0.2342 23367680
105 0.2447 23388160
106 0.2384 23552000
107 0.2424 23719936
108 0.2423 23830528
109 0.2442 24010752
110 0.251 24518656
111 0.2489 24379392
112 0.2507 24543232
113 0.2543 24674304
114 0.254 24858624
115 0.2555 24989696
116 0.2604 25206784
117 0.2585 25427968
118 0.2635 25571328
119 0.2649 25759744
120 0.2657 25919488
121 0.2939 26284032
122 0.2749 26279936
123 0.2684 26333184
124 0.2779 26546176
125 0.2728 26656768
126 0.2847 27070464
127 0.2856 27336704
128 0.284 27152384
129 0.2801 27324416
130 0.2873 27545600
131 0.2861 27652096
132 0.2937 28000256
133 0.2901 28041216
134 0.2912 28192768
135 0.305 28618752
136 0.3001 28532736
137 0.2994 28688384
138 0.3029 28999680
139 0.3014 28962816
140 0.3105 29200384
141 0.3061 29351936
142 0.308 29532160
143 0.3097 29712384
144 0.3203 30101504
145 0.3146 30011392
146 0.3168 30187520
147 0.321 30408704
148 0.3181 30572544
149 0.3216 30597120
150 0.3198 30760960
151 0.3256 30986240
152 0.3522 31178752
153 0.3335 31469568
154 0.328 31432704
155 0.3364 31883264
156 0.3475 32083968
157 0.3342 31936512
158 0.3358 32096256
159 0.3411 32313344
160 0.3457 32473088
161 0.347 32755712
162 0.35 32952320
163 0.3494 33107968
164 0.3536 33202176
165 0.3543 33415168
166 0.363 33878016
167 0.3706 33730560
168 0.3648 33923072
169 0.3623 34054144
170 0.3663 34254848
171 0.3717 34406400
172 0.3754 34549760
173 0.3705 34643968
174 0.3795 34869248
175 0.3716 34967552
176 0.3857 35540992
177 0.3827 35627008
178 0.3858 35700736
179 0.3914 35913728
180 0.3878 36012032
181 0.3932 36270080
182 0.3944 36429824
183 0.3988 36540416
184 0.4019 36691968
185 0.4035 37265408
186 0.4015 36990976
187 0.4051 37179392
188 0.4152 37568512
189 0.4097 37584896
190 0.4107 37625856
191 0.4103 37740544
192 0.4145 37953536
193 0.4207 38088704
194 0.4183 38346752
195 0.4197 38453248
196 0.4216 38625280
197 0.4289 38785024
198 0.4246 38961152
199 0.4265 39104512
200 0.4355 39239680
201 0.4295 39444480
202 0.4394 39563264
203 0.4337 39772160
204 0.4363 39976960
205 0.4501 40497152
206 0.4534 40415232
207 0.4483 40562688
208 0.4584 41095168
209 0.4748 41213952
210 0.4577 41160704
211 0.4572 41164800
212 0.4617 41680896
213 0.4633 41521152
214 0.4699 41988096
215 0.4664 41893888
216 0.4664 41738240
217 0.4681 41795584
218 0.4793 41803776
219 0.4737 42119168
220 0.4777 42176512
221 0.4742 42229760
222 0.484 42831872
223 0.4844 42618880
224 0.484 42917888
225 0.4878 42967040
226 0.4835 43122688
227 0.4936 43499520
228 0.4892 43491328
229 0.5139 43634688
230 0.5087 43786240
231 0.495 44011520
232 0.5001 44244992
233 0.4996 44396544
234 0.5057 44564480
235 0.5039 44781568
236 0.5082 45203456
237 0.5078 45027328
238 0.5079 45223936
239 0.5113 45305856
240 0.5111 45486080
241 0.5125 45633536
242 0.5217 45805568
243 0.5208 46034944
244 0.5227 46129152
245 0.523 46252032
246 0.5239 46452736
247 0.532 46821376
248 0.5296 46776320
249 0.53 46944256
250 0.5317 47190016
251 0.5398 47775744
252 0.5441 47489024
253 0.5448 47931392
254 0.5456 47779840
255 0.5435 47955968
256 0.5426 48193536
257 0.5469 48316416
258 0.5515 48431104
259 0.5636 48611328
260 0.55 48766976
261 0.5542 48914432
262 0.5565 49094656
263 0.5602 49233920
264 0.5574 49487872
265 0.5687 49721344
266 0.5629 49741824
267 0.5651 49893376
268 0.5651 50012160
269 0.5683 50241536
270 0.6011 50466816
271 0.5717 50569216
272 0.5878 50737152
273 0.5764 50876416
274 0.5835 51015680
275 0.5805 51208192
276 0.5872 51441664
277 0.5897 51593216
278 0.5844 51650560
279 0.5867 51859456
280 0.5941 52080640
281 0.6019 52199424
282 0.5936 52404224
283 0.5938 52457472
284 0.6032 52703232
285 0.6001 52789248
286 0.6023 53018624
287 0.6062 53248000
288 0.6124 53374976
289 0.6077 53489664
290 0.6124 53702656
291 0.6106 53768192
292 0.6155 54075392
293 0.6159 54202368
294 0.6182 54439936
295 0.6196 54538240
296 0.6181 54616064
297 0.6195 54784000
298 0.6262 54984704
299 0.6348 55173120
300 0.6282 55422976