1 0.0259 6377472
2 0.0332 6610944
3 0.0321 6750208
4 0.0334 7000064
5 0.0426 7172096
6 0.0488 7434240
7 0.0433 7606272
8 0.0445 7815168
9 0.0497 8015872
10 0.0485 8179712
11 0.0507 8384512
12 0.0529 8572928
13 0.0563 8790016
14 0.0616 9048064
15 0.0618 9236480
16 0.0637 9486336
17 0.0667 9629696
18 0.0725 9887744
19 0.0743 10149888
20 0.0764 10268672
21 0.0914 10473472
22 0.0804 10670080
23 0.0874 11067392
24 0.0871 11112448
25 0.0945 11288576
26 0.0958 11587584
27 0.1004 11878400
28 0.0998 12042240
29 0.1008 12156928
30 0.1001 12320768
31 0.102 12546048
32 0.1096 12787712
33 0.1089 12988416
34 0.1125 13160448
35 0.1134 13332480
36 0.1149 13565952
37 0.1174 13758464
38 0.1271 13963264
39 0.1271 14045184
40 0.1266 14381056
41 0.1339 14467072
42 0.1302 14635008
43 0.1406 15032320
44 0.1416 15044608
45 0.1472 15298560
46 0.1388 15441920
47 0.1432 15593472
48 0.1456 15679488
49 0.1508 15933440
50 0.1532 16138240
51 0.1543 16388096
52 0.1592 16580608
53 0.1607 16789504
54 0.1643 16928768
55 0.1688 17170432
56 0.1728 17379328
57 0.1715 17592320
58 0.1745 17825792
59 0.1776 18014208
60 0.1782 18161664
61 0.1873 18591744
62 0.1852 18673664
63 0.1946 18968576
64 0.1979 19136512
65 0.1945 19324928
66 0.2079 19509248
67 0.2099 19939328
68 0.2214 20017152
69 0.2078 20111360
70 0.2167 20303872
71 0.2192 20512768
72 0.2185 20996096
73 0.2252 21127168
74 0.2246 21155840
75 0.2266 21323776
76 0.2503 21467136
77 0.241 21745664
78 0.2748 21905408
79 0.2544 22081536
80 0.2352 22323200
81 0.2384 22487040
82 0.2454 22806528
83 0.2555 22695936
84 0.2547 23027712
85 0.2485 23048192
86 0.2757 23236608
87 0.2619 23425024
88 0.2654 23609344
89 0.2595 23797760
90 0.2572 24064000
91 0.2609 24387584
92 0.2624 24403968
93 0.2655 24621056
94 0.2711 24879104
95 0.2781 25010176
96 0.271 25202688
97 0.2765 25427968
98 0.2765 25640960
99 0.2802 25821184
100 0.283 26030080
101 0.285 26230784
102 0.2992 26554368
103 0.2972 26755072
104 0.3108 27226112
105 0.3007 27119616
106 0.3111 27357184
107 0.3139 27660288
108 0.3105 27709440
109 0.3136 28098560
110 0.3138 28127232
111 0.3156 28336128
112 0.3181 28524544
113 0.3189 28737536
114 0.3311 28917760
115 0.33 29093888
116 0.3346 29450240
117 0.3297 29544448
118 0.3412 29769728
119 0.334 30015488
120 0.3432 30248960
121 0.3462 30728192
122 0.3461 30699520
123 0.3489 30920704
124 0.3556 31170560
125 0.4114 31326208
126 0.3639 31637504
127 0.3622 31830016
128 0.3711 32202752
129 0.3675 32194560
130 0.3678 32399360
131 0.3786 32575488
132 0.3881 32780288
133 0.3759 32993280
134 0.3776 33120256
135 0.3858 33370112
136 0.3948 33820672
137 0.3937 34209792
138 0.4015 34373632
139 0.3987 34394112
140 0.3941 34402304
141 0.402 34684928
142 0.4122 34893824
143 0.4148 35119104
144 0.4109 35160064
145 0.4145 35319808
146 0.4115 35565568
147 0.4104 35737600
148 0.4134 35897344
149 0.4164 36130816
150 0.4195 36323328
151 0.4268 36560896
152 0.4314 36855808
153 0.431 36945920
154 0.4277 37122048
155 0.4296 37261312
156 0.4333 37519360
157 0.434 37658624
158 0.4442 37928960
159 0.4463 38133760
160 0.4452 38322176
161 0.4427 38449152
162 0.4482 38649856
163 0.4508 38912000
164 0.4562 39518208
165 0.4688 39415808
166 0.4598 39538688
167 0.4643 39702528
168 0.4693 39923712
169 0.4679 40136704
170 0.4711 40239104
171 0.4776 40230912
172 0.4787 40497152
173 0.478 40439808
174 0.4882 40628224
175 0.4873 40853504
176 0.4852 41000960
177 0.4896 41201664
178 0.4938 41422848
179 0.4949 41603072
180 0.4981 41811968
181 0.4968 42016768
182 0.5021 42250240
183 0.5068 42450944
184 0.5057 42618880
185 0.5067 42815488
186 0.517 43450368
187 0.5118 43212800
188 0.5163 43380736
189 0.5309 44081152
190 0.527 44195840
191 0.5267 44052480
192 0.5338 44220416
193 0.529 44392448
194 0.5323 44646400
195 0.5362 44843008
196 0.5416 45326336
197 0.5477 45228032
198 0.5442 45424640
199 0.5502 45637632
200 0.5531 45879296
201 0.5564 46026752
202 0.5511 46223360
203 0.5669 46907392
204 0.5675 46600192
205 0.5764 46964736
206 0.5763 47636480
207 0.5813 47599616
208 0.5824 47788032
209 0.5858 48082944
210 0.5882 48357376
211 0.5877 48324608
212 0.5893 48521216
213 0.5924 48730112
214 0.5971 49025024
215 0.5974 49135616
216 0.6051 49315840
217 0.6084 49700864
218 0.6163 49795072
219 0.6112 49971200
220 0.6115 50200576
221 0.615 50360320
222 0.6298 50581504
223 0.6222 51286016
224 0.6366 51572736
225 0.6253 51154944
226 0.63 51335168
227 0.6367 51597312
228 0.645 51970048
229 0.6416 52117504
230 0.6475 52125696
231 0.6376 52445184
232 0.6482 52858880
233 0.6442 52891648
234 0.648 53141504
235 0.6505 53317632
236 0.6575 53850112
237 0.6585 53755904
238 0.66 53846016
239 0.66 54149120
240 0.6632 54239232
241 0.6713 54468608
242 0.6776 54820864
243 0.6802 55463936
244 0.6876 55533568
245 0.6827 55500800
246 0.6852 55652352
247 0.6881 55926784
248 0.6871 56053760
249 0.6942 56451072
250 0.6984 56500224
251 0.6992 56664064
252 0.7015 57221120
253 0.7177 57540608
254 0.7233 57528320
255 0.7187 57724928
256 0.7302 57929728
257 0.7274 58548224
258 0.7236 58355712
259 0.7295 58863616
260 0.7275 58802176
261 0.7278 58949632
262 0.7354 59174912
263 0.736 59383808
264 0.743 59564032
265 0.7433 59916288
266 0.7509 60317696
267 0.7451 60542976
268 0.7714 60395520
269 0.7505 61050880
270 0.7538 61001728
271 0.7513 60960768
272 0.7549 61173760
273 0.7559 61349888
274 0.7572 61575168
275 0.7683 61693952
276 0.7661 61988864
277 0.7683 62435328
278 0.7676 62349312
279 0.7771 62537728
280 0.7768 62791680
281 0.7795 62914560
282 0.7855 63152128
283 0.7831 63344640
284 0.7924 63471616
285 0.7936 63766528
286 0.7951 64397312
287 0.7941 64233472
288 0.8038 64348160
289 0.7985 64491520
290 0.7982 64737280
291 0.8064 65167360
292 0.8061 65093632
293 0.8061 65269760
294 0.8111 65499136
295 0.8265 65798144
296 0.8404 65982464
297 0.8375 66666496
298 0.8538 66637824
299 0.8582 66801664
300 0.8601 66789376