1 0.0284 6389760
2 0.0331 6574080
3 0.0311 6729728
4 0.0335 6991872
5 0.0361 7139328
6 0.0418 7426048
7 0.0413 7606272
8 0.0459 7868416
9 0.0525 8024064
10 0.0494 8179712
11 0.0535 8527872
12 0.0557 8609792
13 0.057 8806400
14 0.0615 9056256
15 0.0632 9285632
16 0.0641 9441280
17 0.0675 9682944
18 0.0717 9904128
19 0.0757 10063872
20 0.0763 10227712
21 0.0799 10489856
22 0.0816 10674176
23 0.0855 10878976
24 0.0873 11112448
25 0.0893 11243520
26 0.0941 11513856
27 0.096 11694080
28 0.1081 12066816
29 0.1021 12275712
30 0.1023 12378112
31 0.1054 12677120
32 0.1169 12865536
33 0.1128 13004800
34 0.1194 13336576
35 0.1173 13385728
36 0.1209 13623296
37 0.119 13783040
38 0.1243 13967360
39 0.1255 14073856
40 0.1281 14249984
41 0.1347 14434304
42 0.1328 14635008
43 0.1364 14831616
44 0.1371 15179776
45 0.1417 15228928
46 0.1414 15433728
47 0.1519 15532032
48 0.1473 15736832
49 0.1489 15937536
50 0.1531 16183296
51 0.156 16384000
52 0.1586 16588800
53 0.1628 16769024
54 0.1625 16928768
55 0.1689 17186816
56 0.1704 17432576
57 0.1736 17727488
58 0.1772 17821696
59 0.1778 17969152
60 0.1804 18276352
61 0.1836 18468864
62 0.1848 18620416
63 0.1925 18968576
64 0.1923 19128320
65 0.1945 19324928
66 0.2034 19509248
67 0.2016 19709952
68 0.2116 20017152
69 0.2098 20107264
70 0.2072 20299776
71 0.2164 20496384
72 0.2125 20692992
73 0.2175 21049344
74 0.2132 21098496
75 0.2181 21291008
76 0.2261 21479424
77 0.2318 21725184
78 0.2324 21872640
79 0.2287 22196224
80 0.2342 22302720
81 0.2312 22437888
82 0.2374 22622208
83 0.2411 22630400
84 0.2411 22867968
85 0.242 23031808
86 0.2453 23166976
87 0.2459 23367680
88 0.2596 23617536
89 0.2588 23969792
90 0.2547 24010752
91 0.2581 24211456
92 0.2633 24391680
93 0.2754 24596480
94 0.2741 24813568
95 0.2691 25014272
96 0.2689 25214976
97 0.2762 25423872
98 0.2792 25624576
99 0.2871 25825280
100 0.2847 26046464
101 0.2862 26230784
102 0.2892 26554368
103 0.3069 26746880
104 0.3007 26939392
105 0.3088 27131904
106 0.3032 27353088
107 0.3089 27602944
108 0.3155 27803648
109 0.3183 28024832
110 0.3377 28286976
111 0.3236 28315648
112 0.3295 28594176
113 0.3222 28729344
114 0.327 28921856
115 0.329 29130752
116 0.3389 29421568
117 0.3401 29593600
118 0.3366 29810688
119 0.3448 30302208
120 0.3463 30216192
121 0.3529 30556160
122 0.3484 30707712
123 0.3591 30932992
124 0.3519 31059968
125 0.3696 31404032
126 0.3596 31666176
127 0.3706 31977472
128 0.3656 32034816
129 0.37 32288768
130 0.3801 32641024
131 0.3773 32571392
132 0.3784 32743424
133 0.3823 32993280
134 0.3832 33230848
135 0.3931 33382400
136 0.3944 33558528
137 0.3912 33742848
138 0.3942 33927168
139 0.3959 34119680
140 0.399 34320384
141 0.405 34525184
142 0.4052 34746368
143 0.408 34938880
144 0.4215 35516416
145 0.4097 35323904
146 0.4154 35553280
147 0.4117 35655680
148 0.4172 35913728
149 0.4214 36298752
150 0.4276 36315136
151 0.4199 36466688
152 0.4303 36913152
153 0.4227 36864000
154 0.4293 37122048
155 0.4396 37343232
156 0.4332 37457920
157 0.4374 37732352
158 0.4505 37928960
159 0.4426 38113280
160 0.4445 38297600
161 0.4479 38481920
162 0.4525 38756352
163 0.4549 38981632
164 0.487 39227392
165 0.4741 39649280
166 0.4729 39632896
167 0.4625 39768064
168 0.4798 40071168
169 0.4815 40312832
170 0.4768 40189952
171 0.5068 40333312
172 0.4935 40636416
173 0.4927 40828928
174 0.4866 40636416
175 0.5077 40812544
176 0.4906 41365504
177 0.4878 41160704
178 0.4916 41410560
179 0.4946 41594880
180 0.5049 41840640
181 0.4977 42020864
182 0.5089 42205184
183 0.4983 42356736
184 0.5096 42582016
185 0.5191 42795008
186 0.5152 42983424
187 0.5387 43274240
188 0.5343 43589632
189 0.5241 43810816
190 0.5252 43892736
191 0.523 43986944
192 0.5244 44191744
193 0.5286 44433408
194 0.5319 44646400
195 0.5325 44834816
196 0.539 45035520
197 0.5397 45228032
198 0.5451 45461504
199 0.5464 45633536
200 0.5495 45858816
201 0.5533 46026752
202 0.551 46170112
203 0.5596 46387200
204 0.5622 46632960
205 0.5691 46960640
206 0.5818 47599616
207 0.5772 47611904
208 0.5955 47820800
209 0.5973 48168960
210 0.5921 48504832
211 0.5938 48865280
212 0.5911 48570368
213 0.5949 48787456
214 0.6014 49156096
215 0.5998 49123328
216 0.6078 49795072
217 0.6141 49565696
218 0.6206 49901568
219 0.6185 49958912
220 0.6115 50106368
221 0.6197 50569216
222 0.6211 50532352
223 0.6185 50757632
224 0.6329 51048448
225 0.6267 51097600
226 0.6328 51396608
227 0.6262 51494912
228 0.6354 51798016
229 0.6356 51974144
230 0.6384 52137984
231 0.6469 52543488
232 0.6548 52633600
233 0.6536 52879360
234 0.652 53362688
235 0.6462 53239808
236 0.6669 53964800
237 0.6637 53927936
238 0.6734 54255616
239 0.6658 54046720
240 0.667 54222848
241 0.665 54448128
242 0.6952 54624256
243 0.6742 55083008
244 0.6908 55279616
245 0.6837 55484416
246 0.6839 55701504
247 0.6976 56188928
248 0.699 56037376
249 0.6982 56668160
250 0.6987 56541184
251 0.7067 56856576
252 0.7054 57081856
253 0.7142 57389056
254 0.7219 57987072
255 0.7155 57794560
256 0.728 58466304
257 0.7189 58122240
258 0.7269 58621952
259 0.7287 58884096
260 0.7304 59027456
261 0.7315 59572224
262 0.7409 59686912
263 0.7414 59351040
264 0.7424 59867136
265 0.7368 59744256
266 0.7429 60006400
267 0.7574 60129280
268 0.7691 60764160
269 0.7509 60510208
270 0.7623 61046784
271 0.7626 61321216
272 0.7565 61616128
273 0.7603 61317120
274 0.7608 61497344
275 0.7642 61730816
276 0.7843 62382080
277 0.7729 62640128
278 0.7695 62287872
279 0.7863 63012864
280 0.784 62681088
281 0.7756 62914560
282 0.7896 63143936
283 0.7798 63315968
284 0.7944 63545344
285 0.7854 63700992
286 0.794 64081920
287 0.8049 64143360
288 0.8081 64356352
289 0.8039 64483328
290 0.7968 64737280
291 0.8088 64921600
292 0.8099 65404928
293 0.8134 65318912
294 0.8127 65622016
295 0.8317 65765376
296 0.843 66355200
297 0.8417 66207744
298 0.8422 66347008
299 0.8626 66547712
300 0.8488 67072000