1 0.0311 6373376
2 0.0391 6549504
3 0.0333 6774784
4 0.0477 6995968
5 0.055 7266304
6 0.047 7536640
7 0.0823 7704576
8 0.0447 7806976
9 0.0444 7995392
10 0.0508 8278016
11 0.0661 8581120
12 0.0576 8613888
13 0.0605 8888320
14 0.0633 9154560
15 0.0635 9375744
16 0.0641 9478144
17 0.0655 9674752
18 0.0719 9961472
19 0.0715 10133504
20 0.0944 10412032
21 0.0805 10530816
22 0.0845 10731520
23 0.0915 11091968
24 0.0845 11128832
25 0.0939 11485184
26 0.0923 11603968
27 0.0983 11763712
28 0.1076 12046336
29 0.1301 12251136
30 0.1133 12611584
31 0.1088 12656640
32 0.1051 12828672
33 0.1156 13062144
34 0.1075 13234176
35 0.1201 13578240
36 0.1207 13717504
37 0.1194 13840384
38 0.1234 13967360
39 0.1225 14114816
40 0.1253 14327808
41 0.1243 14528512
42 0.1358 14745600
43 0.1362 14983168
44 0.1471 15351808
45 0.142 15536128
46 0.1415 15486976
47 0.1418 15630336
48 0.1437 15826944
49 0.1488 16084992
50 0.1535 16281600
51 0.1579 16551936
52 0.164 16687104
53 0.1591 16965632
54 0.1731 17137664
55 0.1784 17330176
56 0.1859 17530880
57 0.1769 17862656
58 0.1757 18018304
59 0.1855 18219008
60 0.1918 18624512
61 0.2037 18726912
62 0.1896 18866176
63 0.1861 19062784
64 0.194 19316736
65 0.1985 19501056
66 0.1992 19730432
67 0.2065 19931136
68 0.2064 20131840
69 0.22 20557824
70 0.225 20684800
71 0.2183 20828160
72 0.2114 20914176
73 0.2241 21090304
74 0.2306 21487616
75 0.2282 21475328
76 0.2275 21696512
77 0.2398 22155264
78 0.2284 22085632
79 0.2309 22294528
80 0.2378 22646784
81 0.2451 22519808
82 0.2452 22683648
83 0.2474 23113728
84 0.2443 23154688
85 0.2561 23494656
86 0.2575 23662592
87 0.269 23920640
88 0.2663 23887872
89 0.2745 24285184
90 0.2768 24449024
91 0.276 24637440
92 0.2869 24805376
93 0.2697 24911872
94 0.276 25247744
95 0.27 25268224
96 0.2773 25481216
97 0.2834 25747456
98 0.2965 26066944
99 0.289 26144768
100 0.3171 26497024
101 0.3247 26775552
102 0.3037 26845184
103 0.3008 27226112
104 0.3626 27418624
105 0.304 27467776
106 0.3152 27877376
107 0.3341 28028928
108 0.3403 28303360
109 0.3328 28413952
110 0.3788 28495872
111 0.3273 29016064
112 0.3364 28889088
113 0.3249 29020160
114 0.3263 29229056
115 0.3663 29466624
116 0.3311 29716480
117 0.3389 30040064
118 0.3362 30240768
119 0.3487 30515200
120 0.3441 30703616
121 0.3429 30838784
122 0.353 31105024
123 0.3595 31580160
124 0.3625 31875072
125 0.3632 31789056
126 0.3955 32284672
127 0.3826 32423936
128 0.3951 32702464
129 0.3988 32972800
130 0.383 33161216
131 0.4055 33337344
132 0.3734 33161216
133 0.3842 33419264
134 0.39 33632256
135 0.3831 33804288
136 0.3864 33923072
137 0.4178 34140160
138 0.424 34586624
139 0.4197 35053568
140 0.4891 35160064
141 0.4903 35418112
142 0.425 35356672
143 0.511 35573760
144 0.4773 35926016
145 0.5256 35930112
146 0.4661 36098048
147 0.4247 36143104
148 0.4281 36651008
149 0.4307 36704256
150 0.4602 37232640
151 0.4703 37232640
152 0.4351 37695488
153 0.4952 37404672
154 0.4455 37679104
155 0.437 37834752
156 0.4347 37941248
157 0.4454 38178816
158 0.4418 38342656
159 0.451 38596608
160 0.452 39247872
161 0.45 38948864
162 0.4977 39362560
163 0.4816 39690240
164 0.4611 39669760
165 0.4716 40370176
166 0.4747 40382464
167 0.4689 40013824
168 0.469 40013824
169 0.4809 40300544
170 0.544 40558592
171 0.4939 40964096
172 0.4907 40841216
173 0.5033 41181184
174 0.4905 41099264
175 0.4998 41582592
176 0.4968 41529344
177 0.504 41852928
178 0.4915 41914368
179 0.5432 42373120
180 0.5419 42393600
181 0.5417 43106304
182 0.5165 42749952
183 0.5121 42934272
184 0.5208 43577344
185 0.5178 43896832
186 0.5263 43798528
187 0.5182 43798528
188 0.5388 43978752
189 0.5235 44187648
190 0.5371 44597248
191 0.5294 44589056
192 0.537 44851200
193 0.5381 45047808
194 0.54 45469696
195 0.5492 45617152
196 0.5394 45600768
197 0.548 45797376
198 0.5622 46485504
199 0.6975 46297088
200 0.6177 46600192
201 0.5677 46960640
202 0.5576 46829568
203 0.574 47759360
204 0.5735 47656960
205 0.5873 47865856
206 0.5859 48517120
207 0.5926 48451584
208 0.6009 48672768
209 0.5829 48570368
210 0.5889 49274880
211 0.5879 48984064
212 0.5975 49205248
213 0.6021 49672192
214 0.6027 50102272
215 0.5996 49856512
216 0.6069 50171904
217 0.6025 50192384
218 0.609 50442240
219 0.613 50659328
220 0.6246 51077120
221 0.6275 51040256
222 0.6384 51245056
223 0.6311 51453952
224 0.6277 51634176
225 0.6267 51945472
226 0.6243 52011008
227 0.6364 52559872
228 0.6299 52420608
229 0.635 52617216
230 0.6364 52822016
231 0.638 53178368
232 0.6468 53395456
233 0.6427 53563392
234 0.6548 54140928
235 0.6492 53940224
236 0.6626 54743040
237 0.6643 54628352
238 0.6638 54816768
239 0.6692 55074816
240 0.6935 55762944
241 0.6963 55939072
242 0.7208 56053760
243 0.716 55906304
244 0.7174 56123392
245 0.6837 56242176
246 0.6905 56487936
247 0.7137 56942592
248 0.6972 57167872
249 0.6957 57298944
250 0.7035 57626624
251 0.7031 57700352
252 0.7124 58204160
253 0.7074 58101760
254 0.709 58302464
255 0.7202 58937344
256 0.7274 59031552
257 0.721 59076608
258 0.7211 59092992
259 0.7241 59658240
260 0.7258 59494400
261 0.7278 59691008
262 0.7285 59899904
263 0.7355 60162048
264 0.7379 60653568
265 0.7353 60502016
266 0.7506 61042688
267 0.7701 60907520
268 0.7502 61108224
269 0.7575 61505536
270 0.7761 61718528
271 0.7541 61870080
272 0.7543 61919232
273 0.7622 62283776
274 0.7621 62390272
275 0.7605 62517248
276 0.7644 62717952
277 0.7745 63021056
278 0.7788 63590400
279 0.7821 63803392
280 0.7727 63537152
281 0.7768 63733760
282 0.7801 63967232
283 0.7805 64167936
284 0.7822 64368640
285 0.7887 64585728
286 0.7914 64774144
287 0.8134 65462272
288 0.7957 65187840
289 0.796 65380352
290 0.8058 65712128
291 0.8017 65839104
292 0.8042 66002944
293 0.8105 66273280
294 0.8105 66412544
295 0.8169 66760704
296 0.8175 66805760
297 0.815 67006464
298 0.8287 67616768
299 0.8249 67407872
300 0.8311 67629056