1 0.0259 6352896
2 0.0279 6520832
3 0.032 6729728
4 0.0325 6877184
5 0.0331 7032832
6 0.0405 7254016
7 0.0395 7426048
8 0.0401 7622656
9 0.0425 7725056
10 0.0483 7938048
11 0.0456 8118272
12 0.0502 8237056
13 0.051 8409088
14 0.0545 8646656
15 0.0559 8732672
16 0.0624 8921088
17 0.0608 9105408
18 0.0598 9236480
19 0.0637 9490432
20 0.0652 9596928
21 0.0667 9764864
22 0.0688 9936896
23 0.07 10129408
24 0.0897 10313728
25 0.0865 10526720
26 0.0822 10637312
27 0.0803 10805248
28 0.0879 10969088
29 0.0806 11169792
30 0.0863 11259904
31 0.0864 11481088
32 0.0899 11644928
33 0.0891 11808768
34 0.0933 11984896
35 0.0934 12152832
36 0.1063 12279808
37 0.0982 12472320
38 0.0991 12689408
39 0.1068 12795904
40 0.1101 13025280
41 0.1079 13189120
42 0.1072 13471744
43 0.1089 13520896
44 0.1115 13651968
45 0.1208 13938688
46 0.1132 13967360
47 0.1169 14131200
48 0.1182 14282752
49 0.121 14389248
50 0.1243 14532608
51 0.1274 14696448
52 0.1268 14897152
53 0.1298 15073280
54 0.1307 15163392
55 0.1343 15384576
56 0.1359 15544320
57 0.1414 15835136
58 0.1404 15888384
59 0.1512 16003072
60 0.1412 16060416
61 0.1451 16289792
62 0.1494 16445440
63 0.1465 16543744
64 0.1509 16769024
65 0.1519 16928768
66 0.1563 17096704
67 0.1568 17256448
68 0.158 17436672
69 0.1617 17584128
70 0.1686 17760256
71 0.1695 18010112
72 0.1661 18083840
73 0.1674 18264064
74 0.172 18403328
75 0.1718 18624512
76 0.1777 18735104
77 0.1748 18894848
78 0.1778 19050496
79 0.1798 19202048
80 0.1806 19460096
81 0.1838 19619840
82 0.1886 19767296
83 0.186 19877888
84 0.188 20041728
85 0.1931 20328448
86 0.1976 20488192
87 0.2026 20766720
88 0.2021 20967424
89 0.2021 21004288
90 0.2104 21303296
91 0.2061 21299200
92 0.2098 21458944
93 0.2129 21618688
94 0.2167 21749760
95 0.2367 22077440
96 0.2404 22159360
97 0.2257 22282240
98 0.2191 22441984
99 0.2414 22913024
100 0.2219 22790144
101 0.2265 22888448
102 0.235 23130112
103 0.2324 23293952
104 0.2356 23371776
105 0.2352 23388160
106 0.2394 23547904
107 0.246 23752704
108 0.24 23879680
109 0.2475 24047616
110 0.2607 24395776
111 0.3696 24346624
112 0.2504 24481792
113 0.2564 24694784
114 0.2548 24875008
115 0.2533 24973312
116 0.2666 25264128
117 0.2592 25411584
118 0.2609 25559040
119 0.2634 25726976
120 0.2638 25903104
121 0.2671 26054656
122 0.2691 26271744
123 0.2739 26501120
124 0.2776 26836992
125 0.2808 26951680
126 0.2795 26923008
127 0.2783 27037696
128 0.2799 27226112
129 0.2802 27324416
130 0.2837 27488256
131 0.2874 27701248
132 0.2871 27828224
133 0.2903 28016640
134 0.292 28139520
135 0.293 28356608
136 0.2962 28532736
137 0.2964 28635136
138 0.3005 28868608
139 0.3006 28962816
140 0.3035 29212672
141 0.3138 29536256
142 0.3085 29528064
143 0.3103 29671424
144 0.3126 29872128
145 0.3127 30007296
146 0.3142 30175232
147 0.3162 30371840
148 0.3196 30511104
149 0.3214 30650368
150 0.3239 30851072
151 0.3238 30924800
152 0.3279 31150080
153 0.33 31358976
154 0.329 31469568
155 0.3388 31703040
156 0.3385 31838208
157 0.3367 31973376
158 0.3448 32149504
159 0.3452 32309248
160 0.3436 32448512
161 0.3437 32714752
162 0.3452 32870400
163 0.3545 33181696
164 0.359 33263616
165 0.3559 33431552
166 0.3575 33599488
167 0.3621 33902592
168 0.3723 33886208
169 0.3625 34021376
170 0.3676 34422784
171 0.37 34590720
172 0.3703 34619392
173 0.378 35028992
174 0.3719 34885632
175 0.3761 35033088
176 0.3825 35459072
177 0.3861 35622912
178 0.3865 35782656
179 0.3929 35901440
180 0.3915 36065280
181 0.3948 36225024
182 0.3979 36515840
183 0.402 36536320
184 0.4029 36696064
185 0.4043 37027840
186 0.4012 36954112
187 0.4271 37228544
188 0.4062 37322752
189 0.4078 37462016
190 0.4097 37654528
191 0.4119 37810176
192 0.4107 37969920
193 0.4141 38072320
194 0.4128 38232064
195 0.4165 38391808
196 0.4261 38973440
197 0.4251 38780928
198 0.426 38932480
199 0.4281 39108608
200 0.4317 39276544
201 0.4314 39436288
202 0.4361 39591936
203 0.4391 39960576
204 0.4372 39919616
205 0.4444 40206336
206 0.4473 40366080
207 0.4479 40534016
208 0.4556 40779776
209 0.4541 40833024
210 0.4537 40996864
211 0.4591 41172992
212 0.4576 41271296
213 0.4621 41525248
214 0.471 41697280
215 0.4729 42119168
216 0.4658 41795584
217 0.4661 41738240
218 0.4669 41754624
219 0.4758 41938944
220 0.4725 42074112
221 0.4766 42229760
222 0.4814 42885120
223 0.4908 42815488
224 0.485 42803200
225 0.4825 42950656
226 0.484 43106304
227 0.4884 43347968
228 0.4886 43450368
229 0.4975 43577344
230 0.4907 43720704
231 0.496 44097536
232 0.4984 44216320
233 0.503 44359680
234 0.4979 44519424
235 0.5024 44695552
236 0.5088 44802048
237 0.5031 44920832
238 0.5137 45309952
239 0.509 45248512
240 0.5185 45498368
241 0.5171 45645824
242 0.516 45768704
243 0.5257 45993984
244 0.5281 46153728
245 0.5221 46305280
246 0.5339 46497792
247 0.5353 46796800
248 0.5372 46776320
249 0.5314 46903296
250 0.5398 47140864
251 0.5387 47321088
252 0.5433 47484928
253 0.5525 47648768
254 0.569 48308224
255 0.5541 48013312
256 0.5493 48631808
257 0.5551 48447488
258 0.5493 48549888
259 0.5526 48611328
260 0.5601 48807936
261 0.5517 48975872
262 0.5557 49033216
263 0.5555 49229824
264 0.5663 49422336
265 0.5626 49573888
266 0.5652 49774592
267 0.5641 49905664
268 0.5655 50073600
269 0.5665 50290688
270 0.569 50376704
271 0.569 50499584
272 0.5751 50679808
273 0.5762 50831360
274 0.5761 50991104
275 0.5835 51208192
276 0.5851 51351552
277 0.582 51486720
278 0.5883 51793920
279 0.587 51871744
280 0.6009 51998720
281 0.6012 52199424
282 0.5925 52400128
283 0.5983 52609024
284 0.5972 52682752
285 0.6014 52830208
286 0.6053 53014528
287 0.6035 53243904
288 0.6092 53379072
289 0.6064 53542912
290 0.6141 53813248
291 0.6198 53837824
292 0.6119 54009856
293 0.6146 54177792
294 0.6168 54452224
295 0.6153 54468608
296 0.623 54677504
297 0.6226 54820864
298 0.6314 55029760
299 0.6246 55111680
300 0.6275 55271424