1 0.0251 6336512
2 0.0279 6561792
3 0.0343 6840320
4 0.0326 7008256
5 0.0351 7286784
6 0.0377 7450624
7 0.0399 7667712
8 0.0424 7888896
9 0.0449 8110080
10 0.0511 8368128
11 0.0504 8548352
12 0.0562 8810496
13 0.0553 9003008
14 0.0615 9261056
15 0.06 9437184
16 0.0641 9678848
17 0.075 10043392
18 0.0721 10162176
19 0.071 10309632
20 0.0874 10596352
21 0.0752 10743808
22 0.0779 10952704
23 0.0806 11239424
24 0.0844 11382784
25 0.0905 11694080
26 0.0896 11849728
27 0.0925 12095488
28 0.0952 12300288
29 0.0975 12607488
30 0.0999 12746752
31 0.1031 12963840
32 0.1093 13238272
33 0.1081 13426688
34 0.1115 13631488
35 0.1175 13897728
36 0.1157 14045184
37 0.1183 14131200
38 0.1205 14405632
39 0.1234 14561280
40 0.1263 14831616
41 0.1327 15060992
42 0.1316 15269888
43 0.1341 15368192
44 0.1366 15491072
45 0.1401 15704064
46 0.1415 15921152
47 0.1443 16146432
48 0.1483 16388096
49 0.1506 16588800
50 0.1531 16867328
51 0.1602 17080320
52 0.1599 17260544
53 0.1675 17604608
54 0.1675 17813504
55 0.1751 18083840
56 0.1728 18268160
57 0.175 18415616
58 0.1778 18661376
59 0.1798 18862080
60 0.1833 19070976
61 0.1867 19283968
62 0.1879 19501056
63 0.1951 19775488
64 0.1925 19927040
65 0.2004 20213760
66 0.201 20426752
67 0.2032 20623360
68 0.2047 20832256
69 0.2068 21028864
70 0.2102 21245952
71 0.2124 21450752
72 0.2149 21676032
73 0.2182 21954560
74 0.2206 22163456
75 0.2273 22401024
76 0.2248 22528000
77 0.2276 22745088
78 0.2305 22794240
79 0.2335 22908928
80 0.2363 23113728
81 0.2382 23330816
82 0.2461 23621632
83 0.2443 23769088
84 0.2508 24047616
85 0.2483 24195072
86 0.2561 24457216
87 0.2542 24616960
88 0.2574 24887296
89 0.2594 25100288
90 0.2667 25370624
91 0.2667 25489408
92 0.2676 25677824
93 0.2695 25899008
94 0.2731 26124288
95 0.2801 26390528
96 0.2784 26542080
97 0.2811 26750976
98 0.2831 26963968
99 0.2857 27181056
100 0.2885 27394048
101 0.2919 27607040
102 0.2947 27889664
103 0.2998 28098560
104 0.3024 28299264
105 0.3066 28524544
106 0.3076 28725248
107 0.3152 28934144
108 0.319 29188096
109 0.3189 29495296
110 0.3259 29835264
111 0.3283 30048256
112 0.3321 30253056
113 0.3377 30519296
114 0.3401 30715904
115 0.3384 30851072
116 0.3415 31145984
117 0.3529 31764480
118 0.3511 31625216
119 0.3488 31748096
120 0.3551 32010240
121 0.3576 32227328
122 0.3568 32374784
123 0.3641 32661504
124 0.362 32796672
125 0.3691 33116160
126 0.371 33316864
127 0.3692 33497088
128 0.3713 33656832
129 0.3789 34209792
130 0.3775 34095104
131 0.3832 34476032
132 0.3951 35139584
133 0.3893 34877440
134 0.3969 35536896
135 0.3944 35278848
136 0.3972 35479552
137 0.4038 35934208
138 0.4047 35942400
139 0.4095 36184064
140 0.4107 36364288
141 0.4098 36519936
142 0.4167 36794368
143 0.4147 36941824
144 0.4217 37232640
145 0.4199 37367808
146 0.4277 37650432
147 0.4367 37863424
148 0.4319 38068224
149 0.4314 38285312
150 0.4326 38428672
151 0.4396 38715392
152 0.4376 38854656
153 0.4403 39063552
154 0.4441 39292928
155 0.4452 39501824
156 0.4577 40177664
157 0.4509 39927808
158 0.457 40206336
159 0.4558 40349696
160 0.463 40624128
161 0.4614 40603648
162 0.4645 40603648
163 0.4711 40812544
164 0.4697 40968192
165 0.4722 41164800
166 0.4797 41447424
167 0.4783 41570304
168 0.4808 41783296
169 0.4843 41992192
170 0.4904 42278912
171 0.4886 42414080
172 0.4969 42700800
173 0.494 42844160
174 0.4954 43053056
175 0.4998 43274240
176 0.5032 43483136
177 0.5047 43696128
178 0.5122 43974656
179 0.5106 44122112
180 0.5253 44486656
181 0.5224 44556288
182 0.5239 44822528
183 0.5202 44990464
184 0.524 45203456
185 0.5256 45408256
186 0.5367 45826048
187 0.5314 45924352
188 0.5348 46063616
189 0.5385 46276608
190 0.5391 46489600
191 0.5431 46706688
192 0.5503 47022080
193 0.5494 47128576
194 0.5658 47476736
195 0.5546 47554560
196 0.5574 47808512
197 0.5597 47980544
198 0.562 48267264
199 0.5688 48476160
200 0.569 48685056
201 0.5696 48832512
202 0.5735 49049600
203 0.5746 49254400
204 0.5778 49475584
205 0.5914 49827840
206 0.5903 50098176
207 0.5971 50290688
208 0.5961 50434048
209 0.5976 50634752
210 0.6059 50946048
211 0.6039 51089408
212 0.6104 51347456
213 0.6086 51490816
214 0.6154 51761152
215 0.6134 51998720
216 0.6171 52133888
217 0.6194 52346880
218 0.628 52826112
219 0.6303 53039104
220 0.6372 53313536
221 0.6357 53534720
222 0.6433 54157312
223 0.6464 54226944
224 0.6485 54362112
225 0.6518 54579200
226 0.6581 54800384
227 0.6583 55009280
228 0.6642 55447552
229 0.6631 55431168
230 0.6654 55644160
231 0.668 56041472
232 0.6708 56242176
233 0.6857 56827904
234 0.6748 56647680
235 0.6809 56848384
236 0.6838 57049088
237 0.6876 57253888
238 0.6885 57511936
239 0.6953 57712640
240 0.6996 58306560
241 0.7009 58101760
242 0.7007 58257408
243 0.7022 58466304
244 0.71 58703872
245 0.7068 58904576
246 0.7101 59088896
247 0.7112 59305984
248 0.7156 59514880
249 0.7257 59760640
250 0.7248 59973632
251 0.7269 60203008
252 0.7269 60366848
253 0.7283 60575744
254 0.7324 60788736
255 0.738 61030400
256 0.7405 61259776
257 0.7427 61489152
258 0.7409 61636608
259 0.7496 61906944
260 0.7519 62124032
261 0.7544 62341120
262 0.7584 62828544
263 0.7628 63029248
264 0.768 63590400
265 0.7681 63434752
266 0.7699 63631360
267 0.7728 63844352
268 0.7734 64057344
269 0.7805 64876544
270 0.7804 64512000
271 0.798 65069056
272 0.7852 64958464
273 0.7878 65208320
274 0.7902 65384448
275 0.7925 65601536
276 0.7992 65843200
277 0.7976 66060288
278 0.8014 66236416
279 0.8057 66449408
280 0.8108 66695168
281 0.8138 66904064
282 0.8116 67092480
283 0.8242 67809280
284 0.8273 67522560
285 0.8254 67784704
286 0.83 68419584
287 0.8262 68157440
288 0.8275 68366336
289 0.8294 68583424
290 0.8368 68849664
291 0.8398 69066752
292 0.8396 69218304
293 0.8413 69431296
294 0.8471 69967872
295 0.8452 69857280
296 0.8481 70078464
297 0.8494 70283264
298 0.8569 70553600
299 0.8538 70705152
300 0.8589 70930432