1 0.0258 6381568
2 0.0283 6533120
3 0.0349 6799360
4 0.0375 7008256
5 0.0357 7155712
6 0.0392 7426048
7 0.0444 7659520
8 0.0467 7852032
9 0.0471 8028160
10 0.0516 8273920
11 0.0497 8413184
12 0.0532 8613888
13 0.0595 8978432
14 0.0581 9039872
15 0.0606 9285632
16 0.0694 9535488
17 0.0648 9674752
18 0.0678 9879552
19 0.0699 10080256
20 0.072 10280960
21 0.0748 10493952
22 0.0809 10817536
23 0.0798 10936320
24 0.0821 11128832
25 0.0849 11325440
26 0.0946 11624448
27 0.094 11804672
28 0.0973 12099584
29 0.1021 12242944
30 0.0987 12476416
31 0.1115 12754944
32 0.1042 12828672
33 0.106 13033472
34 0.1125 13291520
35 0.1116 13447168
36 0.1124 13639680
37 0.1189 13840384
38 0.1186 13979648
39 0.1209 14114816
40 0.1262 14385152
41 0.1253 14528512
42 0.1333 14819328
43 0.1312 14925824
44 0.1371 15360000
45 0.1402 15392768
46 0.1386 15413248
47 0.1419 15695872
48 0.1441 15826944
49 0.1529 16142336
50 0.1509 16281600
51 0.152 16490496
52 0.1563 16687104
53 0.1632 16965632
54 0.1613 17162240
55 0.1686 17465344
56 0.1706 17563648
57 0.1693 17756160
58 0.1712 17956864
59 0.1793 18284544
60 0.1774 18407424
61 0.1805 18612224
62 0.1842 18866176
63 0.186 19062784
64 0.1878 19255296
65 0.197 19668992
66 0.1933 19656704
67 0.204 19914752
68 0.1988 20054016
69 0.2002 20262912
70 0.203 20459520
71 0.2059 20668416
72 0.2089 20869120
73 0.221 21098496
74 0.2152 21315584
75 0.2227 21667840
76 0.223 21815296
77 0.2216 21954560
78 0.2223 22085632
79 0.2292 22294528
80 0.2345 22487040
81 0.2336 22487040
82 0.2384 22634496
83 0.2407 22831104
84 0.2424 23035904
85 0.2404 23228416
86 0.2441 23437312
87 0.2493 23633920
88 0.25 23871488
89 0.2547 24080384
90 0.2649 24367104
91 0.2643 24485888
92 0.2579 24637440
93 0.2609 24829952
94 0.2682 25088000
95 0.2712 25329664
96 0.2722 25546752
97 0.2771 25776128
98 0.2932 25944064
99 0.2769 26075136
100 0.2854 26456064
101 0.2843 26607616
102 0.2956 26861568
103 0.2962 27013120
104 0.2962 27209728
105 0.3009 27406336
106 0.3021 27615232
107 0.3071 28028928
108 0.3101 28073984
109 0.3189 28499968
110 0.3166 28475392
111 0.3174 28676096
112 0.3179 28889088
113 0.3186 29089792
114 0.3251 29286400
115 0.3276 29593600
116 0.3302 29769728
117 0.328 29904896
118 0.3346 30240768
119 0.3365 30425088
120 0.3429 30687232
121 0.3423 30822400
122 0.3491 31215616
123 0.3598 31277056
124 0.3507 31551488
125 0.3543 31825920
126 0.3575 31936512
127 0.3639 32378880
128 0.362 32321536
129 0.3648 32522240
130 0.3705 32776192
131 0.3703 32927744
132 0.3775 33206272
133 0.3755 33349632
134 0.3783 33538048
135 0.3833 33873920
136 0.3832 33923072
137 0.3893 34172928
138 0.3864 34304000
139 0.3938 34566144
140 0.3924 34754560
141 0.4001 34942976
142 0.3964 35115008
143 0.4072 35352576
144 0.4059 35508224
145 0.4143 35786752
146 0.4067 35909632
147 0.412 36110336
148 0.4112 36311040
149 0.4145 36511744
150 0.4171 36712448
151 0.419 36917248
152 0.4288 37744640
153 0.4294 37396480
154 0.4324 37703680
155 0.4299 37736448
156 0.4323 38006784
157 0.4335 38141952
158 0.4438 38735872
159 0.445 38592512
160 0.4453 38801408
161 0.4463 38948864
162 0.4464 39145472
163 0.4498 39350272
164 0.4565 39804928
165 0.495 39817216
166 0.4611 40108032
167 0.4634 40013824
168 0.4704 40243200
169 0.4656 40095744
170 0.4676 40296448
171 0.4731 40497152
172 0.4734 40697856
173 0.4846 41361408
174 0.4773 41181184
175 0.4813 41299968
176 0.4879 41578496
177 0.4884 41787392
178 0.4924 41979904
179 0.5131 42201088
180 0.517 42819584
181 0.4973 42536960
182 0.5042 42803200
183 0.5018 42934272
184 0.5047 43151360
185 0.5119 43397120
186 0.5121 43724800
187 0.5199 44183552
188 0.5161 43925504
189 0.5228 44302336
190 0.5281 44564480
191 0.5248 44589056
192 0.5339 45010944
193 0.535 45056000
194 0.5313 45203456
195 0.5411 45760512
196 0.5389 45670400
197 0.5495 45887488
198 0.5414 46002176
199 0.5452 46202880
200 0.5502 46473216
201 0.5617 47063040
202 0.5538 46817280
203 0.566 47276032
204 0.5709 47673344
205 0.5726 47812608
206 0.5802 48074752
207 0.5798 48193536
208 0.5819 48451584
209 0.5836 48570368
210 0.5915 48844800
211 0.5924 49065984
212 0.5968 49209344
213 0.5962 49414144
214 0.599 49590272
215 0.5997 49844224
216 0.6003 50061312
217 0.6037 50192384
218 0.6112 50454528
219 0.6084 50593792
220 0.6173 50819072
221 0.6114 50999296
222 0.6151 51240960
223 0.6232 51470336
224 0.6197 51605504
225 0.6274 51871744
226 0.635 52158464
227 0.633 52432896
228 0.6368 52477952
229 0.6345 52686848
230 0.6463 53317632
231 0.6383 53178368
232 0.6489 53821440
233 0.6444 53563392
234 0.6582 53764096
235 0.6633 53940224
236 0.6615 54411264
237 0.6597 54611968
238 0.6659 54816768
239 0.6688 55078912
240 0.6674 55214080
241 0.6718 55418880
242 0.6764 55812096
243 0.6793 55865344
244 0.6769 56025088
245 0.6787 56225792
246 0.6884 56492032
247 0.6849 56627200
248 0.6936 57094144
249 0.703 57339904
250 0.7007 57495552
251 0.7001 57700352
252 0.7032 57896960
253 0.7175 58556416
254 0.707 58302464
255 0.716 58519552
256 0.7222 58712064
257 0.7263 59375616
258 0.7164 59092992
259 0.7255 59777024
260 0.7315 59883520
261 0.7315 59756544
262 0.7294 59899904
263 0.733 60096512
264 0.7345 60301312
265 0.7382 60502016
266 0.7374 60702720
267 0.7392 60907520
268 0.7459 61300736
269 0.7499 61370368
270 0.7565 61894656
271 0.7522 61771776
272 0.752 61919232
273 0.7562 62283776
274 0.8151 62377984
275 0.7704 62517248
276 0.7759 63143936
277 0.7725 63008768
278 0.7738 63152128
279 0.7764 63414272
280 0.7753 63537152
281 0.7899 64180224
282 0.78 64122880
283 0.7888 64352256
284 0.7873 64413696
285 0.7919 64622592
286 0.7918 64897024
287 0.7936 64974848
288 0.8066 65249280
289 0.8075 65392640
290 0.7985 65589248
291 0.8034 65798144
292 0.8059 66056192
293 0.8169 66658304
294 0.8121 66469888
295 0.8244 67043328
296 0.8192 66871296
297 0.8153 67076096
298 0.8232 67297280
299 0.8242 67407872
300 0.8258 67620864