1 0.0378 10801152
2 0.0416 10825728
3 0.0416 10854400
4 0.0385 10854400
5 0.0393 10891264
6 0.0391 10969088
7 0.0434 10993664
8 0.0405 11005952
9 0.0407 11038720
10 0.0416 11059200
11 0.0443 11091968
12 0.0453 11141120
13 0.0414 11177984
14 0.0434 11190272
15 0.043 11218944
16 0.0426 11243520
17 0.0475 11321344
18 0.0474 11333632
19 0.0443 11341824
20 0.0447 11378688
21 0.0486 11423744
22 0.0461 11456512
23 0.0464 11485184
24 0.0474 11526144
25 0.0475 11550720
26 0.0468 11603968
27 0.0615 11718656
28 0.0488 11669504
29 0.0523 11702272
30 0.0539 11735040
31 0.0499 11767808
32 0.0516 11804672
33 0.0507 11849728
34 0.0514 11890688
35 0.0521 11915264
36 0.0519 11948032
37 0.0533 12005376
38 0.0529 12070912
39 0.0542 12136448
40 0.0586 12161024
41 0.0549 12193792
42 0.0559 12222464
43 0.0565 12296192
44 0.0561 12320768
45 0.0573 12369920
46 0.0582 12402688
47 0.0583 12451840
48 0.0596 12505088
49 0.0599 12537856
50 0.0625 12664832
51 0.0609 12636160
52 0.0618 12673024
53 0.0613 12738560
54 0.0656 12779520
55 0.0634 12812288
56 0.0637 12869632
57 0.0656 12906496
58 0.065 12947456
59 0.0698 13012992
60 0.0695 13070336
61 0.0659 13185024
62 0.0748 13254656
63 0.0681 13266944
64 0.0757 13312000
65 0.0699 13336576
66 0.0701 13389824
67 0.07 13475840
68 0.075 13545472
69 0.0721 13520896
70 0.0759 13660160
71 0.0725 13623296
72 0.0735 13709312
73 0.0777 13758464
74 0.0742 13783040
75 0.0789 13860864
76 0.0763 13905920
77 0.0769 13955072
78 0.0786 14016512
79 0.0784 14106624
80 0.0794 14147584
81 0.0797 14204928
82 0.0808 14266368
83 0.0815 14331904
84 0.0858 14385152
85 0.0823 14446592
86 0.0837 14508032
87 0.0886 14589952
88 0.0853 14659584
89 0.087 14696448
90 0.0868 14770176
91 0.0884 14831616
92 0.0884 14888960
93 0.0958 15101952
94 0.0893 14995456
95 0.0915 15085568
96 0.0924 15159296
97 0.0926 15212544
98 0.0924 15286272
99 0.0945 15347712
100 0.095 15425536
101 0.0949 15495168
102 0.0982 15560704
103 0.0971 15609856
104 0.098 15704064
105 0.099 15761408
106 0.099 15822848
107 0.1005 15880192
108 0.1013 15958016
109 0.1016 16027648
110 0.1011 16109568
111 0.1041 16162816
112 0.1079 16248832
113 0.1052 16314368
114 0.1093 16388096
115 0.1101 16457728
116 0.1125 16621568
117 0.107 16564224
118 0.1098 16642048
119 0.1113 16711680
120 0.1103 16789504
121 0.1119 16863232
122 0.1129 16945152
123 0.1129 17010688
124 0.1161 17100800
125 0.1185 17145856
126 0.1167 17227776
127 0.1168 17313792
128 0.1181 17383424
129 0.1242 17489920
130 0.1289 17620992
131 0.1196 17625088
132 0.1209 17690624
133 0.123 17821696
134 0.1292 17887232
135 0.129 17977344
136 0.1265 18051072
137 0.1258 18124800
138 0.1332 18206720
139 0.1469 18325504
140 0.1289 18345984
141 0.1345 18460672
142 0.1301 18497536
143 0.1348 18632704
144 0.1339 18669568
145 0.1354 18735104
146 0.1349 18849792
147 0.1392 19005440
148 0.1373 19038208
149 0.1422 19132416
150 0.1384 19218432
151 0.1482 19460096
152 0.1407 19415040
153 0.141 19521536
154 0.1425 19632128
155 0.1431 19734528
156 0.1453 19787776
157 0.1488 19918848
158 0.1479 19984384
159 0.1524 20082688
160 0.1526 20140032
161 0.1501 20209664
162 0.1555 20295680
163 0.1522 20402176
164 0.1599 20520960
165 0.1548 20586496
166 0.1589 20680704
167 0.1565 20762624
168 0.1585 20873216
169 0.1592 20910080
170 0.1656 21041152
171 0.1669 21106688
172 0.1614 21192704
173 0.1677 21291008
174 0.1697 21389312
175 0.1708 21553152
176 0.1676 21577728
177 0.172 21663744
178 0.1704 21745664
179 0.1756 21856256
180 0.1717 21962752
181 0.1829 22171648
182 0.1783 22151168
183 0.1772 22233088
184 0.1751 22384640
185 0.1785 22478848
186 0.1786 22552576
187 0.1833 22646784
188 0.1819 22745088
189 0.181 22872064
190 0.1841 22953984
191 0.1857 23105536
192 0.1895 23179264
193 0.1965 23269376
194 0.1886 23355392
195 0.1939 23457792
196 0.192 23564288
197 0.1969 23625728
198 0.1978 23760896
199 0.1976 23805952
200 0.1995 23937024
201 0.1968 24080384
202 0.2013 24104960
203 0.2061 24244224
204 0.2014 24256512
205 0.2067 24551424
206 0.2083 24506368
207 0.2064 24567808
208 0.2102 24694784
209 0.2094 24797184
210 0.2073 24895488
211 0.2107 25010176
212 0.2133 25124864
213 0.2119 25223168
214 0.2213 25456640
215 0.2251 25554944
216 0.2162 25534464
217 0.2173 25665536
218 0.222 25792512
219 0.2183 25944064
220 0.2208 26017792
221 0.2272 26136576
222 0.2241 26218496
223 0.2283 26333184
224 0.2249 26423296
225 0.2291 26558464
226 0.2284 26673152
227 0.2307 26763264
228 0.2326 26894336
229 0.2319 27021312
230 0.2387 27181056
231 0.2386 27213824
232 0.2461 27377664
233 0.2406 27471872
234 0.2502 27865088
235 0.2403 27697152
236 0.2435 27824128
237 0.242 27918336
238 0.25 28389376
239 0.2495 28168192
240 0.2512 28258304
241 0.2484 28397568
242 0.2533 28524544
243 0.2491 28626944
244 0.2539 28749824
245 0.2542 28811264
246 0.2555 28946432
247 0.258 29089792
248 0.258 29224960
249 0.2601 29335552
250 0.2612 29446144
251 0.2668 29573120
252 0.2675 29679616
253 0.2633 29798400
254 0.27 29974528