1 0.0028 8433664
2 0.0029 8421376
3 0.0036 8445952
4 0.0036 8445952
5 0.0032 8466432
6 0.0039 8503296
7 0.0034 8519680
8 0.0048 8527872
9 0.0041 8540160
10 0.0036 8577024
11 0.0056 8581120
12 0.0045 8609792
13 0.0046 8630272
14 0.0048 8646656
15 0.004 8663040
16 0.0042 8650752
17 0.0043 8675328
18 0.0059 8724480
19 0.0045 8740864
20 0.0071 8744960
21 0.0068 8765440
22 0.0047 8785920
23 0.0055 8790016
24 0.0074 8818688
25 0.0058 8830976
26 0.008 8859648
27 0.0079 8876032
28 0.0062 8880128
29 0.0053 8880128
30 0.0064 8916992
31 0.0065 8945664
32 0.0065 8970240
33 0.0066 8966144
34 0.0066 8998912
35 0.006 8986624
36 0.0063 9015296
37 0.0093 9052160
38 0.0064 9052160
39 0.0065 9101312
40 0.0074 9121792
41 0.0074 9121792
42 0.0074 9146368
43 0.0101 9170944
44 0.0103 9183232
45 0.0071 9199616
46 0.0105 9211904
47 0.0074 9211904
48 0.0075 9248768
49 0.0112 9277440
50 0.0076 9293824
51 0.0077 9318400
52 0.0086 9318400
53 0.0079 9351168
54 0.0089 9363456
55 0.012 9383936
56 0.0121 9412608
57 0.0084 9420800
58 0.0085 9441280
59 0.0085 9465856
60 0.009 9461760
61 0.0091 9506816
62 0.0091 9523200
63 0.0093 9539584
64 0.0098 9527296
65 0.0096 9572352
66 0.0098 9596928
67 0.0099 9617408
68 0.0102 9633792
69 0.01 9658368
70 0.0102 9674752
71 0.0102 9695232
72 0.0104 9719808
73 0.0105 9736192
74 0.0105 9732096
75 0.0109 9777152
76 0.0112 9797632
77 0.0109 9809920
78 0.011 9814016
79 0.0113 9854976
80 0.0115 9871360
81 0.0123 9900032
82 0.0115 9920512
83 0.0117 9936896
84 0.0119 9961472
85 0.012 9998336
86 0.0122 10014720
87 0.0121 10035200
88 0.0124 10055680
89 0.0123 10080256
90 0.0124 10080256
91 0.0131 10113024
92 0.0128 10145792
93 0.013 10158080
94 0.0132 10178560
95 0.0133 10207232
96 0.0134 10223616
97 0.0136 10248192
98 0.0137 10256384
99 0.0136 10276864
100 0.0145 10301440
101 0.018 10309632
102 0.0148 10342400
103 0.0185 10362880
104 0.0143 10391552
105 0.0186 10399744
106 0.0185 10416128
107 0.0153 10440704
108 0.0156 10477568
109 0.0155 10493952
110 0.019 10526720
111 0.015 10551296
112 0.0209 10592256
113 0.0162 10584064
114 0.0159 10600448
115 0.0171 10645504
116 0.0175 10645504
117 0.017 10661888
118 0.0159 10674176
119 0.0172 10719232
120 0.0164 10723328
121 0.0177 10735616
122 0.0179 10776576
123 0.0177 10792960
124 0.0178 10813440
125 0.0179 10842112
126 0.0185 10866688
127 0.0217 10899456
128 0.0176 10919936
129 0.0184 10928128
130 0.0181 10924032
131 0.018 10985472
132 0.0227 11018240
133 0.0192 11034624
134 0.0185 11083776
135 0.0195 11083776
136 0.0187 11104256
137 0.0199 11108352
138 0.0206 11153408
139 0.0238 11173888
140 0.0193 11206656
141 0.0206 11214848
142 0.0206 11239424
143 0.0201 11251712
144 0.0245 11309056
145 0.0209 11325440
146 0.0212 11337728
147 0.0212 11366400
148 0.0205 11395072
149 0.021 11382784
150 0.0218 11444224
151 0.0214 11468800
152 0.0258 11489280
153 0.0254 11497472
154 0.026 11509760
155 0.0224 11538432
156 0.0228 11563008
157 0.0228 11571200
158 0.0228 11583488
159 0.0266 11599872
160 0.0224 11632640
161 0.0267 11649024
162 0.0236 11685888
163 0.0228 11722752
164 0.0239 11726848
165 0.0246 11747328
166 0.0279 11755520
167 0.0241 11796480
168 0.0247 11816960
169 0.0242 11841536
170 0.0282 11845632
171 0.0283 11862016
172 0.0246 11870208
173 0.0258 11919360
174 0.0261 11935744
175 0.0258 11956224
176 0.0294 11980800
177 0.0252 12013568
178 0.0263 12017664
179 0.0303 12083200
180 0.0303 12181504
181 0.0261 12140544
182 0.026 12165120
183 0.0269 12173312
184 0.0272 12185600
185 0.0336 12341248
186 0.0267 12242944
187 0.0276 12259328
188 0.0281 12275712
189 0.0275 12300288
190 0.0281 12333056
191 0.0288 12324864
192 0.028 12382208
193 0.0324 12386304
194 0.0282 12410880
195 0.0284 12431360
196 0.0285 12455936
197 0.0331 12476416
198 0.0288 12468224
199 0.0289 12509184
200 0.0308 12627968
201 0.0293 12533760
202 0.0301 12554240
203 0.0293 12587008
204 0.0344 12623872
205 0.0347 12640256
206 0.03 12648448
207 0.0307 12677120
208 0.0315 12709888
209 0.0348 12734464
210 0.0349 12763136
211 0.0319 12763136
212 0.0311 12791808
213 0.0321 12812288
214 0.0322 12832768
215 0.0327 12861440
216 0.0326 12898304
217 0.0329 12963840
218 0.0363 12926976
219 0.0339 12967936