1 0.003 8609792
2 0.0032 8597504
3 0.0037 8617984
4 0.0039 8622080
5 0.0039 8634368
6 0.0048 8658944
7 0.0034 8658944
8 0.0035 8667136
9 0.0054 8695808
10 0.0037 8724480
11 0.0044 8740864
12 0.0046 8744960
13 0.0041 8740864
14 0.0058 8785920
15 0.006 8806400
16 0.0047 8822784
17 0.0062 8835072
18 0.0051 8855552
19 0.0044 8867840
20 0.0065 8880128
21 0.0053 8892416
22 0.007 8904704
23 0.0071 8916992
24 0.0072 8941568
25 0.0056 8953856
26 0.0056 8962048
27 0.0052 8957952
28 0.0076 8994816
29 0.006 9015296
30 0.0053 9019392
31 0.0053 9064448
32 0.0061 9064448
33 0.0063 9089024
34 0.0065 9093120
35 0.0085 9117696
36 0.0064 9134080
37 0.0058 9125888
38 0.0061 9154560
39 0.0068 9166848
40 0.0069 9199616
41 0.0069 9211904
42 0.0063 9232384
43 0.007 9248768
44 0.0094 9277440
45 0.0082 9265152
46 0.0096 9285632
47 0.0084 9297920
48 0.01 9326592
49 0.01 9347072
50 0.0069 9367552
51 0.0103 9379840
52 0.0104 9392128
53 0.008 9408512
54 0.0106 9420800
55 0.0107 9437184
56 0.0082 9461760
57 0.0075 9449472
58 0.0111 9486336
59 0.0111 9502720
60 0.0078 9527296
61 0.0086 9527296
62 0.0116 9564160
63 0.0081 9551872
64 0.0117 9596928
65 0.0091 9625600
66 0.0091 9633792
67 0.0083 9658368
68 0.0093 9654272
69 0.0123 9674752
70 0.0123 9682944
71 0.0125 9711616
72 0.0088 9732096
73 0.0096 9736192
74 0.0092 9732096
75 0.0099 9785344
76 0.011 9818112
77 0.0132 9805824
78 0.0101 9809920
79 0.0104 9834496
80 0.0097 9854976
81 0.0134 9871360
82 0.0104 9891840
83 0.0138 9912320
84 0.0139 9920512
85 0.0109 9940992
86 0.0108 9957376
87 0.0111 9973760
88 0.0143 9990144
89 0.0102 10014720
90 0.0146 10022912
91 0.0114 10043392
92 0.0115 10051584
93 0.0148 10067968
94 0.011 10067968
95 0.0114 10100736
96 0.0117 10133504
97 0.0154 10141696
98 0.0147 10194944
99 0.0158 10178560
100 0.012 10194944
101 0.0157 10223616
102 0.0116 10240000
103 0.0159 10248192
104 0.0158 10256384
105 0.0118 10301440
106 0.0128 10293248
107 0.0129 10326016
108 0.0129 10342400
109 0.013 10350592
110 0.018 10395648
111 0.0168 10424320
112 0.014 10444800
113 0.0247 10465280
114 0.0145 10428416
115 0.0377 10461184
116 0.017 10481664
117 0.0233 10510336
118 0.0203 10539008
119 0.015 10584064
120 0.0131 10518528
121 0.0158 10584064
122 0.015 10579968
123 0.0144 10600448
124 0.0144 10608640
125 0.014 10608640
126 0.0145 10661888
127 0.0142 10727424
128 0.0147 10674176
129 0.0149 10694656
130 0.0184 10711040
131 0.0154 10739712
132 0.0146 10764288
133 0.0155 10772480
134 0.019 10784768
135 0.0154 10797056
136 0.0157 10825728
137 0.0189 10838016
138 0.015 10870784
139 0.0194 10887168
140 0.0155 10899456
141 0.0154 10928128
142 0.0165 10940416
143 0.0159 10997760
144 0.0157 10985472
145 0.0158 10985472
146 0.0159 11018240
147 0.0167 11034624
148 0.0173 11042816
149 0.0171 11051008
150 0.0173 11083776
151 0.017 11214848
152 0.0174 11128832
153 0.0166 11149312
154 0.0175 11145216
155 0.0208 11173888
156 0.0199 11182080
157 0.0212 11210752
158 0.0182 11218944
159 0.0215 11243520
160 0.0172 11259904
161 0.0214 11276288
162 0.0186 11292672
163 0.0178 11325440
164 0.0185 11460608
165 0.0181 11362304
166 0.0186 11366400
167 0.0224 11395072
168 0.0197 11419648
169 0.0187 11563008
170 0.0192 11448320
171 0.0193 11452416
172 0.0199 11476992
173 0.023 11489280
174 0.0239 11513856
175 0.0234 11517952
176 0.0239 11534336
177 0.0233 11563008
178 0.0194 11587584
179 0.0203 11599872
180 0.0204 11632640
181 0.0209 11776000
182 0.0242 11657216
183 0.021 11665408
184 0.021 11685888
185 0.02 11722752
186 0.0201 11735040
187 0.0246 11739136
188 0.0215 11784192
189 0.0218 11784192
190 0.0251 11853824
191 0.0255 11816960
192 0.0209 11833344
193 0.025 11857920
194 0.0257 11890688
195 0.0222 11890688
196 0.0218 11911168
197 0.0265 11931648
198 0.022 11919360
199 0.0225 11968512
200 0.0259 11976704
201 0.0221 11993088
202 0.0221 12038144
203 0.023 12029952
204 0.0264 12050432
205 0.0242 12075008
206 0.0267 12079104
207 0.0237 12087296
208 0.0227 12136448
209 0.0237 12140544
210 0.0231 12185600
211 0.0268 12169216
212 0.023 12193792
213 0.0234 12189696
214 0.0247 12214272
215 0.0231 12210176
216 0.0279 12251136
217 0.0244 12267520
218 0.0246 12292096
219 0.0238 12292096
220 0.0241 12341248
221 0.0239 12345344
222 0.0287 12353536
223 0.0288 12386304
224 0.0251 12386304
225 0.0255 12414976
226 0.0246 12431360
227 0.0248 12443648
228 0.0257 12476416
229 0.0264 12496896
230 0.0261 12484608
231 0.0263 12570624
232 0.0256 12558336
233 0.0266 12578816
234 0.0255 12619776
235 0.0262 12636160
236 0.0268 12640256
237 0.0265 12673024
238 0.0303 12664832
239 0.0265 12693504
240 0.0307 12697600
241 0.0273 12718080
242 0.0268 12738560
243 0.0307 12746752
244 0.0276 12787712
245 0.0311 12787712
246 0.0276 12812288
247 0.0275 12959744
248 0.0273 12845056
249 0.0314 12832768
250 0.028 12865536
251 0.0282 12877824
252 0.0285 12906496
253 0.0311 12914688
254 0.0325 12947456
255 0.029 12967936