1 0.0366 10768384
2 0.0402 10780672
3 0.0366 10838016
4 0.0374 10809344
5 0.0373 10858496
6 0.0384 10891264
7 0.0389 10911744
8 0.0387 10915840
9 0.0396 10969088
10 0.0403 11001856
11 0.041 11038720
12 0.041 11075584
13 0.0414 11124736
14 0.0414 11149312
15 0.0426 11198464
16 0.0473 11218944
17 0.0439 11239424
18 0.0443 11284480
19 0.0449 11317248
20 0.0454 11354112
21 0.0491 11390976
22 0.0469 11427840
23 0.0463 11444224
24 0.0472 11505664
25 0.0476 11554816
26 0.0482 11583488
27 0.0494 11616256
28 0.0488 11665408
29 0.0504 11694080
30 0.0729 11800576
31 0.051 11804672
32 0.0549 11837440
33 0.0556 11882496
34 0.0562 11919360
35 0.0529 11976704
36 0.0578 12017664
37 0.0566 12087296
38 0.0557 12095488
39 0.0559 12132352
40 0.0563 12197888
41 0.0566 12238848
42 0.0582 12296192
43 0.0586 12296192
44 0.0599 12374016
45 0.0596 12406784
46 0.0608 12468224
47 0.0649 12537856
48 0.0617 12574720
49 0.0623 12607488
50 0.063 12640256
51 0.0676 12713984
52 0.0684 12767232
53 0.0653 12820480
54 0.0669 12939264
55 0.0673 12967936
56 0.068 13029376
57 0.0675 13094912
58 0.069 13062144
59 0.069 13135872
60 0.0696 13148160
61 0.0706 13254656
62 0.0753 13275136
63 0.0724 13348864
64 0.0731 13381632
65 0.0739 13467648
66 0.0748 13529088
67 0.0763 13557760
68 0.0765 13606912
69 0.0773 13672448
70 0.0776 13742080
71 0.0788 13778944
72 0.0793 13844480
73 0.0807 13926400
74 0.0814 13979648
75 0.0845 14073856
76 0.082 14094336
77 0.0832 14188544
78 0.0846 14245888
79 0.0906 14389248
80 0.0856 14356480
81 0.0854 14409728
82 0.0876 14487552
83 0.0915 14557184
84 0.0934 14614528
85 0.0896 14708736
86 0.0895 14749696
87 0.0954 14843904
88 0.093 14856192
89 0.0923 14929920
90 0.0965 14987264
91 0.0945 15044608
92 0.095 15101952
93 0.0963 15151104
94 0.0973 15241216
95 0.0986 15294464
96 0.1029 15400960
97 0.1041 15462400
98 0.1012 15536128
99 0.1058 15597568
100 0.1062 15675392
101 0.1038 15720448
102 0.1051 15798272
103 0.1089 15867904
104 0.1063 15949824
105 0.1074 16007168
106 0.1124 16089088
107 0.1093 16158720
108 0.1103 16244736
109 0.1112 16322560
110 0.1118 16396288
111 0.1131 16457728
112 0.1137 16519168
113 0.114 16613376
114 0.1156 16687104
115 0.1167 16773120
116 0.1186 16805888
117 0.1229 16891904
118 0.1192 16990208
119 0.1216 17035264
120 0.1218 17117184
121 0.1223 17199104
122 0.1281 17444864
123 0.1608 17330176
124 0.1249 17436672
125 0.1258 17489920
126 0.1282 17580032
127 0.1311 17678336
128 0.1336 17784832
129 0.1309 17858560
130 0.133 17960960
131 0.1356 17989632
132 0.1348 18120704
133 0.1358 18161664
134 0.1393 18255872
135 0.1389 18358272
136 0.1388 18415616
137 0.1399 18526208
138 0.141 18616320
139 0.1422 18714624
140 0.1435 18776064
141 0.1434 18866176
142 0.1498 19066880
143 0.1476 19050496
144 0.1479 19165184
145 0.1482 19267584
146 0.1495 19361792
147 0.1528 19435520
148 0.1511 19529728
149 0.1549 19628032
150 0.1591 19750912
151 0.1562 19763200
152 0.1571 19832832
153 0.1617 19976192
154 0.1585 20099072
155 0.1634 20131840
156 0.1659 20254720
157 0.1619 20328448
158 0.1679 20467712
159 0.1706 20512768
160 0.1683 20652032
161 0.17 20840448
162 0.1692 20750336
163 0.1732 20885504
164 0.1753 20951040
165 0.1751 21065728
166 0.1717 21143552
167 0.1757 21278720
168 0.176 21336064
169 0.179 21434368
170 0.1842 21422080
171 0.1807 21463040
172 0.1817 21577728
173 0.186 21635072
174 0.1879 21843968
175 0.1849 21811200
176 0.187 21975040
177 0.1871 22110208
178 0.1879 22175744
179 0.1971 22302720
180 0.189 22319104
181 0.1925 22437888
182 0.1922 22564864
183 0.1947 22622208
184 0.198 22724608
185 0.1978 22794240
186 0.2005 22904832
187 0.1992 23011328
188 0.2023 23109632
189 0.2094 23375872
190 0.2074 23347200
191 0.2071 23425024
192 0.213 23535616
193 0.2137 23658496
194 0.2087 23719936
195 0.2136 23851008
196 0.2106 23961600
197 0.2128 24088576
198 0.2201 24260608
199 0.2201 24281088
200 0.2181 24379392
201 0.2167 24481792
202 0.2193 24596480
203 0.2252 24702976
204 0.2222 24805376
205 0.2309 24911872
206 0.2261 25059328
207 0.2273 25120768
208 0.2277 25243648
209 0.2318 25329664
210 0.2361 25448448
211 0.2304 25698304
212 0.2336 25804800
213 0.2342 25915392
214 0.2393 26017792
215 0.2425 26140672
216 0.2384 26120192
217 0.249 26263552
218 0.2425 26345472
219 0.2415 26468352
220 0.2452 26578944
221 0.2475 26660864
222 0.2518 26804224
223 0.2572 27062272
224 0.2536 27045888
225 0.2536 27148288
226 0.2618 27299840
227 0.2634 27402240
228 0.2612 27533312
229 0.2621 27607040
230 0.26 27770880
231 0.2599 27848704
232 0.2665 27959296
233 0.2679 28102656
234 0.2661 28209152
235 0.2641 28352512
236 0.27 28459008
237 0.2722 28577792
238 0.2705 28753920
239 0.2778 28950528
240 0.2809 29061120
241 0.2831 29245440
242 0.2766 29245440
243 0.2811 29368320
244 0.2822 29491200
245 0.2887 29618176
246 0.2862 29753344
247 0.2877 29843456
248 0.2882 29999104
249 0.2877 30126080
250 0.2927 30236672
251 0.2988 30404608
252 0.2997 30486528