1 0.0409 10854400
2 0.0363 10805248
3 0.0381 10838016
4 0.0374 10858496
5 0.0418 10928128
6 0.0386 10911744
7 0.0398 10948608
8 0.0395 10977280
9 0.0439 11010048
10 0.0405 11022336
11 0.0405 11083776
12 0.0425 11087872
13 0.042 11141120
14 0.0478 11210752
15 0.0436 11218944
16 0.0476 11243520
17 0.0454 11300864
18 0.0449 11317248
19 0.046 11362304
20 0.0455 11378688
21 0.0472 11427840
22 0.0467 11464704
23 0.0475 11505664
24 0.0492 11509760
25 0.0482 11571200
26 0.0499 11636736
27 0.0494 11661312
28 0.0506 11743232
29 0.0527 11771904
30 0.051 11792384
31 0.0542 11829248
32 0.0537 11874304
33 0.0535 11915264
34 0.0548 12001280
35 0.0546 12013568
36 0.0556 12038144
37 0.0555 12062720
38 0.0561 12115968
39 0.0561 12181504
40 0.0577 12218368
41 0.0575 12283904
42 0.0582 12288000
43 0.0623 12353536
44 0.0602 12419072
45 0.0613 12455936
46 0.0618 12492800
47 0.0622 12566528
48 0.0624 12595200
49 0.0628 12664832
50 0.0642 12693504
51 0.0649 12754944
52 0.065 12836864
53 0.0665 12906496
54 0.0665 12967936
55 0.0707 13012992
56 0.068 12988416
57 0.0691 13041664
58 0.0732 13103104
59 0.0709 13148160
60 0.0742 13213696
61 0.0751 13250560
62 0.0729 13312000
63 0.0735 13357056
64 0.074 13426688
65 0.0778 13488128
66 0.0748 13529088
67 0.0776 13590528
68 0.0763 13651968
69 0.0778 13717504
70 0.081 13815808
71 0.0827 13860864
72 0.0801 13901824
73 0.0842 13975552
74 0.0813 14028800
75 0.0822 14073856
76 0.0832 14155776
77 0.084 14188544
78 0.0887 14270464
79 0.0854 14327808
80 0.087 14385152
81 0.0874 14458880
82 0.0915 14512128
83 0.0889 14565376
84 0.0903 14614528
85 0.0895 14700544
86 0.091 14749696
87 0.0916 14807040
88 0.0929 14884864
89 0.0935 14946304
90 0.0984 15015936
91 0.095 15077376
92 0.0968 15142912
93 0.0972 15196160
94 0.1011 15302656
95 0.0999 15351808
96 0.1003 15417344
97 0.1052 15474688
98 0.1027 15519744
99 0.1075 15601664
100 0.1042 15671296
101 0.1333 15814656
102 0.105 15814656
103 0.1063 15867904
104 0.1072 15962112
105 0.1078 16027648
106 0.1122 16117760
107 0.1106 16175104
108 0.1114 16261120
109 0.1127 16306176
110 0.1129 16416768
111 0.1135 16465920
112 0.1176 16592896
113 0.1151 16637952
114 0.1226 16809984
115 0.1183 16781312
116 0.1207 16822272
117 0.1195 16932864
118 0.1198 16961536
119 0.1251 17055744
120 0.1223 17158144
121 0.1279 17227776
122 0.1248 17297408
123 0.1262 17362944
124 0.134 17551360
125 0.1303 17539072
126 0.1317 17633280
127 0.1293 17723392
128 0.1357 17784832
129 0.132 17887232
130 0.1372 17965056
131 0.1351 18042880
132 0.1349 18096128
133 0.1359 18169856
134 0.1364 18296832
135 0.1404 18341888
136 0.1396 18452480
137 0.1416 18579456
138 0.1422 18677760
139 0.142 18673664
140 0.1443 18763776
141 0.156 18927616
142 0.1461 18993152
143 0.151 19054592
144 0.1491 19132416
145 0.1505 19308544
146 0.1505 19390464
147 0.1527 19456000
148 0.1528 19570688
149 0.1534 19648512
150 0.1585 19677184
151 0.1611 19791872
152 0.1624 19984384
153 0.1586 19996672
154 0.1599 20049920
155 0.1616 20148224
156 0.1646 20271104
157 0.1663 20324352
158 0.1677 20422656
159 0.164 20533248
160 0.1835 20680704
161 0.17 20684800
162 0.1697 20779008
163 0.1706 20901888
164 0.1713 20992000
165 0.1745 21032960
166 0.1758 21139456
167 0.1795 21250048
168 0.1767 21315584
169 0.1791 21393408
170 0.1789 21430272
171 0.1809 21504000
172 0.1817 21614592
173 0.1844 21680128
174 0.1837 21770240
175 0.1883 21848064
176 0.187 22016000
177 0.1878 22073344
178 0.2006 22319104
179 0.1915 22257664
180 0.1927 22417408
181 0.1937 22458368
182 0.1951 22564864
183 0.1973 22614016
184 0.1956 22740992
185 0.1986 22839296
186 0.1987 22929408
187 0.2014 23052288
188 0.2051 23162880
189 0.2057 23252992
190 0.2066 23355392
191 0.2143 23474176
192 0.2106 23601152
193 0.2091 23691264
194 0.2103 23789568
195 0.2136 23859200
196 0.2127 24018944
197 0.2136 24068096
198 0.2159 24207360
199 0.2201 24297472
200 0.2208 24391680
201 0.217 24461312
202 0.2206 24588288
203 0.2215 24690688
204 0.2312 24834048
205 0.231 24961024
206 0.2287 25038848
207 0.2276 25161728
208 0.2313 25370624
209 0.2302 25485312
210 0.2347 25604096
211 0.2396 25710592
212 0.2339 25812992
213 0.2352 25956352
214 0.2388 26042368
215 0.2374 26013696
216 0.2389 26152960
217 0.2411 26255360
218 0.2449 26341376
219 0.2447 26451968
220 0.2489 26599424
221 0.2506 26689536
222 0.2498 26828800
223 0.2497 26951680
224 0.2506 27054080
225 0.2577 27181056
226 0.2572 27295744
227 0.2547 27439104
228 0.2582 27525120
229 0.2587 27639808
230 0.2649 27774976
231 0.2603 27885568
232 0.2662 27996160
233 0.2636 28106752
234 0.2692 28409856
235 0.269 28352512
236 0.2798 28491776
237 0.2753 28663808
238 0.2728 28762112
239 0.2841 28909568
240 0.2768 29024256
241 0.2866 29192192
242 0.2792 29204480
243 0.2818 29376512
244 0.293 29569024
245 0.2851 29614080
246 0.2904 29859840
247 0.2933 29876224
248 0.2921 30015488
249 0.2995 30167040
250 0.2937 30269440
251 0.2937 30433280