1 0.1912 21458944
2 0.1932 21610496
3 0.2025 21553152
4 0.1873 21614592
5 0.1973 21520384
6 0.1969 21602304
7 0.1992 21725184
8 0.1943 21798912
9 0.208 21647360
10 0.2021 21757952
11 0.1982 21831680
12 0.2016 21868544
13 0.1875 21721088
14 0.2086 21778432
15 0.1934 21848064
16 0.2025 21905408
17 0.1946 22007808
18 0.2006 21848064
19 0.2065 22200320
20 0.2053 21929984
21 0.2002 22011904
22 0.2046 22290432
23 0.209 22290432
24 0.2092 22097920
25 0.2061 22429696
26 0.2049 22151168
27 0.2241 22257664
28 0.2056 22282240
29 0.201 22245376
30 0.2033 22200320
31 0.2188 22462464
32 0.2105 22454272
33 0.211 22695936
34 0.2212 22511616
35 0.2138 22663168
36 0.2139 22687744
37 0.2142 22839296
38 0.2168 22847488
39 0.2194 22683648
40 0.2169 22859776
41 0.2285 23044096
42 0.2232 23162880
43 0.2254 23216128
44 0.2157 23089152
45 0.2312 23052288
46 0.2206 23306240
47 0.2247 23019520
48 0.2163 23044096
49 0.2257 23154688
50 0.2266 23252992
51 0.2274 23359488
52 0.2149 23101440
53 0.2333 23154688
54 0.2319 23408640
55 0.2256 23392256
56 0.2228 23130112
57 0.2326 23461888
58 0.2253 23236608
59 0.2297 23269376
60 0.2182 23347200
61 0.2377 23199744
62 0.2336 23404544
63 0.2202 23146496
64 0.2272 23273472
65 0.2323 23216128
66 0.2292 23298048
67 0.2215 23248896
68 0.2268 23171072
69 0.2336 23273472
70 0.2259 23285760
71 0.2181 23261184
72 0.2274 23130112
73 0.2309 23244800
74 0.2297 23109632
75 0.2143 23224320
76 0.2216 23298048
77 0.2205 23375872
78 0.239 23576576
79 0.2142 23302144
80 0.2365 23392256
81 0.2216 23298048
82 0.2302 23252992
83 0.2202 23302144
84 0.2276 23121920
85 0.225 23101440
86 0.2247 23134208
87 0.2179 23216128
88 0.231 23339008
89 0.2249 23216128
90 0.2263 23216128
91 0.2138 23089152
92 0.2357 23318528
93 0.2205 23203840
94 0.2276 23392256
95 0.2214 23273472
96 0.2267 23191552
97 0.2289 23289856
98 0.2213 23310336
99 0.2188 23257088
100 0.2251 23138304
101 0.2285 23076864
102 0.2221 23330816
103 0.2227 23080960
104 0.2249 23216128
105 0.2254 23269376
106 0.2152 23105536
107 0.2331 23228416
108 0.2199 23224320
109 0.2304 23261184
110 0.2213 23261184
111 0.2319 23306240
112 0.2257 23265280
113 0.232 23404544
114 0.2186 23203840
115 0.2291 23265280
116 0.2196 23265280
117 0.2288 23277568
118 0.2219 23285760
119 0.2271 23293952
120 0.2219 23179264
121 0.2271 23465984
122 0.2168 23318528
123 0.225 23408640
124 0.2262 23199744
125 0.2223 23322624
126 0.2249 23375872
127 0.2297 23506944
128 0.2217 23240704
129 0.2273 23330816
130 0.2196 23273472
131 0.2265 23425024
132 0.2368 23396352
133 0.2163 23257088
134 0.226 23449600
135 0.2269 23285760
136 0.2283 23515136
137 0.2172 23519232
138 0.2297 23408640
139 0.2288 23416832
140 0.2285 23482368
141 0.2189 23416832
142 0.2285 23474176
143 0.2241 23515136
144 0.2253 23445504
145 0.2241 23511040
146 0.2332 23408640
147 0.231 23760896
148 0.2292 23617536
149 0.2228 23506944
150 0.2336 23433216
151 0.2261 23441408
152 0.2241 23425024
153 0.2214 23662592
154 0.2582 23461888
155 0.2388 23658496
156 0.2261 23732224
157 0.2341 23601152
158 0.2252 23609344
159 0.2313 23707648
160 0.2266 23601152
161 0.2265 23568384
162 0.2247 23547904
163 0.2341 23863296
164 0.2206 23482368
165 0.229 23547904
166 0.2311 23646208
167 0.2251 23531520
168 0.2163 23515136
169 0.2374 23470080
170 0.2235 23629824
171 0.2262 23678976
172 0.2244 23568384
173 0.2294 23785472
174 0.2296 23662592
175 0.2214 23695360
176 0.2369 23527424
177 0.2287 23650304
178 0.2271 23797760
179 0.2256 24031232
180 0.2331 23736320
181 0.2347 23863296
182 0.2308 23580672
183 0.2227 23683072
184 0.2364 23654400
185 0.2255 23658496
186 0.2281 23703552
187 0.2205 23638016
188 0.235 23875584
189 0.2307 23891968
190 0.2274 23793664
191 0.2213 23654400
192 0.2301 23773184
193 0.2318 23646208
194 0.2227 23871488
195 0.2262 23633920
196 0.232 23916544
197 0.2654 23736320
198 0.2228 23773184
199 0.24 23662592
200 0.2304 23846912
201 0.2224 23724032
202 0.2251 23736320
203 0.232 23678976
204 0.229 23855104
205 0.2289 23982080
206 0.2241 23838720
207 0.2312 23760896
208 0.2309 23953408
209 0.231 24145920
210 0.2307 23924736
211 0.2286 23896064
212 0.2324 23883776
213 0.2189 23740416
214 0.2365 23891968
215 0.2354 23973888
216 0.2351 23928832
217 0.2207 23887872
218 0.238 23834624
219 0.229 23920640
220 0.2371 24219648
221 0.2295 24117248
222 0.2344 23838720
223 0.2315 23961600
224 0.2249 24190976
225 0.2304 23953408
226 0.2332 23842816
227 0.2332 23863296
228 0.2223 23875584
229 0.2262 23994368
230 0.2308 23859200
231 0.2339 23977984
232 0.2235 23871488
233 0.2311 23896064
234 0.236 23908352
235 0.2297 24100864
236 0.2232 24100864
237 0.2327 24006656
238 0.2304 23937024
239 0.2307 24190976
240 0.2245 24076288
241 0.2331 24170496
242 0.2367 23928832
243 0.2257 24330240
244 0.2228 24039424
245 0.2325 24125440
246 0.2334 24076288
247 0.2305 24117248
248 0.2295 24100864
249 0.2518 24100864
250 0.235 24088576
251 0.228 24211456
252 0.2666 24342528
253 0.2369 24363008
254 0.2288 24174592
255 0.2374 24199168
256 0.2325 24039424
257 0.2389 24461312
258 0.2301 24215552
259 0.2428 24121344
260 0.2385 24334336
261 0.2336 24174592
262 0.2269 24211456
263 0.2375 24059904
264 0.2276 24186880
265 0.2275 24199168
266 0.228 24150016
267 0.241 24260608
268 0.2416 24522752
269 0.232 24285184
270 0.234 24342528
271 0.2406 24121344
272 0.2319 24322048
273 0.2262 24260608
274 0.2352 24244224
275 0.2348 24129536
276 0.227 24268800
277 0.2265 24297472
278 0.2403 24264704
279 0.2295 24326144
280 0.2282 24363008
281 0.2283 24252416
282 0.2287 24305664
283 0.2357 24358912
284 0.2256 24227840
285 0.2444 24322048
286 0.2382 24330240
287 0.2445 24350720
288 0.2279 24379392
289 0.2491 24522752
290 0.2361 24342528
291 0.2288 24383488
292 0.2353 24391680
293 0.2372 24420352
294 0.2382 24322048
295 0.2294 24387584
296 0.2501 24461312
297 0.2401 24481792
298 0.2316 24395776
299 0.2313 24289280
300 0.2373 24428544
301 0.2401 24293376
302 0.2261 24473600
303 0.2358 24489984
304 0.2344 24350720
305 0.2405 24518656
306 0.2325 24453120
307 0.2373 24313856
308 0.2325 24334336
309 0.23 24485888
310 0.2286 24547328
311 0.2368 24518656
312 0.2345 24383488
313 0.2319 24379392
314 0.2385 24584192
315 0.2328 24494080
316 0.2453 24772608
317 0.2336 24522752
318 0.245 24424448
319 0.2371 24449024
320 0.2371 24657920
321 0.2438 24956928
322 0.2475 24522752
323 0.2359 24637440
324 0.2274 24608768
325 0.2376 24621056
326 0.2374 24629248
327 0.2393 24682496
328 0.2324 24711168
329 0.2387 24481792
330 0.2423 24657920
331 0.2338 24723456
332 0.2383 24608768
333 0.2351 24494080
334 0.2415 24674304
335 0.2292 24547328
336 0.2372 24559616
337 0.2348 24657920
338 0.2392 24596480
339 0.2284 24526848
340 0.2415 24612864
341 0.2443 24936448
342 0.2318 24846336
343 0.2395 24682496
344 0.2378 24576000
345 0.2396 24571904
346 0.2277 24592384
347 0.2485 24735744
348 0.234 24596480
349 0.2385 24854528
350 0.2406 24797184
351 0.2351 24879104
352 0.2399 24735744
353 0.2296 24756224
354 0.2379 24645632
355 0.2368 24780800
356 0.2469 24756224
357 0.2357 24834048
358 0.2428 24666112
359 0.2415 24891392
360 0.2338 24649728
361 0.2336 24735744
362 0.2354 24788992
363 0.2456 25092096
364 0.2309 24764416
365 0.2437 24735744
366 0.2331 24739840
367 0.2372 24715264
368 0.235 24911872
369 0.2396 25243648
370 0.2486 24961024
371 0.2297 24739840
372 0.247 25108480
373 0.2381 24875008
374 0.2436 24788992
375 0.2399 24928256
376 0.2421 25001984
377 0.2379 24928256
378 0.2332 24801280
379 0.2362 24981504
380 0.2508 25128960
381 0.2421 24821760
382 0.2385 24883200
383 0.2395 24809472
384 0.2514 24866816
385 0.2332 24936448
386 0.2425 24887296
387 0.2378 24985600
388 0.2493 25145344
389 0.2379 24989696
390 0.2436 25042944
391 0.245 24903680
392 0.2418 25120768
393 0.2386 24989696
394 0.2511 25001984
395 0.2409 24993792
396 0.2309 24932352
397 0.2452 25034752
398 0.2393 24907776
399 0.2384 25030656
400 0.2401 25178112
401 0.2465 25055232
402 0.2443 24973312
403 0.2404 25104384
404 0.2541 24956928
405 0.2409 24944640
406 0.249 25231360
407 0.2338 25083904
408 0.2521 24973312
409 0.2484 25251840
410 0.2407 25137152
411 0.2384 24993792
412 0.236 25010176
413 0.2469 25059328
414 0.2318 25067520
415 0.2395 25223168
416 0.2413 25174016
417 0.2366 25194496
418 0.2542 25038848
419 0.2454 25034752
420 0.2444 25288704
421 0.2317 25153536
422 0.2489 25042944
423 0.2413 25149440
424 0.2367 25210880
425 0.2459 25190400
426 0.2463 25268224
427 0.2463 25149440
428 0.2369 25243648
429 0.2489 25276416
430 0.2414 25174016
431 0.2422 25124864
432 0.2483 25116672
433 0.2413 25104384
434 0.2486 25243648
435 0.2323 25190400
436 0.2472 25145344
437 0.2464 25194496
438 0.2426 25661440
439 0.2429 25198592
440 0.244 25145344
441 0.2476 25174016
442 0.2327 25210880
443 0.254 25485312
444 0.2436 25333760
445 0.2473 25489408
446 0.2406 25337856
447 0.2384 25202688
448 0.2562 25407488
449 0.2382 25305088
450 0.2476 25243648
451 0.2525 25419776
452 0.2381 25214976
453 0.242 25448448
454 0.2428 25382912
455 0.2444 25260032
456 0.2328 25370624
457 0.2502 25354240
458 0.2409 25382912
459 0.2397 25399296
460 0.2399 25481216
461 0.2458 25403392
462 0.2432 25358336
463 0.2328 25341952
464 0.2439 25321472
465 0.2426 25763840
466 0.2474 25452544
467 0.2416 25366528
468 0.2467 25542656
469 0.2469 25473024
470 0.2381 25407488
471 0.2564 25591808
472 0.2416 25477120
473 0.241 25403392
474 0.2416 25346048
475 0.2462 25559040
476 0.257 25686016
477 0.2381 25509888
478 0.2526 25579520
479 0.2531 25706496
480 0.2415 25583616
481 0.2437 25567232
482 0.2451 25571328
483 0.2545 25612288
484 0.2329 25608192
485 0.2472 25415680
486 0.2505 25432064
487 0.2367 25571328
488 0.2413 25497600
489 0.244 25722880
490 0.2563 25796608
491 0.2345 25497600
492 0.2569 25657344
493 0.2455 25468928
494 0.2336 25550848
495 0.2504 25665536
496 0.2469 25694208
497 0.2473 25640960
498 0.2366 25559040
499 0.4209 25948160
500 0.2481 25686016
501 0.3776 25681920
502 0.2558 25759744
503 0.2447 25665536
504 0.2372 25735168
505 0.25 25538560
506 0.2508 25649152
507 0.243 26050560
508 0.2603 25600000
509 0.2487 25706496
510 0.2517 25899008
511 0.2563 25763840
512 0.2548 25985024
513 0.2515 25866240
514 0.2414 25759744
515 0.254 25640960
516 0.249 25694208
517 0.2395 25767936
518 0.2534 25710592
519 0.2506 25645056
520 0.2438 25804800
521 0.2463 25694208
522 0.2517 25714688
523 0.2557 25743360
524 0.2384 25726976
525 0.2534 25845760
526 0.2473 25808896
527 0.2447 25952256
528 0.2461 25817088
529 0.2554 25915392
530 0.2507 25870336
531 0.2461 26009600
532 0.2579 26050560
533 0.249 25911296
534 0.2433 25796608
535 0.2563 25878528
536 0.257 25923584
537 0.2458 25874432
538 0.2518 25833472
539 0.2497 26025984
540 0.2593 25911296
541 0.2467 25833472
542 0.2542 25993216
543 0.2522 25849856
544 0.241 25944064
545 0.2511 25837568
546 0.2551 25817088
547 0.2497 25796608
548 0.2488 25907200
549 0.2527 26120192
550 0.2628 25927680
551 0.2435 25849856
552 0.2582 26107904
553 0.2495 26025984
554 0.2436 25927680
555 0.2499 25985024
556 0.2449 26025984
557 0.2516 25939968
558 0.2445 26046464
559 0.2535 26275840
560 0.2502 26062848
561 0.2398 26177536
562 0.2494 26238976
563 0.2502 26234880
564 0.2436 26116096
565 0.2508 26087424
566 0.2525 26210304
567 0.2537 26275840
568 0.2411 26234880
569 0.2514 26152960
570 0.266 26193920
571 0.2399 26198016
572 0.2565 26271744
573 0.2532 26316800
574 0.2475 26120192
575 0.2494 26415104
576 0.2536 26271744
577 0.2613 26427392
578 0.2475 26226688
579 0.2639 26382336
580 0.2576 26324992
581 0.2448 26361856
582 0.2514 26374144
583 0.2731 26537984
584 0.2518 26406912
585 0.2513 26292224
586 0.253 26324992
587 0.2532 26488832
588 0.2448 26398720
589 0.2544 26656768
590 0.2565 26398720
591 0.2498 26370048
592 0.2613 26472448
593 0.2529 26460160
594 0.2514 26525696
595 0.252 26443776
596 0.2483 26472448
597 0.2488 26284032
598 0.2449 26341376
599 0.2579 26423296
600 0.2536 26316800
601 0.2427 26468352
602 0.2662 26435584
603 0.2581 26550272
604 0.2488 26443776
605 0.2577 26648576
606 0.2544 26484736
607 0.2528 26583040
608 0.2441 26537984
609 0.2537 26488832
610 0.2511 26492928
611 0.2482 26406912
612 0.2572 26513408
613 0.2521 26513408
614 0.2486 26558464
615 0.254 26570752
616 0.2483 26529792
617 0.2573 26644480
618 0.2497 26460160
619 0.2501 26550272
620 0.2536 26685440
621 0.2533 26689536
622 0.2573 26591232
623 0.2511 26562560
624 0.2475 26615808
625 0.2563 26562560
626 0.2536 26468352
627 0.2527 26832896
628 0.247 26640384
629 0.2558 26963968
630 0.2657 26632192
631 0.2443 26611712
632 0.2536 26664960
633 0.2604 26660864
634 0.2526 27058176
635 0.2586 26705920
636 0.2579 26845184
637 0.2583 26927104
638 0.2536 26779648
639 0.2588 26820608
640 0.2598 26611712
641 0.2493 26689536
642 0.2667 26718208
643 0.2642 26660864
644 0.2462 26734592
645 0.2656 26640384
646 0.2576 26738688
647 0.2499 26652672
648 0.2566 26669056
649 0.2598 26615808
650 0.2583 26787840
651 0.2567 26783744
652 0.2611 26955776
653 0.2664 26869760
654 0.2468 26746880
655 0.2563 26759168
656 0.2551 26693632
657 0.2484 26836992
658 0.2646 26726400
659 0.2562 26697728
660 0.2491 26734592
661 0.2518 26726400
662 0.2525 26787840
663 0.2556 26701824
664 0.2468 26857472
665 0.2604 26865664
666 0.2567 26865664
667 0.2499 26841088
668 0.2567 26759168
669 0.2569 26853376
670 0.2462 26841088
671 0.2574 26767360
672 0.2578 26927104
673 0.2521 26906624
674 0.2544 26955776
675 0.2577 26816512
676 0.2584 26779648
677 0.2497 26984448
678 0.2613 26988544
679 0.2756 26824704
680 0.245 26877952
681 0.2575 26992640
682 0.2658 27021312
683 0.2477 26951680
684 0.2642 26976256
685 0.2574 27123712
686 0.2576 26849280
687 0.2559 26972160
688 0.2539 26955776
689 0.2633 26861568
690 0.253 27009024
691 0.2618 26996736
692 0.2613 27017216
693 0.253 27025408
694 0.2578 27078656
695 0.2632 27062272
696 0.2479 27033600
697 0.2535 27029504
698 0.2594 26927104
699 0.2539 26959872
700 0.25 26959872
701 0.264 27123712
702 0.2628 27201536
703 0.2561 27103232
704 0.2618 27160576
705 0.2646 27127808
706 0.2476 26959872
707 0.271 27308032
708 0.2637 26976256
709 0.254 27197440
710 0.265 27148288
711 0.2663 27201536
712 0.2513 26976256
713 0.2588 27123712
714 0.2569 27213824
715 0.2578 27168768
716 0.2562 27160576
717 0.2659 27172864
718 0.2647 27049984
719 0.2534 27168768
720 0.2621 27107328
721 0.2689 27369472
722 0.2528 27275264
723 0.267 27308032
724 0.2574 27226112
725 0.2525 27226112
726 0.2672 27504640
727 0.2594 27115520
728 0.2562 27303936
729 0.2626 27267072
730 0.2599 27566080
731 0.2614 27267072
732 0.2543 27291648
733 0.262 27181056
734 0.265 27262976
735 0.2555 27168768
736 0.2656 27361280
737 0.276 27795456
738 0.2512 27312128
739 0.2675 27303936
740 0.2722 27361280
741 0.2536 27377664
742 0.2724 27348992
743 0.2678 27353088
744 0.2528 27439104
745 0.2649 27361280
746 0.2668 27623424
747 0.2561 27262976
748 0.266 27267072
749 0.2664 27283456
750 0.2662 27496448
751 0.2591 27234304
752 0.258 27430912
753 0.2644 27451392
754 0.2616 27402240
755 0.2617 27402240
756 0.2742 27545600
757 0.2589 27430912
758 0.2699 27545600
759 0.2655 27500544
760 0.2526 27426816
761 0.2617 27619328
762 0.2662 27336704
763 0.2502 27447296
764 0.2655 27451392
765 0.2631 27607040
766 0.2575 27422720
767 0.2629 27471872
768 0.265 27668480
769 0.2653 27385856
770 0.2571 27484160
771 0.2609 27357184
772 0.2588 27521024
773 0.2596 27631616
774 0.2624 27365376
775 0.267 27508736
776 0.2543 27549696
777 0.2692 27586560
778 0.2652 27529216
779 0.2502 27402240
780 0.2719 27660288
781 0.2692 27553792
782 0.2548 27566080
783 0.2751 27611136
784 0.2706 27762688
785 0.2587 27504640
786 0.2704 27631616
787 0.264 27701248
788 0.2564 27602944
789 0.2632 27602944
790 0.2645 27619328
791 0.2584 27738112
792 0.2619 27615232
793 0.2659 27750400
794 0.2643 27750400
795 0.2579 27652096
796 0.2659 27541504
797 0.267 27582464
798 0.2595 27652096
799 0.2672 27533312
800 0.2772 27783168