1 0.0027 6459392
2 0.0027 6463488
3 0.0028 6467584
4 0.0029 6479872
5 0.0036 6508544
6 0.0031 6529024
7 0.0042 6582272
8 0.0033 6578176
9 0.0039 6610944
10 0.0035 6623232
11 0.004 6639616
12 0.0043 6672384
13 0.0049 6713344
14 0.005 6696960
15 0.0041 6721536
16 0.0048 6737920
17 0.0048 6762496
18 0.0044 6750208
19 0.0059 6795264
20 0.0058 6815744
21 0.0061 6828032
22 0.0052 6815744
23 0.0064 6856704
24 0.0066 6877184
25 0.0065 6897664
26 0.0071 6922240
27 0.0054 6950912
28 0.0074 6955008
29 0.0057 6971392
30 0.0076 6987776
31 0.0059 7020544
32 0.008 7024640
33 0.0059 7004160
34 0.0062 7061504
35 0.0071 7045120
36 0.0065 7102464
37 0.0123 7106560
38 0.0075 7102464
39 0.0104 7122944
40 0.0075 7147520
41 0.0078 7163904
42 0.0071 7213056
43 0.0101 7221248
44 0.0087 7245824
45 0.0104 7258112
46 0.0075 7282688
47 0.0075 7258112
48 0.0078 7323648
49 0.011 7335936
50 0.0095 7344128
51 0.008 7327744
52 0.0084 7385088
53 0.0119 7417856
54 0.0084 7401472
55 0.0086 7446528
56 0.0087 7438336
57 0.0087 7471104
58 0.0125 7475200
59 0.009 7491584
60 0.0093 7536640
61 0.0099 7540736
62 0.0095 7536640
63 0.0101 7581696
64 0.0097 7573504
65 0.0115 7618560
66 0.0141 7639040
67 0.0101 7634944
68 0.0115 7671808
69 0.0129 7692288
70 0.011 7725056
71 0.0125 7716864
72 0.0135 7774208
73 0.0128 7770112
74 0.0152 7786496
75 0.011 7782400
76 0.0113 7839744
77 0.0113 7856128
78 0.0117 7847936
79 0.0154 7901184
80 0.0138 7901184
81 0.0164 7925760
82 0.0121 7950336
83 0.0125 7983104
84 0.0142 7991296
85 0.0138 8007680
86 0.0128 8036352
87 0.013 8052736
88 0.0129 8081408
89 0.0134 8085504
90 0.0134 8114176
91 0.014 8122368
92 0.0152 8146944
93 0.015 8171520
94 0.0141 8179712
95 0.0151 8237056
96 0.0159 8237056
97 0.0157 8257536
98 0.0214 8331264
99 0.0171 8298496
100 0.0191 8331264
101 0.0207 8359936
102 0.0166 8376320
103 0.0204 8392704
104 0.0213 8413184
105 0.0176 8445952
106 0.0201 8454144
107 0.0201 8478720
108 0.0161 8482816
109 0.0208 8523776
110 0.018 8552448
111 0.0204 8564736
112 0.0168 8597504
113 0.0172 8613888
114 0.0184 8650752
115 0.0171 8675328
116 0.0183 8695808
117 0.0191 8708096
118 0.0206 8724480
119 0.0198 8761344
120 0.02 8777728
121 0.0197 8777728
122 0.0185 8818688
123 0.0234 8835072
124 0.0203 8839168
125 0.0255 8867840
126 0.0189 8904704
127 0.0222 8982528
128 0.0193 8945664
129 0.0217 8937472
130 0.0223 8974336
131 0.0234 8990720
132 0.0206 8990720
133 0.024 9117696
134 0.0224 9068544
135 0.0249 9084928
136 0.025 9125888
137 0.0205 9109504
138 0.0248 9170944
139 0.0254 9191424
140 0.0239 9228288
141 0.0275 9256960
142 0.0248 9273344
143 0.0217 9297920
144 0.0228 9285632
145 0.0234 9306112
146 0.0237 9351168
147 0.0274 9375744
148 0.0246 9388032
149 0.0288 9404416
150 0.0229 9437184
151 0.0258 9424896
152 0.0231 9490432
153 0.023 9519104
154 0.0277 9519104
155 0.0243 9547776
156 0.0297 9576448
157 0.0265 9576448
158 0.0244 9605120
159 0.0258 9633792
160 0.0304 9637888
161 0.0258 9654272
162 0.0271 9691136
163 0.0319 9826304
164 0.0333 9723904
165 0.026 9764864
166 0.0306 9793536
167 0.0315 9797632
168 0.0309 9838592
169 0.028 9854976
170 0.0338 9854976
171 0.033 9883648
172 0.0323 9908224
173 0.0322 9920512
174 0.0286 9949184
175 0.0334 10027008
176 0.033 9990144
177 0.0306 9994240
178 0.0331 10031104
179 0.0315 10055680
180 0.0291 10088448
181 0.0315 10100736
182 0.0339 10121216
183 0.0325 10133504
184 0.0302 10153984
185 0.0322 10174464
186 0.0303 10211328
187 0.0296 10199040
188 0.0326 10240000
189 0.0325 10289152
190 0.0307 10330112
191 0.0349 10362880
192 0.0354 10342400
193 0.0369 10362880
194 0.0321 10399744
195 0.0326 10403840
196 0.0371 10395648
197 0.0326 10412032
198 0.0343 10481664
199 0.0375 10502144
200 0.0378 10555392
201 0.0388 10588160
202 0.038 10604544
203 0.0351 10633216
204 0.0391 10665984
205 0.0373 10694656
206 0.0406 10797056
207 0.0399 10706944
208 0.0364 10747904
209 0.0352 10723328
210 0.0385 10797056
211 0.0374 10829824
212 0.0363 10842112
213 0.0423 10993664
214 0.0411 10870784
215 0.0403 10858496
216 0.0387 10891264
217 0.0411 10915840
218 0.039 10977280
219 0.0385 11063296