1 0.0027 6467584
2 0.0027 6471680
3 0.0033 6488064
4 0.0028 6488064
5 0.0029 6504448
6 0.004 6549504
7 0.004 6578176
8 0.0037 6569984
9 0.0055 6610944
10 0.0037 6635520
11 0.0047 6660096
12 0.0038 6651904
13 0.0039 6696960
14 0.0049 6701056
15 0.0041 6701056
16 0.0042 6713344
17 0.0042 6758400
18 0.0055 6758400
19 0.0044 6766592
20 0.0057 6811648
21 0.0049 6836224
22 0.0048 6815744
23 0.0048 6828032
24 0.0067 6909952
25 0.007 6901760
26 0.0052 6930432
27 0.0073 6938624
28 0.0056 6946816
29 0.0067 6967296
30 0.0078 6987776
31 0.0072 6995968
32 0.006 6987776
33 0.0092 7032832
34 0.0065 7061504
35 0.0069 7061504
36 0.0078 7086080
37 0.0074 7102464
38 0.0066 7131136
39 0.0077 7139328
40 0.0069 7172096
41 0.0072 7184384
42 0.01 7204864
43 0.0091 7225344
44 0.0075 7241728
45 0.0076 7241728
46 0.0116 7241728
47 0.0076 7294976
48 0.011 7315456
49 0.0079 7335936
50 0.0091 7331840
51 0.0083 7368704
52 0.0096 7364608
53 0.0115 7393280
54 0.0084 7446528
55 0.0087 7417856
56 0.0089 7479296
57 0.0103 7483392
58 0.0088 7475200
59 0.009 7499776
60 0.0241 7532544
61 0.0093 7561216
62 0.0095 7536640
63 0.0096 7589888
64 0.0097 7573504
65 0.0116 7622656
66 0.014 7643136
67 0.0102 7667712
68 0.0135 7663616
69 0.0122 7692288
70 0.0104 7675904
71 0.0107 7741440
72 0.0108 7761920
73 0.0115 7774208
74 0.0116 7794688
75 0.0132 7794688
76 0.174 7823360
77 0.0114 7827456
78 0.0117 7876608
79 0.0119 7880704
80 0.012 7884800
81 0.0149 7925760
82 0.0177 7962624
83 0.0135 7962624
84 0.0145 8015872
85 0.0131 7974912
86 0.0183 8028160
87 0.0147 8040448
88 0.0179 8105984
89 0.0195 8073216
90 0.0167 8105984
91 0.0138 8134656
92 0.0138 8118272
93 0.0142 8151040
94 0.019 8228864
95 0.0186 8232960
96 0.0148 8257536
97 0.0178 8261632
98 0.0198 8290304
99 0.019 8306688
100 0.0152 8323072
101 0.0168 8339456
102 0.0168 8380416
103 0.0167 8384512
104 0.0172 8433664
105 0.0207 8437760
106 0.0158 8462336
107 0.02 8478720
108 0.018 8515584
109 0.0176 8540160
110 0.0206 8548352
111 0.0194 8572928
112 0.0215 8593408
113 0.0211 8609792
114 0.0198 8675328
115 0.023 8687616
116 0.0177 8704000
117 0.0181 8773632
118 0.019 8740864
119 0.018 8765440
120 0.0177 8749056
121 0.0228 8785920
122 0.0203 8802304
123 0.0187 8839168
124 0.0189 8859648
125 0.0215 8863744
126 0.0225 8966144
127 0.0253 8925184
128 0.0256 8949760
129 0.0199 8929280
130 0.022 8998912
131 0.0253 9003008
132 0.0203 9039872
133 0.0216 9056256
134 0.0206 9080832
135 0.0262 9101312
136 0.0211 9142272
137 0.0215 9109504
138 0.0274 9170944
139 0.0215 9199616
140 0.0217 9216000
141 0.0215 9199616
142 0.0241 9269248
143 0.0222 9297920
144 0.0223 9285632
145 0.0258 9334784
146 0.0248 9367552
147 0.0265 9379840
148 0.0227 9392128
149 0.0247 9404416
150 0.0251 9457664
151 0.0282 9457664
152 0.0229 9490432
153 0.027 9510912
154 0.0314 9523200
155 0.0279 9588736
156 0.0261 9568256
157 0.0267 9580544
158 0.0262 9588736
159 0.027 9621504
160 0.0308 9650176
161 0.0298 9695232
162 0.0325 9699328
163 0.0312 9728000
164 0.026 9748480
165 0.0265 9719808
166 0.0265 9805824
167 0.0259 9830400
168 0.0397 9904128
169 0.0297 9854976
170 0.0283 9871360
171 0.0298 9887744
172 0.0297 9932800
173 0.0299 9920512
174 0.0286 9953280
175 0.031 9945088
176 0.0327 10002432
177 0.0367 9998336
178 0.0294 9998336
179 0.0315 10051584
180 0.0333 10096640
181 0.0328 10104832
182 0.0357 10145792
183 0.0352 10129408
184 0.0332 10141696
185 0.0351 10166272
186 0.0325 10199040
187 0.0305 10244096
188 0.0325 10256384
189 0.0367 10375168
190 0.0311 10268672
191 0.0355 10305536
192 0.0335 10338304
193 0.0399 10457088
194 0.0329 10375168
195 0.0319 10412032
196 0.0406 10469376
197 0.0378 10432512
198 0.0375 10481664
199 0.0325 10510336
200 0.0353 10575872
201 0.0378 10567680
202 0.0334 10600448
203 0.0369 10612736
204 0.0344 10665984
205 0.0354 10694656
206 0.0337 10715136
207 0.0363 10719232
208 0.0421 10735616
209 0.04 10747904
210 0.0375 10780672
211 0.0354 10833920
212 0.0356 10784768
213 0.0371 10850304
214 0.0413 10866688
215 0.0377 10866688
216 0.041 10891264
217 0.0453 11038720
218 0.0417 11071488
219 0.038 11063296