1 0.0034 8572928
2 0.0044 8630272
3 0.0052 8654848
4 0.0062 8732672
5 0.0082 8785920
6 0.0116 8835072
7 0.009 8896512
8 0.0109 8953856
9 0.012 8994816
10 0.0165 9064448
11 0.013 9129984
12 0.0184 9175040
13 0.0163 9220096
14 0.0209 9265152
15 0.0185 9330688
16 0.0197 9375744
17 0.0206 9437184
18 0.0209 9486336
19 0.0228 9551872
20 0.0223 9613312
21 0.0228 9687040
22 0.0265 9793536
23 0.026 9785344
24 0.028 9838592
25 0.0305 9879552
26 0.0279 9924608
27 0.0335 10043392
28 0.0302 10014720
29 0.0321 10096640
30 0.034 10158080
31 0.0351 10190848
32 0.0353 10276864
33 0.0394 10285056
34 0.0401 10338304
35 0.0378 10399744
36 0.0419 10444800
37 0.0428 10498048
38 0.0474 10563584
39 0.05 10625024
40 0.0418 10678272
41 0.0504 10719232
42 0.0518 10776576
43 0.0466 10915840
44 0.0469 10944512
45 0.0482 11005952
46 0.0488 11042816
47 0.0538 11153408
48 0.0587 11137024
49 0.0507 11198464
50 0.053 11251712
51 0.0522 11313152
52 0.0564 11317248
53 0.0553 11374592
54 0.0565 11485184
55 0.0631 11472896
56 0.0585 11517952
57 0.0582 11583488
58 0.0593 11649024
59 0.0663 11763712
60 0.0652 11894784
61 0.07 11776000
62 0.0643 11845632
63 0.0703 11976704
64 0.0675 11931648
65 0.0687 12005376
66 0.0674 12148736
67 0.077 12156928
68 0.0744 12242944
69 0.0717 12181504
70 0.071 12247040
71 0.0714 12316672
72 0.073 12357632
73 0.0747 12402688
74 0.0778 12509184
75 0.0748 12533760
76 0.0795 12693504
77 0.0808 12763136
78 0.0784 12718080
79 0.0782 12828672
80 0.0822 12877824
81 0.0832 12926976
82 0.0855 12959744
83 0.0815 13025280
84 0.0853 13012992
85 0.0879 13062144
86 0.0847 13107200
87 0.0887 13148160
88 0.0894 13320192
89 0.0862 13250560
90 0.0887 13303808
91 0.0885 13365248
92 0.0903 13406208
93 0.0991 13533184
94 0.0937 13545472
95 0.0954 13643776
96 0.097 13623296
97 0.0985 13692928
98 0.1011 13729792
99 0.0969 13844480
100 0.1033 13897728
101 0.0981 13938688
102 0.1052 14016512
103 0.1067 14090240
104 0.1121 14155776
105 0.1104 14143488
106 0.1037 14262272
107 0.1061 14237696
108 0.1108 14340096
109 0.1075 14295040
110 0.1119 14364672
111 0.1123 14413824
112 0.1123 14548992
113 0.1122 14503936
114 0.1128 14647296
115 0.1183 14692352
116 0.1201 14778368
117 0.1191 14761984
118 0.1239 14848000
119 0.1189 14868480
120 0.1262 14913536
121 0.1236 14938112
122 0.1211 15015936
123 0.1273 15138816
124 0.1215 15196160
125 0.128 15171584
126 0.1304 15249408
127 0.1269 15286272
128 0.1338 15319040
129 0.1326 15437824
130 0.131 15417344
131 0.128 15552512
132 0.139 15523840
133 0.133 15626240
134 0.1341 15654912
135 0.1398 15695872
136 0.1326 15708160
137 0.1348 15777792
138 0.137 15835136
139 0.1387 15863808
140 0.1393 15917056
141 0.1364 16003072
142 0.1463 16080896
143 0.1433 16080896
144 0.1439 16232448
145 0.1437 16269312
146 0.1435 16240640
147 0.1524 16379904
148 0.1482 16343040
149 0.1503 16404480
150 0.1459 16535552
151 0.1478 16601088
152 0.1557 16756736
153 0.1546 16691200
154 0.1565 16785408
155 0.1531 16781312
156 0.1539 16809984
157 0.1541 16953344
158 0.1619 17014784
159 0.1574 16965632
160 0.1648 17141760
161 0.1576 17166336
162 0.1671 17141760
163 0.1642 17235968
164 0.1615 17285120
165 0.1652 17358848
166 0.1673 17408000
167 0.196 17375232
168 0.1727 17436672
169 0.1678 17506304
170 0.1719 17612800
171 0.1693 17616896
172 0.1748 17776640
173 0.1713 17707008
174 0.1716 17821696
175 0.1724 17813504
176 0.177 17838080
177 0.1719 17915904
178 0.1894 18046976
179 0.1836 17989632
180 0.1833 18046976
181 0.1771 18108416
182 0.179 18264064
183 0.1778 18198528
184 0.1804 18280448
185 0.1819 18354176
186 0.1854 18436096
187 0.1925 18423808
188 0.1859 18534400
189 0.1853 18604032
190 0.194 18575360
191 0.186 18640896
192 0.1899 18776064
193 0.1947 18800640
194 0.1954 18771968
195 0.1937 18739200
196 0.1935 18890752
197 0.2088 18800640
198 0.2001 18956288
199 0.2027 19095552
200 0.1919 19075072
201 0.1932 19099648
202 0.2001 19169280
203 0.2082 19247104
204 0.2002 19292160
205 0.205 19369984
206 0.2034 19435520
207 0.2072 19476480
208 0.2154 19628032
209 0.2117 19521536
210 0.222 19800064
211 0.2103 19701760
212 0.2157 19832832
213 0.2176 19730432
214 0.2152 19841024
215 0.2278 19951616
216 0.2121 19951616
217 0.2185 19947520
218 0.2195 20045824
219 0.2237 20086784
220 0.2202 20025344
221 0.2185 20041728
222 0.2283 20242432
223 0.2307 20226048
224 0.2243 20365312
225 0.2264 20332544
226 0.2235 20467712
227 0.2226 20541440
228 0.2235 20619264
229 0.2275 20566016
230 0.231 20705280
231 0.2278 20852736
232 0.2375 20885504
233 0.2367 20926464
234 0.2459 21082112
235 0.2298 20979712
236 0.2331 21098496
237 0.2353 21106688
238 0.2406 21135360
239 0.2383 21209088
240 0.2395 21266432
241 0.2368 21360640
242 0.2409 21356544
243 0.2425 21254144
244 0.2426 21422080
245 0.2427 21495808
246 0.2416 21524480
247 0.2426 21635072
248 0.2511 21635072
249 0.2518 21655552
250 0.2498 21745664
251 0.2466 21749760
252 0.2447 21745664
253 0.2474 22024192
254 0.2518 22007808
255 0.251 21975040
256 0.2513 22106112
257 0.2566 22056960
258 0.2607 22298624
259 0.2569 22151168
260 0.2568 22102016
261 0.2565 22204416
262 0.2621 22401024
263 0.2561 22458368
264 0.2673 22495232
265 0.2637 22544384
266 0.2635 22605824
267 0.2589 22441984
268 0.2616 22614016
269 0.2723 22925312
270 0.269 22659072
271 0.2615 22818816
272 0.2674 22806528
273 0.2653 22908928
274 0.2716 22974464
275 0.2728 22974464
276 0.2746 23085056
277 0.2736 23011328
278 0.2716 23101440
279 0.2751 23183360
280 0.2761 23097344
281 0.2822 23339008
282 0.2818 23449600
283 0.2808 23343104
284 0.2818 23404544
285 0.2854 23465984
286 0.2845 23457792
287 0.2885 23568384
288 0.2843 23654400
289 0.2855 23687168
290 0.2844 23740416
291 0.2842 23953408
292 0.2897 23883776
293 0.2914 23900160
294 0.2936 24043520
295 0.2859 24113152
296 0.2899 24039424
297 0.2956 24166400
298 0.2915 24199168
299 0.2987 24276992
300 0.2908 24289280