1 0.0037 8548352
2 0.0048 8630272
3 0.0078 8675328
4 0.006 8704000
5 0.0123 8781824
6 0.0094 8835072
7 0.0092 8900608
8 0.0111 8945664
9 0.0108 8998912
10 0.0162 9076736
11 0.0142 9129984
12 0.0145 9170944
13 0.0193 9216000
14 0.0222 9265152
15 0.0179 9326592
16 0.0217 9371648
17 0.0199 9449472
18 0.0215 9498624
19 0.0264 9555968
20 0.0262 9596928
21 0.027 9678848
22 0.0268 9728000
23 0.1411 9805824
24 0.0477 9895936
25 0.0304 9936896
26 0.0326 9957376
27 0.0291 9940992
28 0.0324 10022912
29 0.0348 10129408
30 0.0367 10133504
31 0.0332 10190848
32 0.0395 10317824
33 0.0392 10293248
34 0.039 10342400
35 0.0401 10407936
36 0.0445 10469376
37 0.0396 10506240
38 0.0432 10563584
39 0.042 10678272
40 0.0463 10711040
41 0.0427 10715136
42 0.0474 10776576
43 0.049 10903552
44 0.0476 10952704
45 0.0514 11026432
46 0.0579 11079680
47 0.0518 11104256
48 0.0562 11190272
49 0.0503 11202560
50 0.0542 11259904
51 0.0506 11325440
52 0.0549 11390976
53 0.056 11431936
54 0.0557 11419648
55 0.0609 11526144
56 0.0619 11583488
57 0.0659 11632640
58 0.0611 11710464
59 0.0628 11689984
60 0.0633 11735040
61 0.0635 11796480
62 0.0623 11853824
63 0.066 11898880
64 0.0671 11980800
65 0.0731 12070912
66 0.0693 12124160
67 0.0722 12099584
68 0.0777 12218368
69 0.0733 12255232
70 0.0716 12242944
71 0.0758 12374016
72 0.0798 12349440
73 0.0732 12496896
74 0.0765 12591104
75 0.0814 12509184
76 0.0783 12693504
77 0.0822 12722176
78 0.0825 12709888
79 0.0832 12832768
80 0.083 12873728
81 0.0806 12947456
82 0.0833 12988416
83 0.0838 12951552
84 0.0869 13119488
85 0.0884 13066240
86 0.0938 13115392
87 0.0937 13160448
88 0.0881 13299712
89 0.0913 13225984
90 0.0957 13377536
91 0.0926 13361152
92 0.0944 13426688
93 0.0922 13479936
94 0.0932 13541376
95 0.0946 13586432
96 0.0969 13701120
97 0.0972 13729792
98 0.1006 13721600
99 0.1008 13766656
100 0.1063 13824000
101 0.0996 13914112
102 0.1038 13983744
103 0.1037 14041088
104 0.1102 14041088
105 0.1089 14143488
106 0.1076 14172160
107 0.1064 14270464
108 0.1065 14376960
109 0.1124 14385152
110 0.1167 14376960
111 0.1138 14520320
112 0.1202 14475264
113 0.1115 14540800
114 0.1204 14594048
115 0.1138 14643200
116 0.1186 14757888
117 0.1246 14761984
118 0.125 14868480
119 0.1248 14843904
120 0.1192 14897152
121 0.1282 14979072
122 0.1179 15056896
123 0.1282 15077376
124 0.1251 15147008
125 0.1234 15183872
126 0.1252 15298560
127 0.1242 15245312
128 0.1261 15351808
129 0.1269 15380480
130 0.1278 15433728
131 0.1391 15499264
132 0.1374 15634432
133 0.1377 15638528
134 0.1333 15671296
135 0.1322 15728640
136 0.1406 15769600
137 0.1413 15888384
138 0.1411 15798272
139 0.1368 15839232
140 0.1378 15876096
141 0.1467 16035840
142 0.1451 16093184
143 0.1396 16064512
144 0.1478 16187392
145 0.1501 16293888
146 0.1555 16453632
147 0.1506 16314368
148 0.1471 16367616
149 0.1456 16424960
150 0.1482 16465920
151 0.1526 16633856
152 0.1535 16621568
153 0.1537 16687104
154 0.1585 16801792
155 0.1551 16793600
156 0.1559 16822272
157 0.1586 16863232
158 0.1609 16994304
159 0.1639 17055744
160 0.156 17031168
161 0.1608 17170432
162 0.1646 17330176
163 0.1665 17256448
164 0.1634 17350656
165 0.164 17289216
166 0.1633 17342464
167 0.1696 17444864
168 0.1681 17416192
169 0.1648 17494016
170 0.1868 17731584
171 0.1777 17596416
172 0.1671 17678336
173 0.1721 17760256
174 0.177 17739776
175 0.1726 17805312
176 0.1776 17903616
177 0.1873 17883136
178 0.1845 17965056
179 0.1752 18010112
180 0.1785 18030592
181 0.1798 18206720
182 0.1811 18145280
183 0.1799 18194432
184 0.1804 18264064
185 0.1805 18313216
186 0.1817 18333696
187 0.1911 18403328
188 0.1874 18452480
189 0.1871 18575360
190 0.188 18579456
191 0.1856 18649088
192 0.1927 18685952
193 0.1949 18784256
194 0.1894 18759680
195 0.1982 18837504
196 0.1951 18882560
197 0.1949 18792448
198 0.1942 18960384
199 0.1929 19009536
200 0.1967 19083264
201 0.1955 19148800
202 0.1994 19193856
203 0.2007 19308544
204 0.2094 19410944
205 0.2084 19464192
206 0.2036 19464192
207 0.2053 19566592
208 0.2087 19554304
209 0.2058 19582976
210 0.2128 19746816
211 0.2144 19845120
212 0.2068 19812352
213 0.2132 19845120
214 0.2108 19927040
215 0.22 19922944
216 0.2194 20004864
217 0.2221 20152320
218 0.2158 19947520
219 0.22 19988480
220 0.2161 20201472
221 0.2165 20193280
222 0.2254 20336640
223 0.2283 20303872
224 0.2195 20406272
225 0.2222 20463616
226 0.2279 20611072
227 0.2271 20361216
228 0.2248 20590592
229 0.2242 20545536
230 0.2262 20639744
231 0.2348 20680704
232 0.2273 20725760
233 0.2306 20889600
234 0.2349 21106688
235 0.2345 20967424
236 0.2311 21049344
237 0.2373 21045248
238 0.2361 21143552
239 0.2421 21229568
240 0.2398 21209088
241 0.2376 21352448
242 0.2408 21311488
243 0.2366 21364736
244 0.2472 21549056
245 0.2397 21499904
246 0.2492 21520384
247 0.2471 21581824
248 0.2434 21704704
249 0.2458 21667840
250 0.2486 21655552
251 0.2467 21745664
252 0.2556 21893120
253 0.2468 21766144
254 0.2477 21880832
255 0.2474 22044672
256 0.2546 22085632
257 0.2491 21934080
258 0.2567 22171648
259 0.2582 22167552
260 0.2563 22216704
261 0.2578 22241280
262 0.2556 22298624
263 0.2629 22441984
264 0.2587 22478848
265 0.2675 22450176
266 0.2704 22540288
267 0.2623 22642688
268 0.2662 22708224
269 0.2713 22798336
270 0.2664 22663168
271 0.2646 22839296
272 0.2702 22712320
273 0.2829 22921216
274 0.2696 22904832
275 0.2788 23044096
276 0.2748 23019520
277 0.276 23195648
278 0.2767 23228416
279 0.2743 23183360
280 0.2711 23248896
281 0.2737 23343104
282 0.2765 23441408
283 0.2736 23465984
284 0.2792 23425024
285 0.2903 23605248
286 0.28 23580672
287 0.2774 23560192
288 0.2842 23707648
289 0.2888 23859200
290 0.2839 23703552
291 0.2945 23855104
292 0.2883 23883776
293 0.287 23855104
294 0.2881 23986176
295 0.2955 24121344
296 0.2939 24150016
297 0.3 24158208
298 0.3021 24301568
299 0.2998 24453120
300 0.2949 24293376