1 0.0361 10805248
2 0.0372 10797056
3 0.0374 10821632
4 0.0382 10833920
5 0.0379 10862592
6 0.0389 10878976
7 0.0393 10919936
8 0.043 10936320
9 0.0393 10936320
10 0.0439 10997760
11 0.042 11005952
12 0.0416 11030528
13 0.0424 11059200
14 0.0424 11083776
15 0.0421 11141120
16 0.0435 11149312
17 0.0431 11202560
18 0.0447 11206656
19 0.0453 11235328
20 0.0454 11264000
21 0.0499 11284480
22 0.0465 11309056
23 0.0474 11337728
24 0.0514 11378688
25 0.0489 11444224
26 0.0517 11456512
27 0.0484 11485184
28 0.0502 11501568
29 0.0505 11534336
30 0.0509 11571200
31 0.0511 11612160
32 0.0518 11636736
33 0.0526 11673600
34 0.0527 11735040
35 0.0534 11726848
36 0.0548 11784192
37 0.058 11829248
38 0.0587 11862016
39 0.0593 11898880
40 0.06 11939840
41 0.0572 11964416
42 0.0581 12021760
43 0.0676 12144640
44 0.064 12148736
45 0.0597 12120064
46 0.0608 12161024
47 0.0646 12218368
48 0.0624 12247040
49 0.0658 12292096
50 0.0636 12320768
51 0.0673 12374016
52 0.0678 12419072
53 0.0647 12533760
54 0.0665 12562432
55 0.067 12611584
56 0.0681 12648448
57 0.0717 12685312
58 0.0724 12767232
59 0.0702 12750848
60 0.0711 12800000
61 0.0714 12845056
62 0.0723 12886016
63 0.0717 12902400
64 0.0736 12980224
65 0.0771 13029376
66 0.075 13074432
67 0.0755 13111296
68 0.0754 13135872
69 0.076 13217792
70 0.0777 13258752
71 0.0782 13303808
72 0.084 13385728
73 0.08 13418496
74 0.0805 13479936
75 0.0823 13520896
76 0.0835 13561856
77 0.087 13627392
78 0.0847 13668352
79 0.0866 13746176
80 0.0864 13783040
81 0.086 13852672
82 0.086 13910016
83 0.0882 13950976
84 0.0885 13996032
85 0.0942 14057472
86 0.091 14082048
87 0.0956 14340096
88 0.0916 14233600
89 0.093 14274560
90 0.0931 14327808
91 0.0952 14389248
92 0.0949 14430208
93 0.1002 14520320
94 0.0976 14524416
95 0.1029 14696448
96 0.0983 14671872
97 0.1053 14745600
98 0.1001 14790656
99 0.1019 14860288
100 0.1033 14921728
101 0.104 15007744
102 0.1035 15060992
103 0.1075 15130624
104 0.106 15196160
105 0.1067 15257600
106 0.1079 15331328
107 0.1076 15388672
108 0.1088 15458304
109 0.1106 15486976
110 0.1121 15581184
111 0.1167 15642624
112 0.1132 15683584
113 0.1177 15794176
114 0.1163 15859712
115 0.12 15958016
116 0.1178 16003072
117 0.1197 16048128
118 0.1192 16101376
119 0.1211 16199680
120 0.1203 16281600
121 0.1218 16338944
122 0.1273 16412672
123 0.1255 16506880
124 0.1252 16547840
125 0.1281 16617472
126 0.126 16719872
127 0.1289 16777216
128 0.1324 16859136
129 0.1344 16965632
130 0.138 17043456
131 0.1366 17084416
132 0.1373 17145856
133 0.1346 17211392
134 0.141 17289216
135 0.1403 17358848
136 0.1391 17432576
137 0.147 17653760
138 0.1387 17580032
139 0.1485 17649664
140 0.1434 17747968
141 0.1478 17825792
142 0.1462 17887232
143 0.1464 17969152
144 0.1466 18075648
145 0.1487 18157568
146 0.15 18247680
147 0.1552 18325504
148 0.1524 18391040
149 0.1581 18616320
150 0.1585 18628608
151 0.1562 18669568
152 0.159 18755584
153 0.1614 18882560
154 0.1591 18964480
155 0.16 19017728
156 0.164 19132416
157 0.1609 19206144
158 0.1634 19324928
159 0.1644 19382272
160 0.1657 19456000
161 0.1715 19566592
162 0.1659 19607552
163 0.1693 19685376
164 0.1701 19791872
165 0.1707 19861504
166 0.1968 19963904
167 0.1737 20013056
168 0.1774 20107264
169 0.1758 20185088
170 0.1832 20357120
171 0.1785 20357120
172 0.184 20385792
173 0.1864 20504576
174 0.1808 20512768
175 0.1883 20721664
176 0.1891 20672512
177 0.1856 20783104
178 0.188 20832256
179 0.1925 20938752
180 0.1891 21012480
181 0.1932 21106688
182 0.1923 21221376
183 0.1977 21303296
184 0.1993 21389312
185 0.1985 21479424
186 0.205 21671936
187 0.2005 21655552
188 0.2046 21790720
189 0.2116 21929984
190 0.2028 21929984
191 0.204 22024192
192 0.2074 22118400
193 0.2083 22237184
194 0.2077 22327296
195 0.2098 22405120
196 0.2139 22519808
197 0.2118 22605824
198 0.2138 22687744
199 0.2149 22794240
200 0.2145 22884352
201 0.2204 22978560
202 0.2214 23089152
203 0.2239 23199744
204 0.2218 23298048
205 0.2296 23404544
206 0.2233 23486464
207 0.2268 23568384
208 0.2349 24039424
209 0.2277 23752704
210 0.227 23896064
211 0.2387 24039424
212 0.233 24109056
213 0.2358 24199168
214 0.237 24305664
215 0.2379 24420352
216 0.2378 24522752
217 0.2468 24641536
218 0.244 24743936
219 0.2445 24834048
220 0.2443 24952832
221 0.2476 25071616
222 0.2644 25182208
223 0.248 25341952
224 0.2519 25366528
225 0.25 25485312
226 0.2573 25759744
227 0.2558 25743360
228 0.2628 26107904
229 0.2557 25923584
230 0.2628 26046464
231 0.2668 26152960
232 0.262 26279936
233 0.2679 26398720
234 0.2678 26492928
235 0.2689 26595328
236 0.2783 26746880
237 0.2704 26877952
238 0.2741 26972160
239 0.2734 27095040
240 0.2745 27197440
241 0.2765 27332608
242 0.2832 27516928
243 0.2781 27541504
244 0.279 27668480
245 0.2819 27762688
246 0.2825 27889664
247 0.2878 27992064
248 0.2956 28106752
249 0.2904 28233728
250 0.2904 28340224