1 0.0033 8425472
2 0.0029 8437760
3 0.003 8421376
4 0.0035 8433664
5 0.0043 8441856
6 0.0032 8458240
7 0.0048 8454144
8 0.0039 8466432
9 0.004 8462336
10 0.0035 8486912
11 0.0049 8486912
12 0.0053 8495104
13 0.0037 8507392
14 0.0053 8495104
15 0.0047 8548352
16 0.0054 8531968
17 0.0059 8523776
18 0.0042 8544256
19 0.0043 8548352
20 0.005 8552448
21 0.0051 8544256
22 0.0052 8560640
23 0.0045 8564736
24 0.0045 8552448
25 0.0054 8572928
26 0.0053 8577024
27 0.0073 8589312
28 0.005 8601600
29 0.0058 8589312
30 0.0078 8617984
31 0.0079 8622080
32 0.006 8622080
33 0.0055 8609792
34 0.0055 8617984
35 0.0056 8654848
36 0.0057 8642560
37 0.0066 8663040
38 0.0064 8667136
39 0.006 8687616
40 0.009 8695808
41 0.0079 8695808
42 0.0062 8724480
43 0.0064 8728576
44 0.0066 8720384
45 0.0072 8728576
46 0.0073 8732672
47 0.01 8740864
48 0.0075 8765440
49 0.0069 8769536
50 0.007 8777728
51 0.0078 8773632
52 0.0107 8769536
53 0.008 8777728
54 0.0082 8806400
55 0.0083 8802304
56 0.0083 8810496
57 0.0112 8814592
58 0.0085 8839168
59 0.0079 8839168
60 0.0088 8843264
61 0.0088 8847360
62 0.009 8859648
63 0.0091 8855552
64 0.0092 8871936
65 0.0093 8880128
66 0.0087 8896512
67 0.0087 8904704
68 0.0127 8904704
69 0.0127 8912896
70 0.0097 8916992
71 0.0335 8949760
72 0.0092 8925184
73 0.0102 8953856
74 0.0095 8970240
75 0.0105 8966144
76 0.0103 8974336
77 0.0139 8994816
78 0.0107 9019392
79 0.011 9011200
80 0.011 9023488
81 0.011 9015296
82 0.0144 9031680
83 0.0148 9039872
84 0.0148 9060352
85 0.0106 9080832
86 0.0109 9064448
87 0.0152 9080832
88 0.0152 9093120
89 0.0119 9113600
90 0.0119 9142272
91 0.0156 9150464
92 0.0118 9179136
93 0.0115 9170944
94 0.0128 9187328
95 0.0117 9183232
96 0.0127 9183232
97 0.0129 9187328
98 0.0128 9220096
99 0.0123 9240576
100 0.0165 9220096
101 0.0127 9261056
102 0.0134 9240576
103 0.017 9273344
104 0.0138 9285632
105 0.013 9281536
106 0.0132 9314304
107 0.0175 9289728
108 0.014 9302016
109 0.0133 9326592
110 0.0144 9322496
111 0.0179 9334784
112 0.0146 9334784
113 0.0182 9367552
114 0.0151 9367552
115 0.015 9379840
116 0.0183 9396224
117 0.0151 9404416
118 0.0147 9392128
119 0.0188 9441280
120 0.0157 9441280
121 0.015 9498624
122 0.0152 9506816
123 0.0195 9486336
124 0.0159 9486336
125 0.0162 9502720
126 0.0165 9523200
127 0.0158 9498624
128 0.0204 9539584
129 0.0168 9555968
130 0.0162 9568256
131 0.017 9572352
132 0.0171 9592832
133 0.0167 9613312
134 0.0176 9621504
135 0.021 9625600
136 0.0176 9625600
137 0.0213 9641984
138 0.0178 9650176
139 0.0214 9678848
140 0.0178 9719808
141 0.0184 9703424
142 0.0186 9719808
143 0.0181 9695232
144 0.0188 9736192
145 0.0225 9752576
146 0.0194 9760768
147 0.0186 9744384
148 0.0202 9768960
149 0.0229 9781248
150 0.0195 9797632
151 0.0192 9789440
152 0.0199 9809920
153 0.0199 9818112
154 0.0241 9826304
155 0.0195 9814016
156 0.0239 9850880
157 0.0198 9838592
158 0.0206 9859072
159 0.0209 9875456
160 0.0212 9883648
161 0.0212 9895936
162 0.0215 9936896
163 0.0214 9924608
164 0.0252 9945088
165 0.0215 9953280
166 0.0252 9957376
167 0.0218 9969664
168 0.0221 9990144
169 0.0212 9998336
170 0.0219 10002432
171 0.0227 10010624
172 0.026 10010624
173 0.026 10035200
174 0.0223 10059776
175 0.0232 10067968
176 0.0223 10067968
177 0.0226 10055680
178 0.0271 10084352
179 0.0232 10113024
180 0.023 10149888
181 0.0239 10153984
182 0.0497 10227712
183 0.0281 10153984
184 0.0244 10145792
185 0.0248 10166272
186 0.0285 10182656
187 0.0256 10194944
188 0.0289 10207232
189 0.0295 10215424
190 0.0289 10317824
191 0.0289 10289152
192 0.0261 10293248
193 0.0299 10301440
194 0.0263 10285056
195 0.0296 10280960
196 0.03 10354688
197 0.0302 10317824
198 0.0268 10399744
199 0.0305 10350592
200 0.0276 10342400
201 0.0305 10375168
202 0.0317 10489856
203 0.0283 10395648
204 0.0282 10424320
205 0.0278 10428416
206 0.0276 10432512
207 0.0271 10440704
208 0.0274 10465280
209 0.0286 10489856
210 0.0283 10514432
211 0.0287 10514432
212 0.0287 10510336
213 0.0293 10539008
214 0.029 10543104
215 0.0294 10559488
216 0.0328 10575872
217 0.0293 10575872
218 0.0301 10579968
219 0.0298 10608640
220 0.0336 10620928
221 0.0336 10637312
222 0.0295 10670080
223 0.0311 10657792
224 0.0299 10657792
225 0.0305 10649600
226 0.0312 10670080
227 0.0314 10711040
228 0.0311 10727424
229 0.0316 10723328
230 0.0349 10764288
231 0.0354 10780672
232 0.032 10788864
233 0.032 10797056
234 0.036 10817536
235 0.0326 10854400
236 0.0372 10940416
237 0.0332 10858496
238 0.0333 10887168
239 0.0326 10862592
240 0.0341 10928128
241 0.0374 10928128
242 0.0334 10973184
243 0.0341 10948608
244 0.0335 10936320
245 0.0336 10944512
246 0.035 11014144
247 0.0399 11079680
248 0.0351 11018240
249 0.0367 11010048
250 0.0353 11001856
251 0.0354 11034624
252 0.0354 11005952
253 0.0369 11063296
254 0.0403 11042816
255 0.0367 11091968
256 0.0406 11087872
257 0.0407 11112448
258 0.0376 11132928
259 0.0422 11292672
260 0.0377 11177984
261 0.0415 11165696
262 0.0383 11206656
263 0.042 11186176
264 0.0422 11214848
265 0.043 11251712
266 0.0414 11288576
267 0.042 11382784
268 0.0439 11284480
269 0.039 11276288
270 0.0398 11317248
271 0.0452 11366400
272 0.0436 11333632
273 0.0442 11407360
274 0.0433 11374592
275 0.045 11382784
276 0.0443 11395072
277 0.0414 11436032
278 0.0449 11440128
279 0.0499 11517952
280 0.0525 11595776
281 0.0545 11620352
282 0.0541 11595776
283 0.0637 11657216
284 0.0459 11624448
285 0.0534 11640832
286 0.064 11603968
287 0.0793 11661312
288 0.0542 11640832
289 0.0463 11591680
290 0.0429 11616256
291 0.0544 11816960
292 0.056 11788288
293 0.0457 11632640
294 0.0451 11649024
295 0.0438 11661312
296 0.0444 11726848
297 0.0477 11698176
298 0.0527 11771904
299 0.0491 11714560
300 0.0567 11927552
301 0.0477 11800576
302 0.0494 11784192
303 0.0505 11890688
304 0.0539 11915264
305 0.0462 11849728
306 0.046 11829248
307 0.0465 11878400
308 0.0512 11894784
309 0.0523 11964416
310 0.0646 12050432
311 0.0726 12050432
312 0.069 12136448
313 0.0609 12054528
314 0.0533 11960320
315 0.1419 12066816
316 0.0595 12156928
317 0.0548 12115968
318 0.0613 12066816
319 0.0531 12079104
320 0.0557 12197888
321 0.0548 12242944
322 0.0512 12087296
323 0.072 12349440
324 0.0648 12320768
325 0.084 12283904
326 0.056 12320768
327 0.0513 12238848
328 0.0645 12341248
329 0.0644 12378112
330 0.0536 12206080
331 0.0859 12423168
332 0.0763 12374016
333 0.0647 12496896
334 0.0957 12267520
335 0.1988 12378112
336 0.2416 12443648
337 0.0667 12476416
338 0.1261 12546048
339 0.0738 12517376
340 0.0867 12480512
341 0.1397 12619776
342 0.229 12558336
343 0.0583 12414976
344 0.0852 12562432
345 0.057 12558336
346 0.0584 12464128
347 0.0562 12480512
348 0.0661 12566528
349 0.0746 12730368
350 0.0592 12652544
351 0.0621 12566528
352 0.0623 12754944
353 0.0567 12582912
354 0.0661 12648448
355 0.0821 12873728
356 0.0572 12685312
357 0.0662 12865536
358 0.0588 12685312
359 0.0633 12877824
360 0.0632 12726272
361 0.0623 12767232
362 0.0708 12988416
363 0.0918 12939264
364 0.0661 12918784
365 0.0643 12845056
366 0.0646 12845056
367 0.0661 12902400
368 0.0613 12976128
369 0.0603 12886016
370 0.0655 13090816
371 0.0614 12906496
372 0.0607 12951552
373 0.0691 13045760
374 0.061 13021184
375 0.0673 13246464
376 0.0762 13123584
377 0.065 13086720
378 0.0648 13295616
379 0.0735 13197312
380 0.0821 13172736
381 0.0662 13189120
382 0.2404 13332480
383 0.0755 13295616
384 0.086 13262848
385 0.0794 13340672
386 0.0766 13381632
387 0.0807 13430784
388 0.0706 13537280
389 0.08 13434880
390 0.0732 13565952
391 0.0704 13340672
392 0.0681 13381632
393 0.0754 13590528
394 0.0679 13422592
395 0.0706 13414400
396 0.0734 13512704
397 0.0699 13512704
398 0.0703 13484032
399 0.0733 13553664
400 0.1523 13828096
401 0.0769 13725696
402 0.0674 13541376
403 0.1019 13692928
404 0.0795 13594624
405 0.0772 13877248
406 0.0979 13856768
407 0.0822 13795328
408 0.09 13783040
409 0.0778 13783040
410 0.0861 13889536
411 0.083 13774848
412 0.0827 13946880
413 0.0777 13721600
414 0.0773 14036992
415 0.0759 13922304
416 0.0709 13787136
417 0.0715 13783040
418 0.0753 13836288
419 0.0747 13901824
420 0.0745 13877248
421 0.0787 13910016
422 0.0824 14008320
423 0.0878 14155776
424 0.0865 14127104
425 0.0889 14139392
426 0.0875 14131200
427 0.0823 14102528
428 0.0782 14049280
429 0.0845 14258176
430 0.0798 14233600
431 0.0818 14049280
432 0.0751 14086144
433 0.0794 14213120
434 0.0916 14389248
435 0.0916 14508032
436 0.0907 14340096
437 0.0851 14319616
438 0.0772 14200832
439 0.086 14364672
440 0.0931 14315520
441 0.0901 14487552
442 0.092 14516224
443 0.0934 14479360
444 0.0862 14663680
445 0.0849 14487552
446 0.0784 14389248
447 0.0832 14479360
448 0.0791 14417920
449 0.0802 14389248
450 0.0884 14675968
451 0.0839 14434304
452 0.0808 14553088
453 0.0798 14499840
454 0.0822 14536704
455 0.0842 14553088
456 0.0931 14827520
457 0.1144 14852096
458 0.1321 14880768
459 0.0947 14913536
460 0.0831 14659584
461 0.1035 14811136
462 0.0992 14942208
463 0.0974 15011840
464 0.1014 14917632
465 0.0881 14798848
466 0.0821 14749696
467 0.0844 14839808
468 0.0841 14835712
469 0.0899 14925824
470 0.0959 14848000
471 0.089 15060992
472 0.086 14913536
473 0.0918 14954496
474 0.0857 15032320
475 0.0881 15015936
476 0.0985 15052800
477 0.1216 15200256
478 0.1138 15384576
479 0.1004 15257600
480 0.0983 15155200
481 0.0949 15122432
482 0.0933 15118336
483 0.1078 15450112
484 0.1065 15486976
485 0.0939 15196160
486 0.1129 15437824
487 0.1129 15519744
488 0.1156 15462400
489 0.1105 15491072
490 0.1158 15544320
491 0.1091 15564800
492 0.1084 15548416
493 0.1087 15450112
494 0.1081 15446016
495 0.1219 15740928
496 0.106 15679488
497 0.1018 15527936
498 0.1125 15826944
499 0.1037 15650816
500 0.0942 15556608
501 0.0988 15704064
502 0.1204 15872000
503 0.1218 15814656
504 0.1133 15888384
505 0.1026 15745024
506 0.1151 15921152
507 0.1182 15867904
508 0.1136 15880192
509 0.1115 15953920
510 0.1158 15904768
511 0.1214 16019456
512 0.1225 15933440
513 0.1235 15958016
514 0.1218 16216064
515 0.115 16130048
516 0.1061 15929344
517 0.1019 15904768
518 0.1049 15970304
519 0.0995 15962112
520 0.1018 15962112
521 0.1063 16347136
522 0.1097 16138240
523 0.1039 16359424
524 0.1021 16031744
525 0.1013 16048128
526 0.1021 16097280
527 0.1008 16130048
528 0.1027 16142336
529 0.1045 16183296
530 0.1034 16175104
531 0.1049 16195584
532 0.1036 16232448
533 0.1066 16236544
534 0.1041 16297984
535 0.1021 16289792
536 0.1048 16326656
537 0.1047 16355328
538 0.1087 16420864
539 0.1096 16400384
540 0.106 16412672
541 0.1058 16429056
542 0.1061 16441344
543 0.1052 16494592
544 0.1108 16535552
545 0.1136 16617472
546 0.1062 16584704
547 0.1085 16633856
548 0.108 16592896
549 0.1192 17096704
550 0.1189 16941056
551 0.12 17125376
552 0.12 16842752
553 0.1169 16883712
554 0.1167 16928768
555 0.1175 16977920
556 0.1187 16846848
557 0.1115 16834560
558 0.1131 16814080
559 0.1158 16900096
560 0.1125 16891904
561 0.1105 16957440
562 0.1147 16977920
563 0.1187 17027072
564 0.1134 16998400
565 0.1126 17018880
566 0.1171 17362944
567 0.1221 17108992
568 0.1461 17379328
569 0.1366 17481728
570 0.1186 17125376
571 0.1305 17453056
572 0.1478 17686528
573 0.1303 17522688
574 0.1258 17600512
575 0.1315 17432576
576 0.1279 17760256
577 0.1226 17416192
578 0.1171 17416192
579 0.1167 17379328
580 0.1159 17399808
581 0.1224 17403904
582 0.1226 17440768
583 0.1246 17846272
584 0.1209 17506304
585 0.1231 17502208
586 0.1276 17866752
587 0.1292 17825792
588 0.1209 17629184
589 0.1194 17616896
590 0.1214 17657856
591 0.1224 17670144
592 0.1233 17674240
593 0.1253 17686528
594 0.1209 17784832
595 0.1263 17788928
596 0.1283 17793024
597 0.132 17870848
598 0.1252 17870848
599 0.1251 17907712
600 0.1254 17920000
601 0.127 17944576
602 0.1524 18202624
603 0.1519 18313216
604 0.1553 18325504
605 0.1283 18046976
606 0.1599 18456576
607 0.1523 18407424
608 0.1387 18149376
609 0.1585 18526208
610 0.1504 18481152
611 0.1541 18542592
612 0.1278 18194432
613 0.1364 18210816
614 0.1387 18681856
615 0.1332 18296832
616 0.1547 18604032
617 0.1642 18644992
618 0.1459 18718720
619 0.1658 18685952
620 0.1612 18685952
621 0.1655 18747392
622 0.1625 18702336
623 0.1459 18698240
624 0.1349 18542592
625 0.1642 18821120
626 0.1602 18759680
627 0.1371 18542592
628 0.1478 18829312
629 0.1696 19132416
630 0.1682 18939904
631 0.176 19062784
632 0.1581 19120128
633 0.1392 18714624
634 0.1503 18976768
635 0.1551 18976768
636 0.1696 19267584
637 0.1464 18960384
638 0.1495 19156992
639 0.1513 19259392
640 0.1481 19398656
641 0.146 19005440
642 0.1477 19021824
643 0.1446 19075072
644 0.1501 19214336
645 0.1515 19210240
646 0.1513 19296256
647 0.2064 19369984
648 0.1805 19476480
649 0.1523 19251200
650 0.1629 19464192
651 0.1476 19185664
652 0.2152 19537920
653 0.1566 19558400
654 0.156 19619840
655 0.1458 19296256
656 0.1676 19881984
657 0.1935 19644416
658 0.1503 19460096
659 0.1501 19427328
660 0.1545 19521536
661 0.1535 19816448
662 0.1524 19501056
663 0.1455 19570688
664 0.1773 20004864
665 0.1547 19832832
666 0.1988 19898368
667 0.1936 20090880
668 0.1747 20037632
669 0.2176 20025344
670 0.1551 20176896
671 0.163 20131840
672 0.1748 19959808
673 0.1636 20258816
674 0.1488 19787776
675 0.1781 20152320
676 0.1901 20373504
677 0.1749 20434944
678 0.1584 19963904
679 0.1916 20332544
680 0.1586 20103168
681 0.1761 20316160
682 0.1864 20406272
683 0.1813 20365312
684 0.161 20275200
685 0.1533 20074496
686 0.1606 20123648
687 0.1575 20099072
688 0.159 20271104
689 0.1898 20463616
690 0.1671 20475904
691 0.1977 20619264
692 0.1895 20529152
693 0.1981 20701184
694 0.1959 20791296
695 0.1852 20877312
696 0.1713 20615168
697 0.1697 20680704
698 0.196 20836352
699 0.1906 20529152
700 0.1898 20901888
701 0.1832 20914176
702 0.1987 20934656
703 0.1876 21131264
704 0.2001 21204992
705 0.1877 21200896
706 0.1747 21315584
707 0.1984 21176320
708 0.1812 21241856
709 0.1707 20869120
710 0.1722 21307392
711 0.1618 20836352
712 0.1683 21434368
713 0.2077 21176320
714 0.2088 21454848
715 0.2024 21479424
716 0.2063 21569536
717 0.2005 21426176
718 0.2003 21540864
719 0.1727 21102592
720 0.2072 21553152
721 0.2023 21626880
722 0.1779 21487616
723 0.1691 21192704
724 0.1777 21483520
725 0.178 21483520
726 0.1941 21606400
727 0.1806 21430272
728 0.1858 21839872
729 0.181 21839872
730 0.1687 21405696
731 0.1784 21979136
732 0.1713 21438464
733 0.1717 21479424
734 0.1694 21565440
735 0.173 21549056
736 0.177 22126592
737 0.1725 21590016
738 0.2108 21950464
739 0.1891 22118400
740 0.196 21954560
741 0.2301 22061056
742 0.1972 22032384
743 0.1853 21983232
744 0.2224 22257664
745 0.2234 22204416
746 0.1994 22335488
747 0.182 21995520
748 0.183 21975040
749 0.1879 22069248
750 0.2194 22323200
751 0.2327 22433792
752 0.1991 22564864
753 0.2081 22659072
754 0.1843 22106112
755 0.2079 22753280
756 0.1985 22536192
757 0.1905 22851584
758 0.1941 22458368
759 0.1938 22859776
760 0.1895 22872064
761 0.1999 22900736
762 0.2697 22851584
763 0.2254 22740992
764 0.2116 23023616
765 0.1958 22929408
766 0.2015 22839296
767 0.1976 22904832
768 0.1941 22630400
769 0.1913 22724608
770 0.2007 22876160
771 0.1878 22671360
772 0.232 23146496
773 0.1893 22773760
774 0.2002 23154688
775 0.1987 23293952
776 0.1942 22974464
777 0.1991 22835200
778 0.2052 23314432
779 0.2108 23506944
780 0.2413 23224320
781 0.2066 23285760
782 0.2271 23437312
783 0.23 23556096
784 0.2221 23494656
785 0.2127 23367680
786 0.2248 23560192
787 0.2183 23797760
788 0.2475 23674880
789 0.242 23683072
790 0.2136 23613440
791 0.1962 23310336
792 0.2277 23724032
793 0.1973 23339008
794 0.1974 23363584
795 0.1977 23416832
796 0.2028 24096768
797 0.1962 23478272
798 0.1997 23461888
799 0.196 23576576
800 0.1977 23519232