1 0.003 8617984
2 0.0036 8609792
3 0.0036 8617984
4 0.0032 8605696
5 0.0038 8622080
6 0.0034 8638464
7 0.004 8634368
8 0.004 8638464
9 0.0042 8646656
10 0.0036 8634368
11 0.0036 8663040
12 0.0043 8663040
13 0.0038 8663040
14 0.0045 8667136
15 0.0038 8654848
16 0.0039 8687616
17 0.004 8691712
18 0.0041 8699904
19 0.0062 8699904
20 0.0062 8704000
21 0.0051 8699904
22 0.0051 8708096
23 0.0044 8724480
24 0.0052 8720384
25 0.0047 8704000
26 0.0055 8740864
27 0.0055 8736768
28 0.0048 8716288
29 0.0055 8736768
30 0.0055 8753152
31 0.0074 8753152
32 0.0051 8736768
33 0.0051 8765440
34 0.005 8761344
35 0.0051 8761344
36 0.0061 8785920
37 0.0054 8794112
38 0.0055 8769536
39 0.0056 8785920
40 0.0063 8802304
41 0.0064 8798208
42 0.0063 8810496
43 0.0064 8826880
44 0.0087 8830976
45 0.0066 8826880
46 0.0068 8851456
47 0.0068 8839168
48 0.0092 8851456
49 0.0069 8851456
50 0.007 8855552
51 0.007 8859648
52 0.0071 8871936
53 0.0071 8884224
54 0.0074 8888320
55 0.0072 8888320
56 0.0075 8888320
57 0.0068 8880128
58 0.0076 8904704
59 0.0077 8908800
60 0.0102 8921088
61 0.0078 8925184
62 0.0079 8933376
63 0.0079 8937472
64 0.0081 8941568
65 0.008 8953856
66 0.0085 9007104
67 0.0084 8966144
68 0.0115 8982528
69 0.0113 8982528
70 0.0077 8962048
71 0.0077 9007104
72 0.0086 8998912
73 0.0079 8986624
74 0.0087 9003008
75 0.0091 9011200
76 0.0082 9035776
77 0.009 9023488
78 0.0083 9039872
79 0.0091 9052160
80 0.0084 9060352
81 0.0093 9056256
82 0.0094 9068544
83 0.0088 9056256
84 0.0127 9093120
85 0.009 9105408
86 0.0098 9105408
87 0.0098 9105408
88 0.013 9109504
89 0.013 9113600
90 0.01 9125888
91 0.0093 9138176
92 0.0133 9146368
93 0.0096 9175040
94 0.0136 9154560
95 0.0104 9154560
96 0.0098 9179136
97 0.0098 9183232
98 0.0105 9183232
99 0.014 9187328
100 0.0109 9187328
101 0.0109 9195520
102 0.0109 9224192
103 0.0111 9224192
104 0.0145 9224192
105 0.0111 9236480
106 0.0113 9236480
107 0.0147 9236480
108 0.0115 9252864
109 0.0114 9252864
110 0.0149 9265152
111 0.015 9265152
112 0.0153 9277440
113 0.0153 9281536
114 0.0119 9297920
115 0.0122 9297920
116 0.0155 9326592
117 0.0157 9318400
118 0.0135 9412608
119 0.0122 9330688
120 0.0116 9355264
121 0.0125 9342976
122 0.0162 9351168
123 0.0119 9363456
124 0.0119 9371648
125 0.012 9379840
126 0.0139 9379840
127 0.0164 9392128
128 0.0122 9420800
129 0.0132 9408512
130 0.0134 9400320
131 0.014 9486336
132 0.0135 9437184
133 0.0171 9437184
134 0.0134 9502720
135 0.0171 9457664
136 0.0135 9469952
137 0.0172 9482240
138 0.0139 9490432
139 0.0177 9510912
140 0.0137 9510912
141 0.0142 9519104
142 0.0137 9572352
143 0.0144 9547776
144 0.0145 9555968
145 0.0139 9576448
146 0.0147 9568256
147 0.0148 9596928
148 0.0141 9592832
149 0.0151 9584640
150 0.015 9613312
151 0.0152 9621504
152 0.0154 9625600
153 0.0148 9674752
154 0.019 9629696
155 0.0187 9633792
156 0.0149 9666560
157 0.0157 9658368
158 0.0194 9674752
159 0.016 9670656
160 0.0151 9699328
161 0.016 9711616
162 0.0156 9711616
163 0.0164 9711616
164 0.0155 9732096
165 0.0158 9719808
166 0.0158 9760768
167 0.0159 9768960
168 0.0168 9752576
169 0.0162 9822208
170 0.017 9760768
171 0.0171 9764864
172 0.0174 9768960
173 0.0207 9785344
174 0.0167 9801728
175 0.0208 9785344
176 0.0168 9822208
177 0.0176 9822208
178 0.0211 9826304
179 0.0213 9830400
180 0.018 9859072
181 0.0174 9904128
182 0.0182 9863168
183 0.0173 9883648
184 0.0173 9859072
185 0.0184 9879552
186 0.0177 9900032
187 0.0181 9904128
188 0.0185 9932800
189 0.0182 9900032
190 0.0181 9936896
191 0.0227 9924608
192 0.0223 9928704
193 0.0196 9945088
194 0.0183 9965568
195 0.0229 9957376
196 0.0202 9961472
197 0.0194 9986048
198 0.0196 9981952
199 0.0192 9977856
200 0.0198 9986048
201 0.019 10010624
202 0.0198 10027008
203 0.0191 10002432
204 0.0199 10027008
205 0.0194 10047488
206 0.0195 10027008
207 0.0197 10051584
208 0.0206 10039296
209 0.0239 10059776
210 0.024 10076160
211 0.0206 10084352
212 0.0216 10125312
213 0.02 10100736
214 0.0201 10100736
215 0.0246 10203136
216 0.0208 10182656
217 0.0214 10153984
218 0.0215 10158080
219 0.0248 10153984
220 0.0216 10166272
221 0.0218 10158080
222 0.0218 10178560
223 0.0221 10190848
224 0.0213 10194944
225 0.0217 10194944
226 0.0223 10194944
227 0.0254 10235904
228 0.0217 10244096
229 0.0226 10223616
230 0.022 10264576
231 0.022 10248192
232 0.0221 10285056
233 0.0232 10280960
234 0.0268 10280960
235 0.0233 10293248
236 0.0269 10354688
237 0.0273 10313728
238 0.0225 10330112
239 0.0268 10326016
240 0.024 10334208
241 0.0238 10330112
242 0.0231 10321920
243 0.0277 10334208
244 0.0232 10338304
245 0.0242 10371072
246 0.0243 10395648
247 0.0278 10424320
248 0.0254 10399744
249 0.0246 10407936
250 0.0242 10432512
251 0.0244 10432512
252 0.0239 10457088
253 0.0244 10465280
254 0.0291 10469376
255 0.0253 10461184
256 0.0291 10571776
257 0.0266 10641408
258 0.0261 10522624
259 0.0256 10498048
260 0.0255 10526720
261 0.0337 10633216
262 0.0273 10543104
263 0.027 10534912
264 0.0299 10547200
265 0.0317 10776576
266 0.0298 10551296
267 0.0301 10567680
268 0.0271 10584064
269 0.0304 10592256
270 0.0266 10612736
271 0.0265 10612736
272 0.0269 10633216
273 0.0282 10915840
274 0.0279 10661888
275 0.027 10649600
276 0.0332 10661888
277 0.0275 10670080
278 0.0285 10752000
279 0.0275 10706944
280 0.0281 10711040
281 0.0282 10686464
282 0.0277 10719232
283 0.0316 10698752
284 0.0278 10727424
285 0.0286 10743808
286 0.0321 10829824
287 0.0285 10760192
288 0.0285 10825728
289 0.028 10776576
290 0.0281 10809344
291 0.0333 10792960
292 0.0291 10821632
293 0.0296 10825728
294 0.0332 10821632
295 0.0294 10842112
296 0.0291 10858496
297 0.0297 10862592
298 0.0292 10891264
299 0.0301 10878976
300 0.0302 10883072
301 0.0306 10887168
302 0.0303 10895360
303 0.0338 10915840
304 0.0345 10928128
305 0.0306 10936320
306 0.031 10928128
307 0.0318 10940416
308 0.031 10969088
309 0.0314 10981376
310 0.0316 10989568
311 0.0307 10981376
312 0.0309 10997760
313 0.032 10989568
314 0.0318 11026432
315 0.0318 11018240
316 0.0313 11051008
317 0.0328 11038720
318 0.0325 11034624
319 0.0322 11071488
320 0.0324 11083776
321 0.0326 11075584
322 0.0328 11112448
323 0.0327 11124736
324 0.0325 11116544
325 0.0334 11124736
326 0.033 11116544
327 0.0333 11169792
328 0.0335 11182080
329 0.0344 11186176
330 0.0336 11157504
331 0.0345 11169792
332 0.0336 11202560
333 0.0342 11239424
334 0.0347 11272192
335 0.0349 11251712
336 0.0343 11251712
337 0.0349 11264000
338 0.0345 11284480
339 0.0349 11317248
340 0.036 11337728
341 0.0349 11341824
342 0.035 11354112
343 0.0349 11362304
344 0.0354 11374592
345 0.0347 11374592
346 0.0402 11386880
347 0.0407 11808768
348 0.036 11390976
349 0.0352 11431936
350 0.0363 11431936
351 0.0363 11431936
352 0.0363 11472896
353 0.0362 11485184
354 0.0359 11472896
355 0.0371 11505664
356 0.0404 11476992
357 0.0367 11489280
358 0.0364 11505664
359 0.037 11526144
360 0.0369 11546624
361 0.0366 11550720
362 0.0373 11628544
363 0.0412 11558912
364 0.0381 11603968
365 0.0376 11587584
366 0.0405 11575296
367 0.0388 11603968
368 0.0418 11608064
369 0.0388 11624448
370 0.0432 11780096
371 0.0386 11718656
372 0.0387 11661312
373 0.0391 11685888
374 0.0434 11673600
375 0.043 11681792
376 0.0395 11706368
377 0.0392 11706368
378 0.0425 11710464
379 0.0391 11841536
380 0.0399 11702272
381 0.0438 11751424
382 0.0392 11763712
383 0.0395 11780096
384 0.0439 11935744
385 0.0401 11816960
386 0.0411 11833344
387 0.0399 11927552
388 0.0406 11870208
389 0.0408 11862016
390 0.0402 11853824
391 0.0416 11874304
392 0.0438 11882496
393 0.0407 11894784
394 0.0406 11894784
395 0.0409 11935744
396 0.0426 11948032
397 0.0421 11935744
398 0.0457 12054528
399 0.042 12042240
400 0.0468 11960320
401 0.042 11980800
402 0.043 12005376
403 0.0421 12034048
404 0.0425 12021760
405 0.0424 12025856
406 0.0435 12050432
407 0.0718 12374016
408 0.0799 12091392
409 0.0439 12075008
410 0.0433 12103680
411 0.044 12124160
412 0.0431 12124160
413 0.0443 12128256
414 0.0439 12124160
415 0.0486 12148736
416 0.0481 12165120
417 0.045 12173312
418 0.0444 12292096
419 0.0446 12173312
420 0.0453 12247040
421 0.057 12902400
422 0.0442 12247040
423 0.0447 12247040
424 0.0459 12259328
425 0.0488 12263424
426 0.0454 12369920
427 0.046 12304384
428 0.0453 12328960
429 0.0464 12320768
430 0.0465 12316672
431 0.0455 12333056
432 0.0468 12374016
433 0.047 12341248
434 0.0516 12455936
435 0.0462 12353536
436 0.0533 12894208
437 0.0519 12414976
438 0.0514 12423168
439 0.0541 12492800
440 0.0488 12742656
441 0.0488 12443648
442 0.0496 12460032
443 0.0526 12505088
444 0.0488 12546048
445 0.0498 12505088
446 0.0506 12509184
447 0.049 12525568
448 0.0536 12537856
449 0.0532 13271040
450 0.053 12591104
451 0.0529 12607488
452 0.0485 12570624
453 0.0492 12570624
454 0.05 12595200
455 0.0493 12627968
456 0.0532 12668928
457 0.0496 12693504
458 0.0547 12685312
459 0.049 12681216
460 0.051 12677120
461 0.0502 12734464
462 0.0509 12726272
463 0.0524 12816384
464 0.0542 12783616
465 0.0517 12771328
466 0.0515 12898304
467 0.0518 12771328
468 0.0517 12800000
469 0.0524 12832768
470 0.0509 12869632
471 0.0523 12853248
472 0.0562 12873728
473 0.0559 12840960
474 0.0528 12873728
475 0.0577 12877824
476 0.0572 12898304
477 0.0529 12886016
478 0.0564 12931072
479 0.0574 12951552
480 0.0569 12939264
481 0.0531 12939264
482 0.0535 12955648
483 0.0581 12988416
484 0.0534 13037568
485 0.0582 12996608
486 0.0531 13029376
487 0.0534 13012992
488 0.0538 13078528
489 0.0541 13070336
490 0.0538 13107200
491 0.0584 13070336
492 0.0543 13049856
493 0.0553 13103104
494 0.0544 13111296
495 0.0563 13119488
496 0.0589 13115392
497 0.0566 13135872
498 0.0552 13180928
499 0.0563 13172736
500 0.0551 13160448
501 0.0559 13213696
502 0.057 13205504
503 0.0571 13262848
504 0.0565 13365248
505 0.0561 13324288
506 0.0562 13316096
507 0.0561 13365248
508 0.0584 13410304
509 0.0609 13377536
510 0.0579 13373440
511 0.0665 13451264
512 0.0571 13365248
513 0.0588 13381632
514 0.059 13402112
515 0.0592 13381632
516 0.0593 13406208
517 0.0578 13459456
518 0.0582 13463552
519 0.0595 13631488
520 0.0641 13463552
521 0.0604 13496320
522 0.0606 13520896
523 0.0642 13529088
524 0.0604 13496320
525 0.06 13533184
526 0.0599 13557760
527 0.0611 13574144
528 0.0596 13570048
529 0.0603 13549568
530 0.0608 13602816
531 0.0611 13611008
532 0.066 13623296
533 0.0702 14200832
534 0.0608 13660160
535 0.0664 13680640
536 0.0642 13709312
537 0.0621 13701120
538 0.0621 13721600
539 0.0665 13713408
540 0.0617 13729792
541 0.0621 13733888
542 0.0624 13754368
543 0.0638 13742080
544 0.067 13828096
545 0.063 13815808
546 0.068 13803520
547 0.0682 13828096
548 0.0633 13856768
549 0.0682 13819904
550 0.0649 13864960
551 0.0645 13856768
552 0.0656 13889536
553 0.064 13914112
554 0.0652 13889536
555 0.066 13905920
556 0.0648 13950976
557 0.0657 13946880
558 0.0694 13955072
559 0.0689 13987840
560 0.0653 14000128
561 0.0658 14000128
562 0.0695 14004224
563 0.0646 14024704
564 0.0672 14065664
565 0.0714 14159872
566 0.0692 14057472
567 0.0702 14049280
568 0.0678 14127104
569 0.0679 14139392
570 0.0677 14110720
571 0.067 14106624
572 0.0718 14151680
573 0.0703 14118912
574 0.0734 14139392
575 0.0683 14254080
576 0.0776 15519744
577 0.0684 14249984
578 0.068 14258176
579 0.073 14254080
580 0.0677 14401536
581 0.0698 14307328
582 0.0776 14446592
583 0.0686 14299136
584 0.0693 14352384
585 0.0745 14303232
586 0.0695 14401536
587 0.0716 14422016
588 0.0744 14356480
589 0.0717 14426112
590 0.0708 14446592
591 0.0742 14405632
592 0.0738 14467072
593 0.0707 14462976
594 0.0764 14520320
595 0.0719 14540800
596 0.0723 14471168
597 0.0726 14479360
598 0.0723 14544896
599 0.0724 14557184
600 0.0754 14594048
601 0.0715 14630912
602 0.0725 14757888
603 0.0728 14639104
604 0.0729 14618624
605 0.0714 14696448
606 0.0781 15261696
607 0.0781 14733312
608 0.0735 14655488
609 0.0777 14622720
610 0.078 14790656
611 0.0739 14700544
612 0.0784 14823424
613 0.0754 14753792
614 0.08 14782464
615 0.0796 14774272
616 0.0755 14831616
617 0.0772 14835712
618 0.0748 14888960
619 0.0749 14839808
620 0.0814 15187968
621 0.0791 14864384
622 0.0761 14938112
623 0.0807 14909440
624 0.0768 14979072
625 0.0864 16424960
626 0.0755 14979072
627 0.08 14934016
628 0.0761 14974976
629 0.0804 15040512
630 0.0804 15020032
631 0.0811 15073280
632 0.0898 15462400
633 0.0772 15089664
634 0.0773 15130624
635 0.0787 15171584
636 0.083 15216640
637 0.0784 15171584
638 0.0801 15179776
639 0.0798 15179776
640 0.08 15183872
641 0.0796 15245312
642 0.0793 15249408
643 0.0797 15319040
644 0.0796 15237120
645 0.0857 15306752
646 0.0843 15331328
647 0.0816 15335424
648 0.0811 15347712
649 0.0794 15380480
650 0.0806 15347712
651 0.0838 15380480
652 0.0807 15392768
653 0.0812 15425536
654 0.0829 15450112
655 0.0855 15499264
656 0.0862 15470592
657 0.0861 15462400
658 0.084 15544320
659 0.0816 15540224
660 0.0831 15605760
661 0.0831 15613952
662 0.0873 15577088
663 0.0829 15597568
664 0.0828 15683584
665 0.084 15720448
666 0.0882 15679488
667 0.086 15654912
668 0.0902 15654912
669 0.085 15781888
670 0.0834 15773696
671 0.0913 17244160
672 0.0868 15761408
673 0.085 15745024
674 0.0863 15761408
675 0.0849 15851520
676 0.086 15867904
677 0.0858 15843328
678 0.0879 15896576
679 0.0862 15888384
680 0.0897 15900672
681 0.0894 15880192
682 0.0916 16691200
683 0.0874 15990784
684 0.0879 16027648
685 0.089 16105472
686 0.0882 16035840
687 0.0958 16281600
688 0.0898 16064512
689 0.0882 16060416
690 0.0899 16101376
691 0.094 16146432
692 0.0901 16048128
693 0.0932 16207872
694 0.0878 16195584
695 0.089 16187392
696 0.0916 16203776
697 0.09 16232448
698 0.0897 16216064
699 0.0991 17731584
700 0.0903 16297984
701 0.0919 16297984
702 0.0904 16338944
703 0.0959 16289792
704 0.0917 16338944
705 0.0921 16306176
706 0.0919 16384000
707 0.0903 16388096
708 0.0955 16392192
709 0.0964 16429056
710 0.0951 16424960
711 0.0919 16437248
712 0.0937 16576512
713 0.0935 16482304
714 0.092 16531456
715 0.1081 16752640
716 0.0938 16510976
717 0.0953 16556032
718 0.092 16621568
719 0.0987 16695296
720 0.0933 16670720
721 0.0944 16633856
722 0.0973 16695296
723 0.0935 16662528
724 0.0943 16740352
725 0.097 16703488
726 0.0986 16711680
727 0.0966 16732160
728 0.0986 16744448
729 0.1004 16764928
730 0.0965 16818176
731 0.0976 16797696
732 0.0957 16863232
733 0.097 16838656
734 0.0956 16846848
735 0.1012 16855040
736 0.0964 16941056
737 0.0966 16924672
738 0.0987 16973824
739 0.101 16961536
740 0.1012 16982016
741 0.0985 16953344
742 0.097 17063936
743 0.0978 17092608
744 0.1032 17096704
745 0.1034 16998400
746 0.0982 17063936
747 0.1024 17117184
748 0.1008 17178624
749 0.1044 17244160
750 0.0986 17166336
751 0.0986 17174528
752 0.0994 17207296
753 0.0991 17170432
754 0.0996 17252352
755 0.1006 17264640
756 0.1036 17248256
757 0.1011 17252352
758 0.1006 17305600
759 0.1034 17297408
760 0.1003 17448960
761 0.1037 17289216
762 0.102 17383424
763 0.1034 17403904
764 0.1046 17416192
765 0.1049 17506304
766 0.1014 17465344
767 0.1005 17473536
768 0.1027 17489920
769 0.1036 17457152
770 0.1035 17575936
771 0.1034 17592320
772 0.1062 17584128
773 0.1061 17625088
774 0.1053 17580032
775 0.1081 17588224
776 0.1046 17678336
777 0.1056 17653760
778 0.1078 17698816
779 0.1063 17715200
780 0.1088 17715200
781 0.1041 17735680
782 0.1108 19615744
783 0.1101 17813504
784 0.1055 17756160
785 0.105 17846272
786 0.1048 17862656
787 0.1052 17842176
788 0.1066 17911808
789 0.118 20033536
790 0.1084 17887232
791 0.1083 17842176
792 0.1123 17948672
793 0.1083 17965056
794 0.1124 18272256
795 0.108 17960960
796 0.1091 18018304
797 0.1066 18001920
798 0.1114 18001920
799 0.113 20480000
800 0.1082 18104320