1 0.0021 8384512
2 0.0024 8364032
3 0.0023 8396800
4 0.0031 8400896
5 0.003 8404992
6 0.0025 8413184
7 0.0038 8441856
8 0.004 8458240
9 0.003 8474624
10 0.0037 8495104
11 0.0046 8499200
12 0.005 8519680
13 0.0041 8527872
14 0.0043 8540160
15 0.0036 8544256
16 0.0058 8577024
17 0.0041 8601600
18 0.0049 8601600
19 0.005 8613888
20 0.0046 8613888
21 0.0046 8646656
22 0.0056 8654848
23 0.0074 8671232
24 0.0053 8687616
25 0.0062 8708096
26 0.0063 8712192
27 0.0064 8728576
28 0.0064 8744960
29 0.006 8769536
30 0.0069 8794112
31 0.0071 8814592
32 0.0065 8822784
33 0.0098 8839168
34 0.0076 8859648
35 0.0071 8884224
36 0.0073 8900608
37 0.0076 8916992
38 0.0079 8912896
39 0.0088 8945664
40 0.0088 8978432
41 0.0121 8982528
42 0.0093 8998912
43 0.0095 9023488
44 0.0098 9048064
45 0.0131 9056256
46 0.01 9089024
47 0.0136 9105408
48 0.0105 9121792
49 0.0099 9121792
50 0.0111 9175040
51 0.0107 9183232
52 0.0107 9211904
53 0.0116 9228288
54 0.0155 9261056
55 0.0113 9285632
56 0.0125 9297920
57 0.0126 9322496
58 0.0163 9347072
59 0.0125 9347072
60 0.0134 9388032
61 0.0131 9416704
62 0.0142 9465856
63 0.0136 9453568
64 0.0146 9490432
65 0.014 9543680
66 0.0167 9588736
67 0.0154 9584640
68 0.0148 9617408
69 0.0188 9633792
70 0.0161 9662464
71 0.0163 9699328
72 0.016 9736192
73 0.017 9768960
74 0.0166 9805824
75 0.0212 9801728
76 0.0178 9854976
77 0.0182 9871360
78 0.0187 9900032
79 0.0183 9986048
80 0.0225 9957376
81 0.0193 9990144
82 0.019 10031104
83 0.0202 10051584
84 0.0197 10117120
85 0.0207 10113024
86 0.0211 10158080
87 0.0207 10194944
88 0.0214 10215424
89 0.0258 10297344
90 0.0221 10272768
91 0.0261 10350592
92 0.0263 10334208
93 0.0229 10362880
94 0.0236 10420224
95 0.0277 10444800
96 0.0235 10493952
97 0.0285 10514432
98 0.029 10616832
99 0.0248 10588160
100 0.0262 10633216
101 0.0265 10653696
102 0.0261 10698752
103 0.031 10727424
104 0.0266 10772480
105 0.0277 10797056
106 0.0281 10838016
107 0.0284 10858496
108 0.0286 10891264
109 0.0326 10915840
110 0.029 10948608
111 0.0297 10977280
112 0.03 11005952
113 0.03 11055104
114 0.0347 11083776
115 0.0307 11116544
116 0.0317 11132928
117 0.0318 11198464
118 0.0328 11227136
119 0.0366 11259904
120 0.0339 11288576
121 0.0337 11345920
122 0.0342 11333632
123 0.0346 11427840
124 0.0355 11419648
125 0.0353 11513856
126 0.0361 11526144
127 0.0365 11587584
128 0.0419 11735040
129 0.0413 11624448
130 0.0371 11673600
131 0.0377 11722752
132 0.0393 11759616
133 0.0435 11776000
134 0.0449 11829248
135 0.0433 11849728
136 0.0405 11956224
137 0.0411 11943936
138 0.0409 11956224
139 0.0419 12013568
140 0.0471 12210176
141 0.042 12095488
142 0.0424 12144640
143 0.0438 12165120
144 0.0441 12206080
145 0.0444 12238848
146 0.049 12398592
147 0.0445 12300288
148 0.0465 12328960
149 0.0499 12361728
150 0.0467 12402688
151 0.0474 12419072
152 0.0523 12464128
153 0.0485 12496896
154 0.0495 12574720
155 0.0498 12603392
156 0.0497 12664832
157 0.0496 12713984
158 0.0628 12722176
159 0.0512 12767232
160 0.0537 12820480
161 0.0524 12894208
162 0.0525 12963840
163 0.0548 13008896
164 0.0538 13074432
165 0.0547 13135872
166 0.0556 13201408
167 0.0594 13230080
168 0.0559 13295616
169 0.0559 13357056
170 0.0568 13389824
171 0.058 13467648
172 0.0605 13504512
173 0.0588 13570048
174 0.0588 13582336
175 0.0595 13623296
176 0.0609 13639680
177 0.0608 13725696
178 0.0623 13754368
179 0.0618 13787136
180 0.0674 13852672
181 0.0635 13869056
182 0.0649 13877248
183 0.066 13955072
184 0.0682 13946880
185 0.0653 13975552
186 0.0659 14028800
187 0.0672 14053376
188 0.0677 14094336
189 0.0672 14114816
190 0.0677 14139392
191 0.0687 14192640
192 0.0732 14213120
193 0.069 14221312
194 0.0712 14295040
195 0.0748 14360576
196 0.0717 14389248
197 0.0727 14446592
198 0.076 14479360
199 0.0782 14573568
200 0.0748 14614528
201 0.0786 14696448
202 0.0758 14716928
203 0.0752 14757888
204 0.081 14786560
205 0.0764 14843904
206 0.0785 14954496
207 0.0822 14962688
208 0.0787 14999552
209 0.0811 15056896
210 0.0822 15101952
211 0.0851 15106048
212 0.0817 15147008
213 0.0824 15241216
214 0.0825 15278080
215 0.0832 15355904
216 0.0833 15364096
217 0.0844 15486976
218 0.0854 15519744
219 0.0867 15568896
220 0.0897 15634432
221 0.0875 15745024
222 0.0907 15818752
223 0.0907 15831040
224 0.0933 15888384
225 0.0944 15941632
226 0.0972 16011264
227 0.0921 16060416
228 0.0918 16117760
229 0.0937 16216064
230 0.0998 16269312
231 0.0935 16326656
232 0.0964 16310272
233 0.0995 16379904
234 0.0971 16412672
235 0.0966 16490496
236 0.0977 16527360
237 0.0981 16605184
238 0.099 16633856
239 0.0994 16752640
240 0.1046 16740352
241 0.1043 16830464
242 0.1011 16875520
243 0.1054 16982016
244 0.1048 16990208
245 0.1036 17072128
246 0.1062 17100800
247 0.1105 17260544
248 0.1252 17367040
249 0.1067 17235968
250 0.1133 17506304
251 0.1073 17342464
252 0.1093 17461248
253 0.1155 17547264
254 0.1158 17825792
255 0.1102 17698816