1 0.191 21553152
2 0.2209 21622784
3 0.1878 21536768
4 0.1869 21479424
5 0.1894 21655552
6 0.1875 21790720
7 0.2733 21532672
8 0.1892 21532672
9 0.1866 21667840
10 0.1882 21704704
11 0.1927 21733376
12 0.1905 21716992
13 0.1911 21864448
14 0.1911 21880832
15 0.197 21839872
16 0.1914 22007808
17 0.1908 21803008
18 0.1936 21823488
19 0.1961 22011904
20 0.2826 22159360
21 0.2375 22319104
22 0.2476 22364160
23 0.2126 22237184
24 0.2213 22134784
25 0.2702 22241280
26 0.2808 22364160
27 0.2006 22261760
28 0.212 22327296
29 0.2039 22196224
30 0.2125 22372352
31 0.2237 22532096
32 0.2145 22634496
33 0.2077 22646784
34 0.2102 22646784
35 0.217 22835200
36 0.2133 22757376
37 0.2143 22732800
38 0.2053 22650880
39 0.2176 22753280
40 0.2269 22646784
41 0.219 22855680
42 0.2123 23076864
43 0.2244 23183360
44 0.2224 23130112
45 0.2183 23089152
46 0.2164 22994944
47 0.2239 23191552
48 0.2226 23019520
49 0.219 23326720
50 0.2161 23285760
51 0.2258 23257088
52 0.274 23416832
53 0.2175 23420928
54 0.2228 23207936
55 0.2242 23212032
56 0.2287 23175168
57 0.2154 23150592
58 0.2205 23273472
59 0.2264 23359488
60 0.2299 23097344
61 0.219 23171072
62 0.2293 23109632
63 0.2177 23388160
64 0.2297 23408640
65 0.2173 23298048
66 0.2354 23334912
67 0.2243 23162880
68 0.2223 23101440
69 0.2321 23232512
70 0.2858 23162880
71 0.2463 23416832
72 0.2187 23199744
73 0.2318 23244800
74 0.2207 23289856
75 0.2207 23261184
76 0.2158 23216128
77 0.2275 23179264
78 0.2244 23236608
79 0.2261 23470080
80 0.2164 23207936
81 0.2309 23355392
82 0.2227 23531520
83 0.2263 23203840
84 0.2212 23261184
85 0.2311 23093248
86 0.2303 23212032
87 0.2227 23474176
88 0.2153 23195648
89 0.2227 23314432
90 0.2188 23199744
91 0.2206 23130112
92 0.2179 23232512
93 0.2264 23216128
94 0.2207 23207936
95 0.2175 23236608
96 0.2188 23130112
97 0.2238 23240704
98 0.2248 23048192
99 0.2208 23293952
100 0.2153 23089152
101 0.2284 23232512
102 0.2302 23044096
103 0.2133 23089152
104 0.228 23056384
105 0.2307 23121920
106 0.2312 23228416
107 0.2201 23191552
108 0.2239 23207936
109 0.2238 23384064
110 0.2306 23248896
111 0.2222 23105536
112 0.2296 23355392
113 0.2265 23384064
114 0.2266 23465984
115 0.2131 23158784
116 0.2378 23293952
117 0.2271 23199744
118 0.2234 23343104
119 0.2154 23281664
120 0.2269 23171072
121 0.2354 23240704
122 0.2385 23322624
123 0.2422 23228416
124 0.2532 23343104
125 0.2373 23289856
126 0.228 23437312
127 0.2384 23420928
128 0.2384 23265280
129 0.2224 23302144
130 0.2186 23244800
131 0.2146 23232512
132 0.2826 23441408
133 0.2358 23306240
134 0.2762 23306240
135 0.24 23494656
136 0.3295 23334912
137 0.2605 23736320
138 0.2423 23326720
139 0.2426 23351296
140 0.2323 23592960
141 0.2251 23281664
142 0.2222 23347200
143 0.2297 23355392
144 0.2497 23412736
145 0.3001 23482368
146 0.3103 23379968
147 0.2876 23379968
148 0.3369 23388160
149 0.2228 23363584
150 0.2539 23465984
151 0.3193 23400448
152 0.2465 23818240
153 0.4004 23453696
154 0.2228 23535616
155 0.2645 23539712
156 0.251 23568384
157 0.244 23379968
158 0.2224 23568384
159 0.2675 23437312
160 0.3654 23465984
161 0.25 23527424
162 0.303 23498752
163 0.258 23592960
164 0.2331 23678976
165 0.235 23605248
166 0.3652 23482368
167 0.286 23511040
168 0.2759 23556096
169 0.2786 23687168
170 0.2547 23760896
171 0.2322 23490560
172 0.2463 23613440
173 0.2745 23539712
174 0.3205 23633920
175 0.2625 23662592
176 0.2632 23650304
177 0.2772 23572480
178 0.2337 24068096
179 0.2363 23736320
180 0.2198 23744512
181 0.2411 23625728
182 0.3014 23597056
183 0.2824 23842816
184 0.2698 23613440
185 0.2605 23719936
186 0.2303 23617536
187 0.2427 23707648
188 0.3312 23650304
189 0.4368 23703552
190 0.3315 23658496
191 0.2699 23732224
192 0.2367 23986176
193 0.2539 23670784
194 0.2296 23715840
195 0.2233 23601152
196 0.2387 23990272
197 0.2345 23789568
198 0.22 23687168
199 0.2235 23891968
200 0.2951 23785472
201 0.3695 23719936
202 0.2487 23711744
203 0.2987 23728128
204 0.2607 23777280
205 0.247 24084480
206 0.2257 23826432
207 0.2606 23748608
208 0.3336 23814144
209 0.3539 23879680
210 0.26 23875584
211 0.2295 23887872
212 0.2352 24051712
213 0.2263 23908352
214 0.2252 23855104
215 0.2251 23859200
216 0.2228 23875584
217 0.235 23969792
218 0.2265 23834624
219 0.2192 23904256
220 0.224 23842816
221 0.2321 23793664
222 0.2374 23883776
223 0.2301 24236032
224 0.2283 24059904
225 0.2744 23867392
226 0.2927 24072192
227 0.2289 24018944
228 0.2236 23986176
229 0.2231 23945216
230 0.224 23871488
231 0.2279 23969792
232 0.227 24010752
233 0.2224 24068096
234 0.224 24080384
235 0.2253 23928832
236 0.2221 23912448
237 0.23 23920640
238 0.2391 23969792
239 0.2489 23977984
240 0.4275 23957504
241 0.2713 24014848
242 0.2376 24322048
243 0.3287 23990272
244 0.2592 24010752
245 0.2466 24281088
246 0.2268 23977984
247 0.2522 23994368
248 0.2299 24182784
249 0.2252 24084480
250 0.2271 24227840
251 0.2357 23998464
252 0.2327 24092672
253 0.2357 24150016
254 0.2273 23986176
255 0.2347 24231936
256 0.2465 24207360
257 0.2282 24145920
258 0.2305 24518656
259 0.2257 24006656
260 0.3105 24166400
261 0.2661 24113152
262 0.314 24133632
263 0.2577 24248320
264 0.2321 24313856
265 0.2615 24158208
266 0.2666 24133632
267 0.3593 24129536
268 0.3592 24137728
269 0.2658 24141824
270 0.2862 24141824
271 0.2385 24223744
272 0.2287 24141824
273 0.2229 24100864
274 0.2495 24170496
275 0.253 24305664
276 0.2302 24473600
277 0.243 24338432
278 0.244 24227840
279 0.227 24199168
280 0.2357 24416256
281 0.2267 24170496
282 0.2506 24227840
283 0.2316 24330240
284 0.2262 24408064
285 0.2383 24330240
286 0.224 24252416
287 0.2226 24305664
288 0.2291 24313856
289 0.2304 24223744
290 0.2396 24252416
291 0.2255 24195072
292 0.225 24350720
293 0.2281 24510464
294 0.2266 24272896
295 0.2301 24248320
296 0.223 24240128
297 0.2262 24444928
298 0.2402 24510464
299 0.2423 24731648
300 0.5258 24305664
301 0.2854 24567808
302 0.4955 24379392
303 0.2889 24428544
304 0.3314 24358912
305 0.2494 24371200
306 0.2477 24461312
307 0.2715 24584192
308 0.2543 24408064
309 0.2527 24408064
310 0.227 24453120
311 0.2283 24633344
312 0.2369 24608768
313 0.229 24363008
314 0.2309 24551424
315 0.2333 24514560
316 0.2509 24567808
317 0.2859 24559616
318 0.2506 24743936
319 0.2462 24584192
320 0.2906 24555520
321 0.252 24563712
322 0.2443 24694784
323 0.2503 24576000
324 0.2394 24604672
325 0.3437 24518656
326 0.4135 24621056
327 0.2916 24576000
328 0.2657 24489984
329 0.2602 24592384
330 0.3669 24596480
331 0.2997 24514560
332 0.3571 24555520
333 0.3265 24629248
334 0.2915 24641536
335 0.3691 24616960
336 0.2976 24678400
337 0.2258 24494080
338 0.27 24600576
339 0.2341 24715264
340 0.2273 24502272
341 0.2308 24530944
342 0.2275 24530944
343 0.2634 24547328
344 0.2555 24760320
345 0.2497 24903680
346 0.25 24633344
347 0.285 24616960
348 0.3485 24625152
349 0.2544 25006080
350 0.261 24969216
351 0.2676 24801280
352 0.2351 24686592
353 0.2373 24670208
354 0.2331 24612864
355 0.2942 24702976
356 0.2951 24776704
357 0.2385 24764416
358 0.2415 24657920
359 0.228 24637440
360 0.2413 24723456
361 0.2499 24756224
362 0.2379 24788992
363 0.2362 24784896
364 0.2463 24760320
365 0.2464 24797184
366 0.2311 24805376
367 0.2481 24887296
368 0.2445 24829952
369 0.2383 24735744
370 0.2292 24748032
371 0.2415 24895488
372 0.2397 24711168
373 0.2326 24866816
374 0.2421 25010176
375 0.2362 24895488
376 0.2417 24997888
377 0.2364 24776704
378 0.2479 24965120
379 0.2472 24846336
380 0.2369 25358336
381 0.2364 24952832
382 0.2485 24952832
383 0.2555 25333760
384 0.2296 24788992
385 0.2457 24973312
386 0.2383 25006080
387 0.2412 24801280
388 0.231 24977408
389 0.2416 24956928
390 0.2488 24961024
391 0.2395 24961024
392 0.2427 25026560
393 0.2393 25112576
394 0.2364 24965120
395 0.2322 24997888
396 0.2392 25014272
397 0.2433 25182208
398 0.2365 25042944
399 0.2448 24944640
400 0.246 25034752
401 0.2405 25124864
402 0.233 24936448
403 0.2445 25026560
404 0.2373 25100288
405 0.2368 25034752
406 0.2434 25030656
407 0.2463 25030656
408 0.2423 25100288
409 0.2314 25112576
410 0.2505 24973312
411 0.2443 25026560
412 0.2391 25427968
413 0.242 25120768
414 0.2502 25325568
415 0.2691 25313280
416 0.2321 25120768
417 0.2504 25198592
418 0.2375 25153536
419 0.2402 25210880
420 0.241 25182208
421 0.2409 25190400
422 0.2403 25067520
423 0.2307 25161728
424 0.2412 25104384
425 0.2477 25186304
426 0.237 25161728
427 0.2443 25079808
428 0.2389 25124864
429 0.2466 25296896
430 0.2377 25128960
431 0.2463 25075712
432 0.2466 25247744
433 0.2398 25174016
434 0.2394 25255936
435 0.2517 25354240
436 0.2507 25260032
437 0.2345 25276416
438 0.2498 25223168
439 0.2437 25182208
440 0.2394 25255936
441 0.2351 25198592
442 0.2457 25399296
443 0.2457 25309184
444 0.2379 25305088
445 0.2463 25325568
446 0.2445 25350144
447 0.2389 25358336
448 0.2433 25194496
449 0.2393 25452544
450 0.2509 25444352
451 0.2404 25227264
452 0.2396 25337856
453 0.2506 25460736
454 0.2317 25321472
455 0.2479 25292800
456 0.2399 25243648
457 0.2355 25362432
458 0.2429 25243648
459 0.2464 25505792
460 0.2391 25456640
461 0.2397 25460736
462 0.2481 25505792
463 0.2435 25387008
464 0.2313 25427968
465 0.238 25337856
466 0.2437 25473024
467 0.2493 25485312
468 0.2378 25317376
469 0.2576 25567232
470 0.2495 25546752
471 0.2377 25726976
472 0.2506 25681920
473 0.2502 25473024
474 0.2446 25325568
475 0.2437 25591808
476 0.2468 25522176
477 0.2541 25759744
478 0.2527 25579520
479 0.245 25563136
480 0.2436 25391104
481 0.2425 25649152
482 0.2376 25567232
483 0.2479 25620480
484 0.2566 25694208
485 0.2372 25690112
486 0.2457 25554944
487 0.2407 25501696
488 0.2384 25464832
489 0.2447 25591808
490 0.2525 25980928
491 0.2461 25608192
492 0.2401 25567232
493 0.2475 25518080
494 0.2463 25694208
495 0.235 25624576
496 0.2473 25513984
497 0.2437 25489408
498 0.251 25989120
499 0.2399 25948160
500 0.2454 25505792
501 0.2493 25694208
502 0.2355 25501696
503 0.2465 25837568
504 0.2511 25866240
505 0.2464 25743360
506 0.2455 25755648
507 0.2468 25665536
508 0.2513 25554944
509 0.237 25620480
510 0.2562 25694208
511 0.2531 25587712
512 0.2451 25690112
513 0.2464 25817088
514 0.242 25612288
515 0.245 25759744
516 0.2451 25788416
517 0.2541 25804800
518 0.2487 25772032
519 0.2368 25690112
520 0.2562 25829376
521 0.2478 25980928
522 0.2503 25948160
523 0.2448 25939968
524 0.2483 25817088
525 0.2504 25862144
526 0.2476 25980928
527 0.253 26222592
528 0.2528 25964544
529 0.2412 25931776
530 0.2559 25702400
531 0.2446 25743360
532 0.2524 25952256
533 0.2383 25870336
534 0.2502 26013696
535 0.2504 25907200
536 0.2374 25858048
537 0.2557 25841664
538 0.2463 25878528
539 0.2504 26263552
540 0.2428 25886720
541 0.2443 25894912
542 0.2544 25886720
543 0.24 25907200
544 0.2555 25915392
545 0.2449 25767936
546 0.2456 25919488
547 0.246 26001408
548 0.2527 26066944
549 0.2482 25944064
550 0.2429 25964544
551 0.2511 25964544
552 0.2566 25960448
553 0.2416 25833472
554 0.2509 25862144
555 0.253 25976832
556 0.2492 26042368
557 0.2452 26042368
558 0.246 26030080
559 0.2561 26083328
560 0.2399 26198016
561 0.2477 26198016
562 0.2482 26189824
563 0.2404 26193920
564 0.259 26226688
565 0.2461 26189824
566 0.2474 26185728
567 0.2424 26255360
568 0.2564 26226688
569 0.2477 26087424
570 0.244 26087424
571 0.2629 26177536
572 0.2516 26345472
573 0.2387 26226688
574 0.2494 26140672
575 0.2544 26480640
576 0.2472 26308608
577 0.2413 26193920
578 0.2554 26308608
579 0.2468 26136576
580 0.2522 26345472
581 0.2537 26451968
582 0.2555 26189824
583 0.2415 26152960
584 0.2539 26177536
585 0.2453 26320896
586 0.2443 26370048
587 0.2431 26382336
588 0.2485 26333184
589 0.264 26279936
590 0.2393 26386432
591 0.2525 26349568
592 0.2537 26398720
593 0.2426 26349568
594 0.2565 26583040
595 0.2519 26370048
596 0.2456 26464256
597 0.2513 26320896
598 0.2532 26394624
599 0.2522 26275840
600 0.2417 26382336
601 0.257 26374144
602 0.2499 26415104
603 0.2469 26488832
604 0.2571 26476544
605 0.2463 26329088
606 0.2438 26464256
607 0.249 26468352
608 0.264 26554368
609 0.2573 26484736
610 0.2454 26460160
611 0.2592 26533888
612 0.2593 26669056
613 0.2434 26427392
614 0.2566 26398720
615 0.2551 26648576
616 0.2429 26529792
617 0.2545 26501120
618 0.2487 26546176
619 0.2545 26460160
620 0.2453 26439680
621 0.253 26427392
622 0.2517 26533888
623 0.2506 26714112
624 0.2566 26578944
625 0.2534 26415104
626 0.2463 26439680
627 0.2571 26578944
628 0.2575 26484736
629 0.2457 26583040
630 0.2505 26468352
631 0.2508 26624000
632 0.2537 26517504
633 0.2463 26652672
634 0.2503 26615808
635 0.2573 26673152
636 0.2432 26574848
637 0.2687 26722304
638 0.2542 26566656
639 0.2474 26841088
640 0.2514 26644480
641 0.2494 26656768
642 0.2474 26918912
643 0.2577 26562560
644 0.2556 26689536
645 0.2785 26677248
646 0.2454 26685440
647 0.2483 26689536
648 0.2552 26652672
649 0.2456 26570752
650 0.2584 26681344
651 0.2594 26640384
652 0.2438 26718208
653 0.2551 26787840
654 0.2532 26779648
655 0.2596 26685440
656 0.2543 26615808
657 0.2592 27009024
658 0.256 26660864
659 0.2533 26824704
660 0.2526 26845184
661 0.257 26804224
662 0.245 26808320
663 0.2595 26787840
664 0.2558 26812416
665 0.2451 26660864
666 0.2596 26710016
667 0.2547 26677248
668 0.2481 26873856
669 0.2511 26902528
670 0.2605 26861568
671 0.2564 26845184
672 0.246 26853376
673 0.2562 26886144
674 0.2575 26808320
675 0.249 26783744
676 0.2576 26873856
677 0.2739 27070464
678 0.2451 26914816
679 0.259 26779648
680 0.2603 26873856
681 0.2487 26767360
682 0.2538 26927104
683 0.258 26812416
684 0.2572 27336704
685 0.2515 26931200
686 0.2583 26800128
687 0.2546 26865664
688 0.2519 27000832
689 0.2555 26955776
690 0.2642 26947584
691 0.2468 26853376
692 0.2539 26861568
693 0.2538 26980352
694 0.2516 26841088
695 0.2546 27041792
696 0.257 27074560
697 0.2496 26992640
698 0.2561 27017216
699 0.254 26886144
700 0.2589 27033600
701 0.2497 26976256
702 0.2552 27045888
703 0.2612 27033600
704 0.2495 26972160
705 0.2554 26939392
706 0.2648 26955776
707 0.2474 26935296
708 0.2674 27238400
709 0.2625 27131904
710 0.258 27136000
711 0.2635 27000832
712 0.2648 27074560
713 0.2605 27164672
714 0.2555 27123712
715 0.2586 27402240
716 0.2644 27181056
717 0.2493 27029504
718 0.2615 27275264
719 0.2621 27164672
720 0.249 27156480
721 0.2617 27402240
722 0.2599 27099136
723 0.2539 27172864
724 0.2626 27217920
725 0.2642 27123712
726 0.2492 27119616
727 0.2662 27557888
728 0.2565 27201536
729 0.2563 27316224
730 0.2566 27127808
731 0.2595 27107328
732 0.2587 27123712
733 0.2507 27230208
734 0.2707 27512832
735 0.2574 27111424
736 0.2476 27246592
737 0.2652 27389952
738 0.2587 27140096
739 0.251 27279360
740 0.2656 27271168
741 0.2652 27500544
742 0.2492 27246592
743 0.2666 27394048
744 0.2571 27226112
745 0.2517 27332608
746 0.2676 27250688
747 0.2563 27254784
748 0.2581 27422720
749 0.2623 27246592
750 0.258 27258880
751 0.2631 27500544
752 0.2578 27271168
753 0.2663 27344896
754 0.2611 27389952
755 0.2505 27308032
756 0.263 27676672
757 0.2578 27246592
758 0.2492 27398144
759 0.2714 27312128
760 0.2646 27488256
761 0.2494 27361280
762 0.2625 27418624
763 0.2579 27422720
764 0.2636 27566080
765 0.2635 27541504
766 0.2713 27484160
767 0.2548 27361280
768 0.2709 27447296
769 0.2707 27488256
770 0.2596 27648000
771 0.2631 27332608
772 0.2608 27484160
773 0.2535 27484160
774 0.2728 27648000
775 0.267 27590656
776 0.2529 27500544
777 0.2644 27852800
778 0.2636 27435008
779 0.262 27521024
780 0.271 27566080
781 0.2755 27639808
782 0.2586 27598848
783 0.26 27549696
784 0.2613 27590656
785 0.2596 27660288
786 0.2653 27553792
787 0.2612 27598848
788 0.2522 27435008
789 0.2651 27443200
790 0.2598 27541504
791 0.252 27459584
792 0.2637 27660288
793 0.2646 27521024
794 0.2523 27467776
795 0.2679 27926528
796 0.2608 27512832
797 0.2713 27820032
798 0.2649 27619328
799 0.2592 27504640
800 0.2621 27525120