1 0.2087 22065152
2 0.2056 22024192
3 0.2167 21942272
4 0.2057 21970944
5 0.2156 21860352
6 0.215 21954560
7 0.2159 21807104
8 0.2095 21794816
9 0.2114 21807104
10 0.2132 21835776
11 0.2189 22020096
12 0.2228 22077440
13 0.2178 22003712
14 0.2265 22073344
15 0.2261 21966848
16 0.23 22097920
17 0.2286 22392832
18 0.2255 22425600
19 0.2228 22085632
20 0.2305 22155264
21 0.2375 22700032
22 0.232 22392832
23 0.2333 22470656
24 0.243 22630400
25 0.2443 22761472
26 0.251 22745088
27 0.2406 22806528
28 0.2451 22802432
29 0.2429 22802432
30 0.249 22859776
31 0.2477 23150592
32 0.2553 23293952
33 0.2602 23404544
34 0.2563 23498752
35 0.2581 23617536
36 0.2598 23375872
37 0.2634 23523328
38 0.2693 23662592
39 0.2754 23818240
40 0.2657 23752704
41 0.2766 24936448
42 0.2752 25124864
43 0.2734 25059328
44 0.2871 25399296
45 0.2797 25370624
46 0.2815 25481216
47 0.2833 25427968
48 0.2897 25411584
49 0.285 25563136
50 0.2926 25530368
51 0.2916 25677824
52 0.2864 25554944
53 0.2938 25665536
54 0.2985 25829376
55 0.2966 25890816
56 0.3018 25952256
57 0.3044 25894912
58 0.3068 25890816
59 0.3073 26107904
60 0.3113 26054656
61 0.3166 26230784
62 0.3146 26390528
63 0.3134 26386432
64 0.3212 26435584
65 0.3247 26476544
66 0.3255 26345472
67 0.3247 26374144
68 0.3326 26595328
69 0.3358 26619904
70 0.3345 26578944
71 0.3365 26767360
72 0.334 26628096
73 0.3431 26812416
74 0.3353 26714112
75 0.3418 26992640
76 0.3399 26980352
77 0.3454 26996736
78 0.3524 27054080
79 0.3537 27070464
80 0.3504 27127808
81 0.3569 27213824
82 0.3626 27242496
83 0.3628 27533312
84 0.3633 27369472
85 0.3722 27766784
86 0.3704 27369472
87 0.3709 27680768
88 0.3708 27615232
89 0.3837 27824128
90 0.3818 27873280
91 0.3851 27914240
92 0.3904 27758592
93 0.393 27951104
94 0.4001 27930624
95 0.3908 27860992
96 0.4076 28274688
97 0.3991 28016640
98 0.4 28229632
99 0.4083 28286976
100 0.4094 28254208
101 0.4126 28585984
102 0.4232 28688384
103 0.4195 28590080
104 0.4195 28520448
105 0.4257 28549120
106 0.4235 28483584
107 0.4303 28590080
108 0.4272 28647424
109 0.4396 28819456
110 0.435 28872704
111 0.4414 28999680
112 0.4564 28966912
113 0.4415 29048832
114 0.45 29061120
115 0.4586 29286400
116 0.456 29171712
117 0.4648 29224960
118 0.4666 29310976
119 0.4684 29204480
120 0.465 29253632
121 0.4767 29655040
122 0.469 29491200
123 0.4769 29560832
124 0.4843 29659136
125 0.4892 29548544
126 0.4924 29773824
127 0.5047 29691904
128 0.5019 29782016
129 0.5007 29970432
130 0.5108 30044160
131 0.5055 29917184
132 0.5133 30121984
133 0.5745 30142464
134 0.52 30363648
135 0.5233 30400512
136 0.5257 30367744
137 0.5263 30277632
138 0.5307 30302208
139 0.5609 30478336
140 0.5467 30470144
141 0.5416 30584832
142 0.5535 30662656
143 0.5577 30703616
144 0.5568 30703616
145 0.5653 30949376
146 0.5634 30900224
147 0.5681 30953472
148 0.5696 30941184
149 0.5731 31088640
150 0.5861 31117312
151 0.5864 31547392
152 0.5903 31145984
153 0.6046 31322112
154 0.5964 31305728
155 0.6016 31494144
156 0.6086 31518720
157 0.6148 31707136
158 0.6106 31789056
159 0.6295 31870976
160 0.6081 31764480
161 0.6374 31862784
162 0.6368 31997952
163 0.6386 32108544
164 0.6503 32002048
165 0.6463 32120832
166 0.6383 32124928
167 0.6559 32321536
168 0.6608 32079872
169 0.6675 32186368
170 0.6619 32305152
171 0.6717 32337920
172 0.6883 32636928
173 0.6803 32440320
174 0.6855 32530432
175 0.6981 32452608
176 0.6883 32411648
177 0.702 32407552
178 0.703 32391168
179 0.7113 32452608
180 0.7138 32587776
181 0.7298 32927744
182 0.7234 32923648
183 0.7104 32559104
184 0.7392 33013760
185 0.7275 32735232
186 0.7367 32808960
187 0.7466 32960512
188 0.7549 33005568
189 0.7586 32997376
190 0.7784 33427456
191 0.7688 33361920
192 0.766 33189888
193 0.7868 33402880
194 0.7836 33607680
195 0.7759 33566720
196 0.8125 33894400
197 0.8814 33951744
198 0.8832 33918976
199 1.1193 34045952