1 0.0027 3493888
2 0.0023 3502080
3 0.0027 3534848
4 0.0037 3547136
5 0.0022 3522560
6 0.0025 3608576
7 0.0025 3624960
8 0.026 3645440
9 0.0025 3637248
10 0.0389 3637248
11 0.0022 3649536
12 0.0384 3690496
13 0.0024 3690496
14 0.0217 3719168
15 0.0025 3715072
16 0.0336 3735552
17 0.0025 3735552
18 0.0678 3756032
19 0.0026 3784704
20 0.0028 3784704
21 0.0028 3805184
22 0.0029 3817472
23 0.0067 3825664
24 0.0035 3850240
25 0.0321 3899392
26 0.003 3887104
27 0.0383 3915776
28 0.003 3911680
29 0.0031 3923968
30 0.0032 3952640
31 0.0036 3973120
32 0.0032 3969024
33 0.0034 3981312
34 0.0033 3997696
35 0.0045 4022272
36 0.0039 4030464
37 0.0046 4042752
38 0.0059 4063232
39 0.0055 4116480
40 0.0037 4091904
41 0.0042 4104192
42 0.0039 4136960
43 0.0041 4161536
44 0.0038 4165632
45 0.0041 4177920
46 0.0041 4218880
47 0.0044 4206592
48 0.0042 4231168
49 0.0054 4243456
50 0.005 4255744
51 0.0046 4263936
52 0.0069 4296704
53 0.0047 4300800
54 0.0064 4366336
55 0.0045 4345856
56 0.0064 4366336
57 0.0073 4366336
58 0.0053 4390912
59 0.0046 4399104
60 0.0052 4419584
61 0.0047 4435968
62 0.0049 4448256
63 0.0053 4464640
64 0.0049 4481024
65 0.005 4505600
66 0.0051 4538368
67 0.005 4542464
68 0.0051 4554752
69 0.0052 4575232
70 0.0069 4608000
71 0.0061 4612096
72 0.0058 4632576
73 0.0055 4653056
74 0.0068 4665344
75 0.0057 4669440
76 0.0069 4714496
77 0.0057 4706304
78 0.0074 4759552
79 0.0065 4743168
80 0.006 4767744
81 0.0059 4780032
82 0.0063 4800512
83 0.0064 4816896
84 0.0071 4837376
85 0.0062 4849664
86 0.0082 4890624
87 0.0063 4878336
88 0.0092 4952064
89 0.0064 4919296
90 0.0083 4964352
91 0.0065 4956160
92 0.0066 4984832
93 0.0067 5021696
94 0.0086 5013504
95 0.0068 5054464
96 0.0068 5074944
97 0.0069 5079040
98 0.0071 5095424
99 0.0115 5120000
100 0.0089 5169152
101 0.0072 5177344
102 0.0077 5197824
103 0.0078 5206016
104 0.0095 5251072
105 0.0074 5238784
106 0.0095 5304320
107 0.008 5296128
108 0.0097 5341184
109 0.0094 5373952
110 0.0102 5337088
111 0.0099 5373952
112 0.0089 5423104
113 0.0083 5398528
114 0.0081 5431296
115 0.0117 5517312
116 0.009 5533696
117 0.0088 5492736
118 0.0089 5521408
119 0.0098 5566464
120 0.0103 5574656
121 0.0084 5545984
122 0.0091 5562368
123 0.0086 5586944
124 0.0108 5644288
125 0.0088 5623808
126 0.0104 5718016
127 0.0107 5726208
128 0.0112 5677056
129 0.0113 5783552
130 0.01 5722112
131 0.0093 5824512
132 0.0114 5771264
133 0.0094 5791744
134 0.0115 5890048
135 0.0115 5947392
136 0.0103 5840896
137 0.0098 5955584
138 0.0111 5898240
139 0.0121 5984256
140 0.0107 5931008
141 0.0125 6041600
142 0.0116 6062080
143 0.0103 6004736
144 0.0122 6098944
145 0.0103 6041600
146 0.0117 6098944
147 0.0105 6086656
148 0.0113 6098944
149 0.0104 6111232
150 0.0127 6258688
151 0.0105 6139904
152 0.0129 6221824
153 0.0107 6201344
154 0.0131 6230016
155 0.0108 6238208
156 0.0133 6324224
157 0.0113 6361088
158 0.012 6291456
159 0.0113 6307840
160 0.0152 6369280
161 0.0115 6348800
162 0.0135 6438912
163 0.0152 6434816
164 0.0152 6492160
165 0.0153 6496256
166 0.014 6475776
167 0.0145 6549504
168 0.0122 6488064
169 0.0144 6574080
170 0.0122 6520832
171 0.0132 6533120
172 0.0122 6569984
173 0.014 6668288
174 0.0125 6606848
175 0.0147 6619136
176 0.0125 6631424
177 0.0147 6651904
178 0.0161 6746112
179 0.0141 6762496
180 0.0129 6717440
181 0.0152 6819840
182 0.013 6750208
183 0.0155 6758400
184 0.0131 6770688
185 0.0156 6852608
186 0.0134 6828032
187 0.0151 6946816
188 0.0174 6955008
189 0.0139 6959104
190 0.0152 6938624
191 0.0138 6914048
192 0.017 6967296
193 0.0139 6963200
194 0.0165 7020544
195 0.0143 7090176
196 0.0166 7069696
197 0.0143 7024640
198 0.0165 7213056
199 0.0145 7086080
200 0.0146 7237632
201 0.0146 7155712
202 0.0174 7225344
203 0.0165 7245824
204 0.0962 7258112
205 0.0412 7258112
206 0.0152 7270400
207 0.0179 7303168
208 0.0207 7380992
209 0.0154 7323648
210 0.0182 7380992
211 0.0172 7430144
212 0.0198 7421952
213 0.018 7467008
214 0.0181 7471104
215 0.0163 7454720
216 0.0182 7409664
217 0.0188 7548928
218 0.0174 7553024
219 0.0165 7602176