1 0.0022 3514368
2 0.0019 3502080
3 0.0024 3506176
4 0.0023 3518464
5 0.0022 3522560
6 0.0022 3579904
7 0.0024 3592192
8 0.0033 3604480
9 0.0029 3637248
10 0.0023 3637248
11 0.0025 3649536
12 0.0025 3678208
13 0.0025 3739648
14 0.0024 3698688
15 0.0025 3715072
16 0.003 3723264
17 0.0025 3735552
18 0.0025 3756032
19 0.0029 3776512
20 0.0027 3784704
21 0.0042 3805184
22 0.0028 3825664
23 0.003 3825664
24 0.0029 3858432
25 0.0031 3862528
26 0.003 3887104
27 0.0035 3903488
28 0.0031 3919872
29 0.0038 3923968
30 0.0032 3973120
31 0.0034 3964928
32 0.0033 3969024
33 0.0041 3981312
34 0.0033 4005888
35 0.0035 4009984
36 0.0035 4030464
37 0.0038 4042752
38 0.0036 4063232
39 0.0044 4075520
40 0.0037 4100096
41 0.0037 4104192
42 0.0038 4136960
43 0.004 4149248
44 0.0047 4186112
45 0.0054 4177920
46 0.0069 4206592
47 0.0047 4206592
48 0.0041 4231168
49 0.0045 4243456
50 0.0048 4263936
51 0.0042 4263936
52 0.0042 4284416
53 0.0063 4325376
54 0.0045 4333568
55 0.0056 4366336
56 0.0045 4366336
57 0.0049 4378624
58 0.0046 4378624
59 0.0051 4399104
60 0.0049 4419584
61 0.0057 4435968
62 0.0049 4448256
63 0.0053 4464640
64 0.005 4481024
65 0.0061 4505600
66 0.005 4530176
67 0.007 4567040
68 0.0052 4554752
69 0.0053 4567040
70 0.0052 4587520
71 0.0078 4640768
72 0.0054 4632576
73 0.0058 4644864
74 0.0055 4665344
75 0.006 4669440
76 0.0057 4694016
77 0.0072 4726784
78 0.0058 4730880
79 0.0065 4743168
80 0.0059 4759552
81 0.007 4780032
82 0.006 4800512
83 0.0073 4837376
84 0.0063 4849664
85 0.0067 4861952
86 0.0063 4861952
87 0.0084 4898816
88 0.0064 4902912
89 0.0077 4919296
90 0.0065 4943872
91 0.0073 4956160
92 0.0066 4976640
93 0.0083 5017600
94 0.0067 5013504
95 0.0089 5074944
96 0.007 5074944
97 0.0082 5111808
98 0.007 5095424
99 0.0094 5169152
100 0.0071 5152768
101 0.0079 5173248
102 0.0076 5197824
103 0.0091 5218304
104 0.0074 5222400
105 0.008 5238784
106 0.0076 5255168
107 0.009 5304320
108 0.0076 5316608
109 0.0102 5378048
110 0.0076 5337088
111 0.0081 5414912
112 0.0079 5382144
113 0.0099 5480448
114 0.0088 5484544
115 0.009 5513216
116 0.0083 5459968
117 0.011 5533696
118 0.0098 5554176
119 0.0117 5578752
120 0.0085 5545984
121 0.0109 5545984
122 0.0086 5562368
123 0.0104 5648384
124 0.0094 5681152
125 0.0097 5623808
126 0.009 5713920
127 0.01 5677056
128 0.0106 5738496
129 0.0118 5783552
130 0.0093 5722112
131 0.0101 5808128
132 0.0095 5771264
133 0.0094 5791744
134 0.0096 5890048
135 0.0121 5918720
136 0.0095 5840896
137 0.0097 5955584
138 0.0097 5898240
139 0.012 5988352
140 0.0109 6004736
141 0.0126 6041600
142 0.0251 6004736
143 0.0126 6086656
144 0.0117 6131712
145 0.0102 6041600
146 0.0119 6066176
147 0.0104 6086656
148 0.0128 6144000
149 0.0133 6193152
150 0.0135 6230016
151 0.0144 6234112
152 0.0107 6184960
153 0.011 6201344
154 0.0111 6209536
155 0.0113 6238208
156 0.015 6303744
157 0.014 6361088
158 0.0143 6373376
159 0.0143 6397952
160 0.0114 6316032
161 0.0116 6438912
162 0.0137 6463488
163 0.0116 6389760
164 0.0144 6479872
165 0.0124 6422528
166 0.0119 6553600
167 0.0122 6475776
168 0.0129 6569984
169 0.0154 6590464
170 0.0131 6586368
171 0.0124 6533120
172 0.0147 6664192
173 0.0123 6590464
174 0.0138 6635520
175 0.0126 6627328
176 0.0129 6750208
177 0.0134 6643712
178 0.013 6762496
179 0.0129 6692864
180 0.0169 6791168
181 0.0131 6721536
182 0.017 6840320
183 0.0167 6844416
184 0.0153 6770688
185 0.0152 6795264
186 0.0135 6828032
187 0.0163 6873088
188 0.0136 6864896
189 0.0137 6959104
190 0.0138 6901760
191 0.0176 7004160
192 0.0141 6946816
193 0.0147 7057408
194 0.0149 7061504
195 0.0144 7094272
196 0.0145 7110656
197 0.0146 7127040
198 0.0186 7176192
199 0.0156 7135232
200 0.0166 7139328
201 0.0148 7155712
202 0.0158 7237632
203 0.0188 7307264
204 0.0193 7286784
205 0.0193 7364608
206 0.0162 7270400
207 0.0168 7360512
208 0.0155 7401472
209 0.0199 7430144
210 0.0167 7421952
211 0.0174 7438336
212 0.0204 7462912
213 0.016 7495680
214 0.0171 7495680
215 0.018 7372800
216 0.0217 7503872
217 0.0162 7593984
218 0.0182 7565312
219 0.0169 7581696