1 0.0047 8728576
2 0.1059 8773632
3 0.0076 8798208
4 0.0063 8855552
5 0.0095 8888320
6 0.011 8925184
7 0.0102 8949760
8 0.0094 9027584
9 0.0123 9056256
10 0.0116 9101312
11 0.0118 9150464
12 0.0128 9203712
13 0.016 9322496
14 0.0151 9277440
15 0.0178 9359360
16 0.0171 9388032
17 0.0232 9494528
18 0.0204 9502720
19 0.0202 9506816
20 0.0222 9543680
21 0.0229 9621504
22 0.026 9691136
23 0.0224 9670656
24 0.0256 9789440
25 0.0271 9822208
26 0.0271 9818112
27 0.0289 9887744
28 0.0305 9945088
29 0.0349 10022912
30 0.0364 10051584
31 0.0339 10108928
32 0.0374 10141696
33 0.0321 10158080
34 0.0378 10227712
35 0.0435 10252288
36 0.0392 10301440
37 0.0372 10285056
38 0.0413 10366976
39 0.0384 10424320
40 0.0382 10461184
41 0.0394 10477568
42 0.0419 10600448
43 0.0502 10534912
44 0.0467 10657792
45 0.0431 10657792
46 0.0529 10735616
47 0.0525 10805248
48 0.0473 10797056
49 0.0536 10919936
50 0.055 10940416
51 0.0558 10952704
52 0.0551 11087872
53 0.0594 11137024
54 0.0536 11128832
55 0.058 11169792
56 0.0505 11198464
57 0.0543 11304960
58 0.0621 11345920
59 0.055 11333632
60 0.0617 11444224
61 0.0633 11411456
62 0.0641 11411456
63 0.0586 11522048
64 0.0697 11526144
65 0.065 11649024
66 0.0721 11681792
67 0.0718 11644928
68 0.073 11710464
69 0.0702 11747328
70 0.0698 11862016
71 0.0792 11849728
72 0.0684 11849728
73 0.0743 11907072
74 0.0728 11943936
75 0.0817 12103680
76 0.0716 11960320
77 0.0801 12079104
78 0.0837 12201984
79 0.08 12242944
80 0.0767 12292096
81 0.0813 12165120
82 0.0776 12271616
83 0.0746 12255232
84 0.0813 12419072
85 0.0823 12410880
86 0.0809 12382208
87 0.0889 12451840
88 0.0866 12570624
89 0.0871 12517376
90 0.0827 12554240
91 0.087 12632064
92 0.0941 12783616
93 0.0812 12861440
94 0.0999 12910592
95 0.0904 12922880
96 0.0966 12918784
97 0.0924 13021184
98 0.092 12980224
99 0.1058 13074432
100 0.1038 13107200
101 0.0985 13172736
102 0.101 13189120
103 0.1083 13234176
104 0.1148 13271040
105 0.1093 13307904
106 0.1 13455360
107 0.1067 13484032
108 0.1022 13402112
109 0.1085 13463552
110 0.1101 13582336
111 0.1105 13553664
112 0.1109 13619200
113 0.1189 13660160
114 0.1138 13709312
115 0.1171 13721600
116 0.1208 13893632
117 0.1264 13930496
118 0.1198 13967360
119 0.1098 13905920
120 0.1126 14032896
121 0.1221 14057472
122 0.1195 14049280
123 0.1187 14127104
124 0.1204 14139392
125 0.1278 14131200
126 0.131 14245888
127 0.1293 14274560
128 0.1341 14307328
129 0.1255 14340096
130 0.1218 14356480
131 0.1268 14467072
132 0.1293 14540800
133 0.1366 14499840
134 0.1537 14512128
135 0.1347 14606336
136 0.1294 14643200
137 0.1337 14733312
138 0.1349 14721024
139 0.1399 14761984
140 0.144 14782464
141 0.1566 14864384
142 0.1542 14868480
143 0.1403 14872576
144 0.1384 14897152
145 0.1446 14995456
146 0.1387 15122432
147 0.156 15110144
148 0.1489 15134720
149 0.146 15183872
150 0.1564 15216640
151 0.158 15273984
152 0.136 15339520
153 0.1519 15319040
154 0.1538 15433728
155 0.1477 15433728
156 0.1474 15441920
157 0.1579 15593472
158 0.1484 15523840
159 0.1542 15593472
160 0.1604 15650816
161 0.1495 15593472
162 0.1654 15712256
163 0.1595 15765504
164 0.1452 15904768
165 0.1598 15769600
166 0.1444 15835136
167 0.1687 15929344
168 0.1728 15945728
169 0.1775 15994880
170 0.1659 15994880
171 0.1628 16117760
172 0.1725 16130048
173 0.1774 16195584
174 0.1801 16203776
175 0.1666 16261120
176 0.1705 16273408
177 0.1788 16314368
178 0.168 16289792
179 0.1812 16388096
180 0.1711 16568320
181 0.1828 16490496
182 0.1755 16527360
183 0.1804 16596992
184 0.1775 16572416
185 0.1731 16650240
186 0.1877 16748544
187 0.1789 16900096
188 0.1921 16936960
189 0.1843 16969728
190 0.1885 16986112
191 0.1873 17051648
192 0.1938 17096704
193 0.1844 17149952
194 0.1996 17170432
195 0.1973 17190912
196 0.193 17289216
197 0.1855 17330176
198 0.2075 17358848
199 0.1947 17399808
200 0.208 17420288
201 0.1989 17428480
202 0.1885 17436672
203 0.1964 17494016
204 0.1984 17608704
205 0.2047 17637376
206 0.202 17674240
207 0.2011 17752064
208 0.206 17817600
209 0.213 17817600
210 0.2253 17895424
211 0.2137 17887232
212 0.2041 17924096
213 0.2038 17993728
214 0.1988 18010112
215 0.213 18100224
216 0.219 18067456
217 0.2076 18165760
218 0.2177 18198528
219 0.2095 18251776
220 0.2255 18268160
221 0.2267 18255872
222 0.219 18427904
223 0.2202 18501632
224 0.214 18329600
225 0.2234 18411520
226 0.2121 18604032
227 0.2268 18628608
228 0.2305 18624512
229 0.2287 18599936
230 0.227 18702336
231 0.2364 18780160
232 0.2303 18771968
233 0.2326 18849792
234 0.2226 18944000
235 0.2239 18939904
236 0.2162 18968576
237 0.2168 18960384
238 0.2378 19054592
239 0.2402 19124224
240 0.239 19177472
241 0.2505 19193856
242 0.2433 19234816
243 0.2414 19251200
244 0.2351 19353600
245 0.2428 19378176
246 0.2401 19460096
247 0.2419 19398656
248 0.2562 19529728
249 0.2486 19550208
250 0.242 19582976
251 0.248 19644416
252 0.2484 19693568
253 0.245 19697664
254 0.2437 19668992
255 0.2566 19845120
256 0.2407 19865600
257 0.259 19845120
258 0.2519 19857408
259 0.2625 19853312
260 0.2648 20021248
261 0.2451 20066304
262 0.2576 19881984
263 0.274 20148224
264 0.2474 20058112
265 0.2516 20062208
266 0.275 20246528
267 0.2747 20213760
268 0.2745 20303872
269 0.2618 20365312
270 0.2702 20426752
271 0.2708 20467712
272 0.2577 20377600
273 0.2683 20430848
274 0.2629 20480000
275 0.273 20606976
276 0.2753 20557824
277 0.2547 20582400
278 0.2685 20688896
279 0.2933 20799488
280 0.2694 20803584
281 0.2778 20824064
282 0.2793 20926464
283 0.2691 20934656
284 0.2778 21000192
285 0.283 21032960
286 0.286 21118976
287 0.2781 21143552
288 0.2701 21106688
289 0.2954 21200896
290 0.2888 21204992
291 0.288 21307392
292 0.3041 21352448
293 0.2751 21213184
294 0.2898 21381120
295 0.3015 21454848
296 0.2985 21446656
297 0.3063 21471232
298 0.2965 21594112
299 0.2977 21569536
300 0.31 21590016