1 0.0414 11116544
2 0.0495 11345920
3 0.0527 11456512
4 0.0513 11632640
5 0.0595 11796480
6 0.0635 11968512
7 0.0631 12185600
8 0.0668 12365824
9 0.0733 12488704
10 0.0735 12652544
11 0.078 12828672
12 0.082 12976128
13 0.0841 13144064
14 0.0894 13316096
15 0.0923 13496320
16 0.0981 13660160
17 0.102 13840384
18 0.1028 14000128
19 0.1102 14188544
20 0.1136 14376960
21 0.1314 14557184
22 0.117 14696448
23 0.1249 14839808
24 0.1252 14999552
25 0.1273 15183872
26 0.1388 15351808
27 0.1355 15519744
28 0.1476 15679488
29 0.1485 15863808
30 0.1477 16027648
31 0.1538 16187392
32 0.1601 16355328
33 0.159 16527360
34 0.1732 16691200
35 0.1652 16846848
36 0.1695 17006592
37 0.1745 17170432
38 0.1767 17334272
39 0.1826 17506304
40 0.1861 17694720
41 0.1884 17899520
42 0.1904 18051072
43 0.1945 18186240
44 0.1977 18386944
45 0.2016 18583552
46 0.2063 18743296
47 0.2124 18894848
48 0.2148 19034112
49 0.2168 19181568
50 0.2237 19369984
51 0.2277 19550208
52 0.2296 19726336
53 0.2319 19890176
54 0.2366 20062208
55 0.2411 20205568
56 0.2476 20381696
57 0.2477 20582400
58 0.2743 20766720
59 0.2532 20910080
60 0.2581 21053440
61 0.2621 21245952
62 0.2672 21405696
63 0.2745 21569536
64 0.2779 21770240
65 0.2805 21897216
66 0.2867 21950464
67 0.2829 22220800
68 0.2854 22364160
69 0.2963 22433792
70 0.2944 22732800
71 0.2972 22876160
72 0.2988 23060480
73 0.3081 23080960
74 0.3091 23384064
75 0.3182 23535616
76 0.3191 23707648
77 0.3218 23863296
78 0.3241 24010752
79 0.3311 24182784
80 0.3315 24412160
81 0.3353 24584192
82 0.3398 24743936
83 0.3435 24891392
84 0.3465 25059328
85 0.3586 25284608
86 0.3637 25567232
87 0.3634 25579520
88 0.368 25993216
89 0.3675 25952256
90 0.3721 25989120
91 0.3742 26271744
92 0.3776 26435584
93 0.3828 26558464
94 0.3854 26742784
95 0.3932 26791936
96 0.3964 27291648
97 0.3968 27254784
98 0.4056 27525120
99 0.404 27582464
100 0.4099 27738112
101 0.4156 28090368
102 0.4182 28082176
103 0.4204 28286976
104 0.4273 28438528
105 0.4364 28626944
106 0.4313 28803072
107 0.4367 28925952
108 0.4432 29122560
109 0.4431 28762112
110 0.4562 29470720
111 0.4548 29077504
112 0.4552 29777920
113 0.4602 29405184
114 0.4698 30089216
115 0.4695 30232576
116 0.4764 30519296
117 0.4791 30666752
118 0.4773 30797824
119 0.4791 30961664
120 0.4858 30609408
121 0.4915 31272960
122 0.4971 31457280
123 0.5003 31793152
124 0.5031 31887360
125 0.5083 31944704
126 0.5054 32116736
127 0.5125 32280576
128 0.517 32432128
129 0.5153 32612352
130 0.5256 32768000
131 0.5304 32411648
132 0.529 33095680
133 0.539 33259520
134 0.5467 33427456
135 0.5406 33583104
136 0.5411 33759232
137 0.5499 33939456
138 0.5563 33615872
139 0.5591 34250752
140 0.5648 33894400
141 0.5595 34582528
142 0.5628 34754560
143 0.5712 34398208
144 0.5696 35082240
145 0.5925 35397632
146 0.5875 35405824
147 0.6019 35581952
148 0.5908 35725312
149 0.5899 35356672
150 0.5969 36048896
151 0.6013 36225024
152 0.6024 36380672
153 0.6077 36569088
154 0.6214 36188160
155 0.6148 36892672
156 0.6208 36802560
157 0.6302 36737024
158 0.6457 36995072
159 0.6302 37011456
160 0.6331 37752832
161 0.6415 38002688
162 0.6561 38207488
163 0.6456 37822464
164 0.6574 38830080
165 0.6723 38989824
166 0.6555 38821888
167 0.6721 38957056
168 0.666 39141376
169 0.6694 39305216
170 0.6746 39469056
171 0.6786 39628800
172 0.6843 39772160
173 0.6832 39411712
174 0.6877 40099840
175 0.6935 40550400
176 0.7078 40751104
177 0.7052 40841216
178 0.7124 40984576
179 0.7114 41136128
180 0.7256 41357312
181 0.7102 41418752
182 0.7185 41082880
183 0.7282 41783296
184 0.7343 41955328
185 0.7335 42094592
186 0.7383 42242048
187 0.7419 41873408
188 0.7509 42536960
189 0.7499 42164224
190 0.754 42864640
191 0.7641 43069440
192 0.7618 43208704
193 0.7718 43450368
194 0.76 43036672
195 0.8777 44118016
196 0.7798 43819008
197 0.7804 44003328
198 0.8079 44105728
199 0.7974 44363776
200 0.7967 44879872
201 0.8032 44691456
202 0.8345 44920832
203 0.8052 44507136
204 0.8089 44630016
205 0.8171 44916736
206 0.8162 45584384
207 0.9581 45932544
208 0.9012 46305280
209 0.8321 46075904
210 0.8368 46235648
211 0.8357 46391296
212 0.8517 46559232
213 0.8495 46751744
214 0.8538 47190016
215 0.8478 46542848
216 0.8637 46993408
217 0.8631 46993408
218 0.8752 47419392
219 0.8864 47218688
220 0.8662 47345664
221 0.8765 47517696
222 0.8793 47734784
223 0.883 47849472
224 0.9065 48017408
225 0.899 48304128
226 0.895 48349184
227 0.8921 48513024
228 0.8988 48664576
229 0.91 48369664
230 0.9212 49352704
231 0.9093 49315840
232 0.9132 49463296
233 0.9186 49119232
234 0.9203 50245632
235 0.9296 49958912
236 0.9382 50057216
237 0.9435 50728960
238 0.9428 50393088
239 0.9471 50561024
240 0.9532 50868224
241 0.9582 50876416
242 0.9536 51060736
243 0.9566 50692096
244 0.9721 51380224
245 0.967 51159040
246 0.9824 51703808
247 0.9807 51867648
248 0.9684 51503104
249 0.9711 51691520
250 0.9785 52363264
251 0.9856 52523008
252 0.9931 52576256
253 0.9954 52600832
254 0.9971 52629504
255 1.0089 52649984
256 1.0096 52817920
257 1.0044 52977664
258 1.0257 53407744
259 1.0189 53313536
260 1.0283 53497856
261 1.0413 54038528
262 1.0347 53800960
263 1.0222 53968896
264 1.0335 54120448
265 1.0424 54333440
266 1.0777 54452224
267 1.0822 55095296
268 1.0716 54804480
269 1.0511 54947840
270 1.0458 55140352
271 1.0548 55234560
272 1.0697 55926784
273 1.0849 55590912
274 1.0661 55721984
275 1.0704 55914496
276 1.0754 56078336
277 1.0885 56246272
278 1.0887 56434688
279 1.0898 56602624
280 1.092 56737792
281 1.1093 56926208
282 1.1004 57057280
283 1.0993 57257984
284 1.1136 57573376
285 1.1308 57614336
286 1.1085 57749504
287 1.1369 58179584
288 1.1189 58081280
289 1.133 58236928
290 1.13 58925056
291 1.1398 58793984
292 1.1288 58728448
293 1.1453 58892288
294 1.1408 59064320
295 1.1465 59736064
296 1.1535 59355136
297 1.1523 59543552
298 1.1671 59707392
299 1.1639 59875328
300 1.1726 60035072