1 0.0035 8568832
2 0.0052 8617984
3 0.0061 8667136
4 0.0095 8716288
5 0.0085 8798208
6 0.0084 8826880
7 0.0089 8888320
8 0.0122 8941568
9 0.0122 8982528
10 0.0131 9060352
11 0.0134 9129984
12 0.0181 9170944
13 0.0204 9211904
14 0.02 9240576
15 0.0238 9342976
16 0.0268 9392128
17 0.0221 9494528
18 0.0246 9490432
19 0.0256 9535488
20 0.0289 9613312
21 0.0241 9654272
22 0.0246 9703424
23 0.0295 9826304
24 0.0289 9826304
25 0.0279 9883648
26 0.0295 9912320
27 0.0349 10055680
28 0.0314 10014720
29 0.0326 10092544
30 0.0323 10137600
31 0.0336 10199040
32 0.0433 10227712
33 0.0358 10317824
34 0.0369 10342400
35 0.0387 10416128
36 0.0428 10502144
37 0.0432 10514432
38 0.0488 10563584
39 0.0453 10641408
40 0.0467 10719232
41 0.0448 10731520
42 0.0496 10842112
43 0.0504 11010048
44 0.048 10944512
45 0.0561 10989568
46 0.0549 11046912
47 0.0529 11091968
48 0.0526 11190272
49 0.0524 11198464
50 0.0516 11235328
51 0.0542 11317248
52 0.0632 11395072
53 0.0565 11440128
54 0.0587 11485184
55 0.0573 11538432
56 0.06 11522048
57 0.0594 11591680
58 0.0642 11640832
59 0.0615 11771904
60 0.0646 11776000
61 0.0645 11874304
62 0.065 11948032
63 0.0725 11968512
64 0.0658 12017664
65 0.0681 12087296
66 0.0663 12107776
67 0.0676 12095488
68 0.0698 12218368
69 0.0695 12177408
70 0.0752 12333056
71 0.0736 12324864
72 0.0792 12460032
73 0.0761 12423168
74 0.0824 12562432
75 0.0764 12623872
76 0.0797 12656640
77 0.0781 12640256
78 0.0885 12709888
79 0.0867 12808192
80 0.082 12865536
81 0.0819 12865536
82 0.0841 12967936
83 0.085 13029376
84 0.0856 13012992
85 0.0848 13070336
86 0.0877 13180928
87 0.0927 13156352
88 0.0869 13291520
89 0.0922 13406208
90 0.0978 13426688
91 0.0932 13402112
92 0.0895 13398016
93 0.0941 13541376
94 0.0948 13484032
95 0.0949 13602816
96 0.1037 13643776
97 0.104 13774848
98 0.1006 13795328
99 0.0993 13754368
100 0.1035 13856768
101 0.1007 13955072
102 0.1025 13967360
103 0.1066 14094336
104 0.1053 14159872
105 0.1093 14303232
106 0.1047 14217216
107 0.1072 14286848
108 0.1081 14290944
109 0.1128 14319616
110 0.1071 14389248
111 0.1128 14434304
112 0.1193 14520320
113 0.1167 14618624
114 0.1121 14540800
115 0.1133 14618624
116 0.1142 14721024
117 0.1155 14770176
118 0.118 14839808
119 0.1188 14856192
120 0.1252 14966784
121 0.1213 15003648
122 0.1259 15085568
123 0.1234 15052800
124 0.124 15220736
125 0.1245 15220736
126 0.1245 15302656
127 0.1298 15343616
128 0.1273 15392768
129 0.1279 15392768
130 0.138 15429632
131 0.1298 15478784
132 0.1345 15556608
133 0.1376 15618048
134 0.1364 15667200
135 0.1354 15663104
136 0.1426 15745024
137 0.1341 15867904
138 0.1436 15904768
139 0.1473 16023552
140 0.1469 16117760
141 0.1542 16187392
142 0.1397 16105472
143 0.1407 16236544
144 0.1459 16220160
145 0.1454 16396288
146 0.1512 16510976
147 0.1522 16490496
148 0.151 16453632
149 0.1469 16535552
150 0.1574 16748544
151 0.1553 16637952
152 0.1607 16650240
153 0.1589 16916480
154 0.16 16814080
155 0.1555 16994304
156 0.1567 16932864
157 0.1617 16973824
158 0.1642 16941056
159 0.156 17068032
160 0.1598 17125376
161 0.1671 17174528
162 0.1659 17170432
163 0.1641 17285120
164 0.1664 17260544
165 0.1635 17297408
166 0.1689 17453056
167 0.1682 17412096
168 0.1663 17481728
169 0.1835 17612800
170 0.1666 17604608
171 0.1745 17711104
172 0.1705 17752064
173 0.1727 17801216
174 0.1719 17850368
175 0.1734 17895424
176 0.1749 17969152
177 0.1777 17956864
178 0.1806 18092032
179 0.1808 18124800
180 0.1901 18165760
181 0.2014 18210816
182 0.18 18173952
183 0.181 18272256
184 0.192 18358272
185 0.1923 18481152
186 0.1809 18403328
187 0.1852 18444288
188 0.1868 18628608
189 0.1905 18534400
190 0.1877 18636800
191 0.1969 18812928
192 0.1881 18595840
193 0.1965 18792448
194 0.192 18784256
195 0.1907 18792448
196 0.1939 18980864
197 0.1985 18964480
198 0.2126 19091456
199 0.1975 19087360
200 0.2036 19099648
201 0.2019 19005440
202 0.2061 19251200
203 0.2083 19369984
204 0.213 19488768
205 0.203 19525632
206 0.21 19386368
207 0.2085 19623936
208 0.2135 19791872
209 0.2138 19673088
210 0.2135 19783680
211 0.2153 19902464
212 0.2145 19812352
213 0.215 19927040
214 0.2149 19898368
215 0.2192 19972096
216 0.2169 20082688
217 0.2224 20123648
218 0.2194 20107264
219 0.2232 20226048
220 0.2198 20234240
221 0.22 20234240
222 0.2282 20381696
223 0.2216 20336640
224 0.2294 20463616
225 0.2231 20447232
226 0.2245 20557824
227 0.2254 20553728
228 0.2275 20488192
229 0.2319 20733952
230 0.2281 20701184
231 0.2356 20942848
232 0.2297 20738048
233 0.2327 20799488
234 0.2372 21045248
235 0.2388 21168128
236 0.2358 20918272
237 0.2401 21245952
238 0.2385 21245952
239 0.2371 21221376
240 0.2417 21360640
241 0.2455 21364736
242 0.2494 21381120
243 0.2385 21323776
244 0.2467 21569536
245 0.2419 21516288
246 0.248 21622784
247 0.2577 21766144
248 0.246 21782528
249 0.2474 21643264
250 0.2484 21913600
251 0.2473 21708800
252 0.2565 21839872
253 0.2509 22020096
254 0.259 21884928
255 0.2536 22102016
256 0.2544 22073344
257 0.262 22364160
258 0.2577 22245376
259 0.2553 22224896
260 0.2574 22396928
261 0.2591 22392832
262 0.2705 22454272
263 0.2598 22294528
264 0.2671 22581248
265 0.2732 22618112
266 0.2657 22626304
267 0.2616 22618112
268 0.2675 22773760
269 0.2675 22810624
270 0.2682 22863872
271 0.2709 22835200
272 0.2807 22999040
273 0.2781 23154688
274 0.2777 22925312
275 0.2697 23113728
276 0.278 23097344
277 0.2783 23195648
278 0.2807 23355392
279 0.2777 23404544
280 0.2808 23412736
281 0.2794 23339008
282 0.2796 23613440
283 0.2812 23592960
284 0.2843 23719936
285 0.2866 23756800
286 0.2843 23932928
287 0.2889 23851008
288 0.2872 23904256
289 0.2937 23965696
290 0.2915 24121344
291 0.293 24064000
292 0.2914 24129536
293 0.297 24272896
294 0.2994 24215552
295 0.3048 24186880
296 0.3033 24444928
297 0.3104 24555520
298 0.3347 24387584
299 0.305 24514560
300 0.3066 24580096