1 0.2125 21618688
2 0.1968 21929984
3 0.1971 22073344
4 0.2105 22200320
5 0.2082 22441984
6 0.2179 22650880
7 0.2186 22867968
8 0.2178 22974464
9 0.2365 23613440
10 0.2458 23543808
11 0.2316 23629824
12 0.2486 23805952
13 0.2646 24088576
14 0.2468 24195072
15 0.2434 24330240
16 0.2489 24530944
17 0.2564 24891392
18 0.2507 24829952
19 0.2589 25157632
20 0.2572 25202688
21 0.2959 25530368
22 0.2713 25808896
23 0.2804 26005504
24 0.2768 26013696
25 0.2805 26406912
26 0.2867 26398720
27 0.2975 26697728
28 0.2966 26898432
29 0.3074 27209728
30 0.3337 27271168
31 0.3154 27484160
32 0.3113 27705344
33 0.3195 27987968
34 0.3369 28397568
35 0.3306 28368896
36 0.3228 28491776
37 0.3368 28635136
38 0.3298 28700672
39 0.3424 29147136
40 0.3456 29151232
41 0.3511 29458432
42 0.3485 29466624
43 0.3507 29667328
44 0.355 29822976
45 0.3659 30203904
46 0.3638 30343168
47 0.3724 30396416
48 0.3812 30834688
49 0.3798 31113216
50 0.3839 31080448
51 0.3843 31387648
52 0.4014 31604736
53 0.3978 31698944
54 0.3966 31760384
55 0.4067 31997952
56 0.4146 32194560
57 0.4119 32346112
58 0.4302 32845824
59 0.4245 32841728
60 0.4367 33148928
61 0.4302 33349632
62 0.4408 33636352
63 0.4335 33751040
64 0.4389 33730560
65 0.4549 34201600
66 0.4518 34340864
67 0.4511 34500608
68 0.4607 34504704
69 0.4615 34656256
70 0.4658 34930688
71 0.4675 35135488
72 0.4716 35459072
73 0.4762 35438592
74 0.4851 35745792
75 0.4863 35885056
76 0.4888 36024320
77 0.5296 36327424
78 0.5244 36671488
79 0.5263 36720640
80 0.5181 36794368
81 0.5186 37105664
82 0.5334 37523456
83 0.5445 37445632
84 0.5221 37535744
85 0.5539 37789696
86 0.5392 38047744
87 0.568 38121472
88 0.5448 38543360
89 0.5396 38461440
90 0.5522 38817792
91 0.5552 38866944
92 0.5517 39153664
93 0.5515 39280640
94 0.5648 39559168
95 0.5577 39665664
96 0.5751 40087552
97 0.59 40484864
98 0.6179 40620032
99 0.5832 40787968
100 0.5962 40865792
101 0.5923 40906752
102 0.5946 41078784
103 0.6339 41472000
104 0.609 41693184
105 0.6579 41725952
106 0.6292 42295296
107 0.7142 41984000
108 0.714 42377216
109 0.6821 42491904
110 0.6378 42901504
111 0.6493 42934272
112 0.6385 42971136
113 0.6381 43053056
114 0.6724 43241472
115 0.7238 43962368
116 0.7313 44003328
117 0.6852 44093440
118 0.7392 44376064
119 0.7022 44462080
120 0.7217 44826624
121 0.7006 44810240
122 0.7346 44969984
123 0.6844 45146112
124 0.6907 45305856
125 0.702 45547520
126 0.6895 45613056
127 0.6927 45760512
128 0.7003 46186496
129 0.7047 46407680
130 0.7089 46620672
131 0.7152 46829568
132 0.7253 47030272
133 0.7285 47222784
134 0.7292 47312896
135 0.7547 47505408
136 0.734 47788032
137 0.7541 48050176
138 0.7696 48537600
139 0.8127 48349184
140 0.7691 48848896
141 0.7557 48713728
142 0.7799 48771072
143 0.7817 49242112
144 0.8085 49299456
145 0.8772 49598464
146 0.8116 50032640
147 0.8701 50053120
148 0.8248 50073600
149 0.8287 50102272
150 0.8221 50388992
151 0.9293 50593792
152 0.9324 50933760
153 0.8912 51032064
154 0.8769 51257344
155 0.8832 51359744
156 1.1743 51589120
157 0.961 51679232
158 0.8553 51937280
159 0.8472 52011008
160 0.8378 52592640
161 0.9061 52727808
162 0.9529 52846592
163 0.8841 52871168
164 0.9304 53137408
165 0.891 53522432
166 0.8973 53448704
167 0.9489 53235712
168 0.9201 53563392
169 1.0228 53469184
170 0.9887 53649408
171 0.973 54124544
172 0.9645 54054912
173 1.0001 54259712
174 0.9999 54448128
175 0.9602 54591488
176 0.9664 54816768
177 0.9925 54992896
178 0.958 55091200
179 0.9684 55599104
180 0.9444 55824384
181 0.959 56209408
182 1.1567 55894016
183 1.064 56107008
184 1.0008 56340480
185 1.0212 56455168
186 0.9869 56528896
187 0.9935 57008128
188 1.2001 57036800
189 1.0918 57204736
190 1.0674 57339904
191 1.1152 57790464
192 1.018 57884672
193 1.0591 57884672
194 1.0204 58535936
195 1.0024 58351616
196 0.9993 58568704
197 1.0369 58675200
198 1.0252 58863616
199 1.0338 59187200
200 1.0195 59301888
201 1.0338 59777024
202 1.0455 59772928
203 1.0864 59863040
204 1.1003 60301312
205 1.1672 60362752
206 1.1879 60649472
207 1.2006 60846080
208 1.2299 60936192
209 1.2247 61042688
210 1.104 61296640
211 1.1233 61407232
212 1.1382 61706240
213 1.1386 61857792
214 1.1203 62304256
215 1.1346 62201856
216 1.152 62443520
217 1.1404 62484480
218 1.1341 62840832
219 1.1261 62799872
220 1.2059 63123456
221 1.1496 63176704
222 1.1593 63754240
223 1.1856 63471616
224 1.1954 63545344
225 1.1511 63692800
226 1.1524 63709184
227 1.1738 63995904
228 1.3252 64000000
229 1.3137 64192512
230 1.2126 64532480
231 1.2043 64749568
232 1.2257 65277952
233 1.2047 65064960
234 1.2388 65531904
235 1.2128 65798144
236 1.2126 65982464
237 1.3076 66084864
238 1.2513 66154496
239 1.2616 66306048
240 1.2375 66572288
241 1.2576 66650112
242 1.2646 66691072
243 1.2838 67309568
244 1.2331 67035136
245 1.2379 67293184
246 1.2939 67796992
247 1.3464 67698688
248 1.3644 67878912
249 1.3536 68251648
250 1.3404 68210688
251 1.3457 68521984
252 1.2968 68644864
253 1.3717 68833280
254 1.3437 69013504
255 1.4372 69120000
256 1.3453 69591040
257 1.3194 69824512
258 1.3923 69910528
259 1.3408 70123520
260 1.3136 70471680
261 1.2886 70680576
262 1.3282 70561792
263 1.3169 71360512
264 1.3354 71225344
265 1.3772 71311360
266 1.4315 71725056
267 1.3735 71856128
268 1.4038 72351744
269 1.464 72650752
270 1.4214 72568832
271 1.6327 72712192
272 1.5151 72929280
273 1.4251 73068544
274 1.4053 73236480
275 1.5188 73551872
276 1.4196 74039296
277 1.3984 73957376
278 1.3895 74321920
279 1.4007 74473472
280 1.384 74866688
281 3.4675 74911744
282 1.4132 74768384
283 1.4158 75210752
284 1.4132 75526144
285 1.432 75448320
286 1.4167 75857920
287 1.4462 76079104
288 1.4151 76382208
289 1.461 76124160
290 1.5044 76410880
291 1.5911 76521472
292 1.4996 76730368
293 1.6199 77037568
294 1.5778 77213696
295 1.6252 77344768
296 1.4766 77484032
297 1.5439 77697024
298 1.5495 77901824
299 1.5616 78356480
300 1.5901 78200832