1 0.1877 21532672
2 0.2077 21929984
3 0.2043 22069248
4 0.2218 22401024
5 0.2335 22396928
6 0.2392 22761472
7 0.2125 22835200
8 0.2411 22933504
9 0.2234 23138304
10 0.2438 23302144
11 0.2431 23670784
12 0.2706 23973888
13 0.2468 24203264
14 0.2534 24313856
15 0.2572 24616960
16 0.2578 24584192
17 0.2715 24829952
18 0.2654 24850432
19 0.2736 25149440
20 0.2839 25239552
21 0.2824 25432064
22 0.2815 25817088
23 0.2925 26099712
24 0.3098 26415104
25 0.2871 26378240
26 0.3015 26406912
27 0.3204 26718208
28 0.316 27316224
29 0.3569 27086848
30 0.3174 27381760
31 0.3186 27484160
32 0.3417 28004352
33 0.3281 27971584
34 0.3302 28020736
35 0.3257 28286976
36 0.3452 28467200
37 0.3519 28540928
38 0.3392 29143040
39 0.3527 29089792
40 0.3575 29396992
41 0.3616 29343744
42 0.3623 29802496
43 0.3597 29872128
44 0.375 30064640
45 0.4103 30126080
46 0.3882 30212096
47 0.3983 30552064
48 0.4179 30793728
49 0.3994 31117312
50 0.4133 31092736
51 0.3982 31371264
52 0.4142 31498240
53 0.4198 31617024
54 0.4096 31891456
55 0.4503 32075776
56 0.4149 32227328
57 0.4226 32325632
58 0.4215 32817152
59 0.4562 32862208
60 0.4354 33189888
61 0.5216 33366016
62 0.4476 33636352
63 0.4701 33673216
64 0.4538 33984512
65 0.535 34091008
66 0.4615 34320384
67 0.4809 34594816
68 0.4641 34508800
69 0.5196 34795520
70 0.5477 34983936
71 0.492 35278848
72 0.4856 35266560
73 0.4938 35651584
74 0.5047 35762176
75 0.5706 35946496
76 0.5033 36052992
77 0.5253 36638720
78 0.6353 36499456
79 0.5531 36638720
80 0.585 36859904
81 0.5492 37216256
82 0.5675 37298176
83 0.6818 37466112
84 0.5632 37785600
85 0.5342 37699584
86 0.5435 38088704
87 0.5317 38232064
88 0.5394 38486016
89 0.6115 38518784
90 0.6314 38670336
91 0.581 38936576
92 0.66 39239680
93 0.638 39550976
94 0.6481 39436288
95 0.6025 39833600
96 0.6321 39972864
97 0.6676 40144896
98 0.7283 40321024
99 0.6735 40550400
100 0.7014 40697856
101 0.6394 41029632
102 0.735 41074688
103 0.7206 41246720
104 0.7392 41443328
105 0.6897 41652224
106 0.6867 41852928
107 0.7321 42098688
108 0.6999 42262528
109 0.6629 42557440
110 0.7003 42811392
111 0.656 42708992
112 0.7619 42905600
113 0.7117 43331584
114 0.68 43536384
115 0.6687 43614208
116 0.6811 43962368
117 0.685 44146688
118 0.7125 44195840
119 0.7202 44367872
120 0.7367 44638208
121 0.7013 44675072
122 0.6986 44879872
123 0.7043 45268992
124 0.7497 45416448
125 0.7457 45486080
126 0.751 45731840
127 0.7182 45768704
128 0.7475 46108672
129 0.75 46383104
130 0.776 46743552
131 0.7827 46874624
132 0.804 47161344
133 0.8033 47235072
134 0.7821 47489024
135 0.7736 47714304
136 0.7864 48005120
137 0.8267 48046080
138 0.8492 48226304
139 0.9104 48390144
140 0.7754 48738304
141 0.8279 48701440
142 0.8369 48926720
143 0.7832 48955392
144 0.8486 49487872
145 0.9128 49618944
146 0.8461 49606656
147 0.8153 49954816
148 0.8673 50167808
149 0.8492 50466816
150 0.8748 50548736
151 0.87 50700288
152 0.8812 50987008
153 0.9429 50962432
154 0.905 51068928
155 0.8738 51351552
156 0.9519 51552256
157 0.919 51974144
158 0.9593 51924992
159 0.8771 52215808
160 0.9537 52207616
161 0.9567 52547584
162 0.8864 52568064
163 0.8787 52756480
164 0.9233 52973568
165 0.9098 53448704
166 0.9459 53538816
167 0.9886 53280768
168 0.9698 53239808
169 0.9733 53841920
170 0.9528 53727232
171 0.9439 53813248
172 0.9232 54358016
173 0.9113 54415360
174 0.9509 54382592
175 0.929 54722560
176 0.9925 54996992
177 0.9814 54890496
178 1.0639 55152640
179 0.9817 55611392
180 0.9707 55463936
181 0.9475 55861248
182 0.9887 55943168
183 1.035 56082432
184 1.0098 56487936
185 1.0571 56389632
186 1.0669 56569856
187 0.9739 56758272
188 0.9879 57057280
189 1.0512 57159680
190 1.008 57413632
191 0.995 57851904
192 1.0314 57688064
193 1.009 57937920
194 0.9999 58064896
195 1.0187 58314752
196 1.0178 58396672
197 1.0327 58826752
198 1.067 58978304
199 1.057 59031552
200 1.069 59199488
201 1.0696 59789312
202 1.0549 59555840
203 1.0903 59858944
204 1.0646 59949056
205 1.1013 60334080
206 1.0771 60821504
207 1.0831 60792832
208 1.109 60981248
209 1.0868 60997632
210 1.1531 61161472
211 1.1446 61587456
212 1.1152 61718528
213 1.1021 61964288
214 1.1053 62078976
215 1.1396 62386176
216 1.1405 62275584
217 1.1541 62554112
218 1.1215 62996480
219 1.1414 63246336
220 1.2047 63152128
221 1.114 63213568
222 1.1543 63787008
223 1.1813 63533056
224 1.1794 63619072
225 1.1573 63610880
226 1.262 63733760
227 1.2918 63905792
228 1.1509 63975424
229 1.1981 64344064
230 1.1539 64839680
231 1.1673 64679936
232 1.1891 65040384
233 1.1865 65433600
234 1.2212 65552384
235 1.2085 65384448
236 1.1868 65757184
237 1.2063 65900544
238 1.2058 66023424
239 1.1896 66097152
240 1.2018 66654208
241 1.2219 66621440
242 1.2306 66789376
243 1.2255 67301376
244 1.2878 67330048
245 1.3162 67497984
246 1.3878 67538944
247 1.4026 67620864
248 1.4113 67805184
249 1.4013 68055040
250 1.2522 68247552
251 1.2467 68620288
252 1.274 68653056
253 1.4212 68927488
254 1.5164 68988928
255 1.579 69140480
256 1.5873 69431296
257 1.3492 70021120
258 1.4406 69951488
259 1.3709 70021120
260 1.6197 70074368
261 1.3872 70324224
262 1.3387 70455296
263 1.4088 71028736
264 1.3537 71208960
265 1.3393 71561216
266 1.3762 71852032
267 1.4422 71979008
268 1.3015 72089600
269 1.3347 72306688
270 1.306 72527872
271 1.3641 72966144
272 1.3913 72867840
273 1.4794 73379840
274 1.3147 73224192
275 1.3773 73592832
276 1.4842 73752576
277 1.3725 74190848
278 1.3685 74149888
279 1.5542 74375168
280 1.4343 74506240
281 1.3964 74534912
282 1.4075 74776576
283 1.428 75161600
284 1.3935 75460608
285 1.4202 75612160
286 1.4328 75804672
287 1.414 76058624
288 1.453 76443648
289 1.4547 76169216
290 1.4496 76738560
291 1.4308 76840960
292 1.6514 76738560
293 1.5099 76926976
294 1.6575 77168640
295 1.4683 77295616
296 1.5357 77811712
297 1.5299 77819904
298 1.5086 77885440
299 1.4836 78217216
300 1.5264 78430208