1 0.0032 8597504
2 0.0043 8663040
3 0.0056 8712192
4 0.0066 8781824
5 0.0079 8876032
6 0.0095 8933376
7 0.0107 9003008
8 0.0124 9121792
9 0.0129 9138176
10 0.016 9224192
11 0.0169 9306112
12 0.0209 9375744
13 0.0196 9453568
14 0.0235 9515008
15 0.0247 9609216
16 0.0223 9674752
17 0.0244 9703424
18 0.0278 9814016
19 0.0311 9875456
20 0.0301 9977856
21 0.0313 10072064
22 0.0426 10059776
23 0.042 10166272
24 0.0356 10276864
25 0.0377 10317824
26 0.0382 10326016
27 0.0386 10395648
28 0.0395 10514432
29 0.0477 10616832
30 0.0427 10629120
31 0.0462 10657792
32 0.0459 10739712
33 0.0506 10850304
34 0.0572 10919936
35 0.0501 10936320
36 0.0515 11059200
37 0.0488 11132928
38 0.0544 11198464
39 0.0539 11296768
40 0.0584 11362304
41 0.0625 11452416
42 0.0566 11444224
43 0.0641 11599872
44 0.0688 11640832
45 0.0677 11743232
46 0.0679 11780096
47 0.0749 11870208
48 0.0773 11935744
49 0.0851 12029952
50 0.0744 12009472
51 0.0777 12103680
52 0.0702 12173312
53 0.0772 12189696
54 0.0772 12283904
55 0.0802 12357632
56 0.0887 12431360
57 0.079 12447744
58 0.0827 12652544
59 0.0864 12689408
60 0.0898 12705792
61 0.0845 12865536
62 0.0934 12840960
63 0.0895 12926976
64 0.0888 12959744
65 0.0921 13058048
66 0.097 13111296
67 0.0937 13148160
68 0.093 13201408
69 0.0875 13279232
70 0.1047 13393920
71 0.107 13508608
72 0.0969 13504512
73 0.0982 13692928
74 0.1019 13635584
75 0.0999 13705216
76 0.1046 13783040
77 0.1103 13840384
78 0.1104 13869056
79 0.1188 13967360
80 0.1111 14061568
81 0.1126 14110720
82 0.1146 14176256
83 0.1271 14241792
84 0.1208 14290944
85 0.1199 14336000
86 0.1247 14442496
87 0.1262 14540800
88 0.1308 14606336
89 0.1384 14671872
90 0.1338 14716928
91 0.1333 14778368
92 0.1362 14860288
93 0.1368 14942208
94 0.1253 15024128
95 0.1429 15101952
96 0.137 15138816
97 0.1372 15171584
98 0.1334 15319040
99 0.1384 15409152
100 0.1359 15413248
101 0.142 15429632
102 0.1491 15560704
103 0.146 15646720
104 0.1385 15659008
105 0.153 15773696
106 0.1455 15839232
107 0.1523 15896576
108 0.1553 16068608
109 0.1609 16113664
110 0.1599 16117760
111 0.1566 16179200
112 0.1546 16252928
113 0.1587 16334848
114 0.1707 16412672
115 0.168 16465920
116 0.1654 16588800
117 0.1708 16650240
118 0.1707 16683008
119 0.162 16719872
120 0.1789 16777216
121 0.1746 16846848
122 0.1876 16904192
123 0.1707 17002496
124 0.1739 17039360
125 0.1974 17174528
126 0.1702 17141760
127 0.1816 17289216
128 0.3041 17420288
129 0.1974 17432576
130 0.1894 17510400
131 0.2012 17543168
132 0.1978 17600512
133 0.1866 17666048
134 0.1989 17760256
135 0.1981 17829888
136 0.2088 17874944
137 0.1934 17907712
138 0.2098 18026496
139 0.1971 18083840
140 0.2025 18173952
141 0.2013 18149376
142 0.2025 18309120
143 0.2146 18309120
144 0.2 18378752
145 0.209 18472960
146 0.2154 18538496
147 0.2012 18526208
148 0.2161 18632704
149 0.2073 18620416
150 0.2129 18829312
151 0.2167 18849792
152 0.2207 18915328
153 0.2288 18980864
154 0.2063 19038208
155 0.2178 19009536
156 0.2269 19161088
157 0.2168 19345408
158 0.2215 19324928
159 0.2192 19218432
160 0.2298 19443712
161 0.2298 19509248
162 0.239 19599360
163 0.2209 19615744
164 0.2291 19714048
165 0.2241 19836928
166 0.2497 19587072
167 0.2363 19914752
168 0.2309 20000768
169 0.2443 20070400
170 0.242 20103168
171 0.2578 20246528
172 0.2528 20307968
173 0.2592 20381696
174 0.2678 20414464
175 0.2547 20254720
176 0.2739 20557824
177 0.3084 20656128
178 0.2509 20660224
179 0.2591 20766720
180 0.2469 20815872
181 0.2528 21008384
182 0.2584 20963328
183 0.2653 21004288
184 0.2769 21135360
185 0.2639 21118976
186 0.2617 21241856
187 0.2684 21032960
188 0.2697 21118976
189 0.2656 21385216
190 0.2705 21209088
191 0.2726 21647360
192 0.2765 21622784
193 0.2868 21708800
194 0.2947 21475328
195 0.2758 21831680
196 0.2906 21958656
197 0.2742 21692416
198 0.2825 21745664
199 0.2924 22093824
200 0.2817 22159360
201 0.2835 22204416
202 0.3028 22298624
203 0.2977 22360064
204 0.3038 22372352
205 0.2903 22351872
206 0.2971 22409216
207 0.3088 22716416
208 0.2887 22736896
209 0.2911 22528000
210 0.3109 22937600
211 0.2972 22986752
212 0.2994 22958080
213 0.2927 23134208
214 0.3172 23166976
215 0.3163 23236608
216 0.3199 23318528
217 0.3172 23175168
218 0.31 23404544
219 0.3166 23457792
220 0.3091 23306240
221 0.3279 23601152
222 0.3269 23625728
223 0.3271 23719936
224 0.3122 23863296
225 0.3283 23924736
226 0.3322 23965696
227 0.3298 24039424
228 0.3259 24068096
229 0.3094 24121344
230 0.3313 24231936
231 0.3371 24399872
232 0.3298 24375296
233 0.3324 24494080
234 0.3406 24547328
235 0.3293 24555520
236 0.338 24346624
237 0.3533 24686592
238 0.3425 24522752
239 0.3391 24825856
240 0.3381 24891392
241 0.3599 24780800
242 0.3524 25034752
243 0.3497 25157632
244 0.3543 24924160
245 0.3389 25288704
246 0.3496 25055232
247 0.3542 25391104
248 0.3481 25202688
249 0.3609 25497600
250 0.331 25260032
251 0.3625 25374720
252 0.3651 25726976
253 0.3678 25518080
254 0.3717 25583616
255 0.3685 25927680
256 0.3589 25993216
257 0.3616 26169344
258 0.3832 26173440
259 0.3746 26222592
260 0.3691 26304512
261 0.3647 26357760
262 0.3685 26431488
263 0.3894 26472448
264 0.3643 26533888
265 0.3645 26411008
266 0.3792 26669056
267 0.3607 26435584
268 0.3928 26877952
269 0.3777 26972160
270 0.3941 26931200
271 0.384 27045888
272 0.3747 27049984
273 0.4183 27148288
274 0.3958 27222016
275 0.3922 27205632
276 0.3939 27348992
277 0.4057 27459584
278 0.3856 27426816
279 0.4041 27590656
280 0.3933 27598848
281 0.3993 27639808
282 0.4137 27754496
283 0.3948 27787264
284 0.3961 27942912
285 0.411 27992064
286 0.4028 27983872
287 0.4235 28073984
288 0.4115 28114944
289 0.426 28217344
290 0.4237 27959296
291 0.3864 28336128
292 0.3791 28430336
293 0.3763 28221440
294 0.3904 28581888
295 0.4167 28626944
296 0.4261 28585984
297 0.43 28512256
298 0.4216 28528640
299 0.4297 28667904
300 0.4145 28647424