1 0.0416 11116544
2 0.0442 11255808
3 0.0489 11464704
4 0.0555 11624448
5 0.0588 11796480
6 0.0631 11968512
7 0.063 12222464
8 0.0672 12378112
9 0.0699 12488704
10 0.0785 12648448
11 0.0781 12808192
12 0.0841 12984320
13 0.0842 13160448
14 0.089 13324288
15 0.0929 13496320
16 0.0961 13651968
17 0.0996 13832192
18 0.1037 13996032
19 0.115 14237696
20 0.1097 14348288
21 0.1136 14499840
22 0.1215 14684160
23 0.1204 14831616
24 0.1248 15015936
25 0.1315 15224832
26 0.1345 15319040
27 0.1369 15503360
28 0.1394 15667200
29 0.1438 15872000
30 0.1466 16027648
31 0.1506 16175104
32 0.1544 16338944
33 0.1703 16543744
34 0.1624 16687104
35 0.1655 16842752
36 0.1675 17018880
37 0.1795 17268736
38 0.1795 17338368
39 0.1827 17514496
40 0.1844 17727488
41 0.1863 17895424
42 0.1952 18100224
43 0.2007 18214912
44 0.2023 18403328
45 0.2039 18542592
46 0.2071 18718720
47 0.2083 18862080
48 0.2126 19013632
49 0.2211 19206144
50 0.2197 19369984
51 0.2251 19542016
52 0.2355 19730432
53 0.2331 19881984
54 0.2444 20058112
55 0.2448 20205568
56 0.2442 20393984
57 0.2574 20660224
58 0.2533 20762624
59 0.2562 20926464
60 0.2559 21078016
61 0.2661 21250048
62 0.2695 21397504
63 0.2704 21573632
64 0.2737 21725184
65 0.2767 21782528
66 0.2831 22061056
67 0.2924 22224896
68 0.2908 22482944
69 0.3054 22523904
70 0.2925 22728704
71 0.3058 22958080
72 0.3023 23060480
73 0.3086 23207936
74 0.3169 23392256
75 0.3161 23556096
76 0.3162 23572480
77 0.3205 23867392
78 0.3234 24023040
79 0.3303 24186880
80 0.3307 24412160
81 0.3368 24580096
82 0.3396 24748032
83 0.3433 24739840
84 0.3483 25055232
85 0.3523 25305088
86 0.359 25444352
87 0.365 25579520
88 0.3826 25866240
89 0.3822 26091520
90 0.3754 26095616
91 0.3802 26144768
92 0.3836 26423296
93 0.3837 26476544
94 0.3912 26734592
95 0.3907 26759168
96 0.4021 26951680
97 0.3983 27238400
98 0.4049 27418624
99 0.4054 27439104
100 0.4101 27742208
101 0.4129 27938816
102 0.423 27979776
103 0.4258 28291072
104 0.4293 28454912
105 0.4295 28618752
106 0.4395 28794880
107 0.4348 28962816
108 0.4468 29302784
109 0.4428 28758016
110 0.4516 29446144
111 0.4529 29089792
112 0.4573 29233152
113 0.4607 29405184
114 0.469 29638656
115 0.474 30257152
116 0.4684 29974528
117 0.4761 30642176
118 0.4772 30801920
119 0.4835 30957568
120 0.4869 31121408
121 0.4966 31289344
122 0.494 31469568
123 0.5013 31633408
124 0.501 31789056
125 0.4995 31948800
126 0.5134 31744000
127 0.5105 32268288
128 0.5323 31920128
129 0.5274 32604160
130 0.5284 32751616
131 0.5301 32935936
132 0.5314 33099776
133 0.5315 32747520
134 0.5375 33427456
135 0.549 33845248
136 0.5518 33787904
137 0.5474 33923072
138 0.5455 34099200
139 0.552 34267136
140 0.5588 33886208
141 0.5587 34582528
142 0.5621 34742272
143 0.5692 34922496
144 0.5843 35311616
145 0.5903 35233792
146 0.581 35397632
147 0.5887 35860480
148 0.5835 35729408
149 0.6038 36036608
150 0.5985 36073472
151 0.6019 36220928
152 0.6042 36368384
153 0.6062 36540416
154 0.6083 36724736
155 0.6243 37187584
156 0.6117 37027840
157 0.6217 37216256
158 0.629 37449728
159 0.6255 37543936
160 0.6334 37179392
161 0.6399 37998592
162 0.6395 37638144
163 0.6534 38383616
164 0.6527 38481920
165 0.6571 38641664
166 0.6625 38830080
167 0.6608 38465536
168 0.6737 39124992
169 0.6686 39546880
170 0.6776 39460864
171 0.6827 39628800
172 0.6797 39784448
173 0.6868 39972864
174 0.6969 39563264
175 0.6999 39731200
176 0.6955 40697856
177 0.7015 40845312
178 0.708 40460288
179 0.7185 40824832
180 0.7271 41345024
181 0.7184 41451520
182 0.742 41693184
183 0.7292 41766912
184 0.7319 41951232
185 0.7353 42102784
186 0.742 42242048
187 0.7434 42405888
188 0.7469 42901504
189 0.7457 42696704
190 0.788 43110400
191 0.7658 42799104
192 0.7683 43196416
193 0.764 43347968
194 0.7616 43532288
195 0.7698 43167744
196 0.7823 43847680
197 0.781 44015616
198 0.7848 44216320
199 0.78 44351488
200 0.7918 44503040
201 0.7949 44732416
202 0.7983 44834816
203 0.7974 44998656
204 0.8044 45150208
205 0.8235 44908544
206 0.8264 45592576
207 0.8265 45768704
208 0.83 45912064
209 0.8318 46084096
210 0.837 46243840
211 0.8346 46407680
212 0.8408 46555136
213 0.8494 46739456
214 0.8603 47255552
215 0.8581 46874624
216 0.8503 46460928
217 0.8668 46997504
218 0.8679 47063040
219 0.8649 46645248
220 0.8687 47366144
221 0.8743 47534080
222 0.8754 47161344
223 0.8864 48132096
224 0.8757 47505408
225 0.9012 48193536
226 0.9115 48746496
227 0.8962 48214016
228 0.8957 48148480
229 0.8986 48840704
230 0.9058 48988160
231 0.9074 49315840
232 0.9114 48979968
233 0.9161 49590272
234 0.9196 49750016
235 0.9336 49397760
236 0.9354 50515968
237 0.9439 50204672
238 0.9344 50372608
239 0.9424 50008064
240 0.954 50679808
241 0.9507 50876416
242 0.9562 51048448
243 0.9545 51191808
244 0.9621 51376128
245 0.9652 51773440
246 0.9686 51716096
247 0.9973 51912704
248 0.9783 51965952
249 0.9864 52215808
250 0.9713 51838976
251 0.9775 52559872
252 0.9846 52547584
253 0.9856 52572160
254 1.0023 52600832
255 1.0093 52658176
256 1.0085 52834304
257 1.0076 52973568
258 1.0092 53116928
259 1.0162 53305344
260 1.0177 53465088
261 1.0332 53641216
262 1.027 53788672
263 1.0357 53960704
264 1.0365 54120448
265 1.0465 54292480
266 1.0379 54448128
267 1.0442 54611968
268 1.0581 54804480
269 1.0621 54935552
270 1.0518 55132160
271 1.0581 55296000
272 1.0673 55455744
273 1.0682 56164352
274 1.0814 55738368
275 1.0937 56094720
276 1.0873 56074240
277 1.0893 56393728
278 1.0799 56401920
279 1.0875 56569856
280 1.1042 57053184
281 1.1058 56942592
282 1.0946 57057280
283 1.1146 57225216
284 1.1262 57458688
285 1.1176 57868288
286 1.1112 57716736
287 1.1085 57868288
288 1.1184 58044416
289 1.1861 58417152
290 1.142 58925056
291 1.1284 58527744
292 1.139 58732544
293 1.1707 58871808
294 1.1728 59408384
295 1.1752 59301888
296 1.1465 59375616
297 1.1571 59539456
298 1.1695 59731968
299 1.1631 59879424
300 1.1837 60035072