1 0.0416 11112448
2 0.0454 11276288
3 0.0522 11456512
4 0.0517 11595776
5 0.0554 11792384
6 0.0587 11972608
7 0.0634 12185600
8 0.0667 12369920
9 0.0706 12488704
10 0.0837 12652544
11 0.0762 12812288
12 0.0793 12992512
13 0.0845 13119488
14 0.0887 13287424
15 0.0952 13500416
16 0.0952 13651968
17 0.0991 13832192
18 0.1031 13996032
19 0.1103 14188544
20 0.1292 14352384
21 0.1167 14508032
22 0.1159 14700544
23 0.1228 14843904
24 0.1243 15020032
25 0.1316 15175680
26 0.1329 15347712
27 0.1367 15503360
28 0.141 15663104
29 0.1448 15888384
30 0.1493 16019456
31 0.1504 16199680
32 0.1529 16359424
33 0.1573 16527360
34 0.1655 16683008
35 0.1642 16842752
36 0.1732 17010688
37 0.172 17178624
38 0.176 17350656
39 0.185 17510400
40 0.1836 17739776
41 0.1921 17895424
42 0.1917 18063360
43 0.1975 18202624
44 0.199 18436096
45 0.2011 18579456
46 0.2037 18726912
47 0.2098 18907136
48 0.213 19062784
49 0.2215 19210240
50 0.2201 19382272
51 0.2224 19550208
52 0.2284 19738624
53 0.235 19894272
54 0.2387 20058112
55 0.2404 20226048
56 0.2472 20385792
57 0.2507 20553728
58 0.2517 20725760
59 0.2533 20889600
60 0.2666 21082112
61 0.2597 21254144
62 0.2673 21413888
63 0.2681 21569536
64 0.272 21741568
65 0.2837 21901312
66 0.2805 22036480
67 0.2816 22233088
68 0.2876 22253568
69 0.296 22552576
70 0.2994 22736896
71 0.2958 22892544
72 0.3038 23044096
73 0.3092 23150592
74 0.3097 23371776
75 0.3149 23564288
76 0.3178 23699456
77 0.3253 23863296
78 0.3303 24023040
79 0.3264 24195072
80 0.3318 24424448
81 0.3406 24571904
82 0.3399 24748032
83 0.3448 24887296
84 0.3467 25059328
85 0.3571 25280512
86 0.3515 25452544
87 0.3633 25591808
88 0.3687 25808896
89 0.3969 26087424
90 0.375 26107904
91 0.3737 26144768
92 0.3781 26423296
93 0.3882 26750976
94 0.3877 26607616
95 0.3898 26910720
96 0.4011 27082752
97 0.3982 27254784
98 0.3964 27422720
99 0.4041 27578368
100 0.41 27648000
101 0.4233 27963392
102 0.4221 28119040
103 0.4257 28295168
104 0.4328 28442624
105 0.4332 28147712
106 0.4328 28790784
107 0.437 28430336
108 0.4386 29143040
109 0.4432 29282304
110 0.4518 29704192
111 0.4579 29605888
112 0.4533 29777920
113 0.4622 29933568
114 0.4636 30089216
115 0.4659 30261248
116 0.4766 30490624
117 0.4736 30646272
118 0.4777 30801920
119 0.4783 30965760
120 0.4932 31346688
121 0.4929 31289344
122 0.494 31465472
123 0.4965 31633408
124 0.499 31264768
125 0.5049 31428608
126 0.513 32116736
127 0.5132 32260096
128 0.5144 32444416
129 0.5228 32624640
130 0.5232 32768000
131 0.5569 33009664
132 0.5302 33095680
133 0.5361 33263616
134 0.5434 33697792
135 0.5459 33603584
136 0.5615 33857536
137 0.5439 33406976
138 0.5531 34082816
139 0.5575 34295808
140 0.5611 34414592
141 0.5603 34594816
142 0.5712 35041280
143 0.573 34914304
144 0.5743 35074048
145 0.589 35237888
146 0.5842 35401728
147 0.5869 35622912
148 0.589 35721216
149 0.6013 35368960
150 0.6023 36319232
151 0.5981 35692544
152 0.6007 36376576
153 0.6025 36540416
154 0.6129 36712448
155 0.6162 36888576
156 0.6217 37330944
157 0.6189 36700160
158 0.6218 37380096
159 0.6277 37576704
160 0.6374 37740544
161 0.6493 38002688
162 0.6386 38154240
163 0.6526 38363136
164 0.6603 38653952
165 0.654 38637568
166 0.6577 38785024
167 0.6648 38461440
168 0.665 39137280
169 0.6701 38789120
170 0.6802 39829504
171 0.6797 39628800
172 0.6863 39776256
173 0.6828 40243200
174 0.6852 40095744
175 0.689 40239104
176 0.7152 40976384
177 0.7129 40837120
178 0.7152 41365504
179 0.7095 41132032
180 0.7192 41267200
181 0.7174 41459712
182 0.7268 41086976
183 0.7253 41775104
184 0.7306 41963520
185 0.7346 42094592
186 0.7385 41725952
187 0.7359 42393600
188 0.7436 42532864
189 0.7493 42684416
190 0.7604 43073536
191 0.7602 43175936
192 0.764 42672128
193 0.7765 43499520
194 0.7668 43515904
195 0.7683 43167744
196 0.7723 43847680
197 0.7787 44015616
198 0.7868 44503040
199 0.7821 44339200
200 0.7951 44498944
201 0.7914 44658688
202 0.7954 44265472
203 0.8025 44883968
204 0.8165 45424640
205 0.8128 45441024
206 0.8192 45588480
207 0.8248 45731840
208 0.8293 45887488
209 0.8333 45535232
210 0.8403 46235648
211 0.8461 46444544
212 0.8469 46571520
213 0.8497 46755840
214 0.8615 46903296
215 0.8748 47263744
216 0.8674 46465024
217 0.8746 47104000
218 0.8661 46514176
219 0.8678 47411200
220 0.8846 47382528
221 0.8787 47517696
222 0.8905 47702016
223 0.88 47333376
224 0.8894 48377856
225 0.8984 48168960
226 0.8931 48328704
227 0.8876 47984640
228 0.9033 48635904
229 0.9055 49164288
230 0.9129 48975872
231 0.9144 49733632
232 0.9166 49782784
233 0.9261 49115136
234 0.9441 50147328
235 0.9333 49885184
236 0.9386 50548736
237 0.9262 50233344
238 0.9373 50397184
239 0.9376 50532352
240 0.9453 50692096
241 0.9423 50860032
242 0.9471 51019776
243 0.9539 51212288
244 0.9661 51380224
245 0.9597 51560448
246 0.9678 51675136
247 0.98 52039680
248 0.9739 52002816
249 0.9758 52195328
250 0.9773 52326400
251 0.9916 52518912
252 0.9843 52568064
253 0.985 52289536
254 0.9949 52637696
255 0.9938 52662272
256 1.0226 53280768
257 1.0052 52969472
258 1.0098 53153792
259 1.0073 53305344
260 1.0219 53481472
261 1.0253 53620736
262 1.0327 53792768
263 1.0269 53956608
264 1.0402 54136832
265 1.0409 54288384
266 1.0381 54439936
267 1.0385 54583296
268 1.0499 54751232
269 1.0628 54964224
270 1.0626 55095296
271 1.0673 55775232
272 1.0597 55414784
273 1.0663 55631872
274 1.0669 55791616
275 1.0929 56344576
276 1.0878 56094720
277 1.0938 56217600
278 1.0749 56442880
279 1.0798 56541184
280 1.0905 56754176
281 1.1131 56922112
282 1.1196 57085952
283 1.1094 57303040
284 1.1184 57380864
285 1.1061 58044416
286 1.1129 57737216
287 1.1034 57913344
288 1.1135 58077184
289 1.1243 58212352
290 1.124 58363904
291 1.139 58568704
292 1.1405 58695680
293 1.1893 58888192
294 1.17 59088896
295 1.1895 59215872
296 1.1766 59342848
297 1.1971 59600896
298 1.1645 59715584
299 1.1634 59883520
300 1.1622 60043264