1 0.0423 11149312
2 0.0478 11407360
3 0.055 11661312
4 0.0602 11907072
5 0.0659 12185600
6 0.0705 12451840
7 0.0765 12701696
8 0.082 13000704
9 0.0922 13238272
10 0.0947 13479936
11 0.1013 13750272
12 0.11 14036992
13 0.1164 14299136
14 0.1256 14577664
15 0.127 14823424
16 0.1352 15077376
17 0.1364 15306752
18 0.1407 15626240
19 0.1489 15859712
20 0.1583 16117760
21 0.161 16363520
22 0.1659 16592896
23 0.1708 16875520
24 0.1769 17133568
25 0.1852 17391616
26 0.1934 17686528
27 0.1979 17960960
28 0.2026 18223104
29 0.2087 18489344
30 0.216 18731008
31 0.2201 18989056
32 0.2308 19279872
33 0.2328 19509248
34 0.2428 19775488
35 0.2721 20062208
36 0.2513 20287488
37 0.2581 20529152
38 0.2612 20787200
39 0.2696 21106688
40 0.2791 21364736
41 0.2821 21590016
42 0.2867 21864448
43 0.2943 22106112
44 0.3024 22351872
45 0.3072 22609920
46 0.3102 22855680
47 0.3196 23109632
48 0.3239 23379968
49 0.3356 23625728
50 0.3522 23973888
51 0.3476 24129536
52 0.3539 24559616
53 0.3572 24715264
54 0.3623 24842240
55 0.3729 25305088
56 0.3775 25505792
57 0.4112 25669632
58 0.3915 25939968
59 0.3927 26177536
60 0.3983 26759168
61 0.4064 26804224
62 0.4183 27074560
63 0.4113 27324416
64 0.4243 27578368
65 0.4352 28024832
66 0.4406 28352512
67 0.4365 28348416
68 0.4447 28598272
69 0.4507 28852224
70 0.4617 29171712
71 0.4694 29372416
72 0.4745 29618176
73 0.476 29917184
74 0.4918 30199808
75 0.4941 29917184
76 0.5088 30691328
77 0.5006 30416896
78 0.5183 31457280
79 0.5174 31473664
80 0.5308 32108544
81 0.5314 31686656
82 0.5442 32346112
83 0.5437 32665600
84 0.5513 32878592
85 0.548 33042432
86 0.5629 33292288
87 0.5665 33542144
88 0.5696 33271808
89 0.5804 34037760
90 0.5859 34287616
91 0.5866 34549760
92 0.5953 34803712
93 0.6023 35053568
94 0.6032 34799616
95 0.6064 35553280
96 0.6176 35811328
97 0.6194 36081664
98 0.6338 36339712
99 0.6367 36577280
100 0.6433 36847616
101 0.66 37437440
102 0.6616 37498880
103 0.6613 37675008
104 0.6713 37916672
105 0.679 38162432
106 0.6791 38555648
107 0.6883 38260736
108 0.7002 39170048
109 0.6987 39432192
110 0.7072 39686144
111 0.7997 40046592
112 0.7302 40185856
113 0.7288 40382464
114 0.73 40636416
115 0.7381 40890368
116 0.7395 41193472
117 0.7596 41431040
118 0.7585 41680896
119 0.765 41926656
120 0.774 42213376
121 0.7746 41902080
122 0.7877 42684416
123 0.7942 42426368
124 0.7962 43610112
125 0.8135 43503616
126 0.8054 43700224
127 0.8106 43454464
128 0.8152 44224512
129 0.8176 44462080
130 0.8292 44728320
131 0.8382 45019136
132 0.855 45285376
133 0.8469 45494272
134 0.8594 45551616
135 0.868 45486080
136 0.8718 46333952
137 0.8775 46211072
138 0.8804 46190592
139 0.897 46526464
140 0.9136 46825472
141 0.9346 47054848
142 0.9093 47259648
143 0.9293 47841280
144 1.0232 47788032
145 1.0289 48160768
146 0.9459 48369664
147 0.9603 48619520
148 0.9384 48795648
149 0.9544 49504256
150 0.979 49631232
151 0.9623 49545216
152 0.9946 50237440
153 0.9698 50237440
154 0.9855 50384896
155 0.9859 50679808
156 1.0011 50950144
157 1.0006 51179520
158 0.9966 50909184
159 1.0097 51687424
160 1.0184 51945472
161 1.017 52199424
162 1.0269 52428800
163 1.0507 52736000
164 1.0463 52830208
165 1.0591 53088256
166 1.0545 53329920
167 1.0658 53473280
168 1.0704 53751808
169 1.0789 54501376
170 1.0806 54665216
171 1.0937 54591488
172 1.0961 54714368
173 1.0998 55005184
174 1.1055 55193600
175 1.1133 55922688
176 1.1059 55721984
177 1.1224 56094720
178 1.1377 56221696
179 1.1277 56647680
180 1.1466 56741888
181 1.1442 56983552
182 1.162 57782272
183 1.1595 57663488
184 1.1593 57765888
185 1.1648 58003456
186 1.1693 58245120
187 1.1855 58519552
188 1.1853 58765312
189 1.1856 59023360
190 1.2094 59269120
191 1.2136 59572224
192 1.2154 59826176
193 1.2132 60043264
194 1.2316 60481536
195 1.2411 60669952
196 1.2377 61194240
197 1.2358 61063168
198 1.2487 61317120
199 1.2608 62042112
200 1.2728 61837312
201 1.2645 62062592
202 1.2641 62779392
203 1.2842 62595072
204 1.2805 62832640
205 1.2914 63205376
206 1.3202 63451136
207 1.3073 63733760
208 1.3107 63963136
209 1.3236 64458752
210 1.3229 64487424
211 1.3312 64733184
212 1.3432 65236992
213 1.3629 65785856
214 1.3686 66019328
215 1.3681 66011136
216 1.3617 66248704
217 1.3781 66740224
218 1.3784 67342336
219 1.3922 67854336
220 1.4042 67555328
221 1.4283 67813376
222 1.4057 68349952
223 1.4155 68300800
224 1.5579 68632576
225 1.6106 68845568
226 1.609 69263360
227 1.555 69345280
228 1.5811 69652480
229 1.6196 69906432
230 1.6235 70180864
231 1.697 70696960
232 1.8151 70811648
233 1.6764 71172096
234 1.7649 71426048
235 1.6699 71712768
236 1.642 71966720
237 1.9082 72130560
238 1.7978 72351744
239 1.7398 72671232
240 1.7625 73064448
241 1.6378 73187328
242 1.5735 73318400
243 1.5827 74018816
244 1.5741 73846784
245 1.5605 74018816
246 1.6277 74412032
247 1.5819 75071488
248 1.5838 74756096
249 1.582 74969088
250 1.8095 75415552
251 1.6454 75956224
252 1.5888 75767808
253 1.6624 76234752
254 1.7185 76468224
255 1.7933 76718080
256 1.7927 76922880
257 1.8029 77176832
258 2.0177 77361152
259 1.7823 77611008
260 1.8318 78196736
261 1.6713 78397440
262 1.6607 78647296
263 1.7511 78663680
264 1.7158 79343616
265 1.6816 79142912
266 1.7372 79409152
267 1.7047 80113664
268 1.7077 80355328
269 1.7132 80150528
270 1.7418 80752640
271 1.7191 81039360
272 1.7191 81457152
273 1.7492 81563648
274 1.7382 81641472
275 1.735 81715200
276 1.743 81920000
277 1.752 82157568
278 1.773 82178048
279 1.7687 82575360
280 1.8024 82116608
281 1.7773 82104320
282 1.7948 82493440
283 1.7785 82612224
284 1.8195 83165184
285 1.805 83247104
286 1.8181 83865600
287 1.8207 83632128
288 1.8149 83898368
289 1.8361 84430848
290 1.8048 84422656
291 1.825 84795392
292 1.8264 84926464
293 1.8291 85172224
294 1.8379 85463040
295 1.8511 85872640
296 1.8661 85938176
297 1.8868 86523904
298 1.8677 86450176
299 1.8661 86704128
300 1.8974 86953984