1 0.2019 21770240
2 0.2194 22097920
3 0.2156 22061056
4 0.2354 22331392
5 0.2101 22532096
6 0.2146 22548480
7 0.2253 22974464
8 0.2436 23064576
9 0.2182 23113728
10 0.2355 23625728
11 0.2718 23547904
12 0.2846 23867392
13 0.2624 24002560
14 0.2368 24055808
15 0.253 24276992
16 0.2487 24657920
17 0.2807 24866816
18 0.2926 25026560
19 0.2898 25128960
20 0.3178 25247744
21 0.2903 25583616
22 0.3119 25751552
23 0.3257 25858048
24 0.3303 26198016
25 0.3218 26353664
26 0.3044 26517504
27 0.3173 26636288
28 0.3439 26824704
29 0.353 27156480
30 0.3679 27295744
31 0.3287 27459584
32 0.3614 27824128
33 0.3571 27914240
34 0.3662 28176384
35 0.3974 28254208
36 0.3714 28475392
37 0.3984 28622848
38 0.3931 28782592
39 0.3436 28893184
40 0.4089 29200384
41 0.3988 29360128
42 0.3773 29511680
43 0.3947 29757440
44 0.4097 30056448
45 0.3843 30146560
46 0.3969 30425088
47 0.4134 30511104
48 0.5207 30785536
49 0.4243 30969856
50 0.4242 31268864
51 0.4165 31227904
52 0.4409 31592448
53 0.4012 31567872
54 0.472 31862784
55 0.4064 31985664
56 0.4546 32288768
57 0.5061 32526336
58 0.482 32694272
59 0.4562 33054720
60 0.4487 33140736
61 0.5003 33214464
62 0.4763 33505280
63 0.4692 33595392
64 0.4742 33738752
65 0.5078 34168832
66 0.473 34455552
67 0.4842 34627584
68 0.484 34713600
69 0.4775 34680832
70 0.4931 35278848
71 0.4759 35057664
72 0.5043 35266560
73 0.4958 35545088
74 0.512 35790848
75 0.4931 36024320
76 0.5149 36081664
77 0.5135 36384768
78 0.5196 36585472
79 0.5252 36589568
80 0.5225 37044224
81 0.5305 37318656
82 0.5165 37212160
83 0.5333 37335040
84 0.5427 37654528
85 0.5431 38002688
86 0.5525 38051840
87 0.541 38219776
88 0.5688 38457344
89 0.5499 38633472
90 0.5759 38854656
91 0.5675 38858752
92 0.5601 39178240
93 0.5821 39419904
94 0.5876 39596032
95 0.5837 39694336
96 0.5897 40050688
97 0.5894 40136704
98 0.6021 40648704
99 0.6039 40595456
100 0.594 40632320
101 0.6237 41005056
102 0.6164 41447424
103 0.6184 41373696
104 0.6297 41787392
105 0.628 41603072
106 0.6346 41897984
107 0.6503 42041344
108 0.6444 42213376
109 0.6401 42405888
110 0.6979 42635264
111 0.6854 42856448
112 0.7174 43233280
113 0.6969 43393024
114 0.6739 43659264
115 0.683 43696128
116 0.6725 44036096
117 0.6725 43933696
118 0.7033 44589056
119 0.692 44367872
120 0.6898 44818432
121 0.6911 44806144
122 0.712 44814336
123 0.7234 45154304
124 0.7596 45371392
125 0.7889 45457408
126 0.7537 45936640
127 0.8543 45903872
128 0.7988 46370816
129 0.7486 46469120
130 0.8329 46546944
131 0.8054 47067136
132 0.8617 47140864
133 0.7798 47382528
134 0.8547 47403008
135 0.8517 47640576
136 0.8823 47882240
137 0.7929 48177152
138 0.9196 48259072
139 0.8462 48644096
140 0.835 48459776
141 0.8102 48734208
142 0.845 48881664
143 0.8436 49229824
144 1.0674 49393664
145 0.8627 49557504
146 0.9317 49676288
147 0.9214 49975296
148 0.8203 50470912
149 0.826 50204672
150 0.8144 50376704
151 0.8285 50704384
152 0.8185 50675712
153 0.8174 50909184
154 0.8364 51167232
155 0.8508 51695616
156 0.8581 51757056
157 0.8488 51716096
158 0.8549 51912704
159 0.8708 52039680
160 0.8594 52162560
161 0.8581 52572160
162 0.8986 52809728
163 0.8842 53039104
164 0.8742 53460992
165 0.8881 53161984
166 0.8909 53485568
167 0.9033 53600256
168 0.9063 53276672
169 0.915 53399552
170 0.9132 53592064
171 0.9212 53948416
172 0.9171 53960704
173 0.9084 54321152
174 0.913 54366208
175 0.9205 54579200
176 0.9265 54910976
177 0.9215 54964224
178 0.9427 55476224
179 0.9337 55246848
180 0.9541 55672832
181 0.9404 55787520
182 0.9563 56090624
183 0.961 56471552
184 0.9604 56750080
185 0.9557 56545280
186 0.9653 56692736
187 0.9898 57094144
188 0.9901 57012224
189 1.0033 57212928
190 0.992 57454592
191 0.9839 57491456
192 0.9892 57769984
193 1.0191 57888768
194 1.0106 58187776
195 1.0127 58445824
196 1.0201 58867712
197 1.0186 59019264
198 1.0429 58900480
199 1.0373 59318272
200 1.0388 59666432
201 1.0367 59564032
202 1.0496 59641856
203 1.0459 59908096
204 1.0606 60035072
205 1.1188 60375040
206 1.1033 60571648
207 1.1233 60895232
208 1.1202 60792832
209 1.1001 61034496
210 1.0897 61308928
211 1.0911 61849600
212 1.1015 61874176
213 1.1043 61763584
214 1.1036 62058496
215 1.112 62205952
216 1.1219 62492672
217 1.11 62623744
218 1.1311 63111168
219 1.1106 62935040
220 1.1381 63021056
221 1.1393 63545344
222 1.1563 63373312
223 1.2479 63426560
224 1.1701 63942656
225 1.1672 63660032
226 1.1688 64024576
227 1.1795 64135168
228 1.1581 64462848
229 1.1543 64249856
230 1.1585 64892928
231 1.1553 64860160
232 1.1923 65146880
233 1.1841 65282048
234 1.1925 65568768
235 1.1772 65515520
236 1.1951 65691648
237 1.2008 65990656
238 1.1922 66347008
239 1.2128 66162688
240 1.2175 66662400
241 1.198 66592768
242 1.2183 66932736
243 1.227 67338240
244 1.2409 67117056
245 1.2329 67366912
246 1.2215 67690496
247 1.2469 67944448
248 1.302 68190208
249 1.35 68284416
250 1.2512 68595712
251 1.2608 68616192
252 1.257 68587520
253 1.2843 68931584
254 1.3108 69255168
255 1.2769 69136384
256 1.2996 69455872
257 1.2884 69623808
258 1.2808 70082560
259 1.2938 69931008
260 1.276 70094848
261 1.2959 70770688
262 1.2955 70922240
263 1.2971 71036928
264 1.3242 71630848
265 1.3345 71278592
266 1.3139 71700480
267 1.3546 71696384
268 1.3269 72527872
269 1.3598 72286208
270 1.3426 73011200
271 1.3528 73183232
272 1.3609 73084928
273 1.3604 73138176
274 1.3683 73732096
275 1.3595 73928704
276 1.3555 73764864
277 1.3714 73994240
278 1.3814 74145792
279 1.3965 74305536
280 1.3972 74649600
281 1.4123 74760192
282 1.3873 75108352
283 1.3829 74981376
284 1.3899 75227136
285 1.3982 75620352
286 1.4211 75616256
287 1.4076 75821056
288 1.4109 76054528
289 1.3942 76517376
290 1.4089 76509184
291 1.4214 76869632
292 1.4237 76922880
293 1.444 76865536
294 1.4636 77619200
295 1.4441 77299712
296 1.4606 77619200
297 1.4604 78094336
298 1.4731 77914112
299 1.4632 78290944
300 1.4501 78458880