1 0.0026 8392704
2 0.0028 8425472
3 0.0029 8421376
4 0.003 8441856
5 0.003 8450048
6 0.0032 8478720
7 0.0032 8482816
8 0.0035 8519680
9 0.0032 8515584
10 0.0036 8564736
11 0.0036 8589312
12 0.0037 8601600
13 0.0038 8626176
14 0.0039 8617984
15 0.004 8638464
16 0.0041 8675328
17 0.0041 8663040
18 0.0044 8708096
19 0.0044 8732672
20 0.0046 8744960
21 0.0045 8753152
22 0.0047 8769536
23 0.0048 8785920
24 0.005 8814592
25 0.0053 8806400
26 0.0051 8863744
27 0.0053 8876032
28 0.0053 8880128
29 0.0055 8892416
30 0.0061 8925184
31 0.0061 8962048
32 0.0093 8953856
33 0.0067 8970240
34 0.006 8994816
35 0.0065 9031680
36 0.0062 9035776
37 0.0064 9043968
38 0.0064 9035776
39 0.0121 9121792
40 0.0067 9093120
41 0.007 9101312
42 0.007 9142272
43 0.0073 9170944
44 0.0099 9187328
45 0.0072 9195520
46 0.0071 9220096
47 0.0108 9220096
48 0.0084 9244672
49 0.0088 9277440
50 0.0092 9306112
51 0.0087 9297920
52 0.0083 9293824
53 0.0081 9310208
54 0.0092 9371648
55 0.0091 9383936
56 0.0093 9420800
57 0.0086 9383936
58 0.0089 9400320
59 0.0104 9445376
60 0.0101 9465856
61 0.0129 9486336
62 0.0131 9506816
63 0.0108 9515008
64 0.0106 9539584
65 0.0113 9572352
66 0.0133 9584640
67 0.0119 9605120
68 0.0111 9613312
69 0.0109 9641984
70 0.0129 9654272
71 0.0116 9699328
72 0.0114 9699328
73 0.0117 9719808
74 0.0113 9744384
75 0.0156 9797632
76 0.0122 9789440
77 0.0139 9789440
78 0.0117 9818112
79 0.0113 9838592
80 0.0115 9863168
81 0.0159 9871360
82 0.0128 9891840
83 0.0131 9916416
84 0.014 9945088
85 0.0133 9949184
86 0.0125 9973760
87 0.0132 9990144
88 0.0129 10014720
89 0.0142 10035200
90 0.0171 10051584
91 0.0128 10084352
92 0.013 10096640
93 0.0145 10117120
94 0.016 10141696
95 0.0152 10170368
96 0.0152 10203136
97 0.0144 10186752
98 0.0158 10227712
99 0.0164 10289152
100 0.0149 10272768
101 0.0189 10293248
102 0.0147 10317824
103 0.0191 10334208
104 0.0194 10366976
105 0.0158 10387456
106 0.0169 10407936
107 0.0181 10407936
108 0.0197 10461184
109 0.0156 10465280
110 0.0171 10481664
111 0.0178 10518528
112 0.0172 10547200
113 0.0172 10559488
114 0.0167 10596352
115 0.0196 10686464
116 0.0178 10645504
117 0.0179 10641408
118 0.0188 10678272
119 0.0175 10694656
120 0.0219 10735616
121 0.0172 10743808
122 0.0176 10776576
123 0.0212 10838016
124 0.0195 10809344
125 0.0223 10829824
126 0.0228 10833920
127 0.02 10928128
128 0.0191 10895360
129 0.0229 10919936
130 0.0195 10915840
131 0.0199 10973184
132 0.0199 10981376
133 0.0248 11018240
134 0.0194 11026432
135 0.0209 11063296
136 0.0199 11055104
137 0.0211 11108352
138 0.0206 11124736
139 0.0252 11161600
140 0.0216 11173888
141 0.0216 11186176
142 0.0221 11296768
143 0.021 11235328
144 0.0246 11280384
145 0.0257 11304960
146 0.0218 11292672
147 0.0231 11341824
148 0.0213 11362304
149 0.022 11378688
150 0.0232 11386880
151 0.0239 11411456
152 0.0234 11431936
153 0.0274 11460608
154 0.0229 11468800
155 0.0265 11595776
156 0.0276 11522048
157 0.0265 11546624
158 0.0241 11575296
159 0.0281 11599872
160 0.025 11603968
161 0.0255 11636736
162 0.0263 11673600
163 0.0256 11673600
164 0.0252 11698176
165 0.026 11714560
166 0.0261 11722752
167 0.0259 11776000
168 0.0298 11792384
169 0.0301 11849728
170 0.0267 11866112
171 0.0257 11821056
172 0.0274 11894784
173 0.0274 11890688
174 0.0292 11935744
175 0.0294 11952128
176 0.0285 12054528
177 0.0292 11939840
178 0.0341 12042240
179 0.0272 11988992
180 0.0281 12042240
181 0.0331 12066816
182 0.0325 12083200
183 0.0279 12070912
184 0.0313 12115968
185 0.0296 12156928
186 0.0328 12206080
187 0.0337 12181504
188 0.0315 12279808
189 0.0318 12234752
190 0.033 12402688
191 0.0334 12271616
192 0.0329 12382208
193 0.0316 12328960
194 0.032 12349440
195 0.0371 12357632
196 0.0354 12369920
197 0.0345 12406784
198 0.0313 12468224
199 0.0314 12488704
200 0.0354 12513280
201 0.0329 12541952
202 0.0352 12677120
203 0.0341 12566528
204 0.0356 12627968
205 0.0352 12705792
206 0.0372 12677120
207 0.0331 12722176
208 0.0332 12701696
209 0.0331 12746752
210 0.0368 12730368
211 0.0366 12869632
212 0.0352 12791808
213 0.035 12783616
214 0.0371 12824576
215 0.0366 12869632
216 0.0404 12931072
217 0.0408 12910592
218 0.0386 13066240
219 0.0375 12931072