1 0.0033 8409088
2 0.0028 8425472
3 0.0033 8417280
4 0.0034 8450048
5 0.0033 8470528
6 0.0033 8462336
7 0.0032 8491008
8 0.0045 8519680
9 0.0034 8540160
10 0.0052 8564736
11 0.0035 8585216
12 0.0038 8609792
13 0.0055 8622080
14 0.0056 8634368
15 0.0039 8663040
16 0.0049 8675328
17 0.0049 8699904
18 0.0308 8716288
19 0.0068 8761344
20 0.0044 8740864
21 0.0045 8736768
22 0.0054 8773632
23 0.0047 8794112
24 0.0063 8802304
25 0.0079 8822784
26 0.0075 8855552
27 0.0076 8867840
28 0.0053 8884224
29 0.0053 8900608
30 0.0055 8925184
31 0.0084 8933376
32 0.0085 8949760
33 0.0058 8974336
34 0.0086 8986624
35 0.0076 9007104
36 0.006 9023488
37 0.008 9064448
38 0.0064 9052160
39 0.0096 9080832
40 0.0074 9089024
41 0.0067 9105408
42 0.0065 9117696
43 0.0102 9158656
44 0.0071 9179136
45 0.0081 9207808
46 0.007 9211904
47 0.0083 9232384
48 0.0086 9244672
49 0.0073 9269248
50 0.0088 9285632
51 0.0077 9269248
52 0.0091 9310208
53 0.0109 9371648
54 0.0091 9383936
55 0.0121 9379840
56 0.0083 9412608
57 0.0122 9404416
58 0.0123 9433088
59 0.0135 9478144
60 0.01 9465856
61 0.0107 9510912
62 0.0089 9515008
63 0.0096 9543680
64 0.0103 9543680
65 0.0094 9535488
66 0.0106 9588736
67 0.01 9609216
68 0.0106 9617408
69 0.01 9641984
70 0.0183 9678848
71 0.0111 9682944
72 0.0112 9695232
73 0.0105 9728000
74 0.0115 9736192
75 0.0152 9760768
76 0.0121 9781248
77 0.0113 9797632
78 0.0138 9818112
79 0.0129 9842688
80 0.0118 9854976
81 0.0156 9871360
82 0.0119 9900032
83 0.0138 9916416
84 0.016 9932800
85 0.0158 9986048
86 0.0178 9965568
87 0.013 9998336
88 0.0136 10022912
89 0.0124 10043392
90 0.0156 10047488
91 0.0146 10072064
92 0.0143 10092544
93 0.0134 10092544
94 0.013 10141696
95 0.0135 10149888
96 0.0146 10219520
97 0.0139 10219520
98 0.0143 10240000
99 0.0144 10264576
100 0.0163 10280960
101 0.0188 10293248
102 0.0167 10317824
103 0.0159 10350592
104 0.016 10391552
105 0.0158 10395648
106 0.0144 10412032
107 0.0174 10461184
108 0.0153 10469376
109 0.022 10481664
110 0.016 10518528
111 0.0162 10547200
112 0.0171 10547200
113 0.0172 10579968
114 0.0168 10596352
115 0.0161 10629120
116 0.017 10649600
117 0.018 10665984
118 0.0201 10682368
119 0.0173 10706944
120 0.0182 10735616
121 0.0205 10723328
122 0.0177 10752000
123 0.0181 10792960
124 0.0186 10821632
125 0.022 10817536
126 0.0194 10833920
127 0.0253 10874880
128 0.022 10940416
129 0.0188 10883072
130 0.0235 10944512
131 0.0199 10928128
132 0.0209 10956800
133 0.0235 10997760
134 0.0222 11083776
135 0.0216 11051008
136 0.0235 11079680
137 0.0191 11104256
138 0.0208 11137024
139 0.0203 11137024
140 0.0247 11165696
141 0.0217 11198464
142 0.0211 11206656
143 0.0229 11251712
144 0.0201 11247616
145 0.0219 11300864
146 0.0216 11325440
147 0.0227 11329536
148 0.0263 11350016
149 0.0217 11378688
150 0.0264 11390976
151 0.0255 11456512
152 0.0234 11431936
153 0.0241 11464704
154 0.0223 11485184
155 0.0267 11526144
156 0.0275 11513856
157 0.0275 11546624
158 0.0278 11571200
159 0.024 11591680
160 0.0245 11632640
161 0.0255 11653120
162 0.0253 11657216
163 0.0228 11689984
164 0.026 11689984
165 0.0334 11845632
166 0.0246 11751424
167 0.0277 11800576
168 0.0253 11776000
169 0.0275 11808768
170 0.03 11816960
171 0.026 11841536
172 0.0262 11866112
173 0.0289 11948032
174 0.0278 11915264
175 0.0279 11939840
176 0.0278 11956224
177 0.0334 11964416
178 0.0327 11976704
179 0.0281 12021760
180 0.0306 12017664
181 0.031 12066816
182 0.0312 12087296
183 0.0296 12124160
184 0.0293 12107776
185 0.0285 12144640
186 0.029 12156928
187 0.033 12353536
188 0.0299 12222464
189 0.0355 12234752
190 0.0311 12263424
191 0.0308 12267520
192 0.0336 12304384
193 0.0315 12328960
194 0.0303 12320768
195 0.0304 12365824
196 0.0333 12382208
197 0.0353 12423168
198 0.0353 12484608
199 0.0314 12464128
200 0.032 12529664
201 0.0315 12554240
202 0.0345 12595200
203 0.0344 12607488
204 0.0344 12652544
205 0.0344 12681216
206 0.034 12697600
207 0.0347 12705792
208 0.0361 12734464
209 0.0334 12726272
210 0.0418 12767232
211 0.0374 12795904
212 0.036 12926976
213 0.0359 12804096
214 0.0361 12861440
215 0.0343 12943360
216 0.0343 12914688
217 0.0366 12939264
218 0.0343 12939264
219 0.0389 13062144