1 0.0426 8994816
2 0.043 9011200
3 0.0394 9039872
4 0.0408 9023488
5 0.0417 9052160
6 0.0403 9097216
7 0.0421 9142272
8 0.0447 9170944
9 0.0538 9232384
10 0.0439 9228288
11 0.048 9273344
12 0.0438 9310208
13 0.0501 9318400
14 0.0484 9424896
15 0.0496 9400320
16 0.0496 9424896
17 0.0454 9449472
18 0.0507 9539584
19 0.0478 9519104
20 0.0509 9568256
21 0.0481 9584640
22 0.0517 9621504
23 0.0525 9654272
24 0.0528 9691136
25 0.0505 9715712
26 0.0537 9752576
27 0.0539 9789440
28 0.0503 9801728
29 0.0563 9859072
30 0.0516 9908224
31 0.0527 9924608
32 0.0537 9957376
33 0.0567 10010624
34 0.0571 10047488
35 0.0536 10092544
36 0.0555 10133504
37 0.0549 10170368
38 0.0556 10182656
39 0.0605 10268672
40 0.0605 10309632
41 0.0615 10350592
42 0.058 10366976
43 0.0626 10436608
44 0.0591 10489856
45 0.06 10534912
46 0.0618 10575872
47 0.061 10588160
48 0.0654 10657792
49 0.0627 10735616
50 0.063 10711040
51 0.0633 10764288
52 0.0641 10846208
53 0.0663 10878976
54 0.0654 10899456
55 0.0697 10973184
56 0.0667 11030528
57 0.0688 11059200
58 0.0687 11116544
59 0.0683 11165696
60 0.0726 11210752
61 0.0699 11304960
62 0.0742 11378688
63 0.075 11436032
64 0.0754 11476992
65 0.0723 11522048
66 0.0725 11522048
67 0.0749 11591680
68 0.0786 11640832
69 0.0745 11710464
70 0.0791 11739136
71 0.0769 11759616
72 0.0782 11845632
73 0.079 11898880
74 0.078 11919360
75 0.0785 12013568
76 0.0833 12066816
77 0.0843 12111872
78 0.0825 12156928
79 0.0818 12234752
80 0.0862 12292096
81 0.0849 12337152
82 0.0842 12369920
83 0.0859 12480512
84 0.0852 12496896
85 0.0904 12570624
86 0.0872 12615680
87 0.092 12722176
88 0.0936 12787712
89 0.0938 12845056
90 0.0927 12914688
91 0.093 12959744
92 0.0969 13025280
93 0.1012 13111296
94 0.0941 13180928
95 0.0973 13225984
96 0.1006 13299712
97 0.1011 13373440
98 0.1028 13430784
99 0.0999 13484032
100 0.1015 13549568
101 0.1012 13594624
102 0.1016 13701120
103 0.1029 13729792
104 0.1025 13844480
105 0.1081 13893632
106 0.1044 13967360
107 0.106 14041088
108 0.1058 14114816
109 0.1114 14176256
110 0.1092 14229504
111 0.1103 14319616
112 0.1088 14381056
113 0.11 14454784
114 0.1117 14479360
115 0.1116 14602240
116 0.114 14643200
117 0.1179 14712832
118 0.1189 14794752
119 0.1154 14852096
120 0.1173 14925824
121 0.1172 14954496
122 0.1185 15077376
123 0.1185 15159296
124 0.1242 15224832
125 0.1203 15314944
126 0.1247 15384576
127 0.1225 15466496
128 0.1292 15523840
129 0.1245 15572992
130 0.1268 15687680
131 0.1278 15777792
132 0.1278 15876096
133 0.1301 15970304
134 0.1297 15982592
135 0.1321 16076800
136 0.1339 16134144
137 0.1322 16203776
138 0.1389 16314368
139 0.1376 16416768
140 0.1361 16494592
141 0.1373 16592896
142 0.1424 16654336
143 0.1387 16732160
144 0.14 16805888
145 0.1404 16900096
146 0.1414 16977920
147 0.144 17076224
148 0.1457 17149952
149 0.1502 17289216
150 0.1492 17354752
151 0.15 17457152
152 0.1522 17526784
153 0.1535 17633280
154 0.1533 17772544
155 0.1514 17883136
156 0.1542 17952768
157 0.1572 18034688
158 0.1552 18087936
159 0.1552 18178048
160 0.1603 18272256
161 0.1592 18341888
162 0.1574 18370560
163 0.16 18534400
164 0.1647 18620416
165 0.1629 18702336
166 0.1626 18800640
167 0.1643 18882560
168 0.1661 18960384
169 0.1663 19054592
170 0.1886 19292160
171 0.1706 19193856
172 0.1782 19329024
173 0.1771 19476480
174 0.1792 19492864
175 0.1738 19582976
176 0.1898 19750912
177 0.177 19763200
178 0.1818 19865600
179 0.1887 19951616
180 0.1825 20054016
181 0.1911 20201472
182 0.1929 20217856
183 0.1854 20353024
184 0.1969 20467712
185 0.1909 20557824
186 0.1882 20680704
187 0.2009 20758528
188 0.2028 20856832
189 0.1922 20926464
190 0.1992 21073920
191 0.2405 21172224
192 0.2018 21278720
193 0.2052 21430272
194 0.2008 21483520
195 0.2137 21585920
196 0.2105 21704704
197 0.2077 21790720
198 0.205 21893120
199 0.2053 22016000
200 0.2067 22052864
201 0.2089 22196224
202 0.2122 22228992
203 0.2117 22347776
204 0.2163 22355968
205 0.2151 22503424
206 0.2141 22614016
207 0.2177 22700032
208 0.2225 22773760
209 0.2214 22900736
210 0.2218 23031808
211 0.222 23126016
212 0.2255 23224320
213 0.2327 23400448
214 0.2304 23441408
215 0.2304 23564288
216 0.2301 23687168
217 0.233 23773184
218 0.2332 23900160
219 0.2319 23982080
220 0.2335 24125440
221 0.2384 24227840
222 0.2356 24334336
223 0.2406 24461312
224 0.2406 24535040
225 0.2442 24653824
226 0.2421 24764416
227 0.2464 24915968
228 0.249 24989696
229 0.2537 25112576
230 0.2477 25219072
231 0.2546 25317376
232 0.2576 25612288
233 0.2534 25579520
234 0.2571 25726976
235 0.2597 25808896
236 0.2588 25923584
237 0.2619 26042368
238 0.262 26157056
239 0.265 26271744
240 0.2615 26353664
241 0.2664 26636288
242 0.2694 26607616
243 0.2669 26718208
244 0.2746 26841088
245 0.2959 26947584
246 0.2711 27045888
247 0.274 27193344
248 0.2735 27287552
249 0.2913 27607040
250 0.2751 27545600
251 0.2803 27656192
252 0.283 27750400
253 0.2879 28172288
254 0.2822 28033024