1 0.2236 8921088
2 0.0452 9027584
3 0.0457 8982528
4 0.0485 9097216
5 0.0463 9003008
6 0.0665 9150464
7 0.045 9064448
8 0.0447 9146368
9 0.0477 9125888
10 0.047 9191424
11 0.0514 9175040
12 0.0538 9211904
13 0.0518 9240576
14 0.0523 9355264
15 0.047 9302016
16 0.0518 9392128
17 0.0475 9359360
18 0.0505 9375744
19 0.0527 9437184
20 0.0487 9482240
21 0.0505 9560064
22 0.0505 9564160
23 0.0502 9510912
24 0.0568 9584640
25 0.0593 9580544
26 0.0538 9609216
27 0.0534 9641984
28 0.0533 9678848
29 0.0612 9719808
30 0.055 9756672
31 0.0592 9797632
32 0.0557 9814016
33 0.0558 9838592
34 0.057 9867264
35 0.0576 9895936
36 0.0625 10022912
37 0.0641 9949184
38 0.0656 10080256
39 0.058 10010624
40 0.0687 10039296
41 0.0616 10076160
42 0.0605 10088448
43 0.0636 10207232
44 0.0632 10194944
45 0.0676 10227712
46 0.0632 10280960
47 0.0651 10240000
48 0.0701 10293248
49 0.0673 10297344
50 0.0631 10330112
51 0.0731 10391552
52 0.0697 10477568
53 0.0704 10469376
54 0.0801 10551296
55 0.0665 10559488
56 0.0686 10551296
57 0.0693 10600448
58 0.0688 10620928
59 0.0722 10657792
60 0.0677 10657792
61 0.0734 10727424
62 0.0717 10764288
63 0.0716 10801152
64 0.0809 10833920
65 0.0744 10833920
66 0.0712 10870784
67 0.0715 10887168
68 0.0744 10928128
69 0.0801 11087872
70 0.0754 10960896
71 0.0744 10993664
72 0.0793 11046912
73 0.0822 11046912
74 0.0815 11206656
75 0.0793 11132928
76 0.0769 11177984
77 0.082 11128832
78 0.0875 11243520
79 0.0792 11255808
80 0.0889 11223040
81 0.08 11264000
82 0.0823 11345920
83 0.0841 11309056
84 0.0855 11333632
85 0.0876 11411456
86 0.0902 11472896
87 0.0891 11522048
88 0.0901 11448320
89 0.0893 11476992
90 0.0912 11612160
91 0.0848 11538432
92 0.0847 11567104
93 0.0857 11653120
94 0.0901 11726848
95 0.0957 11653120
96 0.0881 11669504
97 0.0907 11698176
98 0.0865 11706368
99 0.0936 11788288
100 0.0922 11907072
101 0.0931 11919360
102 0.1013 11984896
103 0.0973 11931648
104 0.0995 12021760
105 0.0911 11960320
106 0.0918 12042240
107 0.0972 12046336
108 0.0959 12046336
109 0.0941 12148736
110 0.1004 12083200
111 0.0956 12185600
112 0.0983 12222464
113 0.0991 12206080
114 0.0964 12251136
115 0.1013 12226560
116 0.105 12255232
117 0.1012 12353536
118 0.1074 12341248
119 0.1054 12427264
120 0.1024 12488704
121 0.1036 12398592
122 0.1015 12419072
123 0.1033 12554240
124 0.1019 12496896
125 0.1002 12525568
126 0.1036 12533760
127 0.1091 12574720
128 0.1061 12681216
129 0.1065 12644352
130 0.1079 12677120
131 0.1157 12791808
132 0.1083 12845056
133 0.1099 12849152
134 0.1102 12795904
135 0.108 12828672
136 0.1108 12922880
137 0.1112 12877824
138 0.116 13021184
139 0.117 12988416
140 0.1167 12955648
141 0.1153 13053952
142 0.1116 13049856
143 0.1133 13070336
144 0.112 13074432
145 0.1215 13225984
146 0.1224 13209600
147 0.1125 13340672
148 0.1208 13279232
149 0.1151 13332480
150 0.1257 13369344
151 0.1233 13520896
152 0.1228 13410304
153 0.1173 13377536
154 0.1164 13529088
155 0.1268 13549568
156 0.1187 13533184
157 0.1262 13475840
158 0.1263 13512704
159 0.1346 13680640
160 0.1296 13553664
161 0.1317 13791232
162 0.128 13709312
163 0.1228 13656064
164 0.1288 13737984
165 0.1262 13783040
166 0.1287 13803520
167 0.1262 13803520
168 0.1261 13799424
169 0.1276 13824000
170 0.1267 13934592
171 0.13 13975552
172 0.1274 13959168
173 0.1307 13991936
174 0.1336 14024704
175 0.1466 14114816
176 0.1347 14106624
177 0.1318 14159872
178 0.1313 14073856
179 0.1346 14102528
180 0.1371 14245888
181 0.139 14258176
182 0.1399 14282752
183 0.1441 14225408
184 0.1346 14249984
185 0.1322 14311424
186 0.1376 14368768
187 0.136 14364672
188 0.1408 14401536
189 0.1442 14491648
190 0.148 14508032
191 0.139 14536704
192 0.1438 14602240
193 0.1469 14491648
194 0.1413 14532608
195 0.1504 14622720
196 0.1457 14761984
197 0.1515 14663680
198 0.1515 14786560
199 0.1412 14675968
200 0.1472 14909440
201 0.152 14815232
202 0.1464 14757888
203 0.1459 14872576
204 0.145 14888960
205 0.1522 14843904
206 0.1502 14880768
207 0.1456 14966784
208 0.1563 15110144
209 0.1553 15122432
210 0.1539 15069184
211 0.1496 15024128
212 0.1551 15220736
213 0.1538 15212544
214 0.1551 15183872
215 0.1523 15220736
216 0.1521 15159296
217 0.1544 15187968
218 0.1547 15327232
219 0.1617 15323136
220 0.1555 15355904
221 0.1549 15331328
222 0.162 15429632
223 0.1716 15495168
224 0.1578 15380480
225 0.1593 15486976
226 0.1572 15572992
227 0.1692 15540224
228 0.16 15716352
229 0.1938 15650816
230 0.1632 15564800
231 0.1628 15581184
232 0.184 15622144
233 0.1679 15642624
234 0.1597 15704064
235 0.174 15761408
236 0.1646 15790080
237 0.1736 15769600
238 0.1644 15892480
239 0.168 15876096
240 0.1699 15925248
241 0.1724 16015360
242 0.1798 15949824
243 0.1706 15994880
244 0.1873 16064512
245 0.1761 16101376
246 0.1708 16146432
247 0.1828 16080896
248 0.1686 16109568
249 0.1731 16138240
250 0.1739 16166912
251 0.1775 16396288