1 0.0027 6447104
2 0.0029 6451200
3 0.0027 6467584
4 0.0029 6471680
5 0.0043 6508544
6 0.0032 6524928
7 0.0031 6549504
8 0.0033 6574080
9 0.0052 6619136
10 0.0041 6619136
11 0.0037 6639616
12 0.0048 6668288
13 0.0057 6696960
14 0.004 6701056
15 0.005 6721536
16 0.0053 6742016
17 0.0043 6750208
18 0.0045 6787072
19 0.0053 6766592
20 0.0047 6815744
21 0.0061 6819840
22 0.0047 6803456
23 0.005 6856704
24 0.0062 6873088
25 0.0051 6860800
26 0.0053 6914048
27 0.0071 6930432
28 0.0055 6946816
29 0.0072 6950912
30 0.0071 6987776
31 0.0058 7004160
32 0.0058 7004160
33 0.0086 7024640
34 0.0061 7020544
35 0.0067 7069696
36 0.0062 7057408
37 0.0066 7110656
38 0.0092 7114752
39 0.0094 7139328
40 0.0082 7163904
41 0.007 7147520
42 0.0098 7192576
43 0.0099 7217152
44 0.0102 7233536
45 0.008 7229440
46 0.0093 7274496
47 0.0093 7274496
48 0.0111 7340032
49 0.0112 7327744
50 0.011 7344128
51 0.0081 7352320
52 0.0092 7376896
53 0.0086 7409664
54 0.0087 7442432
55 0.0121 7438336
56 0.0118 7499776
57 0.0088 7479296
58 0.0123 7483392
59 0.0129 7503872
60 0.0119 7536640
61 0.0129 7540736
62 0.0099 7524352
63 0.0136 7581696
64 0.0129 7606272
65 0.0111 7602176
66 0.0118 7680000
67 0.0112 7647232
68 0.0106 7688192
69 0.0121 7696384
70 0.0123 7716864
71 0.0146 7720960
72 0.0127 7757824
73 0.0154 7757824
74 0.0153 7860224
75 0.0124 7823360
76 0.017 7880704
77 0.0162 7843840
78 0.0132 7888896
79 0.013 7913472
80 0.0164 7913472
81 0.0137 7933952
82 0.0155 7991296
83 0.0121 7970816
84 0.0149 7970816
85 0.014 7991296
86 0.0176 8101888
87 0.0128 8036352
88 0.0128 8077312
89 0.013 8073216
90 0.0177 8122368
91 0.0168 8179712
92 0.0153 8159232
93 0.015 8175616
94 0.0151 8228864
95 0.0184 8200192
96 0.0192 8282112
97 0.0185 8261632
98 0.0171 8310784
99 0.0188 8343552
100 0.0196 8396800
101 0.0153 8335360
102 0.0161 8355840
103 0.0195 8396800
104 0.0166 8450048
105 0.0175 8429568
106 0.0205 8523776
107 0.0169 8491008
108 0.0205 8507392
109 0.0173 8523776
110 0.0166 8560640
111 0.0217 8638464
112 0.0206 8589312
113 0.0192 8642560
114 0.0175 8642560
115 0.0221 8716288
116 0.0195 8667136
117 0.0214 8744960
118 0.0223 8753152
119 0.0227 8744960
120 0.0221 8749056
121 0.0221 8769536
122 0.0222 8835072
123 0.0234 8867840
124 0.0216 8826880
125 0.0184 8863744
126 0.0229 8957952
127 0.0227 8949760
128 0.019 8933376
129 0.023 8945664
130 0.0208 9003008
131 0.0235 8978432
132 0.0207 9023488
133 0.023 9060352
134 0.0226 9134080
135 0.0241 9105408
136 0.0251 9199616
137 0.022 9142272
138 0.0262 9228288
139 0.0264 9261056
140 0.0266 9306112
141 0.0315 9302016
142 0.0252 9310208
143 0.0248 9359360
144 0.0259 9338880
145 0.0267 9420800
146 0.0245 9371648
147 0.0265 9441280
148 0.0235 9388032
149 0.0232 9457664
150 0.0266 9453568
151 0.024 9605120
152 0.0281 9547776
153 0.0282 9633792
154 0.0278 9527296
155 0.0277 9621504
156 0.0281 9637888
157 0.0269 9601024
158 0.0263 9707520
159 0.0283 9691136
160 0.0287 9691136
161 0.0293 9707520
162 0.0296 9748480
163 0.0259 9715712
164 0.0326 9809920
165 0.0253 9752576
166 0.0306 9818112
167 0.031 9805824
168 0.0282 9900032
169 0.0286 9904128
170 0.0298 9990144
171 0.0304 9904128
172 0.0314 9887744
173 0.0311 9977856
174 0.0297 9977856
175 0.033 10072064
176 0.0319 10031104
177 0.0289 10047488
178 0.0346 10031104
179 0.0327 10174464
180 0.0309 10137600
181 0.0328 10170368
182 0.0337 10260480
183 0.0303 10158080
184 0.0338 10158080
185 0.0338 10215424
186 0.036 10289152
187 0.0306 10256384
188 0.0306 10256384
189 0.0337 10330112
190 0.0375 10371072
191 0.0308 10362880
192 0.0368 10493952
193 0.032 10428416
194 0.0368 10498048
195 0.0349 10502144
196 0.0356 10539008
197 0.0305 10452992
198 0.0372 10592256
199 0.036 10604544
200 0.0367 10584064
201 0.0392 10674176
202 0.0386 10608640
203 0.0408 10604544
204 0.0367 10653696
205 0.0419 10792960
206 0.0392 10780672
207 0.0362 10760192
208 0.0345 10752000
209 0.0401 10866688
210 0.0348 10809344
211 0.0389 10797056
212 0.0374 10899456
213 0.0399 10936320
214 0.0388 10866688
215 0.0372 10919936
216 0.0371 11018240
217 0.0436 11034624
218 0.0472 10985472
219 0.0417 11026432