1 0.0041 6488064
2 0.0032 6479872
3 0.0036 6488064
4 0.0028 6471680
5 0.003 6488064
6 0.0032 6524928
7 0.0044 6578176
8 0.0032 6561792
9 0.0036 6602752
10 0.0039 6619136
11 0.0038 6639616
12 0.0038 6668288
13 0.0049 6688768
14 0.0041 6696960
15 0.0041 6721536
16 0.0043 6746112
17 0.0052 6746112
18 0.0055 6795264
19 0.0057 6787072
20 0.0048 6791168
21 0.006 6848512
22 0.0062 6836224
23 0.0074 6852608
24 0.0066 6873088
25 0.0068 6893568
26 0.0054 6914048
27 0.0072 6930432
28 0.0067 6934528
29 0.0075 6942720
30 0.0057 6983680
31 0.007 6991872
32 0.0059 7020544
33 0.0083 7024640
34 0.0061 7045120
35 0.007 7049216
36 0.0076 7077888
37 0.0065 7110656
38 0.0065 7102464
39 0.0067 7139328
40 0.0079 7159808
41 0.0069 7180288
42 0.0094 7196672
43 0.0073 7225344
44 0.0071 7241728
45 0.0074 7258112
46 0.0075 7258112
47 0.009 7274496
48 0.0078 7303168
49 0.0107 7311360
50 0.0113 7335936
51 0.0081 7323648
52 0.0082 7380992
53 0.0084 7393280
54 0.0086 7434240
55 0.0119 7434240
56 0.0121 7450624
57 0.0127 7491584
58 0.0108 7507968
59 0.0093 7548928
60 0.0093 7507968
61 0.0096 7544832
62 0.013 7557120
63 0.0097 7581696
64 0.0133 7606272
65 0.0105 7626752
66 0.0109 7675904
67 0.0101 7618560
68 0.0147 7733248
69 0.0106 7700480
70 0.0107 7716864
71 0.0132 7716864
72 0.0148 7749632
73 0.0112 7766016
74 0.0154 7843840
75 0.0113 7806976
76 0.016 7847936
77 0.0122 7819264
78 0.0122 7884800
79 0.0134 7909376
80 0.0159 7905280
81 0.0163 7925760
82 0.0162 7974912
83 0.017 7958528
84 0.0123 8015872
85 0.0143 8077312
86 0.0129 8011776
87 0.018 8093696
88 0.013 8077312
89 0.0175 8069120
90 0.0143 8118272
91 0.015 8187904
92 0.0166 8151040
93 0.0182 8171520
94 0.019 8306688
95 0.0139 8228864
96 0.0176 8278016
97 0.0191 8269824
98 0.0142 8302592
99 0.0147 8318976
100 0.0165 8339456
101 0.0203 8417280
102 0.0178 8392704
103 0.0155 8409088
104 0.0152 8429568
105 0.0209 8450048
106 0.0169 8454144
107 0.0179 8540160
108 0.0173 8536064
109 0.0161 8523776
110 0.0202 8552448
111 0.021 8597504
112 0.0161 8597504
113 0.0221 8634368
114 0.0225 8732672
115 0.0166 8654848
116 0.017 8671232
117 0.0172 8704000
118 0.0176 8744960
119 0.0229 8765440
120 0.0239 8765440
121 0.0235 8777728
122 0.0175 8802304
123 0.0204 8826880
124 0.025 8851456
125 0.0229 8908800
126 0.0228 8994816
127 0.0277 8998912
128 0.0223 9003008
129 0.0198 8933376
130 0.0202 8949760
131 0.0236 9043968
132 0.0256 9097216
133 0.0273 9056256
134 0.0244 9064448
135 0.0201 9101312
136 0.0258 9191424
137 0.0245 9138176
138 0.021 9170944
139 0.0254 9248768
140 0.0209 9224192
141 0.0251 9338880
142 0.0231 9265152
143 0.0267 9293824
144 0.0217 9359360
145 0.0254 9416704
146 0.0266 9416704
147 0.027 9379840
148 0.0277 9523200
149 0.0263 9474048
150 0.0259 9461760
151 0.023 9482240
152 0.0244 9506816
153 0.0285 9572352
154 0.0294 9539584
155 0.0286 9584640
156 0.0238 9572352
157 0.0267 9654272
158 0.0285 9621504
159 0.0293 9711616
160 0.0288 9625600
161 0.0305 9748480
162 0.0309 9728000
163 0.0318 9703424
164 0.0254 9760768
165 0.0298 9752576
166 0.031 9871360
167 0.0301 9850880
168 0.03 9830400
169 0.0302 9867264
170 0.0353 9879552
171 0.029 9879552
172 0.0325 9953280
173 0.0317 9981952
174 0.0262 9957376
175 0.0303 10018816
176 0.029 10027008
177 0.0325 10027008
178 0.0318 10092544
179 0.0321 10063872
180 0.0323 10121216
181 0.0297 10096640
182 0.0324 10125312
183 0.0359 10133504
184 0.0348 10199040
185 0.0336 10285056
186 0.0364 10215424
187 0.0428 10338304
188 0.0352 10313728
189 0.0322 10252288
190 0.0326 10407936
191 0.0341 10354688
192 0.0359 10498048
193 0.0346 10399744
194 0.036 10518528
195 0.037 10498048
196 0.0371 10547200
197 0.0375 10547200
198 0.038 10616832
199 0.0321 10559488
200 0.0364 10559488
201 0.0365 10608640
202 0.0377 10645504
203 0.0342 10715136
204 0.0366 10690560
205 0.0395 10776576
206 0.0381 10752000
207 0.0428 10792960
208 0.038 10846208
209 0.0383 10833920
210 0.0387 10862592
211 0.039 10891264
212 0.0333 10805248
213 0.0406 10940416
214 0.0421 10956800
215 0.0401 10919936
216 0.0369 10903552
217 0.0413 11005952
218 0.0398 11100160
219 0.0373 11014144