1 0.0371 8953856
2 0.0461 8957952
3 0.0417 9003008
4 0.0426 9019392
5 0.0425 9043968
6 0.0464 9072640
7 0.0472 9084928
8 0.0504 9191424
9 0.0455 9150464
10 0.0484 9175040
11 0.047 9224192
12 0.0469 9216000
13 0.0513 9273344
14 0.0481 9273344
15 0.0514 9293824
16 0.049 9302016
17 0.0527 9388032
18 0.0483 9420800
19 0.0591 9412608
20 0.0503 9445376
21 0.0571 9474048
22 0.0549 9510912
23 0.0526 9564160
24 0.0545 9592832
25 0.0568 9674752
26 0.0582 9605120
27 0.0558 9695232
28 0.0625 9678848
29 0.0603 9711616
30 0.0596 9768960
31 0.061 9781248
32 0.0593 9871360
33 0.0624 9945088
34 0.0608 9859072
35 0.0572 9891840
36 0.0614 9924608
37 0.0658 9949184
38 0.0633 10039296
39 0.0589 10006528
40 0.0592 10076160
41 0.0633 10174464
42 0.0615 10170368
43 0.0615 10125312
44 0.0641 10170368
45 0.0619 10219520
46 0.0622 10227712
47 0.0647 10272768
48 0.0653 10305536
49 0.071 10346496
50 0.0688 10317824
51 0.0658 10358784
52 0.0671 10428416
53 0.0696 10498048
54 0.0805 10555392
55 0.1499 10567680
56 0.1091 10612736
57 0.1123 10645504
58 0.1031 10645504
59 0.108 10698752
60 0.0839 10797056
61 0.1011 10747904
62 0.1014 10829824
63 0.1038 10825728
64 0.1038 10842112
65 0.106 10887168
66 0.1006 10928128
67 0.1099 10932224
68 0.1023 10969088
69 0.1103 11001856
70 0.12 11038720
71 0.1045 11091968
72 0.1105 11161600
73 0.0753 11026432
74 0.0786 11063296
75 0.0779 11120640
76 0.0855 11264000
77 0.0906 11284480
78 0.1159 11251712
79 0.1246 11223040
80 0.1144 11362304
81 0.1228 11362304
82 0.1217 11395072
83 0.0831 11313152
84 0.0824 11472896
85 0.0845 11374592
86 0.0805 11395072
87 0.0845 11419648
88 0.0819 11464704
89 0.0851 11476992
90 0.0826 11481088
91 0.0821 11509760
92 0.1098 11685888
93 0.0894 11669504
94 0.0857 11616256
95 0.0897 11657216
96 0.0956 11677696
97 0.0881 11706368
98 0.0858 11755520
99 0.0888 11755520
100 0.0903 11816960
101 0.0939 11993088
102 0.0884 11841536
103 0.089 11923456
104 0.0946 11939840
105 0.0957 11952128
106 0.0913 11984896
107 0.0903 11976704
108 0.0944 12099584
109 0.0969 12144640
110 0.096 12103680
111 0.0988 12189696
112 0.1001 12201984
113 0.1006 12173312
114 0.0942 12242944
115 0.0999 12296192
116 0.1023 12300288
117 0.0995 12283904
118 0.0992 12312576
119 0.1009 12341248
120 0.1038 12357632
121 0.1061 12578816
122 0.1022 12513280
123 0.1088 12521472
124 0.1017 12525568
125 0.1063 12693504
126 0.1047 12591104
127 0.1085 12640256
128 0.1038 12709888
129 0.1129 12640256
130 0.1096 12738560
131 0.1105 12828672
132 0.1087 12853248
133 0.1276 12943360
134 0.1176 12853248
135 0.1113 12812288
136 0.1085 12861440
137 0.1111 12877824
138 0.1101 12894208
139 0.1111 12935168
140 0.1098 12963840
141 0.1118 12992512
142 0.1137 13168640
143 0.111 13086720
144 0.1116 13107200
145 0.1171 13201408
146 0.1159 13164544
147 0.1147 13217792
148 0.1202 13328384
149 0.1173 13258752
150 0.1175 13287424
151 0.1235 13352960
152 0.1276 13344768
153 0.1233 13533184
154 0.1179 13492224
155 0.121 13488128
156 0.1242 13557760
157 0.1171 13492224
158 0.1292 13586432
159 0.1276 13619200
160 0.1212 13635584
161 0.122 13586432
162 0.1307 13692928
163 0.1205 13660160
164 0.1266 13844480
165 0.129 13836288
166 0.1236 13742080
167 0.13 13893632
168 0.1313 13922304
169 0.1295 13852672
170 0.1312 13959168
171 0.1286 13881344
172 0.1299 13893632
173 0.1386 14012416
174 0.1386 14049280
175 0.1342 14057472
176 0.1367 14008320
177 0.134 14041088
178 0.1296 14106624
179 0.1427 14213120
180 0.1388 14225408
181 0.1332 14229504
182 0.1375 14184448
183 0.1391 14311424
184 0.1456 14397440
185 0.1369 14262272
186 0.1392 14438400
187 0.1354 14336000
188 0.1331 14360576
189 0.1495 14499840
190 0.1424 14491648
191 0.1378 14491648
192 0.1409 14569472
193 0.1362 14544896
194 0.1403 14569472
195 0.144 14520320
196 0.138 14606336
197 0.1466 14610432
198 0.1449 14745600
199 0.1484 14696448
200 0.1454 14733312
201 0.1477 14753792
202 0.1468 14868480
203 0.1493 14794752
204 0.1484 14876672
205 0.1448 14823424
206 0.153 14905344
207 0.1551 14929920
208 0.153 14966784
209 0.1521 14987264
210 0.1525 14987264
211 0.1509 15015936
212 0.1514 15048704
213 0.1494 15081472
214 0.1514 15081472
215 0.1522 15208448
216 0.1504 15200256
217 0.157 15179776
218 0.158 15319040
219 0.1517 15237120
220 0.1575 15286272
221 0.1541 15298560
222 0.1534 15339520
223 0.1598 15360000
224 0.1611 15417344
225 0.1564 15425536
226 0.1602 15499264
227 0.1627 15556608
228 0.1595 15552512
229 0.159 15536128
230 0.1667 15581184
231 0.1612 15818752
232 0.1641 15675392
233 0.1684 15679488
234 0.1642 15745024
235 0.1639 15704064
236 0.1652 15790080
237 0.1679 15777792
238 0.1742 15855616
239 0.1683 15859712
240 0.1807 15872000
241 0.1804 15974400
242 0.1647 15966208
243 0.1802 16048128
244 0.1977 16154624
245 0.1733 16183296
246 0.1729 16277504
247 0.1766 16175104
248 0.1712 16240640
249 0.1686 16138240
250 0.1756 16314368
251 0.1752 16220160