1 0.0387 8962048
2 0.0397 8941568
3 0.0393 8949760
4 0.0398 8974336
5 0.0412 9015296
6 0.04 9060352
7 0.0419 9105408
8 0.041 9162752
9 0.0413 9138176
10 0.0419 9199616
11 0.0434 9211904
12 0.0425 9232384
13 0.0445 9285632
14 0.0433 9334784
15 0.0466 9375744
16 0.0447 9379840
17 0.0446 9420800
18 0.0455 9457664
19 0.0475 9486336
20 0.0479 9506816
21 0.051 9555968
22 0.0495 9572352
23 0.0488 9609216
24 0.0482 9654272
25 0.0529 9674752
26 0.0504 9715712
27 0.0511 9744384
28 0.0503 9756672
29 0.0559 9822208
30 0.0549 9867264
31 0.0555 9895936
32 0.0518 9908224
33 0.0661 10027008
34 0.0572 10002432
35 0.0541 10076160
36 0.0553 10100736
37 0.0556 10117120
38 0.0569 10170368
39 0.0598 10223616
40 0.0607 10264576
41 0.0573 10285056
42 0.058 10330112
43 0.0623 10399744
44 0.0598 10432512
45 0.0609 10485760
46 0.064 10539008
47 0.0612 10543104
48 0.0652 10629120
49 0.066 10670080
50 0.064 10690560
51 0.0642 10752000
52 0.0635 10764288
53 0.0681 10842112
54 0.0661 10883072
55 0.0654 10907648
56 0.0701 11001856
57 0.0678 11014144
58 0.0687 11063296
59 0.0675 11100160
60 0.0691 11190272
61 0.0706 11292672
62 0.0711 11313152
63 0.0709 11423744
64 0.0725 11436032
65 0.0719 11419648
66 0.0737 11575296
67 0.0748 11558912
68 0.0737 11628544
69 0.0782 11661312
70 0.077 11702272
71 0.0797 11767808
72 0.0965 11915264
73 0.0827 11874304
74 0.0785 11952128
75 0.0801 11964416
76 0.0838 12017664
77 0.0804 12038144
78 0.0901 12271616
79 0.0831 12185600
80 0.0837 12247040
81 0.0847 12296192
82 0.0837 12386304
83 0.0842 12406784
84 0.0876 12488704
85 0.0861 12513280
86 0.0888 12623872
87 0.0881 12689408
88 0.094 12754944
89 0.0904 12783616
90 0.0911 12832768
91 0.0912 12914688
92 0.093 13012992
93 0.0947 13078528
94 0.0946 13094912
95 0.0952 13156352
96 0.0979 13266944
97 0.1028 13365248
98 0.1014 13393920
99 0.0987 13418496
100 0.0989 13500416
101 0.1001 13561856
102 0.102 13660160
103 0.1026 13721600
104 0.1078 13856768
105 0.1082 13869056
106 0.108 13922304
107 0.1054 13987840
108 0.107 14041088
109 0.1062 14172160
110 0.1074 14209024
111 0.1083 14245888
112 0.1139 14467072
113 0.1119 14397440
114 0.1124 14495744
115 0.1125 14544896
116 0.1147 14598144
117 0.1133 14663680
118 0.1143 14721024
119 0.1198 14823424
120 0.1168 14909440
121 0.1264 14954496
122 0.1184 15081472
123 0.12 15159296
124 0.1199 15228928
125 0.122 15253504
126 0.1263 15339520
127 0.1267 15429632
128 0.1241 15470592
129 0.1264 15556608
130 0.1267 15667200
131 0.1276 15712256
132 0.1288 15810560
133 0.1298 15896576
134 0.1299 16007168
135 0.1309 16031744
136 0.1321 16150528
137 0.1369 16220160
138 0.1341 16277504
139 0.1367 16347136
140 0.1373 16461824
141 0.1404 16543744
142 0.1392 16621568
143 0.1397 16707584
144 0.1429 16830464
145 0.1458 16883712
146 0.1423 16965632
147 0.1431 17002496
148 0.1451 17129472
149 0.1445 17235968
150 0.1473 17326080
151 0.1478 17428480
152 0.1498 17530880
153 0.149 17633280
154 0.1542 17719296
155 0.152 17838080
156 0.1546 17940480
157 0.1541 18010112
158 0.1545 18087936
159 0.159 18145280
160 0.1571 18251776
161 0.1596 18313216
162 0.1583 18403328
163 0.1623 18505728
164 0.1604 18579456
165 0.1661 18751488
166 0.1661 18776064
167 0.1642 18829312
168 0.1711 18968576
169 0.1735 19034112
170 0.1692 19103744
171 0.1704 19185664
172 0.171 19329024
173 0.1792 19402752
174 0.179 19664896
175 0.1797 19677184
176 0.182 19677184
177 0.1771 19738624
178 0.1785 19865600
179 0.188 20111360
180 0.18 20017152
181 0.1837 20144128
182 0.1873 20246528
183 0.1883 20336640
184 0.1858 20410368
185 0.1893 20512768
186 0.1898 20639744
187 0.192 20787200
188 0.1908 20815872
189 0.1936 20955136
190 0.2037 21213184
191 0.1991 21180416
192 0.1968 21237760
193 0.1979 21331968
194 0.2134 21585920
195 0.2046 21569536
196 0.2011 21671936
197 0.2091 21815296
198 0.2139 22056960
199 0.2124 22056960
200 0.2076 22028288
201 0.2101 22138880
202 0.2107 22188032
203 0.2112 22290432
204 0.2187 22523904
205 0.2154 22462464
206 0.2156 22573056
207 0.2149 22626304
208 0.2213 22761472
209 0.218 22859776
210 0.2221 22962176
211 0.2242 23252992
212 0.2272 23212032
213 0.2265 23322624
214 0.2351 23523328
215 0.2376 23666688
216 0.2292 23638016
217 0.2303 23732224
218 0.2343 23891968
219 0.2317 23937024
220 0.2321 24096768
221 0.2341 24166400
222 0.2397 24317952
223 0.2421 24457216
224 0.2431 24518656
225 0.2393 24686592
226 0.2386 24756224
227 0.2473 24895488
228 0.2442 24961024
229 0.2449 25112576
230 0.2491 25190400
231 0.2466 25268224
232 0.2548 25628672
233 0.2579 25563136
234 0.2576 25796608
235 0.2573 25800704
236 0.2549 25894912
237 0.255 26001408
238 0.2602 26120192
239 0.2616 26214400
240 0.2599 26357760
241 0.2695 26464256
242 0.2641 26591232
243 0.264 26722304
244 0.2659 26791936
245 0.2725 26918912
246 0.2741 27156480
247 0.2735 27172864
248 0.2702 27308032
249 0.2766 27410432
250 0.2763 27566080
251 0.2777 27688960
252 0.2783 27762688
253 0.2833 27893760
254 0.2926 28270592