1 0.0083 6463488
2 0.0045 6504448
3 0.0033 6488064
4 0.003 6492160
5 0.0043 6508544
6 0.0038 6545408
7 0.0037 6561792
8 0.0037 6590464
9 0.0041 6606848
10 0.004 6635520
11 0.0036 6615040
12 0.0043 6668288
13 0.004 6688768
14 0.0041 6688768
15 0.0043 6733824
16 0.0046 6729728
17 0.0044 6750208
18 0.0044 6746112
19 0.0045 6758400
20 0.0049 6799360
21 0.0048 6811648
22 0.0057 6836224
23 0.005 6848512
24 0.0063 6893568
25 0.0051 6860800
26 0.0065 6905856
27 0.0055 6930432
28 0.0061 6946816
29 0.0057 6959104
30 0.0063 6983680
31 0.006 6967296
32 0.0061 7016448
33 0.0061 7024640
34 0.0088 7069696
35 0.0099 7032832
36 0.0073 7086080
37 0.0075 7077888
38 0.0073 7106560
39 0.0071 7106560
40 0.0069 7172096
41 0.0092 7180288
42 0.0071 7208960
43 0.0083 7204864
44 0.0073 7241728
45 0.0081 7241728
46 0.0076 7258112
47 0.0078 7282688
48 0.0079 7315456
49 0.0086 7319552
50 0.0085 7323648
51 0.0099 7335936
52 0.0085 7340032
53 0.0102 7409664
54 0.0103 7413760
55 0.0087 7438336
56 0.0125 7438336
57 0.0096 7471104
58 0.0106 7458816
59 0.0089 7487488
60 0.0109 7520256
61 0.0104 7540736
62 0.0104 7548928
63 0.011 7536640
64 0.0106 7581696
65 0.0119 7610368
66 0.011 7643136
67 0.0099 7634944
68 0.0141 7663616
69 0.0152 7696384
70 0.0103 7712768
71 0.0103 7688192
72 0.0118 7745536
73 0.0152 7753728
74 0.0147 7790592
75 0.0125 7786496
76 0.013 7819264
77 0.0135 7856128
78 0.0138 7876608
79 0.0139 7880704
80 0.0124 7905280
81 0.0137 7913472
82 0.0126 7929856
83 0.0157 7970816
84 0.0159 7983104
85 0.0142 8015872
86 0.0126 8036352
87 0.0129 8032256
88 0.0158 8073216
89 0.0173 8077312
90 0.0133 8130560
91 0.0177 8122368
92 0.014 8155136
93 0.0149 8183808
94 0.0135 8187904
95 0.0148 8187904
96 0.0182 8278016
97 0.0183 8253440
98 0.0145 8253440
99 0.0145 8318976
100 0.0151 8298496
101 0.0189 8343552
102 0.0197 8368128
103 0.0195 8388608
104 0.0152 8413184
105 0.0157 8429568
106 0.0156 8454144
107 0.0179 8466432
108 0.023 8568832
109 0.0188 8593408
110 0.0238 8605696
111 0.02 8577024
112 0.0203 8577024
113 0.017 8626176
114 0.0171 8634368
115 0.0174 8663040
116 0.0177 8675328
117 0.022 8699904
118 0.0222 8708096
119 0.0182 8695808
120 0.0215 8798208
121 0.0187 8773632
122 0.0212 8806400
123 0.0188 8810496
124 0.0187 8806400
125 0.0205 8867840
126 0.0236 8880128
127 0.0191 8904704
128 0.0237 8933376
129 0.0251 8929280
130 0.026 8966144
131 0.0217 8978432
132 0.0262 9048064
133 0.0207 9031680
134 0.0259 9089024
135 0.0251 9093120
136 0.0235 9129984
137 0.021 9121792
138 0.0227 9244672
139 0.0227 9166848
140 0.0256 9240576
141 0.0274 9228288
142 0.0249 9244672
143 0.0214 9240576
144 0.0216 9314304
145 0.0226 9359360
146 0.0226 9383936
147 0.0274 9388032
148 0.0279 9412608
149 0.0286 9453568
150 0.0289 9531392
151 0.0247 9445376
152 0.0288 9535488
153 0.0238 9523200
154 0.0319 9523200
155 0.0262 9547776
156 0.0312 9572352
157 0.0287 9592832
158 0.0266 9609216
159 0.0284 9637888
160 0.0309 9678848
161 0.0268 9752576
162 0.0274 9719808
163 0.0301 9715712
164 0.0346 9793536
165 0.0279 9760768
166 0.028 9768960
167 0.0308 9863168
168 0.0315 9891840
169 0.0298 9846784
170 0.0285 9850880
171 0.0366 9900032
172 0.0317 9900032
173 0.0356 9977856
174 0.028 9953280
175 0.0283 9969664
176 0.034 9990144
177 0.0309 10059776
178 0.0322 10010624
179 0.0314 10067968
180 0.0319 10088448
181 0.0325 10108928
182 0.0334 10108928
183 0.0335 10199040
184 0.0366 10170368
185 0.0317 10186752
186 0.0345 10199040
187 0.0319 10223616
188 0.0308 10207232
189 0.0356 10276864
190 0.0321 10326016
191 0.039 10395648
192 0.0367 10403840
193 0.035 10403840
194 0.0377 10428416
195 0.0331 10436608
196 0.0398 10440704
197 0.0419 10489856
198 0.0377 10506240
199 0.0391 10526720
200 0.0343 10575872
201 0.0345 10608640
202 0.0468 10698752
203 0.0351 10616832
204 0.0375 10674176
205 0.0357 10661888
206 0.0357 10690560
207 0.0377 10698752
208 0.049 10833920
209 0.0494 10784768
210 0.0475 10862592
211 0.0378 10801152
212 0.0359 10801152
213 0.0403 10936320
214 0.041 10977280
215 0.0368 10936320
216 0.0455 11034624
217 0.0374 10891264
218 0.0393 11030528
219 0.0361 10973184