1 0.0398 8990720
2 0.0434 9015296
3 0.0399 9027584
4 0.0395 9043968
5 0.0443 9072640
6 0.0448 9125888
7 0.0452 9158656
8 0.0458 9183232
9 0.0418 9183232
10 0.0462 9236480
11 0.0465 9261056
12 0.0433 9277440
13 0.0433 9338880
14 0.0453 9347072
15 0.0483 9396224
16 0.0487 9424896
17 0.0465 9445376
18 0.0455 9494528
19 0.051 9560064
20 0.0464 9531392
21 0.0511 9592832
22 0.0471 9588736
23 0.0484 9658368
24 0.0485 9658368
25 0.0494 9728000
26 0.0493 9752576
27 0.0542 9789440
28 0.0541 9826304
29 0.0523 9859072
30 0.0662 9953280
31 0.0572 9904128
32 0.0564 9969664
33 0.0576 10010624
34 0.0537 10018816
35 0.0581 10088448
36 0.0569 10133504
37 0.0547 10137600
38 0.0564 10211328
39 0.0681 10227712
40 0.0569 10268672
41 0.0626 10383360
42 0.0594 10391552
43 0.0633 10457088
44 0.0638 10485760
45 0.0638 10530816
46 0.0651 10575872
47 0.0622 10612736
48 0.0662 10661888
49 0.062 10711040
50 0.0634 10711040
51 0.0671 10797056
52 0.0678 10842112
53 0.0686 10883072
54 0.0652 10932224
55 0.0667 10969088
56 0.0708 11022336
57 0.0713 11063296
58 0.0673 11108352
59 0.0778 11218944
60 0.0691 11173888
61 0.0708 11321344
62 0.0787 11440128
63 0.075 11423744
64 0.0754 11460608
65 0.0746 11522048
66 0.0743 11558912
67 0.0783 11698176
68 0.0784 11649024
69 0.0842 11706368
70 0.0799 11739136
71 0.0759 11804672
72 0.0807 11870208
73 0.0776 11862016
74 0.0824 11964416
75 0.0789 11972608
76 0.0836 12066816
77 0.0805 12124160
78 0.0807 12177408
79 0.0857 12230656
80 0.0912 12443648
81 0.0871 12345344
82 0.085 12394496
83 0.0848 12472320
84 0.0851 12533760
85 0.0906 12570624
86 0.0874 12615680
87 0.0874 12726272
88 0.0891 12791808
89 0.0951 12840960
90 0.0915 12886016
91 0.0922 12922880
92 0.094 13033472
93 0.0938 13115392
94 0.0939 13189120
95 0.1002 13238272
96 0.0962 13316096
97 0.0968 13365248
98 0.0998 13443072
99 0.0989 13500416
100 0.0996 13565952
101 0.1146 13660160
102 0.1036 13733888
103 0.1066 13770752
104 0.1069 13832192
105 0.1072 13889536
106 0.1048 13967360
107 0.1059 14020608
108 0.1105 14106624
109 0.1085 14176256
110 0.1116 14241792
111 0.1095 14331904
112 0.1097 14385152
113 0.1125 14442496
114 0.1111 14520320
115 0.1124 14581760
116 0.1136 14651392
117 0.115 14716928
118 0.1143 14807040
119 0.1166 14843904
120 0.1208 14934016
121 0.1171 14995456
122 0.1225 15093760
123 0.1186 15167488
124 0.1212 15224832
125 0.1237 15314944
126 0.1238 15400960
127 0.1223 15458304
128 0.1291 15544320
129 0.127 15597568
130 0.1255 15704064
131 0.1273 15753216
132 0.1318 15867904
133 0.128 15921152
134 0.1294 16019456
135 0.1321 16056320
136 0.1334 16171008
137 0.1351 16228352
138 0.1347 16322560
139 0.1379 16416768
140 0.1408 16486400
141 0.1461 16695296
142 0.1419 16662528
143 0.1391 16752640
144 0.1425 16793600
145 0.1445 16891904
146 0.1409 16941056
147 0.146 17051648
148 0.1432 17158144
149 0.1448 17268736
150 0.1472 17334272
151 0.1509 17457152
152 0.1536 17539072
153 0.1527 17633280
154 0.1496 17719296
155 0.1502 17879040
156 0.1515 17948672
157 0.1527 18046976
158 0.16 18165760
159 0.1558 18173952
160 0.1582 18268160
161 0.1629 18374656
162 0.1615 18403328
163 0.1584 18546688
164 0.1654 18616320
165 0.1617 18718720
166 0.163 18804736
167 0.163 18882560
168 0.1657 18964480
169 0.1662 19066880
170 0.1689 19103744
171 0.1681 19173376
172 0.1738 19308544
173 0.1705 19402752
174 0.1733 19501056
175 0.174 19628032
176 0.1779 19673088
177 0.1775 19759104
178 0.1769 19824640
179 0.1798 19955712
180 0.1803 20058112
181 0.1883 20156416
182 0.1837 20246528
183 0.1927 20410368
184 0.1885 20471808
185 0.1957 20705280
186 0.1887 20680704
187 0.1941 20852736
188 0.1967 20865024
189 0.2005 21037056
190 0.1927 21110784
191 0.1959 21159936
192 0.2036 21311488
193 0.2034 21368832
194 0.2021 21487616
195 0.1996 21590016
196 0.2048 21696512
197 0.208 21942272
198 0.2085 21897216
199 0.2122 22011904
200 0.2054 22065152
201 0.2115 22200320
202 0.2104 22204416
203 0.2141 22319104
204 0.2108 22372352
205 0.2164 22499328
206 0.2178 22614016
207 0.2198 22695936
208 0.2179 22761472
209 0.2323 23019520
210 0.2232 23015424
211 0.2209 23076864
212 0.2255 23228416
213 0.2281 23343104
214 0.2295 23441408
215 0.2294 23547904
216 0.2314 23687168
217 0.2336 23764992
218 0.2302 23855104
219 0.2339 24010752
220 0.2387 24158208
221 0.2364 24215552
222 0.2478 24604672
223 0.2415 24444928
224 0.2409 24580096
225 0.2405 24653824
226 0.2467 24752128
227 0.2444 24899584
228 0.2446 24948736
229 0.2453 25124864
230 0.2485 25186304
231 0.2566 25513984
232 0.2555 25489408
233 0.253 25526272
234 0.2545 25702400
235 0.2584 25804800
236 0.2609 25948160
237 0.2628 26107904
238 0.2623 26107904
239 0.2685 26251264
240 0.2637 26357760
241 0.2703 26492928
242 0.2683 26615808
243 0.2666 26714112
244 0.2724 26841088
245 0.27 26947584
246 0.2755 27017216
247 0.2746 27467776
248 0.2751 27303936
249 0.2778 27426816
250 0.2797 27549696
251 0.2774 27656192
252 0.2789 27746304
253 0.2856 27914240
254 0.2869 28020736