1 0.0388 8962048
2 0.0406 8998912
3 0.0393 8986624
4 0.0438 9056256
5 0.0414 9068544
6 0.0446 9134080
7 0.0407 9125888
8 0.0431 9162752
9 0.0459 9216000
10 0.0427 9236480
11 0.0429 9269248
12 0.0428 9314304
13 0.0476 9359360
14 0.0442 9375744
15 0.0488 9396224
16 0.0489 9420800
17 0.045 9428992
18 0.0458 9465856
19 0.0461 9502720
20 0.0508 9568256
21 0.0469 9596928
22 0.049 9613312
23 0.0519 9654272
24 0.0484 9658368
25 0.0501 9715712
26 0.0536 9752576
27 0.0538 9789440
28 0.0502 9830400
29 0.0536 9850880
30 0.0515 9895936
31 0.0518 9945088
32 0.0519 9977856
33 0.0527 10014720
34 0.0538 10047488
35 0.0539 10055680
36 0.0542 10158080
37 0.0592 10166272
38 0.0552 10182656
39 0.0578 10248192
40 0.0574 10317824
41 0.0574 10358784
42 0.0619 10391552
43 0.059 10424320
44 0.0605 10473472
45 0.0603 10551296
46 0.0606 10584064
47 0.0606 10629120
48 0.0618 10661888
49 0.0635 10702848
50 0.0666 10739712
51 0.0638 10825728
52 0.0678 10850304
53 0.0656 10883072
54 0.0651 10895360
55 0.0703 10964992
56 0.0704 11018240
57 0.0685 11063296
58 0.0695 11104256
59 0.0682 11165696
60 0.0685 11214848
61 0.07 11304960
62 0.07 11390976
63 0.0723 11427840
64 0.0755 11464704
65 0.0763 11526144
66 0.0727 11567104
67 0.0733 11603968
68 0.0746 11661312
69 0.0746 11657216
70 0.0756 11706368
71 0.0774 11792384
72 0.0767 11812864
73 0.0816 11915264
74 0.0829 11960320
75 0.0788 12017664
76 0.082 12050432
77 0.0802 12124160
78 0.0809 12177408
79 0.0822 12222464
80 0.0924 12283904
81 0.0879 12345344
82 0.0854 12394496
83 0.0856 12431360
84 0.0881 12509184
85 0.0902 12574720
86 0.0887 12648448
87 0.0901 12709888
88 0.0905 12787712
89 0.0901 12812288
90 0.0904 12926976
91 0.0915 12922880
92 0.0924 13000704
93 0.0935 13115392
94 0.0944 13180928
95 0.0952 13197312
96 0.0961 13271040
97 0.0971 13381632
98 0.0978 13455360
99 0.1008 13484032
100 0.0997 13570048
101 0.1011 13590528
102 0.1028 13701120
103 0.1034 13758464
104 0.1056 13832192
105 0.1049 13897728
106 0.1056 13979648
107 0.1099 14045184
108 0.1056 14131200
109 0.1071 14204928
110 0.1083 14249984
111 0.1132 14311424
112 0.1093 14336000
113 0.1123 14442496
114 0.1162 14520320
115 0.1164 14569472
116 0.1127 14651392
117 0.1183 14716928
118 0.1148 14811136
119 0.1315 14835712
120 0.1295 14962688
121 0.1249 14987264
122 0.1202 15073280
123 0.1242 15175680
124 0.122 15220736
125 0.1215 15327232
126 0.1231 15396864
127 0.1245 15441920
128 0.1292 15523840
129 0.1262 15605760
130 0.1296 15691776
131 0.1281 15790080
132 0.127 15831040
133 0.1315 15962112
134 0.1334 16011264
135 0.1358 16080896
136 0.1308 16187392
137 0.1369 16236544
138 0.1351 16285696
139 0.1346 16429056
140 0.1353 16461824
141 0.1359 16580608
142 0.1427 16650240
143 0.1441 16728064
144 0.1396 16801792
145 0.1404 16855040
146 0.1451 16969728
147 0.1433 17022976
148 0.1435 17125376
149 0.1484 17252352
150 0.1472 17330176
151 0.1494 17448960
152 0.1511 17530880
153 0.1503 17637376
154 0.1486 17776640
155 0.1503 17825792
156 0.1508 17952768
157 0.1535 18034688
158 0.1597 18100224
159 0.1602 18178048
160 0.16 18268160
161 0.1615 18345984
162 0.1589 18415616
163 0.1595 18538496
164 0.1622 18599936
165 0.1665 18714624
166 0.1641 18784256
167 0.1688 18870272
168 0.1694 18976768
169 0.1693 19025920
170 0.1726 19156992
171 0.1715 19214336
172 0.172 19320832
173 0.1764 19361792
174 0.1757 19492864
175 0.1774 19599360
176 0.1795 19697664
177 0.1784 19820544
178 0.1793 19857408
179 0.1789 19910656
180 0.1854 20066304
181 0.1834 20180992
182 0.1868 20246528
183 0.1881 20353024
184 0.1848 20480000
185 0.1914 20586496
186 0.1885 20672512
187 0.194 20762624
188 0.1983 20967424
189 0.1964 20967424
190 0.1978 21069824
191 0.1955 21180416
192 0.2031 21274624
193 0.1977 21381120
194 0.1992 21442560
195 0.2041 21594112
196 0.2016 21663744
197 0.2027 21753856
198 0.2053 21905408
199 0.2073 22020096
200 0.2125 22052864
201 0.2084 22204416
202 0.2107 22192128
203 0.2106 22355968
204 0.2172 22355968
205 0.2155 22487040
206 0.2143 22568960
207 0.2199 22683648
208 0.2174 22761472
209 0.2184 22859776
210 0.2263 23228416
211 0.2232 23109632
212 0.2234 23228416
213 0.2243 23339008
214 0.2293 23437312
215 0.2329 23560192
216 0.232 23687168
217 0.2345 23752704
218 0.2311 23887872
219 0.2502 24018944
220 0.2365 24158208
221 0.2372 24260608
222 0.2376 24334336
223 0.2368 24453120
224 0.2428 24543232
225 0.2418 24612864
226 0.2467 24752128
227 0.2457 24879104
228 0.2477 24993792
229 0.2448 25063424
230 0.2547 25219072
231 0.2504 25288704
232 0.2535 25460736
233 0.2515 25526272
234 0.2542 25661440
235 0.2544 25776128
236 0.2591 25911296
237 0.2612 26030080
238 0.259 26165248
239 0.2609 26218496
240 0.266 26406912
241 0.272 26693632
242 0.2705 26828800
243 0.2689 26726400
244 0.2671 26836992
245 0.271 26939392
246 0.2701 27066368
247 0.2744 27172864
248 0.2742 27328512
249 0.2745 27443200
250 0.2812 27537408
251 0.2821 27660288
252 0.2846 27779072
253 0.284 28221440
254 0.2816 28020736