1 0.2183 18026496
2 0.1424 18096128
3 0.1444 18079744
4 0.1478 18116608
5 0.1436 18141184
6 0.1434 18157568
7 0.162 18255872
8 0.1492 18182144
9 0.1534 18313216
10 0.1591 18321408
11 0.1631 18243584
12 0.1605 18350080
13 0.1589 18432000
14 0.1579 18382848
15 0.1624 18472960
16 0.1736 18587648
17 0.1665 18382848
18 0.1637 18472960
19 0.1656 18690048
20 0.1513 18366464
21 0.162 18628608
22 0.1582 18632704
23 0.1718 18767872
24 0.1637 18726912
25 0.1656 18632704
26 0.1569 18628608
27 0.168 18825216
28 0.1581 18657280
29 0.1653 18857984
30 0.1653 18960384
31 0.1632 19116032
32 0.1677 19132416
33 0.1826 19202048
34 0.1693 19058688
35 0.1665 19353600
36 0.2023 19144704
37 0.1775 19161088
38 0.1652 19054592
39 0.1679 19304448
40 0.169 19255296
41 0.1923 19517440
42 0.1761 19546112
43 0.176 19607552
44 0.1746 19574784
45 0.1713 19472384
46 0.2048 19693568
47 0.2136 19697664
48 0.1883 19853312
49 0.1959 19656704
50 0.1956 19718144
51 0.1748 19603456
52 0.1775 19783680
53 0.1798 19795968
54 0.1743 19820544
55 0.1889 19873792
56 0.1832 20021248
57 0.186 19902464
58 0.1802 19877888
59 0.2072 19775488
60 0.1785 19914752
61 0.201 20013056
62 0.1901 20242432
63 0.1847 19980288
64 0.1896 19980288
65 0.1885 20021248
66 0.1826 20004864
67 0.1958 20008960
68 0.1831 20054016
69 0.1858 20094976
70 0.1931 20316160
71 0.1858 20111360
72 0.1904 20144128
73 0.1821 20168704
74 0.19 20267008
75 0.19 20205568
76 0.1867 20058112
77 0.1836 20234240
78 0.1897 20267008
79 0.1909 20275200
80 0.1916 20455424
81 0.2147 20295680
82 0.1889 20332544
83 0.196 20279296
84 0.1882 20209664
85 0.21 20434944
86 0.1907 20402176
87 0.1883 20426752
88 0.1902 20557824
89 0.1945 20393984
90 0.1902 20447232
91 0.1892 20459520
92 0.2048 20701184
93 0.1915 20574208
94 0.1947 20545536
95 0.1902 20541440
96 0.1991 20615168
97 0.2031 20537344
98 0.194 20627456
99 0.2002 20639744
100 0.1924 20615168
101 0.1955 20672512
102 0.1979 20676608
103 0.1971 20697088
104 0.1903 20553728
105 0.1988 20660224
106 0.2045 20754432
107 0.2059 20754432
108 0.1932 20787200
109 0.1987 20783104
110 0.1957 20828160
111 0.198 20684800
112 0.1996 20975616
113 0.1957 20733952
114 0.2072 21028864
115 0.2074 21155840
116 0.1984 20905984
117 0.1986 20934656
118 0.1995 20975616
119 0.2057 21143552
120 0.2037 21151744
121 0.1985 20992000
122 0.2092 21135360
123 0.2045 21049344
124 0.2089 21196800
125 0.2038 21196800
126 0.2062 21094400
127 0.2025 21110784
128 0.2054 21159936
129 0.2024 21168128
130 0.2025 21180416
131 0.2153 21372928
132 0.2056 21213184
133 0.2099 21315584
134 0.2033 21286912
135 0.2084 21274624
136 0.2067 21303296
137 0.2087 21327872
138 0.203 21213184
139 0.2099 21225472
140 0.2301 21364736
141 0.2085 21434368
142 0.2406 21393408
143 0.209 21430272
144 0.2092 21598208
145 0.2313 21643264
146 0.2255 21573632
147 0.2082 21508096
148 0.2193 21721088
149 0.2076 21577728
150 0.2116 21577728
151 0.2113 21598208
152 0.2234 21737472
153 0.2103 21651456
154 0.2106 21712896
155 0.2167 21716992
156 0.215 21700608
157 0.2133 21725184
158 0.2128 21618688
159 0.2186 21655552
160 0.215 21819392
161 0.2148 21938176
162 0.2125 21725184
163 0.2209 22020096
164 0.2583 21852160
165 0.2214 21999616
166 0.2239 22040576
167 0.2159 21925888
168 0.2181 21970944
169 0.2201 22003712
170 0.2295 22020096
171 0.2402 22011904
172 0.2181 21884928
173 0.2301 22085632
174 0.238 22089728
175 0.23 22024192
176 0.2307 22007808
177 0.2316 22179840
178 0.2278 22237184
179 0.2245 22224896
180 0.227 22134784
181 0.2309 22192128
182 0.2246 22237184
183 0.2241 22224896
184 0.236 22224896
185 0.229 22274048
186 0.2237 22151168
187 0.2381 22343680
188 0.2528 22233088
189 0.2425 22425600
190 0.2233 22249472
191 0.2494 22446080
192 0.2292 22503424
193 0.2305 22491136
194 0.2238 22302720
195 0.232 22618112
196 0.2608 22622208
197 0.2429 22446080
198 0.2597 22413312
199 0.2287 22548480
200 0.2494 22740992
201 0.2721 22810624
202 0.2344 22736896
203 0.2345 22671360
204 0.2356 22695936
205 0.2449 22650880
206 0.2341 22835200
207 0.24 22839296
208 0.2388 22827008
209 0.242 22618112
210 0.2416 22642688
211 0.2457 22691840
212 0.2654 22790144
213 0.2314 22822912
214 0.2487 22786048
215 0.2594 22822912
216 0.2578 22974464
217 0.2595 22892544
218 0.2383 22884352
219 0.2435 23097344
220 0.2511 23040000
221 0.2476 23130112
222 0.2514 22900736
223 0.2761 23080960
224 0.2473 23109632
225 0.2407 23044096
226 0.2457 22966272
227 0.2388 22941696
228 0.2387 23138304
229 0.2578 23048192
230 0.2398 23150592
231 0.2518 23134208
232 0.2428 23212032
233 0.2923 23248896
234 0.2445 23232512
235 0.2478 23257088
236 0.2416 23269376
237 0.2428 23171072
238 0.2541 23400448
239 0.2493 23334912
240 0.2527 23285760
241 0.2546 23367680
242 0.2605 23412736
243 0.2577 23322624
244 0.2465 23457792
245 0.2486 23318528
246 0.2588 23498752
247 0.2572 23613440
248 0.2871 23539712
249 0.2483 23556096
250 0.2541 23547904
251 0.2602 23691264
252 0.2821 23683072
253 0.2579 23666688
254 0.2513 23515136
255 0.2591 23601152
256 0.2478 23674880
257 0.2594 23781376
258 0.2517 23777280
259 0.2563 23826432
260 0.2531 23879680
261 0.2683 23724032
262 0.2826 23834624
263 0.2821 23781376
264 0.289 23748608
265 0.2554 23859200
266 0.2604 23871488
267 0.2494 23879680
268 0.2545 23916544
269 0.2544 23941120
270 0.2546 23924736
271 0.2628 24080384
272 0.2619 24072192
273 0.2646 24002560
274 0.2569 24023040
275 0.2812 23945216
276 0.2645 24145920
277 0.2709 24092672
278 0.2614 24100864
279 0.2739 24006656
280 0.3055 24150016
281 0.2605 24162304
282 0.2625 24334336
283 0.3 24125440
284 0.2582 24227840
285 0.2662 24248320
286 0.2631 24195072
287 0.29 24272896
288 0.2782 24379392
289 0.2562 24322048
290 0.2614 24350720
291 0.2774 24338432
292 0.2621 24383488
293 0.2659 24387584
294 0.2768 24436736
295 0.2623 24440832
296 0.2624 24514560
297 0.2646 24494080
298 0.2761 24457216
299 0.2714 24469504
300 0.2697 24522752
301 0.2647 24629248
302 0.2689 24649728
303 0.2686 24788992
304 0.2761 24510464
305 0.2739 24788992
306 0.3018 24657920
307 0.2775 24633344
308 0.2907 24920064
309 0.2932 24879104
310 0.2751 24768512
311 0.2699 24649728
312 0.2699 24948736
313 0.2843 24776704
314 0.2873 24887296
315 0.304 24895488
316 0.2865 24899584
317 0.2945 25026560
318 0.2931 25026560
319 0.2784 25157632
320 0.286 24862720
321 0.2769 24928256
322 0.2783 25137152
323 0.3339 24948736
324 0.2825 24936448
325 0.2791 25120768
326 0.3045 24961024
327 0.3071 24961024
328 0.3017 25186304
329 0.2901 25145344
330 0.2899 25112576
331 0.2859 25174016
332 0.272 25223168
333 0.2812 25214976
334 0.2779 25214976
335 0.2823 25247744
336 0.2886 25505792
337 0.3224 25464832
338 0.2771 25382912
339 0.2942 25329664
340 0.2886 25350144
341 0.2783 25374720
342 0.2867 25391104
343 0.2941 25354240
344 0.2839 25423872
345 0.2804 25460736
346 0.2821 25448448
347 0.2804 25489408
348 0.2914 25399296
349 0.2987 25513984
350 0.2866 25632768
351 0.2858 25419776
352 0.2893 25452544
353 0.2885 25550848
354 0.3148 25575424
355 0.2976 25636864
356 0.2791 25624576
357 0.296 25894912
358 0.2879 25665536
359 0.284 25706496
360 0.289 25702400
361 0.2891 25726976
362 0.2905 25853952
363 0.2913 25776128
364 0.2921 25800704
365 0.2929 25821184
366 0.2956 25956352
367 0.2887 25894912
368 0.2911 25899008
369 0.2935 25911296
370 0.2887 25792512
371 0.291 25948160
372 0.2978 25911296
373 0.297 25894912
374 0.2911 26025984
375 0.2924 26038272
376 0.2961 26054656
377 0.2938 26062848
378 0.3005 25980928
379 0.3072 26128384
380 0.294 26103808
381 0.3113 26284032
382 0.2981 26255360
383 0.2987 26267648
384 0.3034 26177536
385 0.2952 26202112
386 0.2944 26095616
387 0.3018 26337280
388 0.3037 26382336
389 0.2981 26300416
390 0.3014 26189824
391 0.3055 26456064
392 0.2941 26398720
393 0.308 26439680
394 0.2995 26255360
395 0.3002 26529792
396 0.307 26316800
397 0.3046 26513408
398 0.2967 26468352
399 0.3133 26644480
400 0.3118 26546176
401 0.2953 26505216
402 0.3107 26542080
403 0.3054 26542080
404 0.2979 26435584
405 0.3067 26689536
406 0.3041 26636288
407 0.3104 26775552
408 0.3231 26673152
409 0.3174 26632192
410 0.3148 26836992
411 0.3116 26734592
412 0.3189 26664960
413 0.3082 26906624
414 0.315 26947584
415 0.3208 26808320
416 0.3129 26935296
417 0.3128 26775552
418 0.361 26861568
419 0.306 26836992
420 0.3319 26959872
421 0.3412 26894336
422 0.3137 26910720
423 0.3382 27009024
424 0.3086 26972160
425 0.3125 27066368
426 0.3387 26976256
427 0.3453 27127808
428 0.3143 27123712
429 0.31 27078656
430 0.3089 27066368
431 0.321 27107328
432 0.3076 27127808
433 0.333 27176960
434 0.3094 27156480
435 0.3827 27279360
436 0.3261 27254784
437 0.3094 27168768
438 0.3384 27131904
439 0.3224 27426816
440 0.3315 27189248
441 0.3249 27279360
442 0.3206 27295744
443 0.3392 27258880
444 0.3196 27418624
445 0.3304 27422720
446 0.3249 27361280
447 0.3188 27418624
448 0.321 27697152
449 0.3174 27475968
450 0.3204 27459584
451 0.3113 27504640
452 0.322 27455488
453 0.3296 27410432
454 0.314 27545600
455 0.3232 27574272
456 0.325 27582464
457 0.3162 27627520
458 0.3236 27734016
459 0.3198 27656192
460 0.3253 27705344
461 0.3234 27676672
462 0.3224 27754496
463 0.3298 27865088
464 0.3258 27721728
465 0.4848 27721728
466 0.3486 27746304
467 0.3727 27992064
468 0.3203 27820032
469 0.3318 27848704
470 0.3562 27918336
471 0.347 28127232
472 0.3308 27963392
473 0.344 27856896
474 0.3347 28004352
475 0.3341 27942912
476 0.3264 27971584
477 0.3349 28069888
478 0.3489 28069888
479 0.3474 28241920
480 0.5113 28086272
481 0.3472 28000256
482 0.3523 28352512
483 0.3441 28172288
484 0.3552 28217344
485 0.3563 28086272
486 0.4858 28200960
487 0.3282 28172288
488 0.3412 28286976
489 0.3368 28225536
490 0.37 28200960
491 0.5433 28286976
492 0.3442 28278784
493 0.3406 28254208
494 0.3372 28409856
495 0.3379 28401664
496 0.3827 28446720
497 0.3493 28246016
498 0.341 28454912
499 0.3423 28495872
500 0.3712 28332032
501 0.337 28561408
502 0.341 28409856
503 0.5068 28676096
504 0.3856 28516352
505 0.3474 28426240
506 0.3512 28700672
507 0.3539 28475392
508 0.3539 28749824
509 0.3539 28565504
510 0.345 28672000
511 0.3469 28844032
512 0.3596 28717056
513 0.3635 28631040
514 0.3502 28774400
515 0.3574 28823552
516 0.3697 28938240
517 0.3477 28790784
518 0.3534 28786688
519 0.339 28839936
520 0.3623 28794880
521 0.4002 28950528
522 0.3737 29097984
523 0.3648 28798976
524 0.3613 28934144
525 0.3811 28995584
526 0.3579 28983296
527 0.3516 29081600
528 0.4126 29032448
529 0.5935 29044736
530 0.3508 29016064
531 0.3622 29241344
532 0.3535 29081600
533 0.3487 29204480
534 0.4067 29032448
535 0.3527 28987392
536 0.3841 29069312
537 0.3503 29237248
538 0.3893 29155328
539 0.3705 29417472
540 0.3454 29229056
541 0.3509 29257728
542 0.5175 29245440
543 0.378 29421568
544 0.3687 29376512
545 0.366 29306880
546 0.3633 29433856
547 0.3839 29306880
548 0.3584 29347840
549 0.3581 29548544
550 0.3556 29392896
551 0.3655 29470720
552 0.352 29298688
553 0.3599 29364224
554 0.3515 29339648
555 0.6067 29515776
556 0.3532 29540352
557 0.3748 29634560
558 0.3607 29745152
559 0.3639 29798400
560 0.3795 29822976
561 0.3614 29802496
562 0.371 29880320
563 0.3787 29945856
564 0.3673 29921280
565 0.3693 29831168
566 0.3693 29999104
567 0.3664 29982720
568 0.3623 29929472
569 0.3779 29941760
570 0.3708 30085120
571 0.3796 30097408
572 0.389 30003200
573 0.3729 29966336
574 0.3763 30191616
575 0.3944 30179328
576 0.4064 30179328
577 0.3819 30040064
578 0.3913 30171136
579 0.3971 30240768
580 0.3632 30048256
581 0.392 30347264
582 0.3792 30203904
583 0.3769 30203904
584 0.3774 30240768
585 0.3792 30113792
586 0.3722 30273536
587 0.3828 30289920
588 0.3899 30318592
589 0.3737 30281728
590 0.3941 30416896
591 0.3734 30355456
592 0.3798 30306304
593 0.3769 30384128
594 0.3763 30203904
595 0.3737 30380032
596 0.375 30306304
597 0.3755 30330880
598 0.3841 30416896
599 0.3805 30445568
600 0.3821 30498816
601 0.3691 30408704
602 0.3846 30687232
603 0.3736 30461952
604 0.3723 30470144
605 0.3809 30658560
606 0.3826 30658560
607 0.3797 30502912
608 0.3767 30519296
609 0.3873 30584832
610 0.372 30531584
611 0.4002 30597120
612 0.4108 30519296
613 0.4112 30666752
614 0.4019 30806016
615 0.3943 30687232
616 0.3962 30781440
617 0.3894 30810112
618 0.4071 30711808
619 0.4354 30769152
620 0.4008 30867456
621 0.4134 30793728
622 0.3845 30633984
623 0.3798 30658560
624 0.3889 30887936
625 0.3893 30879744
626 0.3844 30846976
627 0.3926 31002624
628 0.383 30863360
629 0.3854 30769152
630 0.3782 30941184
631 0.391 31043584
632 0.4044 31113216
633 0.3999 31076352
634 0.4109 30965760
635 0.3889 31006720
636 0.3998 31285248
637 0.4007 31019008
638 0.4098 31096832
639 0.3905 31219712
640 0.3989 31125504
641 0.3903 31010816
642 0.3881 31174656
643 0.412 31338496
644 0.4019 31346688
645 0.431 31371264
646 0.3977 31137792
647 0.3937 31244288
648 0.3891 31137792
649 0.3892 31162368
650 0.3942 31326208
651 0.3903 31342592
652 0.3906 31350784
653 0.4032 31506432
654 0.3941 31289344
655 0.4279 31514624
656 0.4531 31563776
657 0.4349 31514624
658 0.4057 31416320
659 0.4104 31715328
660 0.4109 31465472
661 0.4392 31449088
662 0.3999 31703040
663 0.3959 31567872
664 0.4133 31469568
665 0.3983 31617024
666 0.398 31518720
667 0.4048 31682560
668 0.4112 31866880
669 0.4096 31723520
670 0.4082 31862784
671 0.4082 31723520
672 0.4043 31657984
673 0.4234 31690752
674 0.4102 31883264
675 0.3998 31838208
676 0.4115 31928320
677 0.4125 32022528
678 0.4029 31924224
679 0.4026 31936512
680 0.4068 32088064
681 0.4089 31985664
682 0.4065 31883264
683 0.4047 32038912
684 0.4055 31924224
685 0.4089 32051200
686 0.4024 31928320
687 0.4174 32231424
688 0.431 32145408
689 0.4085 32137216
690 0.4089 32137216
691 0.4047 32018432
692 0.4134 32288768
693 0.4028 32063488
694 0.4157 32100352
695 0.4121 32239616
696 0.4121 32198656
697 0.4068 32346112
698 0.4182 32411648
699 0.4134 32448512
700 0.4164 32346112
701 0.4164 32641024
702 0.4151 32264192
703 0.4158 32407552
704 0.409 32428032
705 0.4167 32514048
706 0.4082 32309248
707 0.4185 32534528
708 0.4077 32505856
709 0.4217 32612352
710 0.4112 32620544
711 0.4167 32669696
712 0.4158 32792576
713 0.4191 32501760
714 0.4259 32677888
715 0.4146 32632832
716 0.4243 32768000
717 0.4158 32518144
718 0.4164 32538624
719 0.4161 32657408
720 0.4216 32759808
721 0.4247 32890880
722 0.4175 32739328
723 0.4221 32743424
724 0.426 32944128
725 0.4199 32796672
726 0.4261 32751616
727 0.4155 32669696
728 0.4296 32849920
729 0.4168 32874496
730 0.4288 33054720
731 0.418 32911360
732 0.4197 32927744
733 0.4235 32915456
734 0.4327 32862208
735 0.4304 33079296
736 0.429 33148928
737 0.4246 33001472
738 0.4243 33038336
739 0.4301 33058816
740 0.422 33083392
741 0.424 33107968
742 0.4213 33124352
743 0.4301 33124352
744 0.4257 33259520
745 0.4334 33259520
746 0.4267 33292288
747 0.4328 33079296
748 0.429 33239040
749 0.4503 33280000
750 0.4597 33406976
751 0.478 33472512
752 0.5563 33447936
753 0.4507 33345536
754 0.4554 33525760
755 0.4612 33320960
756 0.4426 33472512
757 0.4442 33415168
758 0.4708 33579008
759 0.4333 33349632
760 0.4362 33464320
761 0.4372 33501184
762 0.4392 33492992
763 0.4465 33640448
764 0.4452 33529856
765 0.4339 33566720
766 0.4413 33665024
767 0.4435 33746944
768 0.4527 33714176
769 0.4524 34000896
770 0.4448 33669120
771 0.4485 33804288
772 0.4378 33550336
773 0.4545 33771520
774 0.452 33705984
775 0.4433 33738752
776 0.4468 33841152
777 0.4372 33906688
778 0.4575 34025472
779 0.4426 33755136
780 0.4496 33951744
781 0.4376 33878016
782 0.4411 33869824
783 0.4419 33902592
784 0.4399 33923072
785 0.4448 34033664
786 0.4832 34107392
787 0.4538 33898496
788 0.5073 34050048
789 0.4775 33939456
790 0.4825 34095104
791 0.4506 34267136
792 0.4932 34201600
793 0.4628 34136064
794 0.4536 34316288
795 0.4449 34197504
796 0.4417 34000896
797 0.4473 34185216
798 0.4486 34369536
799 0.4695 34213888
800 0.4518 34140160