1 0.0028 6475776
2 0.0032 6483968
3 0.003 6496256
4 0.004 6529024
5 0.0036 6516736
6 0.0038 6574080
7 0.0034 6569984
8 0.0044 6598656
9 0.0035 6590464
10 0.0036 6615040
11 0.0041 6656000
12 0.004 6680576
13 0.0046 6705152
14 0.0067 6733824
15 0.0044 6721536
16 0.0054 6746112
17 0.0059 6766592
18 0.0046 6782976
19 0.0049 6811648
20 0.0057 6832128
21 0.0059 6836224
22 0.0066 6852608
23 0.0068 6868992
24 0.0057 6897664
25 0.006 6934528
26 0.0062 6942720
27 0.0056 6955008
28 0.01 7000064
29 0.007 6987776
30 0.0073 6987776
31 0.0094 7016448
32 0.0082 7041024
33 0.0085 7036928
34 0.0085 7081984
35 0.0069 7077888
36 0.008 7106560
37 0.0089 7147520
38 0.0109 7159808
39 0.0081 7159808
40 0.007 7184384
41 0.0105 7196672
42 0.008 7213056
43 0.008 7229440
44 0.008 7237632
45 0.0105 7254016
46 0.0092 7282688
47 0.0076 7274496
48 0.0112 7327744
49 0.0081 7307264
50 0.008 7331840
51 0.0081 7344128
52 0.0118 7393280
53 0.0117 7401472
54 0.0103 7413760
55 0.0116 7450624
56 0.009 7458816
57 0.0134 7487488
58 0.0105 7503872
59 0.009 7491584
60 0.0129 7544832
61 0.0096 7569408
62 0.0134 7577600
63 0.0135 7593984
64 0.0097 7581696
65 0.0098 7593984
66 0.01 7626752
67 0.0103 7688192
68 0.0108 7692288
69 0.0116 7716864
70 0.0118 7720960
71 0.0105 7729152
72 0.0109 7749632
73 0.011 7766016
74 0.0153 7815168
75 0.0112 7798784
76 0.0113 7827456
77 0.0114 7843840
78 0.0115 7876608
79 0.0161 7913472
80 0.0161 7929856
81 0.0119 7917568
82 0.0123 7962624
83 0.0123 7962624
84 0.0166 8015872
85 0.0169 8048640
86 0.0172 8077312
87 0.0172 8089600
88 0.0128 8126464
89 0.0135 8101888
90 0.0135 8130560
91 0.0135 8146944
92 0.0172 8224768
93 0.0172 8228864
94 0.0166 8204288
95 0.0535 8278016
96 0.0171 8318976
97 0.0184 8278016
98 0.0173 8290304
99 0.0163 8314880
100 0.0182 8376320
101 0.0167 8343552
102 0.0191 8392704
103 0.0173 8445952
104 0.0204 8458240
105 0.0189 8486912
106 0.0191 8519680
107 0.0189 8552448
108 0.0176 8511488
109 0.0193 8581120
110 0.0185 8572928
111 0.0205 8601600
112 0.019 8654848
113 0.0206 8695808
114 0.0191 8617984
115 0.0188 8650752
116 0.0188 8671232
117 0.021 8691712
118 0.021 8720384
119 0.0209 8753152
120 0.0228 8814592
121 0.0207 8790016
122 0.0211 8863744
123 0.0215 8839168
124 0.0208 8830976
125 0.0218 8888320
126 0.0235 8970240
127 0.0228 8966144
128 0.0228 9011200
129 0.0225 9027584
130 0.0231 9080832
131 0.0204 9023488
132 0.0201 9039872
133 0.0204 9084928
134 0.0206 9134080
135 0.0214 9154560
136 0.0205 9162752
137 0.0204 9129984
138 0.0209 9170944
139 0.0212 9244672
140 0.0223 9248768
141 0.0228 9252864
142 0.0231 9326592
143 0.0228 9306112
144 0.0233 9383936
145 0.0232 9338880
146 0.0224 9392128
147 0.0223 9420800
148 0.0222 9433088
149 0.0227 9474048
150 0.023 9474048
151 0.023 9498624
152 0.0233 9510912
153 0.024 9535488
154 0.0228 9527296
155 0.0274 9609216
156 0.0233 9613312
157 0.0285 9617408
158 0.0253 9621504
159 0.0285 9650176
160 0.0239 9646080
161 0.0256 9695232
162 0.0244 9703424
163 0.0242 9728000
164 0.0246 9744384
165 0.0248 9752576
166 0.0293 9842688
167 0.025 9797632
168 0.0257 9822208
169 0.0267 9871360
170 0.0301 9891840
171 0.0305 9932800
172 0.026 9900032
173 0.0308 9957376
174 0.0263 9949184
175 0.0285 9990144
176 0.0283 10031104
177 0.0281 10039296
178 0.0269 10031104
179 0.0317 10080256
180 0.0276 10129408
181 0.0321 10174464
182 0.029 10186752
183 0.0281 10182656
184 0.0293 10227712
185 0.0283 10219520
186 0.0339 10301440
187 0.0328 10289152
188 0.0338 10350592
189 0.0296 10346496
190 0.03 10420224
191 0.0292 10354688
192 0.0295 10420224
193 0.0299 10432512
194 0.03 10440704
195 0.0461 10498048
196 0.0324 10522624
197 0.0302 10493952
198 0.0308 10477568
199 0.0319 10514432
200 0.0309 10514432
201 0.0316 10543104
202 0.0363 10584064
203 0.0315 10600448
204 0.0316 10620928
205 0.0329 10682368
206 0.0335 10674176
207 0.0322 10690560
208 0.0329 10723328
209 0.0341 10772480
210 0.0328 10801152
211 0.0334 10772480
212 0.0332 10817536
213 0.0378 10846208
214 0.0334 10833920
215 0.034 10874880
216 0.0341 10907648
217 0.0353 10940416
218 0.0343 10948608
219 0.0353 10997760