1 0.0409 8912896
2 0.0388 8921088
3 0.0392 8945664
4 0.0384 8982528
5 0.0432 9039872
6 0.0433 9043968
7 0.0416 9039872
8 0.0447 9089024
9 0.0414 9162752
10 0.0412 9125888
11 0.0434 9187328
12 0.0438 9228288
13 0.0428 9240576
14 0.0436 9310208
15 0.0479 9334784
16 0.0444 9347072
17 0.0453 9375744
18 0.0499 9437184
19 0.0462 9445376
20 0.0467 9482240
21 0.0511 9539584
22 0.0495 9576448
23 0.0525 9613312
24 0.0503 9650176
25 0.0537 9691136
26 0.0511 9764864
27 0.0511 9781248
28 0.056 9822208
29 0.0533 9867264
30 0.0562 9961472
31 0.0541 9940992
32 0.0548 9990144
33 0.0553 10039296
34 0.0561 10080256
35 0.0568 10121216
36 0.0582 10145792
37 0.058 10199040
38 0.0587 10235904
39 0.0593 10301440
40 0.0603 10338304
41 0.0608 10387456
42 0.0617 10428416
43 0.0627 10465280
44 0.0629 10534912
45 0.0638 10571776
46 0.0646 10620928
47 0.0665 10661888
48 0.066 10706944
49 0.0666 10760192
50 0.0661 10817536
51 0.0673 10866688
52 0.0693 10969088
53 0.0729 11018240
54 0.0692 11042816
55 0.0744 11120640
56 0.0749 11108352
57 0.0722 11124736
58 0.0741 11198464
59 0.0775 11264000
60 0.0751 11313152
61 0.0758 11370496
62 0.0766 11431936
63 0.0759 11481088
64 0.0815 11538432
65 0.0786 11591680
66 0.0797 11649024
67 0.0811 11694080
68 0.0852 11780096
69 0.0826 11825152
70 0.0831 11902976
71 0.0874 11972608
72 0.084 12050432
73 0.0858 12079104
74 0.085 12148736
75 0.0863 12210176
76 0.0883 12259328
77 0.0884 12328960
78 0.1092 12353536
79 0.0938 12451840
80 0.0922 12492800
81 0.0952 12562432
82 0.0928 12587008
83 0.0946 12668928
84 0.0982 12734464
85 0.096 12791808
86 0.0974 12824576
87 0.0988 12914688
88 0.0989 12984320
89 0.0982 13012992
90 0.1082 13148160
91 0.1021 13180928
92 0.1027 13238272
93 0.1031 13312000
94 0.1052 13385728
95 0.1041 13459456
96 0.1061 13520896
97 0.1076 13565952
98 0.1116 13627392
99 0.1095 13692928
100 0.1134 13770752
101 0.1107 13840384
102 0.1111 13938688
103 0.1126 14000128
104 0.1174 14094336
105 0.1176 14147584
106 0.1153 14180352
107 0.1171 14282752
108 0.1186 14356480
109 0.1196 14422016
110 0.1211 14532608
111 0.1195 14544896
112 0.1215 14639104
113 0.1219 14745600
114 0.1226 14778368
115 0.1258 14880768
116 0.126 14913536
117 0.1266 15036416
118 0.133 15089664
119 0.13 15151104
120 0.1336 15249408
121 0.1345 15335424
122 0.133 15405056
123 0.1331 15474688
124 0.1354 15564800
125 0.1381 15630336
126 0.1362 15736832
127 0.1399 15810560
128 0.1436 15958016
129 0.1456 15978496
130 0.1414 16027648
131 0.1432 16101376
132 0.1439 16203776
133 0.1468 16285696
134 0.1457 16388096
135 0.1527 16437248
136 0.1489 16568320
137 0.1485 16629760
138 0.1549 16764928
139 0.1521 16818176
140 0.1544 16875520
141 0.1556 16961536
142 0.1567 17059840
143 0.158 17133568
144 0.1741 17309696
145 0.158 17399808
146 0.168 17530880
147 0.1609 17571840
148 0.1619 17641472
149 0.163 17747968
150 0.1655 17780736
151 0.1665 17883136
152 0.1706 17956864
153 0.1697 18067456
154 0.171 18161664
155 0.1755 18243584
156 0.1715 18362368
157 0.1755 18419712
158 0.1807 18726912
159 0.1761 18628608
160 0.1825 18694144
161 0.1802 18792448
162 0.1819 18894848
163 0.187 19038208
164 0.1839 19083264
165 0.1938 19279872
166 0.186 19243008
167 0.1881 19333120
168 0.1878 19410944
169 0.1919 19484672
170 0.1948 19566592
171 0.1947 19599360
172 0.1938 19718144
173 0.1943 19800064
174 0.1973 19865600
175 0.2063 19976192
176 0.1995 20078592
177 0.2019 20111360
178 0.205 20267008
179 0.2029 20373504
180 0.2026 20496384
181 0.2059 20574208
182 0.206 20611072
183 0.2091 20742144
184 0.2096 20836352
185 0.2138 20967424
186 0.2131 21041152
187 0.2162 21147648
188 0.2145 21254144
189 0.2197 21323776
190 0.2248 21594112
191 0.2216 21565440
192 0.2281 21819392
193 0.2209 21794816
194 0.2234 21831680
195 0.2237 21975040
196 0.2261 22081536
197 0.2316 22265856
198 0.2319 22315008
199 0.2358 22446080
200 0.2371 22491136
201 0.2368 22589440
202 0.2357 22642688
203 0.2399 22978560
204 0.2398 22904832
205 0.2404 23027712
206 0.2416 23146496
207 0.2424 23240704
208 0.2427 23330816
209 0.2473 23449600
210 0.2464 23695360
211 0.2521 23666688
212 0.2485 23924736
213 0.2523 24031232
214 0.2621 24190976
215 0.254 24096768
216 0.2595 24170496
217 0.2633 24391680
218 0.2622 24449024
219 0.2616 24551424
220 0.2685 24948736
221 0.2671 24788992
222 0.269 24911872
223 0.2656 25001984
224 0.2668 25133056
225 0.2745 25264128
226 0.2801 25554944
227 0.2716 25505792
228 0.2738 25624576
229 0.2869 25796608
230 0.2763 25874432
231 0.2823 25956352
232 0.2816 26062848
233 0.2821 26173440
234 0.2833 26300416
235 0.2892 26447872
236 0.2973 26546176
237 0.2938 26824704
238 0.2917 26849280
239 0.2979 26972160
240 0.2943 27090944
241 0.3003 27246592
242 0.304 27328512
243 0.3059 27500544
244 0.3004 27574272
245 0.3054 27746304
246 0.3107 27860992
247 0.3077 27951104
248 0.318 28098560
249 0.3096 28229632
250 0.3123 28348416
251 0.315 28483584