1 0.0024 6475776
2 0.0025 6463488
3 0.0027 6492160
4 0.0029 6512640
5 0.0031 6516736
6 0.0033 6549504
7 0.0032 6578176
8 0.004 6598656
9 0.0036 6615040
10 0.0039 6656000
11 0.0042 6680576
12 0.0044 6696960
13 0.004 6729728
14 0.0051 6733824
15 0.0043 6766592
16 0.0049 6836224
17 0.0052 6856704
18 0.0057 6889472
19 0.0056 6905856
20 0.0056 6889472
21 0.0062 6934528
22 0.0063 6955008
23 0.0059 6987776
24 0.0067 7012352
25 0.0074 7020544
26 0.0063 7036928
27 0.008 7114752
28 0.0077 7102464
29 0.009 7118848
30 0.0075 7159808
31 0.0083 7233536
32 0.0095 7254016
33 0.0082 7262208
34 0.0083 7278592
35 0.0097 7327744
36 0.0091 7319552
37 0.0089 7348224
38 0.0096 7393280
39 0.0088 7421952
40 0.0089 7430144
41 0.0093 7495680
42 0.013 7524352
43 0.0095 7520256
44 0.0097 7557120
45 0.01 7589888
46 0.0111 7663616
47 0.0103 7655424
48 0.0106 7684096
49 0.0109 7716864
50 0.0142 7802880
51 0.0139 7823360
52 0.0136 7835648
53 0.0143 7860224
54 0.0138 7897088
55 0.0129 7901184
56 0.0138 7962624
57 0.0175 7999488
58 0.0179 8032256
59 0.0148 8060928
60 0.0141 8105984
61 0.0156 8134656
62 0.0146 8146944
63 0.0162 8204288
64 0.0156 8224768
65 0.0154 8261632
66 0.016 8327168
67 0.0166 8368128
68 0.0169 8376320
69 0.0179 8437760
70 0.0182 8470528
71 0.0213 8511488
72 0.0219 8552448
73 0.0193 8581120
74 0.0186 8630272
75 0.0183 8667136
76 0.0188 8667136
77 0.0204 8728576
78 0.0208 8777728
79 0.0244 8822784
80 0.0201 8871936
81 0.0205 8941568
82 0.0225 8929280
83 0.021 8957952
84 0.0229 9019392
85 0.0232 9068544
86 0.0266 9125888
87 0.0229 9129984
88 0.0227 9170944
89 0.023 9216000
90 0.0251 9277440
91 0.0245 9306112
92 0.028 9396224
93 0.0254 9445376
94 0.0298 9478144
95 0.0299 9519104
96 0.0309 9646080
97 0.0316 9699328
98 0.0275 9629696
99 0.0323 9773056
100 0.0321 9785344
101 0.0293 9748480
102 0.0292 9822208
103 0.0331 9973760
104 0.0297 9912320
105 0.0306 9969664
106 0.0311 10006528
107 0.0337 10076160
108 0.032 10100736
109 0.0314 10141696
110 0.0333 10178560
111 0.0334 10215424
112 0.0321 10231808
113 0.0332 10268672
114 0.0332 10313728
115 0.0346 10371072
116 0.0343 10403840
117 0.0389 10493952
118 0.0352 10502144
119 0.0362 10600448
120 0.0356 10653696
121 0.0405 10665984
122 0.0372 10694656
123 0.0387 10768384
124 0.0377 10809344
125 0.0386 10878976
126 0.0384 10895360
127 0.0399 10964992