1 0.1683 18853888
2 0.1694 19103744
3 0.1649 18984960
4 0.1761 19079168
5 0.1689 19091456
6 0.1717 19107840
7 0.1933 19144704
8 0.1726 19230720
9 0.1973 19202048
10 0.2025 19464192
11 0.1897 19390464
12 0.222 19476480
13 0.2169 19533824
14 0.2616 19578880
15 0.2083 19812352
16 0.2375 19755008
17 0.1955 19935232
18 0.2088 19955712
19 0.1948 20008960
20 0.2019 19955712
21 0.2328 20156416
22 0.2376 20168704
23 0.2417 20299776
24 0.245 20250624
25 0.2401 20475904
26 0.2516 20475904
27 0.2289 20627456
28 0.2539 20480000
29 0.2427 20553728
30 0.2177 20717568
31 0.2694 20881408
32 0.2686 20889600
33 0.2797 20992000
34 0.2675 21016576
35 0.2727 21164032
36 0.2249 21188608
37 0.2859 21237760
38 0.2555 21274624
39 0.2338 21344256
40 0.2845 21430272
41 0.252 21729280
42 0.2744 21729280
43 0.2885 21835776
44 0.3031 21819392
45 0.3103 21880832
46 0.2752 22085632
47 0.2809 22007808
48 0.3184 22102016
49 0.2939 22179840
50 0.2755 22183936
51 0.2726 22441984
52 0.2805 22347776
53 0.299 22425600
54 0.2839 22425600
55 0.3194 22462464
56 0.2962 22659072
57 0.3551 22585344
58 0.3418 22650880
59 0.3512 22740992
60 0.2965 22708224
61 0.3417 22798336
62 0.2854 22835200
63 0.3455 22884352
64 0.3303 22970368
65 0.3804 23048192
66 0.3257 22974464
67 0.3462 23199744
68 0.3916 23212032
69 0.3124 23363584
70 0.3675 23285760
71 0.328 23314432
72 0.3735 23441408
73 0.3583 23453696
74 0.3203 23482368
75 0.3419 23617536
76 0.3508 23613440
77 0.4144 23728128
78 0.4191 23752704
79 0.4224 23838720
80 0.391 23900160
81 0.4151 23969792
82 0.4218 24002560
83 0.3845 24027136
84 0.3709 23994368
85 0.3585 24264704
86 0.4389 24256512
87 0.3839 24158208
88 0.4233 24358912
89 0.3927 24412160
90 0.5029 24449024
91 0.4338 24485888
92 0.3818 24530944
93 0.408 24514560
94 0.3948 24793088
95 0.4034 24780800
96 0.3931 24788992
97 0.4474 24903680
98 0.3953 24887296
99 0.3979 25034752
100 0.4025 24772608
101 0.4089 24854528
102 0.4135 25104384
103 0.4171 24952832
104 0.4171 24985600
105 0.422 25358336
106 0.4226 25313280
107 0.4295 25276416
108 0.4307 25341952
109 0.4382 25399296
110 0.4365 25444352
111 0.4394 25362432
112 0.4546 25694208
113 0.4533 25612288
114 0.4536 25747456
115 0.4589 25714688
116 0.4687 25899008
117 0.4628 25849856
118 0.4796 26140672
119 0.47 26009600
120 0.4764 26009600
121 0.4804 26054656
122 0.4813 26251264
123 0.4937 26226688
124 0.4966 26112000
125 0.4949 26497024
126 0.4998 26189824
127 0.512 26423296
128 0.5176 26542080
129 0.5198 26673152
130 0.5221 26755072
131 0.5239 26681344
132 0.5386 26865664
133 0.5295 26886144
134 0.5362 26820608
135 0.5402 27041792
136 0.5537 27205632
137 0.5487 27000832
138 0.5673 27103232
139 0.5582 27021312
140 0.5754 27299840
141 0.5703 27217920
142 0.5708 27496448
143 0.5931 27381760
144 0.5805 27422720
145 0.5841 27480064
146 0.5957 27631616
147 0.6187 27897856
148 0.61 27725824
149 0.6592 27717632
150 0.686 27688960
151 0.6199 27832320
152 0.6227 27942912
153 0.6537 27844608
154 0.6411 28004352
155 0.638 28086272
156 0.6446 28172288
157 0.6517 28352512
158 0.6527 28151808
159 0.6674 28495872
160 0.6648 28405760
161 0.6636 28729344
162 0.6733 28553216
163 0.6839 28762112
164 0.6805 28667904
165 0.6833 28741632
166 0.6857 28700672
167 0.699 28946432
168 0.7019 28794880
169 0.7055 28839936
170 0.7091 29040640
171 0.7318 29523968
172 0.7508 29372416
173 0.7426 29229056
174 0.7345 29396992
175 0.7364 29347840
176 0.7442 29417472
177 0.7556 29622272
178 0.7652 29650944
179 0.7651 29618176
180 0.7687 29765632
181 0.7787 29736960
182 0.7903 29700096
183 0.7932 30019584
184 0.808 29945856
185 0.801 29896704
186 0.8065 30031872
187 0.8174 30138368
188 0.8194 30388224
189 0.8425 30142464
190 0.8268 30539776
191 0.8476 30404608
192 0.8504 30597120
193 0.9029 30482432
194 0.8508 30478336
195 0.8607 30564352
196 0.8688 30633984
197 0.8777 30666752
198 0.8958 30965760
199 0.906 31019008