1 0.1422 17956864
2 0.145 17965056
3 0.1439 18137088
4 0.1525 18014208
5 0.1464 18341888
6 0.1462 18190336
7 0.1485 18395136
8 0.1532 18132992
9 0.1813 18259968
10 0.1748 18309120
11 0.1526 18268160
12 0.151 18386944
13 0.1568 18395136
14 0.158 18538496
15 0.1547 18321408
16 0.1543 18432000
17 0.1527 18366464
18 0.1529 18366464
19 0.1549 18391040
20 0.1599 18513920
21 0.1587 18575360
22 0.1612 18591744
23 0.1602 18620416
24 0.1585 18624512
25 0.1637 18939904
26 0.1593 18649088
27 0.1637 18927616
28 0.1723 19001344
29 0.1607 18841600
30 0.1671 18874368
31 0.1663 19001344
32 0.1663 19021824
33 0.1634 19038208
34 0.1647 19218432
35 0.1654 19283968
36 0.1662 19050496
37 0.1677 19193856
38 0.1721 19271680
39 0.1715 19251200
40 0.1676 19136512
41 0.1738 19533824
42 0.1766 19763200
43 0.1738 19595264
44 0.1781 19492864
45 0.1819 19755008
46 0.1833 19652608
47 0.173 19546112
48 0.1882 19759104
49 0.1798 19718144
50 0.1797 19750912
51 0.1812 19783680
52 0.1766 19906560
53 0.1834 19894272
54 0.1787 19951616
55 0.1791 19820544
56 0.1781 19734528
57 0.1837 19902464
58 0.1839 19767296
59 0.183 19894272
60 0.1782 19914752
61 0.1856 19771392
62 0.1802 19763200
63 0.1764 19931136
64 0.1778 19660800
65 0.1773 19914752
66 0.1852 19775488
67 0.1783 19865600
68 0.1833 19681280
69 0.1833 19841024
70 0.1787 19673088
71 0.1832 19808256
72 0.1861 19660800
73 0.1808 19734528
74 0.1764 19787776
75 0.1831 19816448
76 0.1824 20041728
77 0.1842 19763200
78 0.1791 19836928
79 0.1833 19787776
80 0.1879 20082688
81 0.1859 19808256
82 0.1866 19742720
83 0.1778 19857408
84 0.1825 19623936
85 0.1827 19861504
86 0.2508 19607552
87 0.1961 19845120
88 0.179 19861504
89 0.1806 19742720
90 0.1825 19623936
91 0.183 19685376
92 0.1834 19722240
93 0.1827 19714048
94 0.2044 19771392
95 0.1971 19787776
96 0.177 19722240
97 0.207 19673088
98 0.1902 19869696
99 0.1799 20004864
100 0.1847 19812352
101 0.1805 19836928
102 0.1816 19718144
103 0.1831 19849216
104 0.1841 19644416
105 0.1858 19718144
106 0.1807 19734528
107 0.177 19693568
108 0.1766 19734528
109 0.177 19750912
110 0.1783 19771392
111 0.1801 19787776
112 0.1961 19824640
113 0.2496 19816448
114 0.1988 19980288
115 0.202 19808256
116 0.1813 20070400
117 0.1836 19791872
118 0.2148 19734528
119 0.2009 19755008
120 0.2088 20058112
121 0.2183 19873792
122 0.1929 19931136
123 0.1826 19820544
124 0.1863 19853312
125 0.1874 20164608
126 0.2087 19910656
127 0.1894 19918848
128 0.1875 19755008
129 0.2332 19832832
130 0.2199 19849216
131 0.2322 19869696
132 0.2535 19910656
133 0.288 19931136
134 0.2373 19910656
135 0.2509 19959808
136 0.2301 20070400
137 0.2005 20144128
138 0.2053 19951616
139 0.2081 20119552
140 0.2525 19951616
141 0.261 19959808
142 0.2035 19968000
143 0.2304 20066304
144 0.2124 19922944
145 0.1942 20103168
146 0.2117 19943424
147 0.197 20008960
148 0.2013 19902464
149 0.1927 20017152
150 0.1967 19984384
151 0.206 20213760
152 0.2352 20156416
153 0.194 20062208
154 0.2126 20045824
155 0.1894 20025344
156 0.2011 20316160
157 0.1896 20246528
158 0.1958 20066304
159 0.1821 20221952
160 0.1917 20185088
161 0.1873 20099072
162 0.1888 20140032
163 0.1927 20127744
164 0.1828 20004864
165 0.1868 20115456
166 0.1907 20004864
167 0.1933 20123648
168 0.1869 19988480
169 0.1852 20324352
170 0.19 20180992
171 0.1941 20197376
172 0.1841 20004864
173 0.1798 20299776
174 0.1954 20422656
175 0.1926 20197376
176 0.1976 20283392
177 0.1845 20185088
178 0.192 20111360
179 0.1874 20312064
180 0.1848 20217856
181 0.1981 20426752
182 0.1863 20238336
183 0.1973 20336640
184 0.1877 20451328
185 0.2012 20430848
186 0.1909 20410368
187 0.1862 20254720
188 0.1978 20279296
189 0.2015 20598784
190 0.1953 20258816
191 0.1858 20144128
192 0.2006 20414464
193 0.1889 20373504
194 0.1909 20299776
195 0.1835 20221952
196 0.1886 20377600
197 0.1892 20258816
198 0.1959 20205568
199 0.1883 20570112
200 0.1868 20480000
201 0.1959 20443136
202 0.1909 20545536
203 0.1979 20234240
204 0.1868 20426752
205 0.1943 20459520
206 0.1902 20594688
207 0.1937 20348928
208 0.189 20361216
209 0.1843 20279296
210 0.1988 20504576
211 0.1942 20504576
212 0.1961 20385792
213 0.1816 20271104
214 0.1906 20414464
215 0.1935 20652032
216 0.1983 20320256
217 0.1922 20434944
218 0.1919 20471808
219 0.2055 20463616
220 0.1871 20336640
221 0.1872 20451328
222 0.1855 20619264
223 0.1987 20488192
224 0.1911 20365312
225 0.1982 20549632
226 0.1861 20566016
227 0.1873 20619264
228 0.1974 20398080
229 0.1995 20398080
230 0.1925 20508672
231 0.188 20570112
232 0.2015 20422656
233 0.1935 20504576
234 0.1933 20586496
235 0.1881 20529152
236 0.2014 20660224
237 0.1931 20635648
238 0.2013 20586496
239 0.1869 20721664
240 0.1862 20561920
241 0.1986 20803584
242 0.2208 20594688
243 0.1961 20578304
244 0.1919 20721664
245 0.1986 20766720
246 0.1926 20619264
247 0.1987 20672512
248 0.1839 20480000
249 0.2024 20602880
250 0.1948 20660224
251 0.191 20652032
252 0.188 20652032
253 0.1871 20787200
254 0.2028 20668416
255 0.196 20676608
256 0.194 20529152
257 0.1907 20668416
258 0.1962 20787200
259 0.2018 20611072
260 0.2108 20733952
261 0.1854 20787200
262 0.1906 20828160
263 0.1944 20721664
264 0.1969 20733952
265 0.1902 20881408
266 0.1975 20848640
267 0.2027 21004288
268 0.1995 20848640
269 0.193 20795392
270 0.1881 20697088
271 0.2053 20824064
272 0.1972 20701184
273 0.1989 20901888
274 0.1889 20656128
275 0.1977 20934656
276 0.2009 21028864
277 0.2032 21110784
278 0.1972 21053440
279 0.1952 20869120
280 0.2047 21008384
281 0.1957 20807680
282 0.1979 20738048
283 0.1868 20881408
284 0.2103 20951040
285 0.1965 20844544
286 0.2133 20930560
287 0.1959 21016576
288 0.1927 20860928
289 0.1958 20946944
290 0.1976 20766720
291 0.1889 20885504
292 0.1944 20869120
293 0.2006 20893696
294 0.193 20975616
295 0.1943 20766720
296 0.1918 21065728
297 0.1992 20824064
298 0.1931 20971520
299 0.204 21065728
300 0.1874 20979712
301 0.2043 20856832
302 0.2093 21082112
303 0.2034 21012480
304 0.1888 20844544
305 0.1909 21012480
306 0.1972 20975616
307 0.2 21069824
308 0.1989 21082112
309 0.1926 21008384
310 0.1996 21114880
311 0.1933 21004288
312 0.2148 21327872
313 0.1911 21037056
314 0.2071 21024768
315 0.1958 21266432
316 0.2096 20992000
317 0.1891 21094400
318 0.1998 21037056
319 0.1996 21217280
320 0.2 21245952
321 0.2021 21049344
322 0.1909 21069824
323 0.2036 21172224
324 0.1974 21168128
325 0.2046 21147648
326 0.1885 21053440
327 0.2106 21147648
328 0.1957 21004288
329 0.2099 21020672
330 0.1921 21319680
331 0.2006 21184512
332 0.2106 21295104
333 0.2075 21200896
334 0.1934 21209088
335 0.1948 21311488
336 0.2012 21311488
337 0.2002 21176320
338 0.199 21430272
339 0.2004 21229568
340 0.1977 21053440
341 0.1973 21327872
342 0.1984 21143552
343 0.1923 21200896
344 0.2095 21389312
345 0.2024 21192704
346 0.2091 21450752
347 0.1915 21217280
348 0.2076 21196800
349 0.2009 21278720
350 0.2069 21417984
351 0.1935 21463040
352 0.1993 21237760
353 0.1956 21250048
354 0.1986 21229568
355 0.1975 21168128
356 0.1948 21405696
357 0.2005 21295104
358 0.2001 21303296
359 0.1997 21393408
360 0.1939 21549056
361 0.2042 21409792
362 0.1984 21315584
363 0.208 21389312
364 0.1969 21483520
365 0.2084 21385216
366 0.2001 21409792
367 0.2042 21377024
368 0.1968 21381120
369 0.2051 21356544
370 0.2074 21639168
371 0.206 21385216
372 0.1932 21245952
373 0.2053 21544960
374 0.2043 21422080
375 0.1985 21565440
376 0.197 21393408
377 0.2092 21622784
378 0.2062 21585920
379 0.1989 21413888
380 0.2045 21311488
381 0.2 21544960
382 0.2034 21491712
383 0.2028 21467136
384 0.2024 21458944
385 0.1935 21409792
386 0.2064 21504000
387 0.1964 21336064
388 0.2065 21733376
389 0.1917 21524480
390 0.2103 21639168
391 0.2059 21635072
392 0.2131 21544960
393 0.1977 21561344
394 0.2065 21405696
395 0.2032 21561344
396 0.2009 21635072
397 0.1971 21549056
398 0.2117 21442560
399 0.2078 21508096
400 0.2063 21700608
401 0.1967 21430272
402 0.198 21700608
403 0.2015 21504000
404 0.2043 21471232
405 0.2098 21811200
406 0.1944 21598208
407 0.2111 21676032
408 0.2063 21594112
409 0.2091 21716992
410 0.1973 21606400
411 0.2061 21606400
412 0.2115 21684224
413 0.205 21647360
414 0.1955 21798912
415 0.2056 21798912
416 0.2025 21778432
417 0.2109 21803008
418 0.1948 21659648
419 0.2114 21823488
420 0.207 21827584
421 0.2145 21663744
422 0.2032 21737472
423 0.2057 21602304
424 0.207 21884928
425 0.2032 21651456
426 0.2037 21839872
427 0.2067 21725184
428 0.209 21671936
429 0.2146 21790720
430 0.2003 21786624
431 0.2097 21897216
432 0.2088 21811200
433 0.2065 21684224
434 0.2004 21766144
435 0.2011 21839872
436 0.206 21872640
437 0.215 21979136
438 0.1987 21798912
439 0.2056 21929984
440 0.2035 22048768
441 0.2067 21905408
442 0.2009 21868544
443 0.1999 21880832
444 0.2167 21737472
445 0.2081 21749760
446 0.2062 21839872
447 0.1974 21897216
448 0.2105 21872640
449 0.2086 21835776
450 0.2074 22106112
451 0.1968 21733376
452 0.2115 21737472
453 0.2021 21839872
454 0.2084 21946368
455 0.1979 22044672
456 0.2139 21950464
457 0.2035 21848064
458 0.2117 22056960
459 0.2014 22032384
460 0.206 21970944
461 0.2051 21815296
462 0.2095 22163456
463 0.2046 22089728
464 0.2095 22073344
465 0.2028 21938176
466 0.2162 22130688
467 0.2008 21954560
468 0.2114 22028288
469 0.2024 22020096
470 0.2151 22147072
471 0.2014 21975040
472 0.2187 21913600
473 0.2044 21860352
474 0.2151 21909504
475 0.2019 22007808
476 0.2087 22036480
477 0.2072 22155264
478 0.2094 22216704
479 0.2001 22020096
480 0.2123 22274048
481 0.2082 22085632
482 0.2138 22110208
483 0.2017 22130688
484 0.2107 22061056
485 0.2068 22089728
486 0.2124 22093824
487 0.213 22114304
488 0.2173 22282240
489 0.2058 22102016
490 0.2188 22179840
491 0.2003 22093824
492 0.2076 22249472
493 0.2154 22249472
494 0.2356 22286336
495 0.2003 22196224
496 0.2152 22368256
497 0.2101 22126592
498 0.2196 22347776
499 0.2091 22167552
500 0.2221 22302720
501 0.2069 22183936
502 0.2113 22167552
503 0.2011 22245376
504 0.2227 22396928
505 0.2048 22196224
506 0.2077 22085632
507 0.1998 22306816
508 0.213 22323200
509 0.2096 22224896
510 0.2093 22228992
511 0.2059 22401024
512 0.2205 22224896
513 0.2156 22302720
514 0.2105 22253568
515 0.2044 22310912
516 0.2162 22343680
517 0.2082 22474752
518 0.2112 22384640
519 0.2016 22310912
520 0.2084 22372352
521 0.2156 22327296
522 0.2078 22360064
523 0.2085 22462464
524 0.2117 22548480
525 0.2151 22560768
526 0.2077 22605824
527 0.2036 22380544
528 0.2098 22315008
529 0.2106 22351872
530 0.208 22315008
531 0.2156 22585344
532 0.2129 22372352
533 0.2114 22503424
534 0.2091 22441984
535 0.2048 22405120
536 0.2078 22384640
537 0.2168 22392832
538 0.2063 22454272
539 0.2185 22294528
540 0.2106 22413312
541 0.2179 22405120
542 0.2126 22405120
543 0.2093 22421504
544 0.2135 22691840
545 0.2194 22417408
546 0.2038 22601728
547 0.2118 22528000
548 0.2241 22425600
549 0.2186 22515712
550 0.2031 22548480
551 0.2189 22532096
552 0.2074 22499328
553 0.2132 22470656
554 0.2067 22503424
555 0.2207 22568960
556 0.207 22540288
557 0.2085 22519808
558 0.2125 22802432
559 0.2158 22740992
560 0.2158 22548480
561 0.2167 22585344
562 0.2033 22564864
563 0.2214 22970368
564 0.2274 22650880
565 0.2133 22720512
566 0.2122 22790144
567 0.2178 22736896
568 0.2224 22831104
569 0.2062 22732800
570 0.2105 22773760
571 0.2203 23044096
572 0.2172 22921216
573 0.2091 22806528
574 0.2189 22667264
575 0.2155 22990848
576 0.2224 22880256
577 0.2094 22720512
578 0.2175 22970368
579 0.2172 22831104
580 0.2181 22835200
581 0.2096 22908928
582 0.219 22945792
583 0.2157 22958080
584 0.2165 22978560
585 0.2063 22847488
586 0.2153 23019520
587 0.2216 23134208
588 0.2104 22724608
589 0.2128 22925312
590 0.2163 23150592
591 0.2229 23060480
592 0.2087 22966272
593 0.2178 23097344
594 0.2158 22900736
595 0.2187 23003136
596 0.209 22982656
597 0.2191 22986752
598 0.2115 22917120
599 0.2146 22810624
600 0.2103 22970368
601 0.2265 23019520
602 0.2123 22904832
603 0.2166 23035904
604 0.2057 22970368
605 0.2201 23154688
606 0.2221 23044096
607 0.2164 22855680
608 0.207 22855680
609 0.2187 22880256
610 0.2192 22962176
611 0.2142 23224320
612 0.2163 22913024
613 0.2171 23093248
614 0.2204 23134208
615 0.2106 23097344
616 0.2196 23048192
617 0.217 23085056
618 0.2229 23162880
619 0.2101 23150592
620 0.22 23015424
621 0.213 23126016
622 0.2227 23097344
623 0.2078 23068672
624 0.2231 22958080
625 0.2149 23105536
626 0.2164 23171072
627 0.2087 22982656
628 0.2229 23269376
629 0.217 22994944
630 0.2111 23183360
631 0.2155 23273472
632 0.2159 23179264
633 0.223 23138304
634 0.2068 23166976
635 0.2306 23326720
636 0.2144 23257088
637 0.22 23228416
638 0.2101 23191552
639 0.2188 23355392
640 0.217 23388160
641 0.2203 23257088
642 0.2108 23277568
643 0.2197 23281664
644 0.2216 23367680
645 0.2144 23273472
646 0.2196 23244800
647 0.2166 23183360
648 0.2188 23097344
649 0.2123 23105536
650 0.2228 23326720
651 0.2234 23244800
652 0.2234 23257088
653 0.2134 23273472
654 0.2247 23375872
655 0.2197 23400448
656 0.2188 23191552
657 0.2132 23449600
658 0.2222 23429120
659 0.2216 23310336
660 0.2146 23437312
661 0.2149 23306240
662 0.2184 23195648
663 0.2221 23326720
664 0.2093 23343104
665 0.222 23330816
666 0.2171 23474176
667 0.2245 23494656
668 0.2169 23457792
669 0.2239 23461888
670 0.2194 23240704
671 0.2174 23388160
672 0.2162 23478272
673 0.2222 23388160
674 0.2236 23261184
675 0.2111 23384064
676 0.2204 23654400
677 0.2207 23322624
678 0.2352 23441408
679 0.2148 23384064
680 0.2307 23506944
681 0.2196 23298048
682 0.2245 23392256
683 0.2171 23400448
684 0.2259 23506944
685 0.2183 23457792
686 0.2185 23412736
687 0.2204 23584768
688 0.2248 23343104
689 0.2252 23498752
690 0.2127 23543808
691 0.2349 23650304
692 0.2199 23662592
693 0.2263 23580672
694 0.2121 23486464
695 0.2246 23572480
696 0.2307 23552000
697 0.2178 23629824
698 0.2284 23621632
699 0.22 23552000
700 0.2369 23511040
701 0.2119 23617536
702 0.2397 23629824
703 0.2227 23519232
704 0.2249 23855104
705 0.213 23580672
706 0.2315 23793664
707 0.2261 23457792
708 0.2178 23642112
709 0.2229 23515136
710 0.2157 23670784
711 0.2251 23572480
712 0.2118 23633920
713 0.2237 23687168
714 0.2231 23633920
715 0.2255 23764992
716 0.2155 23724032
717 0.2282 23539712
718 0.2269 23629824
719 0.2241 23662592
720 0.2315 23605248
721 0.2211 23814144
722 0.2352 23629824
723 0.217 23818240
724 0.2286 23724032
725 0.2274 23826432
726 0.225 23994368
727 0.225 23851008
728 0.2258 23609344
729 0.2336 23986176
730 0.2159 23769088
731 0.2237 23764992
732 0.2314 23769088
733 0.2265 23650304
734 0.2226 23859200
735 0.2245 23789568
736 0.2262 23838720
737 0.2221 23851008
738 0.2264 23871488
739 0.223 23810048
740 0.2289 23969792
741 0.2157 23805952
742 0.2257 23826432
743 0.2291 24002560
744 0.2257 23875584
745 0.2195 23883776
746 0.2272 23842816
747 0.2269 23859200
748 0.2211 23883776
749 0.2257 23986176
750 0.2184 23789568
751 0.2313 23875584
752 0.216 23904256
753 0.2315 23932928
754 0.2263 23785472
755 0.2271 23908352
756 0.2196 23904256
757 0.2333 24059904
758 0.2289 24002560
759 0.2145 23830528
760 0.2287 23957504
761 0.2218 23937024
762 0.2304 23842816
763 0.2152 23957504
764 0.2316 24035328
765 0.2218 23949312
766 0.2228 24088576
767 0.2215 23982080
768 0.2258 24064000
769 0.2383 24186880
770 0.2167 24002560
771 0.2259 24010752
772 0.2332 24166400
773 0.2197 23973888
774 0.2246 24096768
775 0.2234 24072192
776 0.2373 24186880
777 0.2178 24027136
778 0.2292 24031232
779 0.2236 24100864
780 0.2298 23920640
781 0.2217 24064000
782 0.2253 24096768
783 0.2242 24072192
784 0.221 24133632
785 0.2302 23973888
786 0.2233 24264704
787 0.2256 24031232
788 0.2184 24113152
789 0.2323 24125440
790 0.2336 24162304
791 0.23 24100864
792 0.2268 24158208
793 0.2326 24186880
794 0.2351 24170496
795 0.2202 24190976
796 0.23 24010752
797 0.2351 24072192
798 0.2246 24162304
799 0.2293 24424448
800 0.2305 24092672