1 0.02 7380992
2 0.02 7438336
3 0.02 7413760
4 0.02 7426048
5 0.02 7467008
6 0.01 7458816
7 0.02 7516160
8 0.02 7520256
9 0.02 7548928
10 0.02 7548928
11 0.02 7565312
12 0.02 7602176
13 0.02 7602176
14 0.02 7630848
15 0.02 7626752
16 0.02 7647232
17 0.02 7663616
18 0.02 7651328
19 0.02 7680000
20 0.02 7712768
21 0.02 7692288
22 0.02 7729152
23 0.02 7757824
24 0.02 7770112
25 0.02 7737344
26 0.02 7786496
27 0.02 7794688
28 0.02 7847936
29 0.02 7823360
30 0.03 7868416
31 0.02 7884800
32 0.02 7876608
33 0.03 7938048
34 0.03 7954432
35 0.02 7925760
36 0.03 8003584
37 0.03 8044544
38 0.02 8069120
39 0.03 8085504
40 0.02 8089600
41 0.02 8081408
42 0.03 8126464
43 0.03 8179712
44 0.02 8101888
45 0.03 8155136
46 0.03 8175616
47 0.03 8196096
48 0.03 8216576
49 0.03 8196096
50 0.03 8269824
51 0.03 8282112
52 0.03 8286208
53 0.03 8286208
54 0.03 8314880
55 0.03 8323072
56 0.04 8359936
57 0.04 8372224
58 0.03 8384512
59 0.03 8404992
60 0.02 8372224
61 0.03 8392704
62 0.02 8458240
63 0.03 8433664
64 0.03 8482816
65 0.03 8503296
66 0.02 8540160
67 0.03 8531968
68 0.03 8581120
69 0.03 8581120
70 0.03 8605696
71 0.03 8622080
72 0.03 8654848
73 0.03 8675328
74 0.04 8683520
75 0.03 8704000
76 0.03 8724480
77 0.03 8740864
78 0.03 8753152
79 0.03 8785920
80 0.03 8794112
81 0.03 8818688
82 0.04 8859648
83 0.04 8851456
84 0.04 8818688
85 0.03 8896512
86 0.04 8855552
87 0.04 8867840
88 0.03 8921088
89 0.03 8949760
90 0.03 8974336
91 0.04 8982528
92 0.04 9031680
93 0.03 8986624
94 0.04 9035776
95 0.03 9048064
96 0.04 9089024
97 0.04 9097216
98 0.04 9072640
99 0.04 9125888
100 0.04 9154560
101 0.04 9134080
102 0.04 9191424
103 0.03 9170944
104 0.04 9224192
105 0.04 9244672
106 0.04 9277440
107 0.04 9236480
108 0.04 9314304
109 0.04 9289728
110 0.05 9334784
111 0.05 9351168
112 0.05 9375744
113 0.05 9363456
114 0.05 9433088
115 0.04 9420800
116 0.04 9453568
117 0.04 9465856
118 0.04 9490432
119 0.05 9502720
120 0.04 9531392
121 0.05 9543680
122 0.04 9510912
123 0.05 9568256
124 0.06 9592832
125 0.04 9601024
126 0.04 9662464
127 0.04 9658368
128 0.05 9707520
129 0.04 9674752
130 0.04 9687040
131 0.04 9719808
132 0.04 9732096
133 0.04 9748480
134 0.04 9797632
135 0.05 9838592
136 0.04 9850880
137 0.04 9850880
138 0.05 9895936
139 0.05 9916416
140 0.04 9932800
141 0.05 9949184
142 0.05 9973760
143 0.04 9969664
144 0.05 10031104
145 0.05 10039296
146 0.04 10014720
147 0.05 10080256
148 0.05 10104832
149 0.05 10145792
150 0.04 10182656
151 0.06 10186752
152 0.05 10223616
153 0.05 10215424
154 0.05 10264576
155 0.05 10272768
156 0.06 10342400
157 0.05 10416128
158 0.05 10383360
159 0.04 10383360
160 0.06 10432512
161 0.05 10428416
162 0.05 10469376
163 0.05 10506240
164 0.05 10502144
165 0.05 10526720
166 0.06 10686464
167 0.05 10539008
168 0.05 10588160
169 0.05 10657792
170 0.05 10637312
171 0.05 10645504
172 0.06 10665984
173 0.06 10674176
174 0.06 10719232
175 0.06 10743808
176 0.06 10776576
177 0.06 10768384
178 0.06 10760192
179 0.05 10776576
180 0.06 10866688
181 0.06 10977280
182 0.06 10866688
183 0.05 10932224
184 0.06 10944512
185 0.06 11034624
186 0.06 10993664
187 0.05 11014144
188 0.07 11030528
189 0.06 11051008
190 0.05 11087872
191 0.06 11124736
192 0.06 11116544
193 0.06 11206656
194 0.07 11161600
195 0.06 11173888
196 0.06 11182080
197 0.06 11202560
198 0.06 11264000
199 0.06 11264000
200 0.06 11272192
201 0.06 11284480
202 0.06 11337728
203 0.06 11325440
204 0.06 11366400
205 0.06 11395072
206 0.06 11411456
207 0.07 11427840
208 0.07 11526144
209 0.06 11542528
210 0.06 11513856
211 0.07 11530240
212 0.06 11538432
213 0.07 11563008
214 0.07 11567104
215 0.06 11595776
216 0.07 11628544
217 0.06 11628544
218 0.07 11657216
219 0.07 11685888
220 0.07 11702272
221 0.07 11722752
222 0.06 11771904
223 0.07 11780096
224 0.06 11841536
225 0.07 11816960
226 0.07 11829248
227 0.07 11898880
228 0.06 11882496
229 0.07 11898880
230 0.07 11894784
231 0.06 11931648
232 0.07 11968512
233 0.07 11980800
234 0.07 12099584
235 0.07 12050432
236 0.07 12050432
237 0.07 12095488
238 0.07 12083200
239 0.07 12103680
240 0.07 12165120
241 0.07 12173312
242 0.08 12189696
243 0.06 12218368
244 0.08 12210176
245 0.07 12242944
246 0.07 12292096
247 0.07 12300288
248 0.08 12316672
249 0.07 12365824
250 0.07 12374016
251 0.07 12357632
252 0.08 12414976
253 0.07 12435456
254 0.07 12455936
255 0.08 12488704
256 0.08 12500992
257 0.08 12627968
258 0.07 12587008
259 0.08 12656640
260 0.08 12677120
261 0.08 12709888
262 0.07 12734464
263 0.09 12869632
264 0.08 12779520
265 0.08 12795904
266 0.08 12865536
267 0.07 12869632
268 0.08 12922880
269 0.08 12886016
270 0.09 12976128
271 0.07 13066240
272 0.09 13037568
273 0.09 13119488
274 0.08 13074432
275 0.09 13062144
276 0.09 13107200
277 0.07 13160448
278 0.07 13213696
279 0.08 13225984
280 0.08 13209600
281 0.08 13266944
282 0.08 13283328
283 0.09 13373440
284 0.08 13357056
285 0.09 13352960
286 0.09 13369344
287 0.09 13398016
288 0.09 13475840
289 0.09 13447168
290 0.08 13529088
291 0.08 13647872
292 0.09 13553664
293 0.08 13570048
294 0.09 13615104
295 0.09 13639680
296 0.08 13778944
297 0.09 13729792
298 0.09 13873152
299 0.08 13778944
300 0.08 13926400
301 0.09 13783040
302 0.08 13877248
303 0.09 13963264
304 0.08 13914112
305 0.09 13975552
306 0.09 14020608
307 0.09 14004224
308 0.09 14041088
309 0.09 14082048
310 0.09 14073856
311 0.09 14086144
312 0.09 14163968
313 0.09 14168064
314 0.09 14241792
315 0.08 14249984
316 0.1 14319616
317 0.09 14225408
318 0.09 14315520
319 0.09 14356480
320 0.09 14385152
321 0.09 14467072
322 0.09 14438400
323 0.09 14454784
324 0.09 14508032
325 0.09 14557184
326 0.09 14561280
327 0.09 14602240
328 0.08 14548992
329 0.1 14610432
330 0.09 14655488
331 0.1 14659584
332 0.1 14725120
333 0.09 14749696
334 0.09 14778368
335 0.09 14807040
336 0.1 14884864
337 0.1 14909440
338 0.09 14995456
339 0.1 14979072
340 0.09 15028224
341 0.11 15028224
342 0.09 15036416
343 0.1 15073280
344 0.1 15130624
345 0.1 15273984
346 0.09 15175680
347 0.1 15151104
348 0.1 15204352
349 0.09 15216640
350 0.1 15392768
351 0.1 15310848
352 0.1 15310848
353 0.1 15355904
354 0.1 15458304
355 0.11 15400960
356 0.09 15441920
357 0.1 15511552
358 0.1 15478784
359 0.1 15491072
360 0.1 15593472
361 0.1 15609856
362 0.11 15597568
363 0.11 15638528
364 0.1 15769600
365 0.1 15745024
366 0.1 15708160
367 0.1 15876096
368 0.1 15806464
369 0.1 15802368
370 0.1 15872000
371 0.11 15908864
372 0.11 15912960
373 0.1 15958016
374 0.1 15962112
375 0.11 15958016
376 0.11 15986688
377 0.11 15990784
378 0.11 16068608
379 0.1 16089088
380 0.1 16240640
381 0.1 16158720
382 0.11 16297984
383 0.11 16158720
384 0.1 16195584
385 0.11 16252928
386 0.11 16269312
387 0.11 16326656
388 0.11 16343040
389 0.11 16355328
390 0.1 16449536
391 0.11 16412672
392 0.11 16457728
393 0.11 16584704
394 0.11 16560128
395 0.11 16572416
396 0.11 16551936
397 0.11 16601088
398 0.11 16748544
399 0.11 16777216
400 0.11 16674816
401 0.12 16801792
402 0.11 16723968
403 0.11 16736256
404 0.11 16805888
405 0.12 16801792
406 0.11 16859136
407 0.1 16887808
408 0.11 16969728
409 0.12 16891904
410 0.11 16916480
411 0.12 16961536
412 0.12 17039360
413 0.12 17010688
414 0.12 17076224
415 0.12 17100800
416 0.12 17174528
417 0.11 17174528
418 0.12 17301504
419 0.12 17227776
420 0.12 17244160
421 0.13 17375232
422 0.12 17399808
423 0.12 17391616
424 0.11 17350656
425 0.12 17424384
426 0.11 17457152
427 0.12 17494016
428 0.11 17506304
429 0.13 17502208
430 0.12 17625088
431 0.12 17547264
432 0.12 17612800
433 0.12 17711104
434 0.12 17678336
435 0.12 17694720
436 0.12 17735680
437 0.12 17764352
438 0.12 17731584
439 0.12 17768448
440 0.13 17833984
441 0.12 17829888
442 0.11 17907712
443 0.14 18006016
444 0.12 17960960
445 0.12 17944576
446 0.13 17977344
447 0.13 17997824
448 0.12 18030592
449 0.13 18034688
450 0.12 18096128
451 0.13 18141184
452 0.13 18223104
453 0.12 18259968
454 0.12 18243584
455 0.12 18259968
456 0.12 18362368
457 0.13 18292736
458 0.13 18419712
459 0.13 18386944
460 0.13 18362368
461 0.13 18374656
462 0.13 18509824
463 0.13 18444288
464 0.13 18546688
465 0.13 18550784
466 0.13 18640896
467 0.13 18567168
468 0.14 18624512
469 0.13 18636800
470 0.13 18694144
471 0.13 18710528
472 0.13 18657280
473 0.12 18747392
474 0.14 18763776
475 0.13 18767872
476 0.12 18788352
477 0.13 18866176
478 0.13 18862080
479 0.14 18964480
480 0.13 19034112
481 0.13 19046400
482 0.13 19189760
483 0.13 19005440
484 0.13 19054592
485 0.14 19054592
486 0.14 19144704
487 0.14 19144704
488 0.13 19214336
489 0.13 19222528
490 0.14 19230720
491 0.13 19210240
492 0.13 19353600
493 0.14 19456000
494 0.14 19402752
495 0.15 19456000
496 0.14 19460096
497 0.13 19525632
498 0.14 19492864
499 0.14 19525632
500 0.13 19554304
501 0.15 19709952
502 0.14 19578880
503 0.14 19640320
504 0.14 19705856
505 0.14 19697664
506 0.15 19849216
507 0.13 19714048
508 0.15 19787776
509 0.14 19783680
510 0.14 19861504
511 0.14 19910656
512 0.14 19935232
513 0.14 20094976
514 0.14 20013056
515 0.15 20013056
516 0.14 20160512
517 0.14 20254720
518 0.14 20189184
519 0.15 20209664
520 0.15 20258816
521 0.14 20291584
522 0.15 20402176
523 0.14 20439040
524 0.15 20434944
525 0.15 20463616
526 0.14 20606976
527 0.15 20631552
528 0.14 20561920
529 0.15 20590592
530 0.14 20713472
531 0.15 20733952
532 0.16 20828160
533 0.15 20754432
534 0.15 20885504
535 0.15 20873216
536 0.15 20942848
537 0.16 20979712
538 0.15 21008384
539 0.16 21012480
540 0.15 21176320
541 0.15 21139456
542 0.16 21196800
543 0.16 21209088
544 0.15 21233664
545 0.16 21233664
546 0.16 21356544
547 0.15 21413888
548 0.16 21508096
549 0.15 21516288
550 0.15 21471232
551 0.15 21508096
552 0.15 21647360
553 0.16 21630976
554 0.15 21684224
555 0.15 21708800
556 0.15 21848064
557 0.16 21741568
558 0.16 21856256
559 0.15 21913600
560 0.16 21921792
561 0.15 21929984
562 0.16 21999616
563 0.15 21987328
564 0.15 22110208
565 0.16 22114304
566 0.16 22241280
567 0.16 22188032
568 0.16 22216704
569 0.16 22290432
570 0.17 22597632
571 0.15 22368256
572 0.16 22491136
573 0.16 22433792
574 0.16 22528000
575 0.17 22556672
576 0.16 22581248
577 0.16 22671360
578 0.16 22614016
579 0.16 22728704
580 0.17 22745088
581 0.17 22712320
582 0.16 22896640
583 0.17 22876160
584 0.16 22904832
585 0.17 23105536
586 0.16 23015424
587 0.16 23035904
588 0.17 23105536
589 0.17 23171072
590 0.18 23363584
591 0.16 23126016
592 0.16 23207936
593 0.16 23232512
594 0.17 23343104
595 0.17 23425024
596 0.18 23482368
597 0.18 23605248
598 0.17 23592960
599 0.17 23588864
600 0.18 23683072
601 0.17 23678976
602 0.18 23752704
603 0.18 23777280
604 0.17 23822336
605 0.18 23793664
606 0.17 23953408
607 0.18 23957504
608 0.18 24002560
609 0.18 24002560
610 0.17 24068096
611 0.17 24072192
612 0.18 24207360
613 0.18 24211456
614 0.17 24256512
615 0.18 24252416
616 0.18 24477696
617 0.18 24276992
618 0.18 24416256
619 0.18 24432640
620 0.18 24469504
621 0.18 24510464
622 0.18 24592384
623 0.17 24580096
624 0.17 24674304
625 0.18 24690688
626 0.18 24731648
627 0.18 24842240
628 0.18 24838144
629 0.19 24854528
630 0.18 24948736
631 0.18 24989696
632 0.19 25116672
633 0.18 25067520
634 0.19 25169920
635 0.19 25116672
636 0.19 25374720
637 0.19 25260032
638 0.19 25309184
639 0.18 25284608
640 0.19 25354240
641 0.19 25378816
642 0.19 25501696
643 0.18 25554944
644 0.18 25444352
645 0.18 25513984
646 0.18 25591808
647 0.2 25571328
648 0.19 25681920
649 0.19 25759744
650 0.19 25829376
651 0.19 25886720
652 0.19 25944064
653 0.19 25874432
654 0.19 26034176
655 0.19 26079232
656 0.19 26071040
657 0.2 26075136
658 0.2 26161152
659 0.19 26181632
660 0.2 26382336
661 0.19 26288128
662 0.2 26349568
663 0.2 26361856
664 0.2 26439680
665 0.19 26386432
666 0.2 26521600
667 0.2 26521600
668 0.2 26619904
669 0.19 26636288
670 0.19 26628096
671 0.19 26619904
672 0.21 26800128
673 0.24 26755072
674 0.2 26759168
675 0.2 26832896
676 0.21 26968064
677 0.2 26869760
678 0.21 27115520
679 0.2 27000832
680 0.19 27013120
681 0.2 27082752
682 0.19 27131904
683 0.19 27148288
684 0.19 27258880
685 0.2 27262976
686 0.2 27291648
687 0.2 27324416
688 0.21 27406336
689 0.2 27361280
690 0.21 27529216
691 0.21 27439104
692 0.2 27525120
693 0.2 27557888
694 0.21 27631616
695 0.21 27713536
696 0.21 27774976
697 0.2 27738112
698 0.2 27848704
699 0.21 27811840
700 0.2 27889664
701 0.2 27865088
702 0.21 28033024
703 0.22 28155904
704 0.22 28180480
705 0.2 28073984
706 0.21 28155904
707 0.21 28127232
708 0.2 28213248
709 0.2 28262400
710 0.2 28307456
711 0.22 28356608
712 0.22 28344320
713 0.21 28409856
714 0.21 28471296
715 0.22 28483584
716 0.21 28549120
717 0.22 28614656
718 0.21 28606464
719 0.21 28651520
720 0.21 28721152
721 0.21 28737536
722 0.21 28786688
723 0.22 28807168
724 0.21 28803072
725 0.21 28856320
726 0.21 28942336
727 0.22 29016064
728 0.21 29048832
729 0.22 29003776
730 0.22 29134848
731 0.22 29097984
732 0.21 29220864
733 0.21 29274112
734 0.22 29265920
735 0.22 29290496
736 0.22 29384704
737 0.21 29347840
738 0.23 29605888
739 0.23 29507584
740 0.22 29597696
741 0.22 29601792
742 0.24 29667328
743 0.22 29581312
744 0.22 29798400
745 0.22 29667328
746 0.23 29773824
747 0.23 30003200
748 0.23 29921280
749 0.22 29896704
750 0.23 30040064
751 0.23 30101504
752 0.23 30068736
753 0.22 30072832
754 0.24 30195712
755 0.22 30081024
756 0.25 30195712
757 0.23 30367744
758 0.23 30314496
759 0.22 30388224
760 0.22 30425088
761 0.23 30289920
762 0.23 30339072
763 0.22 30420992
764 0.23 30470144
765 0.23 30511104
766 0.23 30568448
767 0.23 30580736
768 0.23 30699520
769 0.23 30715904
770 0.23 30760960
771 0.24 30777344
772 0.22 30826496
773 0.23 30892032
774 0.24 30924800
775 0.23 30961664
776 0.24 31055872
777 0.23 31039488
778 0.23 31059968
779 0.23 31059968
780 0.23 31244288
781 0.23 31207424
782 0.23 31252480
783 0.24 31363072
784 0.24 31358976
785 0.24 31318016
786 0.24 31375360
787 0.23 31404032
788 0.23 31477760
789 0.24 31498240
790 0.24 31588352
791 0.24 31588352
792 0.24 31723520
793 0.24 31698944
794 0.24 31801344
795 0.24 31784960
796 0.24 31776768
797 0.24 31961088
798 0.24 31944704
799 0.24 31985664
800 0.25 32014336