1 0.02 7421952
2 0.01 7442432
3 0.02 7438336
4 0.01 7471104
5 0.02 7434240
6 0.03 7495680
7 0.02 7516160
8 0.02 7528448
9 0.01 7507968
10 0.02 7557120
11 0.02 7565312
12 0.02 7565312
13 0.02 7585792
14 0.01 7614464
15 0.03 7639040
16 0.02 7651328
17 0.02 7667712
18 0.02 7696384
19 0.02 7696384
20 0.02 7700480
21 0.02 7684096
22 0.03 7741440
23 0.02 7761920
24 0.02 7782400
25 0.02 7749632
26 0.03 7786496
27 0.02 7827456
28 0.02 7843840
29 0.02 7860224
30 0.03 7847936
31 0.02 7835648
32 0.03 7892992
33 0.03 7933952
34 0.02 7958528
35 0.02 7962624
36 0.03 8015872
37 0.03 8003584
38 0.03 8056832
39 0.02 8081408
40 0.02 8052736
41 0.03 8093696
42 0.02 8114176
43 0.02 8146944
44 0.03 8146944
45 0.03 8163328
46 0.02 8134656
47 0.02 8204288
48 0.03 8216576
49 0.02 8237056
50 0.03 8261632
51 0.02 8290304
52 0.03 8253440
53 0.02 8261632
54 0.03 8302592
55 0.02 8331264
56 0.03 8327168
57 0.02 8327168
58 0.03 8351744
59 0.03 8404992
60 0.03 8417280
61 0.02 8445952
62 0.03 8441856
63 0.03 8458240
64 0.02 8491008
65 0.03 8511488
66 0.03 8486912
67 0.04 8540160
68 0.04 8572928
69 0.03 8536064
70 0.03 8593408
71 0.03 8617984
72 0.03 8654848
73 0.03 8675328
74 0.03 8704000
75 0.03 8658944
76 0.03 8724480
77 0.04 8740864
78 0.04 8757248
79 0.03 8777728
80 0.04 8785920
81 0.04 8810496
82 0.03 8777728
83 0.04 8855552
84 0.03 8867840
85 0.03 8871936
86 0.04 8912896
87 0.04 8921088
88 0.04 8933376
89 0.03 8953856
90 0.04 8966144
91 0.03 8990720
92 0.04 9031680
93 0.04 8986624
94 0.03 8994816
95 0.04 9039872
96 0.04 9093120
97 0.04 9052160
98 0.03 9138176
99 0.04 9199616
100 0.03 9129984
101 0.03 9134080
102 0.04 9199616
103 0.03 9170944
104 0.04 9203712
105 0.03 9207808
106 0.04 9244672
107 0.04 9293824
108 0.05 9302016
109 0.04 9314304
110 0.04 9338880
111 0.04 9359360
112 0.04 9379840
113 0.04 9388032
114 0.04 9359360
115 0.05 9416704
116 0.05 9441280
117 0.04 9465856
118 0.04 9498624
119 0.04 9502720
120 0.04 9547776
121 0.04 9576448
122 0.04 9555968
123 0.05 9580544
124 0.05 9605120
125 0.04 9584640
126 0.05 9625600
127 0.04 9637888
128 0.04 9707520
129 0.05 9699328
130 0.05 9707520
131 0.04 9723904
132 0.04 9760768
133 0.05 9793536
134 0.05 9809920
135 0.05 9842688
136 0.05 9854976
137 0.04 9863168
138 0.05 9904128
139 0.04 9932800
140 0.05 9928704
141 0.05 10022912
142 0.04 10027008
143 0.05 9949184
144 0.05 10022912
145 0.04 10039296
146 0.04 10014720
147 0.05 10076160
148 0.05 10113024
149 0.05 10141696
150 0.05 10174464
151 0.05 10174464
152 0.05 10215424
153 0.05 10244096
154 0.05 10276864
155 0.06 10280960
156 0.05 10354688
157 0.05 10362880
158 0.05 10395648
159 0.05 10387456
160 0.05 10387456
161 0.05 10407936
162 0.05 10481664
163 0.06 10559488
164 0.05 10506240
165 0.05 10530816
166 0.05 10547200
167 0.05 10534912
168 0.05 10625024
169 0.06 10633216
170 0.06 10690560
171 0.06 10653696
172 0.06 10678272
173 0.06 10682368
174 0.05 10711040
175 0.05 10743808
176 0.06 10743808
177 0.06 10788864
178 0.06 10817536
179 0.06 10878976
180 0.05 10829824
181 0.05 10895360
182 0.05 10915840
183 0.05 10891264
184 0.06 10911744
185 0.06 10956800
186 0.07 11010048
187 0.05 11014144
188 0.05 10997760
189 0.06 11141120
190 0.05 11128832
191 0.06 11087872
192 0.05 11120640
193 0.06 11141120
194 0.06 11153408
195 0.05 11173888
196 0.06 11177984
197 0.05 11202560
198 0.07 11255808
199 0.06 11272192
200 0.06 11280384
201 0.06 11304960
202 0.06 11427840
203 0.07 11337728
204 0.07 11374592
205 0.07 11386880
206 0.06 11419648
207 0.07 11436032
208 0.07 11448320
209 0.06 11440128
210 0.07 11505664
211 0.07 11534336
212 0.06 11538432
213 0.07 11579392
214 0.06 11587584
215 0.07 11636736
216 0.07 11620352
217 0.06 11653120
218 0.07 11657216
219 0.07 11694080
220 0.06 11681792
221 0.07 11710464
222 0.07 11788288
223 0.07 11780096
224 0.06 11796480
225 0.07 11821056
226 0.07 11845632
227 0.07 11894784
228 0.06 11853824
229 0.08 11890688
230 0.08 11894784
231 0.06 11952128
232 0.07 11956224
233 0.07 11980800
234 0.07 12005376
235 0.07 12038144
236 0.07 12128256
237 0.07 12075008
238 0.08 12095488
239 0.06 12079104
240 0.07 12177408
241 0.07 12177408
242 0.07 12169216
243 0.07 12214272
244 0.08 12218368
245 0.06 12238848
246 0.07 12234752
247 0.07 12279808
248 0.07 12320768
249 0.08 12357632
250 0.07 12369920
251 0.07 12349440
252 0.08 12419072
253 0.08 12439552
254 0.07 12468224
255 0.08 12484608
256 0.07 12562432
257 0.08 12500992
258 0.07 12603392
259 0.08 12636160
260 0.08 12677120
261 0.07 12709888
262 0.08 12730368
263 0.07 12746752
264 0.08 12828672
265 0.08 12787712
266 0.08 12849152
267 0.08 12861440
268 0.08 12873728
269 0.08 12881920
270 0.08 12959744
271 0.08 12980224
272 0.08 13033472
273 0.08 13058048
274 0.08 13127680
275 0.08 13074432
276 0.09 13123584
277 0.09 13234176
278 0.08 13189120
279 0.08 13205504
280 0.08 13213696
281 0.08 13291520
282 0.08 13324288
283 0.08 13307904
284 0.09 13344768
285 0.08 13369344
286 0.08 13381632
287 0.08 13443072
288 0.08 13455360
289 0.08 13455360
290 0.09 13508608
291 0.08 13529088
292 0.08 13574144
293 0.09 13545472
294 0.08 13627392
295 0.08 13639680
296 0.09 13836288
297 0.09 13729792
298 0.09 13750272
299 0.09 13803520
300 0.09 13799424
301 0.09 13828096
302 0.09 13864960
303 0.08 13897728
304 0.09 13946880
305 0.09 13942784
306 0.09 13996032
307 0.08 14012416
308 0.08 14172160
309 0.09 14065664
310 0.09 14077952
311 0.09 14168064
312 0.09 14155776
313 0.09 14159872
314 0.09 14221312
315 0.09 14229504
316 0.09 14254080
317 0.09 14282752
318 0.09 14442496
319 0.09 14352384
320 0.1 14393344
321 0.09 14442496
322 0.09 14516224
323 0.09 14446592
324 0.09 14499840
325 0.1 14512128
326 0.09 14499840
327 0.09 14589952
328 0.09 14598144
329 0.09 14618624
330 0.1 14659584
331 0.09 14733312
332 0.1 14729216
333 0.1 14737408
334 0.09 14749696
335 0.1 14786560
336 0.1 14852096
337 0.09 14852096
338 0.09 14934016
339 0.09 14991360
340 0.09 15007744
341 0.1 15171584
342 0.1 15147008
343 0.09 15069184
344 0.09 15130624
345 0.11 15167488
346 0.11 15327232
347 0.09 15138816
348 0.1 15212544
349 0.1 15228928
350 0.1 15290368
351 0.1 15319040
352 0.1 15466496
353 0.1 15323136
354 0.1 15372288
355 0.1 15446016
356 0.1 15462400
357 0.1 15503360
358 0.1 15491072
359 0.1 15548416
360 0.1 15581184
361 0.1 15581184
362 0.1 15613952
363 0.09 15638528
364 0.1 15679488
365 0.1 15691776
366 0.1 15724544
367 0.11 15745024
368 0.11 15900672
369 0.1 15855616
370 0.11 15802368
371 0.11 15921152
372 0.1 15986688
373 0.12 16011264
374 0.11 15945728
375 0.12 16007168
376 0.1 16084992
377 0.11 16121856
378 0.11 16134144
379 0.1 16019456
380 0.11 16125952
381 0.1 16146432
382 0.11 16142336
383 0.11 16195584
384 0.1 16199680
385 0.11 16273408
386 0.11 16269312
387 0.11 16297984
388 0.11 16384000
389 0.11 16441344
390 0.1 16371712
391 0.12 16420864
392 0.1 16388096
393 0.12 16465920
394 0.12 16478208
395 0.11 16486400
396 0.11 16551936
397 0.11 16617472
398 0.11 16588800
399 0.1 16646144
400 0.11 16678912
401 0.11 16703488
402 0.11 16723968
403 0.11 16740352
404 0.12 16859136
405 0.11 16818176
406 0.11 16850944
407 0.11 16801792
408 0.11 16875520
409 0.12 16904192
410 0.11 16928768
411 0.12 16965632
412 0.11 17014784
413 0.12 16990208
414 0.12 17108992
415 0.12 17149952
416 0.12 17145856
417 0.12 17174528
418 0.12 17219584
419 0.12 17215488
420 0.12 17276928
421 0.11 17260544
422 0.12 17367040
423 0.11 17358848
424 0.13 17448960
425 0.11 17477632
426 0.12 17387520
427 0.12 17424384
428 0.11 17543168
429 0.12 17563648
430 0.12 17506304
431 0.12 17539072
432 0.12 17711104
433 0.12 17735680
434 0.13 17629184
435 0.12 17702912
436 0.13 17707008
437 0.13 17731584
438 0.12 17817600
439 0.12 17752064
440 0.12 17825792
441 0.12 17817600
442 0.13 17948672
443 0.12 17858560
444 0.12 18071552
445 0.12 17956864
446 0.13 17985536
447 0.13 18022400
448 0.12 18079744
449 0.13 18227200
450 0.12 18083840
451 0.12 18149376
452 0.12 18128896
453 0.12 18268160
454 0.13 18210816
455 0.12 18173952
456 0.13 18313216
457 0.12 18337792
458 0.13 18345984
459 0.13 18362368
460 0.13 18366464
461 0.13 18362368
462 0.12 18423808
463 0.14 18452480
464 0.12 18538496
465 0.13 18497536
466 0.13 18554880
467 0.13 18657280
468 0.13 18632704
469 0.12 18665472
470 0.13 18665472
471 0.13 18710528
472 0.13 18771968
473 0.13 18726912
474 0.13 18718720
475 0.13 18776064
476 0.13 18952192
477 0.13 18857984
478 0.14 18886656
479 0.13 18898944
480 0.13 18984960
481 0.14 19136512
482 0.14 19009536
483 0.14 19066880
484 0.14 19087360
485 0.13 19054592
486 0.15 19111936
487 0.15 19148800
488 0.13 19144704
489 0.14 19234816
490 0.13 19255296
491 0.14 19271680
492 0.13 19460096
493 0.14 19390464
494 0.15 19513344
495 0.14 19443712
496 0.13 19460096
497 0.14 19476480
498 0.13 19492864
499 0.15 19525632
500 0.14 19554304
501 0.13 19542016
502 0.14 19640320
503 0.14 19632128
504 0.14 19681280
505 0.14 19701760
506 0.14 19726336
507 0.14 19742720
508 0.14 19820544
509 0.14 19800064
510 0.14 19865600
511 0.14 19898368
512 0.14 19972096
513 0.14 20029440
514 0.14 20033536
515 0.15 20160512
516 0.15 20226048
517 0.14 20180992
518 0.15 20197376
519 0.14 20238336
520 0.14 20271104
521 0.15 20238336
522 0.14 20393984
523 0.15 20393984
524 0.14 20488192
525 0.15 20500480
526 0.15 20574208
527 0.14 20455424
528 0.15 20602880
529 0.14 20783104
530 0.15 20619264
531 0.15 20725760
532 0.16 20836352
533 0.14 20770816
534 0.15 20860928
535 0.15 20897792
536 0.15 20975616
537 0.14 20992000
538 0.15 21012480
539 0.16 21147648
540 0.15 21131264
541 0.16 21164032
542 0.15 21184512
543 0.15 21217280
544 0.15 21250048
545 0.15 21262336
546 0.16 21356544
547 0.15 21422080
548 0.15 21430272
549 0.15 21467136
550 0.15 21475328
551 0.16 21508096
552 0.16 21667840
553 0.16 21635072
554 0.15 21688320
555 0.16 21704704
556 0.15 21712896
557 0.16 21913600
558 0.16 21835776
559 0.17 21868544
560 0.16 21921792
561 0.15 21975040
562 0.16 22032384
563 0.17 22024192
564 0.16 22093824
565 0.17 22110208
566 0.16 22147072
567 0.16 22183936
568 0.16 22364160
569 0.16 22429696
570 0.16 22355968
571 0.16 22392832
572 0.17 22466560
573 0.16 22454272
574 0.17 22528000
575 0.16 22495232
576 0.16 22589440
577 0.16 22650880
578 0.17 22667264
579 0.17 22736896
580 0.16 22708224
581 0.16 22712320
582 0.17 22827008
583 0.16 22863872
584 0.16 22904832
585 0.16 23097344
586 0.17 23015424
587 0.17 23011328
588 0.17 23113728
589 0.17 23126016
590 0.16 23175168
591 0.17 23183360
592 0.17 23273472
593 0.17 23474176
594 0.18 23392256
595 0.17 23642112
596 0.18 23457792
597 0.18 23801856
598 0.16 23560192
599 0.17 23539712
600 0.17 23699456
601 0.17 23621632
602 0.17 23752704
603 0.18 23945216
604 0.18 23752704
605 0.17 23822336
606 0.17 23973888
607 0.18 23932928
608 0.18 23961600
609 0.17 23969792
610 0.17 24059904
611 0.18 24080384
612 0.17 24195072
613 0.18 24379392
614 0.17 24281088
615 0.18 24305664
616 0.19 24313856
617 0.18 24305664
618 0.18 24563712
619 0.18 24444928
620 0.18 24473600
621 0.18 24506368
622 0.19 24596480
623 0.18 24596480
624 0.18 24694784
625 0.18 24702976
626 0.18 24752128
627 0.19 24813568
628 0.18 24821760
629 0.19 24801280
630 0.19 24948736
631 0.18 24936448
632 0.19 24977408
633 0.18 25030656
634 0.18 25083904
635 0.18 25079808
636 0.18 25145344
637 0.19 25247744
638 0.18 25272320
639 0.19 25329664
640 0.18 25341952
641 0.19 25350144
642 0.18 25473024
643 0.19 25460736
644 0.18 25550848
645 0.19 25513984
646 0.2 25595904
647 0.19 25632768
648 0.18 25722880
649 0.18 25702400
650 0.18 25853952
651 0.19 25894912
652 0.19 25939968
653 0.2 25935872
654 0.19 26075136
655 0.2 26046464
656 0.19 26116096
657 0.19 26140672
658 0.19 26161152
659 0.18 26193920
660 0.19 26308608
661 0.2 26329088
662 0.19 26374144
663 0.19 26320896
664 0.19 26378240
665 0.2 26423296
666 0.2 26501120
667 0.2 26570752
668 0.19 26578944
669 0.2 26648576
670 0.19 26619904
671 0.19 26677248
672 0.21 26800128
673 0.2 26800128
674 0.2 26783744
675 0.19 26882048
676 0.19 26984448
677 0.19 26980352
678 0.19 26918912
679 0.2 27037696
680 0.19 27103232
681 0.2 27111424
682 0.2 27123712
683 0.2 27136000
684 0.2 27377664
685 0.2 27254784
686 0.2 27324416
687 0.2 27385856
688 0.2 27402240
689 0.2 27406336
690 0.21 27615232
691 0.2 27590656
692 0.21 27525120
693 0.2 27611136
694 0.21 27652096
695 0.2 27602944
696 0.21 27701248
697 0.21 27824128
698 0.2 27840512
699 0.2 27824128
700 0.21 27971584
701 0.21 27860992
702 0.21 28053504
703 0.2 28180480
704 0.2 27951104
705 0.2 28000256
706 0.21 28299264
707 0.21 28102656
708 0.22 28225536
709 0.21 28295168
710 0.21 28336128
711 0.21 28356608
712 0.22 28348416
713 0.21 28516352
714 0.21 28549120
715 0.21 28643328
716 0.22 28639232
717 0.22 28532736
718 0.22 28643328
719 0.21 28606464
720 0.22 28733440
721 0.21 28872704
722 0.22 28807168
723 0.21 28762112
724 0.21 28852224
725 0.22 28856320
726 0.21 28880896
727 0.21 29003776
728 0.21 29118464
729 0.21 28999680
730 0.22 29073408
731 0.23 29114368
732 0.21 29220864
733 0.21 29278208
734 0.22 29487104
735 0.22 29335552
736 0.22 29323264
737 0.22 29380608
738 0.22 29491200
739 0.22 29442048
740 0.23 29503488
741 0.22 29589504
742 0.21 29601792
743 0.21 29638656
744 0.23 29720576
745 0.22 29728768
746 0.22 29892608
747 0.22 29761536
748 0.22 29868032
749 0.22 29949952
750 0.23 29937664
751 0.22 29995008
752 0.22 30015488
753 0.22 30056448
754 0.22 30060544
755 0.23 30117888
756 0.22 30232576
757 0.22 30220288
758 0.23 30261248
759 0.22 30253056
760 0.22 30294016
761 0.22 30289920
762 0.22 30425088
763 0.22 30363648
764 0.22 30412800
765 0.22 30482432
766 0.24 30732288
767 0.23 30679040
768 0.23 30588928
769 0.22 30601216
770 0.23 30752768
771 0.23 30744576
772 0.23 30830592
773 0.22 30846976
774 0.22 30937088
775 0.23 30961664
776 0.24 31084544
777 0.23 31313920
778 0.24 31072256
779 0.24 31195136
780 0.23 31195136
781 0.24 31199232
782 0.23 31264768
783 0.24 31436800
784 0.23 31309824
785 0.24 31309824
786 0.24 31424512
787 0.23 31535104
788 0.24 31526912
789 0.24 31547392
790 0.24 31780864
791 0.24 31596544
792 0.24 31711232
793 0.24 31735808
794 0.23 31719424
795 0.24 31789056
796 0.24 31825920
797 0.24 31850496
798 0.23 31969280
799 0.24 32030720
800 0.24 32010240