1 0.0038 8720384
2 0.0053 8761344
3 0.006 8806400
4 0.0091 8851456
5 0.0077 8904704
6 0.0079 8937472
7 0.0093 8990720
8 0.0102 9048064
9 0.0111 9084928
10 0.0117 9129984
11 0.0118 9179136
12 0.0134 9224192
13 0.0143 9269248
14 0.0187 9310208
15 0.0159 9359360
16 0.0162 9416704
17 0.0167 9453568
18 0.0218 9490432
19 0.0191 9547776
20 0.0234 9584640
21 0.0206 9666560
22 0.0209 9666560
23 0.0223 9715712
24 0.0234 9797632
25 0.0234 9850880
26 0.0243 9838592
27 0.0295 9904128
28 0.0263 9977856
29 0.0267 9986048
30 0.0282 10043392
31 0.0292 10088448
32 0.035 10133504
33 0.0341 10182656
34 0.0352 10227712
35 0.0334 10326016
36 0.0327 10293248
37 0.0344 10379264
38 0.0386 10416128
39 0.0356 10461184
40 0.0357 10510336
41 0.0409 10547200
42 0.0381 10588160
43 0.0394 10633216
44 0.0436 10674176
45 0.0408 10723328
46 0.0414 10772480
47 0.0459 10805248
48 0.0435 10928128
49 0.0446 10969088
50 0.0443 11010048
51 0.0458 11055104
52 0.0475 11071488
53 0.0475 11075584
54 0.0484 11141120
55 0.0491 11186176
56 0.0499 11214848
57 0.0504 11255808
58 0.0552 11325440
59 0.0557 11366400
60 0.0533 11419648
61 0.0583 11452416
62 0.0551 11497472
63 0.0564 11550720
64 0.0564 11591680
65 0.0573 11628544
66 0.0582 11677696
67 0.0633 11747328
68 0.0594 11796480
69 0.0606 11804672
70 0.0654 11837440
71 0.0624 11898880
72 0.0622 11927552
73 0.0641 11976704
74 0.0643 11997184
75 0.0684 12046336
76 0.0711 12136448
77 0.0668 12181504
78 0.0685 12210176
79 0.0702 12259328
80 0.069 12312576
81 0.0743 12345344
82 0.0756 12390400
83 0.0764 12435456
84 0.0734 12476416
85 0.0826 12623872
86 0.0758 12574720
87 0.0807 12709888
88 0.0767 12640256
89 0.0808 12697600
90 0.0781 12738560
91 0.0788 12771328
92 0.0848 12890112
93 0.0822 12894208
94 0.0823 12931072
95 0.0833 12976128
96 0.0873 13008896
97 0.085 13058048
98 0.0928 13103104
99 0.0875 13139968
100 0.0856 13193216
101 0.0888 13234176
102 0.0893 13266944
103 0.0908 13344768
104 0.0919 13389824
105 0.1163 13447168
106 0.0928 13463552
107 0.0936 13500416
108 0.0944 13549568
109 0.0956 13582336
110 0.0966 13643776
111 0.1014 13680640
112 0.0981 13721600
113 0.0993 13774848
114 0.0991 13819904
115 0.1046 13848576
116 0.1003 13942784
117 0.1057 13971456
118 0.1024 14012416
119 0.1043 14065664
120 0.1069 14098432
121 0.106 14127104
122 0.11 14184448
123 0.1067 14237696
124 0.1089 14262272
125 0.1136 14311424
126 0.1101 14360576
127 0.1103 14401536
128 0.1126 14442496
129 0.1175 14487552
130 0.1119 14508032
131 0.1153 14577664
132 0.1151 14651392
133 0.1156 14651392
134 0.1165 14696448
135 0.1205 14770176
136 0.1191 14774272
137 0.1184 14827520
138 0.1196 14864384
139 0.1208 14905344
140 0.1212 14962688
141 0.123 15007744
142 0.1238 15052800
143 0.1284 15085568
144 0.1249 15114240
145 0.1287 15163392
146 0.1259 15261696
147 0.1317 15253504
148 0.1265 15290368
149 0.1291 15343616
150 0.129 15392768
151 0.1312 15437824
152 0.1355 15548416
153 0.1335 15589376
154 0.1339 15626240
155 0.1398 15679488
156 0.1406 15716352
157 0.1372 15765504
158 0.14 15798272
159 0.1398 15839232
160 0.139 15884288
161 0.139 15925248
162 0.1432 15978496
163 0.1444 16015360
164 0.1417 16068608
165 0.1486 16113664
166 0.1442 16171008
167 0.143 16203776
168 0.1482 16240640
169 0.1567 16318464
170 0.1482 16330752
171 0.1489 16371712
172 0.1511 16420864
173 0.1494 16470016
174 0.15 16494592
175 0.154 16556032
176 0.1568 16584704
177 0.1536 16642048
178 0.155 16678912
179 0.155 16736256
180 0.1564 16769024
181 0.1572 16801792
182 0.1616 16850944
183 0.1629 16904192
184 0.1603 16945152
185 0.161 16977920
186 0.1626 17063936
187 0.1675 17117184
188 0.164 17162240
189 0.1637 17190912
190 0.1658 17240064
191 0.1692 17272832
192 0.1714 17444864
193 0.1661 17350656
194 0.1697 17420288
195 0.1695 17469440
196 0.1708 17494016
197 0.1711 17543168
198 0.1711 17588224
199 0.1729 17620992
200 0.1779 17657856
201 0.1746 17711104
202 0.1826 17899520
203 0.1756 17788928
204 0.1811 17825792
205 0.1815 17944576
206 0.1823 17965056
207 0.1875 18112512
208 0.1817 18132992
209 0.1852 18092032
210 0.1854 18149376
211 0.1898 18182144
212 0.1844 18292736
213 0.1858 18272256
214 0.1879 18305024
215 0.1871 18350080
216 0.1945 18391040
217 0.2053 18497536
218 0.192 18481152
219 0.1914 18526208
220 0.1913 18563072
221 0.195 18608128
222 0.1926 18653184
223 0.2005 18690048
224 0.1958 18755584
225 0.1969 18771968
226 0.2018 18817024
227 0.1971 18911232
228 0.1985 18907136
229 0.1998 18952192
230 0.2017 18997248
231 0.2022 19107840
232 0.2049 19132416
233 0.2104 19087360
234 0.2105 19169280
235 0.2097 19271680
236 0.2058 19308544
237 0.2063 19349504
238 0.2076 19378176
239 0.21 19316736
240 0.211 19480576
241 0.2138 19677184
242 0.2168 19632128
243 0.2114 19623936
244 0.2139 19644416
245 0.2237 19763200
246 0.2192 19685376
247 0.2173 19775488
248 0.2177 19836928
249 0.2177 19861504
250 0.2179 19906560
251 0.219 19947520
252 0.2196 20000768
253 0.2201 20037632
254 0.223 20090880
255 0.2257 19992576
256 0.223 20172800
257 0.237 20246528
258 0.2277 20250624
259 0.2282 20287488
260 0.2364 20439040
261 0.226 20377600
262 0.2281 20410368
263 0.2282 20463616
264 0.231 20357120
265 0.2296 20541440
266 0.2344 20574208
267 0.2334 20496384
268 0.2322 20545536
269 0.2348 20709376
270 0.2398 20762624
271 0.2364 20684800
272 0.2353 20840448
273 0.2375 20930560
274 0.2436 20795392
275 0.4222 20975616
276 0.2433 21012480
277 0.2449 21053440
278 0.2408 21106688
279 0.2412 21147648
280 0.2509 21372928
281 0.2461 21217280
282 0.2453 21262336
283 0.2473 21307392
284 0.2466 21336064
285 0.2483 21377024
286 0.252 21434368
287 0.2479 21479424
288 0.252 21397504
289 0.2527 21561344
290 0.2517 21590016
291 0.2533 21643264
292 0.263 21770240
293 0.2565 21598208
294 0.2569 21766144
295 0.4459 21950464
296 0.2616 21774336
297 0.2568 21897216
298 0.258 21962752
299 0.2674 22028288
300 0.2653 21905408