1 0.0412 11030528
2 0.0489 11247616
3 0.0495 11423744
4 0.0543 11698176
5 0.0594 11939840
6 0.0722 12193792
7 0.0724 12324864
8 0.0773 12566528
9 0.0776 12726272
10 0.0865 12955648
11 0.0876 13156352
12 0.092 13340672
13 0.0971 13561856
14 0.1019 13783040
15 0.1072 13987840
16 0.1114 14229504
17 0.1153 14434304
18 0.121 14622720
19 0.1261 14811136
20 0.1502 15155200
21 0.1345 15241216
22 0.1399 15441920
23 0.1483 15736832
24 0.1582 15953920
25 0.1544 16080896
26 0.1646 16310272
27 0.1661 16490496
28 0.1714 16728064
29 0.1759 16998400
30 0.1798 17182720
31 0.188 17379328
32 0.1925 17584128
33 0.1963 17780736
34 0.2009 17997824
35 0.2066 18194432
36 0.2105 18444288
37 0.2146 18698240
38 0.2211 18796544
39 0.2256 19025920
40 0.2263 19181568
41 0.2356 19435520
42 0.2387 19640320
43 0.244 19849216
44 0.2777 20082688
45 0.2575 20254720
46 0.2619 20451328
47 0.2639 20692992
48 0.2666 20877312
49 0.271 21123072
50 0.2837 21344256
51 0.283 21532672
52 0.2883 21762048
53 0.3024 21938176
54 0.3011 22163456
55 0.3028 22343680
56 0.3086 22536192
57 0.3201 22949888
58 0.3166 23060480
59 0.3291 23183360
60 0.332 23515136
61 0.335 23715840
62 0.3414 23920640
63 0.3425 24170496
64 0.3507 24334336
65 0.3516 24522752
66 0.3643 24723456
67 0.3683 24928256
68 0.3669 25157632
69 0.3758 25337856
70 0.3787 25538560
71 0.383 25612288
72 0.3966 26054656
73 0.3918 26161152
74 0.398 26370048
75 0.4046 26570752
76 0.4076 26759168
77 0.4132 26976256
78 0.4167 27185152
79 0.4178 27394048
80 0.4239 27590656
81 0.4298 27275264
82 0.4389 28041216
83 0.4372 28180480
84 0.4462 27889664
85 0.4507 28639232
86 0.4647 28819456
87 0.4605 28487680
88 0.4644 29200384
89 0.4675 29425664
90 0.4791 29622272
91 0.4798 29810688
92 0.4868 29478912
93 0.4972 29704192
94 0.5001 30707712
95 0.5092 30683136
96 0.5063 30855168
97 0.5071 31068160
98 0.5167 31260672
99 0.5199 30945280
100 0.5288 31821824
101 0.5369 32063488
102 0.5368 32206848
103 0.5457 31887360
104 0.5498 32145408
105 0.562 32813056
106 0.5675 32706560
107 0.5579 33247232
108 0.5715 33427456
109 0.5809 33771520
110 0.5878 33984512
111 0.5903 34041856
112 0.5856 34254848
113 0.5937 34430976
114 0.6007 34725888
115 0.6052 34447360
116 0.6141 34717696
117 0.6176 35577856
118 0.6302 35250176
119 0.635 35942400
120 0.6259 35602432
121 0.6407 36343808
122 0.6445 36552704
123 0.6484 36745216
124 0.6499 36950016
125 0.653 37150720
126 0.6695 37568512
127 0.6647 37048320
128 0.6709 37773312
129 0.6772 37978112
130 0.6856 38166528
131 0.684 37851136
132 0.693 38608896
133 0.6944 38285312
134 0.704 39002112
135 0.7097 39202816
136 0.7098 39600128
137 0.7153 39575552
138 0.7185 39788544
139 0.7337 40165376
140 0.7419 40312832
141 0.7293 40394752
142 0.7401 40591360
143 0.7594 40992768
144 0.7434 40996864
145 0.7538 41590784
146 0.7614 41390080
147 0.7762 41590784
148 0.7676 41807872
149 0.7874 42024960
150 0.7894 41766912
151 0.7796 42414080
152 0.7917 42717184
153 0.798 43130880
154 0.7903 42508288
155 0.8035 43233280
156 0.8091 43417600
157 0.8097 43634688
158 0.8322 43827200
159 0.8296 44036096
160 0.8313 43716608
161 0.8294 43921408
162 0.8401 44347392
163 0.8403 44892160
164 0.8553 44957696
165 0.8565 44978176
166 0.8667 44490752
167 0.8602 45228032
168 0.8671 45039616
169 0.8778 45092864
170 0.8763 45830144
171 0.8822 45502464
172 0.8827 46243840
173 0.8891 45916160
174 0.8916 46718976
175 0.9046 46305280
176 0.9059 47026176
177 0.9132 46706688
178 0.919 47448064
179 0.9237 47644672
180 0.9246 47333376
181 0.9288 47525888
182 0.9358 48246784
183 0.9398 48463872
184 0.9459 49127424
185 0.9554 48795648
186 0.9485 49045504
187 0.9643 49618944
188 0.9602 49459200
189 0.975 50126848
190 0.9782 50077696
191 0.9842 49618944
192 0.9862 50335744
193 0.9919 50532352
194 0.9893 50221056
195 0.9994 50397184
196 1.0062 51036160
197 1.0112 51384320
198 1.004 51068928
199 1.0184 51208192
200 1.0316 51433472
201 1.028 51634176
202 1.0401 51838976
203 1.0394 52330496
204 1.0625 52523008
205 1.058 52854784
206 1.0732 53223424
207 1.0814 53248000
208 1.1066 53624832
209 1.0969 54153216
210 1.077 53829632
211 1.0854 54054912
212 1.0965 54231040
213 1.0997 54427648
214 1.1207 54640640
215 1.1088 54845440
216 1.1165 55050240
217 1.1164 55255040
218 1.1265 55451648
219 1.1323 56000512
220 1.1307 55865344
221 1.1557 56078336
222 1.1407 56401920
223 1.1418 56475648
224 1.1749 57085952
225 1.1572 56852480
226 1.1585 57077760
227 1.1889 57286656
228 1.1862 57479168
229 1.1836 58179584
230 1.1858 58167296
231 1.3054 58687488
232 1.2908 58855424
233 1.2661 59228160
234 1.2293 59478016
235 1.2383 59703296
236 1.239 59727872
237 1.3766 59944960
238 1.2391 60313600
239 1.2399 60342272
240 1.2687 61038592
241 1.3396 60915712
242 1.3371 61181952
243 1.277 61218816
244 1.2616 61579264
245 1.2747 61583360
246 1.2687 61788160
247 1.2722 62005248
248 1.2799 62205952
249 1.2913 62459904
250 1.292 62578688
251 1.2976 62787584
252 1.3491 63254528
253 1.3046 63700992
254 1.3314 63918080
255 1.3121 63959040
256 1.3247 63848448
257 1.3304 64598016
258 1.3299 64700416
259 1.3481 64868352
260 1.3396 64839680
261 1.3521 65191936
262 1.376 65236992
263 1.3639 65404928
264 1.359 65974272
265 1.353 65654784
266 1.434 65835008
267 1.3973 66097152
268 1.4055 66244608
269 1.3805 66420736
270 1.3835 66641920
271 1.3919 66834432
272 1.4038 67047424
273 1.4195 67325952
274 1.4087 67457024
275 1.422 67698688
276 1.4168 68272128
277 1.4173 68104192
278 1.4294 68751360
279 1.4282 68722688
280 1.449 68960256
281 1.4439 68894720
282 1.436 69083136
283 1.4543 69857280
284 1.4865 69951488
285 1.5863 69767168
286 1.6097 69922816
287 1.6016 70553600
288 1.8252 70447104
289 1.5286 70889472
290 1.6594 70803456
291 1.5893 71049216
292 1.5669 71204864
293 1.6239 71733248
294 1.5227 71925760
295 1.5219 72278016
296 1.5132 71999488
297 1.6926 72167424
298 1.9051 72429568
299 1.5802 72957952
300 1.552 72798208