1 0.0442 11104256
2 0.0461 11317248
3 0.0535 11546624
4 0.056 11771904
5 0.0634 12058624
6 0.0684 12300288
7 0.0698 12427264
8 0.0746 12644352
9 0.0792 12881920
10 0.089 13090816
11 0.0893 13332480
12 0.0946 13512704
13 0.0993 13758464
14 0.1041 13963264
15 0.1107 14204928
16 0.115 14426112
17 0.1341 14708736
18 0.1571 14888960
19 0.1311 15069184
20 0.1396 15409152
21 0.1433 15613952
22 0.1495 15826944
23 0.1518 15921152
24 0.1542 16138240
25 0.1606 16392192
26 0.1757 16625664
27 0.172 16846848
28 0.1789 17063936
29 0.1809 17276928
30 0.1849 17526784
31 0.1918 17715200
32 0.1943 17944576
33 0.201 18182144
34 0.2286 18407424
35 0.2113 18608128
36 0.2158 18825216
37 0.2229 19034112
38 0.2246 19247104
39 0.2304 19451904
40 0.2403 19664896
41 0.2448 19902464
42 0.249 20111360
43 0.2517 20324352
44 0.2565 20516864
45 0.2623 20611072
46 0.2682 20975616
47 0.303 21061632
48 0.2865 21561344
49 0.2834 21622784
50 0.2901 21819392
51 0.297 22048768
52 0.3034 22274048
53 0.3106 22568960
54 0.3115 22847488
55 0.314 23011328
56 0.3361 23322624
57 0.3279 23445504
58 0.3336 23785472
59 0.337 23887872
60 0.3393 24092672
61 0.3565 24334336
62 0.3516 24526848
63 0.3577 24727552
64 0.3657 25088000
65 0.3649 25190400
66 0.3698 25321472
67 0.3758 25530368
68 0.3789 25862144
69 0.3849 25960448
70 0.3932 26140672
71 0.3961 26468352
72 0.4092 26783744
73 0.4065 26775552
74 0.4226 27271168
75 0.4189 27193344
76 0.4184 27430912
77 0.4286 27762688
78 0.4268 27987968
79 0.4449 28196864
80 0.4626 28401664
81 0.4453 28082176
82 0.461 28938240
83 0.4607 29069312
84 0.4626 29278208
85 0.4656 28966912
86 0.476 29687808
87 0.4751 29908992
88 0.481 29597696
89 0.4896 30404608
90 0.4986 30830592
91 0.4926 30777344
92 0.5026 30420992
93 0.5008 31207424
94 0.5187 31404032
95 0.55 31830016
96 0.5434 31936512
97 0.5542 32190464
98 0.5569 32563200
99 0.5596 32751616
100 0.5665 32784384
101 0.6272 33021952
102 0.5791 32833536
103 0.5997 33615872
104 0.6151 33771520
105 0.5951 34099200
106 0.5841 34209792
107 0.5804 33697792
108 0.5846 34455552
109 0.6012 34783232
110 0.6082 34619392
111 0.6158 35332096
112 0.6223 35635200
113 0.6185 35741696
114 0.6427 35627008
115 0.657 36417536
116 0.6466 36450304
117 0.6425 36741120
118 0.6491 36843520
119 0.6472 36524032
120 0.66 37597184
121 0.6689 37466112
122 0.6638 37675008
123 0.6665 37875712
124 0.6811 38100992
125 0.6754 38301696
126 0.6835 38522880
127 0.6827 38789120
128 0.6921 39362560
129 0.6984 38633472
130 0.6995 39391232
131 0.7182 40030208
132 0.7232 39960576
133 0.7274 39882752
134 0.7309 40353792
135 0.8393 40771584
136 0.8756 40996864
137 0.8601 41246720
138 0.8048 41574400
139 0.9711 41484288
140 0.9495 41910272
141 0.9602 42008576
142 0.9552 42221568
143 0.8514 41971712
144 0.9158 42815488
145 0.9055 42852352
146 0.8972 43278336
147 0.8428 42639360
148 0.9723 43417600
149 0.8103 43540480
150 0.9672 43876352
151 0.855 43474944
152 0.917 44498944
153 0.8868 44593152
154 0.9915 44802048
155 0.8506 44879872
156 0.8629 45441024
157 0.8406 45223936
158 0.847 45424640
159 0.8873 45682688
160 0.9184 45920256
161 0.889 45912064
162 1.0706 45993984
163 0.8748 45973504
164 0.8844 46690304
165 0.8897 46673920
166 0.8877 46657536
167 0.9015 47022080
168 0.8937 47128576
169 0.9078 47292416
170 0.9041 47992832
171 0.9279 47341568
172 0.9453 48447488
173 0.9574 48304128
174 0.9713 48398336
175 1.051 48685056
176 0.9857 48857088
177 0.9746 49008640
178 0.9519 48676864
179 1.0299 49422336
180 0.9567 49643520
181 1.0056 49897472
182 0.9808 49799168
183 1.0032 50561024
184 0.9849 49975296
185 0.9836 50180096
186 0.9974 51085312
187 1.0349 50941952
188 1.0383 50982912
189 1.0375 51453952
190 1.0397 51326976
191 1.081 51519488
192 1.0466 51879936
193 1.0319 51888128
194 1.0569 52187136
195 1.0602 52473856
196 1.0494 52527104
197 1.0465 52736000
198 1.0614 53030912
199 1.0761 53686272
200 1.0675 53399552
201 1.1311 53882880
202 1.1652 53948416
203 1.1106 54358016
204 1.0839 54243328
205 1.1043 54587392
206 1.1314 55066624
207 1.1444 55078912
208 1.1439 55279616
209 1.2353 55652352
210 1.261 55754752
211 1.1971 55980032
212 1.2181 56365056
213 1.1444 56254464
214 1.1315 56459264
215 1.171 56897536
216 1.1541 56885248
217 1.18 57294848
218 1.2994 57712640
219 1.2371 57843712
220 1.2095 58253312
221 1.1891 58232832
222 1.2082 58441728
223 1.2043 58920960
224 1.2058 59133952
225 1.2155 59351040
226 1.2302 60059648
227 1.224 59785216
228 1.2208 59994112
229 1.2373 60207104
230 1.2295 60399616
231 1.2326 61284352
232 1.2871 61169664
233 1.2941 61227008
234 1.3376 61513728
235 1.4579 61849600
236 1.4323 61972480
237 1.3913 62386176
238 1.4108 62414848
239 1.364 62439424
240 1.4517 62672896
241 1.5668 63078400
242 1.4454 63111168
243 1.5904 63520768
244 1.4298 63676416
245 1.4635 63721472
246 1.5795 63930368
247 1.5022 64327680
248 1.3667 64569344
249 1.4192 64757760
250 1.3481 65327104
251 1.342 65388544
252 1.3706 65196032
253 1.3794 65642496
254 1.3682 65531904
255 1.3769 66224128
256 1.3838 66506752
257 1.3925 66641920
258 1.377 66396160
259 1.41 66617344
260 1.3935 66813952
261 1.3974 67043328
262 1.4158 68042752
263 1.4328 67846144
264 1.4262 68009984
265 1.4324 68202496
266 1.4418 68399104
267 1.4453 68657152
268 1.4373 68829184
269 1.4439 69804032
270 1.4642 69271552
271 1.4593 69689344
272 1.4752 69726208
273 1.4832 70217728
274 1.4757 70561792
275 1.4734 70713344
276 1.4806 70643712
277 1.476 70828032
278 1.4829 71471104
279 1.4814 71188480
280 1.5073 71409664
281 1.4949 71671808
282 1.5025 72294400
283 1.4998 72032256
284 1.5137 72249344
285 1.5145 72474624
286 1.5267 73007104
287 1.538 73478144
288 1.5608 73125888
289 1.5577 73887744
290 1.5785 73547776
291 1.5429 73781248
292 1.5602 73945088
293 1.5595 74772480
294 1.5576 74375168
295 1.5775 75108352
296 1.5844 74801152
297 1.5674 75026432
298 1.6071 75423744
299 1.5962 75976704
300 1.6288 75657216