1 0.0038 8593408
2 0.0052 8671232
3 0.0056 8712192
4 0.0102 8802304
5 0.0087 8880128
6 0.009 8949760
7 0.011 9019392
8 0.0121 9084928
9 0.0126 9158656
10 0.0147 9252864
11 0.0159 9302016
12 0.2049 9371648
13 0.0185 9445376
14 0.0229 9506816
15 0.0206 9588736
16 0.0213 9699328
17 0.0221 9732096
18 0.0244 9801728
19 0.0248 9916416
20 0.0304 9949184
21 0.0276 9998336
22 0.0281 10088448
23 0.0336 10141696
24 0.0314 10207232
25 0.0321 10280960
26 0.0338 10358784
27 0.0349 10428416
28 0.0354 10481664
29 0.0369 10559488
30 0.0381 10653696
31 0.04 10711040
32 0.2401 10776576
33 0.0419 10842112
34 0.0432 10924032
35 0.0444 10989568
36 0.0453 11083776
37 0.0465 11157504
38 0.0486 11304960
39 0.0528 11292672
40 0.0499 11329536
41 0.057 11411456
42 0.0531 11476992
43 0.054 11546624
44 0.0546 11620352
45 0.0573 11685888
46 0.057 11784192
47 0.0599 11825152
48 0.0598 11898880
49 0.0618 11960320
50 0.256 12013568
51 0.0635 12103680
52 0.0661 12185600
53 0.0663 12267520
54 0.0675 12328960
55 0.0693 12378112
56 0.0708 12451840
57 0.0711 12525568
58 0.0727 12615680
59 0.0731 12685312
60 0.075 12750848
61 0.0767 12849152
62 0.0776 12906496
63 0.0831 12947456
64 0.0851 13070336
65 0.0815 13111296
66 0.0829 13180928
67 0.0833 13250560
68 0.0849 13303808
69 0.0878 13377536
70 0.2697 13447168
71 0.0883 13541376
72 0.0953 13606912
73 0.0911 13672448
74 0.0929 13742080
75 0.0988 13807616
76 0.0938 13881344
77 0.1134 13975552
78 0.107 14225408
79 0.0989 14057472
80 0.1055 14184448
81 0.101 14221312
82 0.1012 14278656
83 0.1032 14348288
84 0.1041 14413824
85 0.1098 14475264
86 0.108 14548992
87 0.1095 14610432
88 0.1113 14684160
89 0.1108 14761984
90 0.3404 14905344
91 0.1556 15036416
92 0.1193 15040512
93 0.13 15171584
94 0.1254 15159296
95 0.1855 15241216
96 0.1729 15294464
97 0.1374 15437824
98 0.1335 15446016
99 0.1293 15466496
100 0.1361 15687680
101 0.136 15769600
102 0.1298 15659008
103 0.132 15745024
104 0.1395 15892480
105 0.1333 15966208
106 0.1328 15986688
107 0.1344 16015360
108 0.1423 16076800
109 0.3214 16150528
110 0.142 16211968
111 0.1402 16261120
112 0.1442 16347136
113 0.1427 16420864
114 0.1441 16490496
115 0.1491 16551936
116 0.1467 16662528
117 0.1509 16728064
118 0.1488 16793600
119 0.1658 16912384
120 0.1573 16986112
121 0.1627 17088512
122 0.1573 17059840
123 0.1543 17158144
124 0.1571 17211392
125 0.162 17256448
126 0.1643 17448960
127 0.1598 17420288
128 0.161 17477632
129 0.3493 17592320
130 0.338 17686528
131 0.1648 17694720
132 0.1653 17760256
133 0.3567 17862656
134 0.1712 17899520
135 0.171 17960960
136 0.1695 18042880
137 0.171 18108416
138 0.1728 18161664
139 0.1769 18227200
140 0.1753 18337792
141 0.1777 18378752
142 0.1796 18513920
143 0.1803 18591744
144 0.1877 18661376
145 0.1841 18722816
146 0.1844 18788352
147 0.1851 18849792
148 0.1845 18911232
149 0.187 18984960
150 0.1927 19038208
151 0.1908 19120128
152 0.1909 19161088
153 0.385 19259392
154 0.2 19316736
155 0.1922 19382272
156 0.2008 19447808
157 0.2002 19251200
158 0.1995 19591168
159 0.205 19644416
160 0.2011 19767296
161 0.2016 19787776
162 0.2099 19877888
163 0.2034 19918848
164 0.2052 19976192
165 0.2152 20213760
166 0.2109 19849216
167 0.2179 20254720
168 0.2105 19996672
169 0.2151 20316160
170 0.2135 20389888
171 0.3839 20480000
172 0.2136 20267008
173 0.2176 20635648
174 0.2237 20647936
175 0.2202 20717568
176 0.2188 20533248
177 0.2204 20856832
178 0.2233 20930560
179 0.2244 20996096
180 0.2245 20795392
181 0.2269 21123072
182 0.2342 21188608
183 0.2313 21368832
184 0.2336 21368832
185 0.2293 21143552
186 0.24 21585920
187 0.2356 21524480
188 0.2356 21622784
189 0.2433 21647360
190 0.4287 21483520
191 0.2391 21528576
192 0.2433 21864448
193 0.245 21921792
194 0.2516 22102016
195 0.2442 22089728
196 0.2516 22155264
197 0.2477 22237184
198 0.2503 22310912
199 0.2495 22106112
200 0.2539 22421504
201 0.2513 22491136
202 0.2543 22552576
203 0.2536 22650880
204 0.2587 22753280
205 0.2632 22827008
206 0.265 22609920
207 0.2644 22978560
208 0.2658 23011328
209 0.3999 23068672
210 0.2701 23171072
211 0.269 23232512
212 0.2728 23281664
213 0.2682 23330816
214 0.273 23412736
215 0.2721 23506944
216 0.2737 23552000
217 0.2794 23502848
218 0.2882 23846912
219 0.279 23781376
220 0.2879 23891968
221 0.2792 23908352
222 0.2845 23949312
223 0.2831 24031232
224 0.2838 24088576
225 0.2891 24322048
226 0.2863 24211456
227 0.2863 24317952
228 0.2882 24346624
229 0.4269 24182784
230 0.2935 24260608
231 0.2966 24637440
232 0.2919 24694784
233 0.3017 24772608
234 0.2978 24829952
235 0.2956 24649728
236 0.3095 24977408
237 0.3467 25030656
238 0.299 25100288
239 0.3063 25165824
240 0.3019 25251840
241 0.3038 25047040
242 0.3082 25362432
243 0.308 25186304
244 0.3163 25493504
245 0.318 25559040
246 0.309 25665536
247 0.3173 25583616
248 0.3172 25755648
249 0.3207 25825280
250 0.3238 25919488
251 0.3164 25735168
252 0.3164 25776128
253 0.3243 25890816
254 0.3213 26161152
255 0.3245 26271744
256 0.3254 26370048
257 0.4698 26456064
258 0.327 26505216
259 0.3336 26558464
260 0.33 26636288
261 0.3422 26718208
262 0.3382 26914816
263 0.3333 26832896
264 0.3343 26914816
265 0.3391 26996736
266 0.3432 27025408
267 0.3378 27115520
268 0.3404 27172864
269 0.3416 27246592
270 0.3484 27295744
271 0.3423 27385856
272 0.3515 27422720
273 0.3435 27521024
274 0.3493 27598848
275 0.3546 27627520
276 0.3526 27430912
277 0.486 27516928
278 0.3553 27860992
279 0.3541 27897856
280 0.357 28000256
281 0.3553 28041216
282 0.3621 28127232
283 0.3682 28315648
284 0.364 28237824
285 0.363 28323840
286 0.3703 28577792
287 0.3668 28430336
288 0.3678 28536832
289 0.3729 28565504
290 0.3656 28643328
291 0.3697 28573696
292 0.371 28672000
293 0.3734 28835840
294 0.3759 28913664
295 0.377 28962816
296 0.3797 29032448
297 0.5204 29110272
298 0.3801 29179904
299 0.3819 29278208
300 0.3865 29298688