1 0.0402 11005952
2 0.0488 11218944
3 0.049 11423744
4 0.0538 11624448
5 0.0586 11829248
6 0.0637 12103680
7 0.0725 12271616
8 0.1057 12591104
9 0.1094 12804096
10 0.1087 13008896
11 0.1205 13225984
12 0.1203 13352960
13 0.0998 13656064
14 0.1039 13750272
15 0.1086 13938688
16 0.1149 14135296
17 0.1402 14499840
18 0.1586 14659584
19 0.147 14901248
20 0.1434 14991360
21 0.1485 15147008
22 0.1653 15376384
23 0.1756 15618048
24 0.165 15761408
25 0.163 16125952
26 0.1779 16216064
27 0.1986 16474112
28 0.1733 16596992
29 0.1918 16920576
30 0.2569 17178624
31 0.2505 17358848
32 0.2384 17530880
33 0.2413 17719296
34 0.2124 17874944
35 0.261 18157568
36 0.2269 18407424
37 0.2434 18563072
38 0.2159 18673664
39 0.2207 18866176
40 0.2258 19075072
41 0.2322 19279872
42 0.2473 19521536
43 0.2388 19660800
44 0.2531 19857408
45 0.29 20193280
46 0.2807 20377600
47 0.2894 20525056
48 0.2713 20692992
49 0.2911 20824064
50 0.2921 21188608
51 0.3117 21479424
52 0.307 21692416
53 0.383 21839872
54 0.3242 22061056
55 0.3738 22323200
56 0.3357 22306816
57 0.3193 22687744
58 0.3207 22683648
59 0.3241 23068672
60 0.3373 23515136
61 0.3532 23576576
62 0.3447 23740416
63 0.3427 23891968
64 0.3478 23957504
65 0.3494 24293376
66 0.3608 24489984
67 0.3637 24682496
68 0.3651 24870912
69 0.3717 25092096
70 0.379 25284608
71 0.3807 25501696
72 0.3945 25677824
73 0.4014 26034176
74 0.4018 26095616
75 0.3983 26288128
76 0.4078 26488832
77 0.4074 26677248
78 0.4167 26882048
79 0.4223 27111424
80 0.4269 27394048
81 0.4506 27705344
82 0.4407 27799552
83 0.4505 28106752
84 0.4449 27570176
85 0.4629 28446720
86 0.4518 28487680
87 0.461 28692480
88 0.468 28897280
89 0.4659 29061120
90 0.4746 29282304
91 0.4837 29569024
92 0.4916 29331456
93 0.4852 29900800
94 0.4911 30101504
95 0.5036 30375936
96 0.5025 30490624
97 0.5053 30732288
98 0.5179 30945280
99 0.5197 31129600
100 0.527 31350784
101 0.5221 31506432
102 0.5347 31854592
103 0.5585 32194560
104 0.55 32231424
105 0.5598 32587776
106 0.5614 32694272
107 0.5608 32829440
108 0.5668 33042432
109 0.576 33226752
110 0.5747 33136640
111 0.5849 33120256
112 0.5896 33857536
113 0.5982 33513472
114 0.6149 34529280
115 0.5976 33918976
116 0.6085 34983936
117 0.6076 34516992
118 0.6106 35237888
119 0.6331 35434496
120 0.6277 35659776
121 0.637 35438592
122 0.6421 35631104
123 0.6438 36347904
124 0.6552 36302848
125 0.6748 37027840
126 0.6807 37277696
127 0.7385 37462016
128 0.684 37654528
129 0.7487 37670912
130 0.7524 37806080
131 0.8101 38002688
132 0.7873 38350848
133 0.9082 38367232
134 0.9396 38764544
135 1.0621 38436864
136 1.4122 38682624
137 0.7512 39346176
138 0.8606 39542784
139 0.911 39706624
140 0.9873 39964672
141 0.9638 40095744
142 0.9142 40308736
143 0.8035 39948288
144 0.9037 40787968
145 1.1027 41021440
146 0.8109 40939520
147 1.0367 41299968
148 0.8259 41005056
149 0.7949 41648128
150 0.9441 41451520
151 1.0952 42070016
152 1.0814 42307584
153 1.0775 42635264
154 1.1495 42745856
155 0.8829 42840064
156 0.9614 43134976
157 0.8392 43208704
158 0.8784 43061248
159 0.9375 43507712
160 0.9059 43810816
161 0.9258 43556864
162 0.908 44314624
163 1.1011 44511232
164 0.9982 44744704
165 0.9405 44888064
166 1.0055 44687360
167 1.1629 44847104
168 0.9444 44802048
169 0.8862 45068288
170 0.8616 45203456
171 0.876 45703168
172 0.9707 45744128
173 0.9601 45527040
174 0.9217 46075904
175 0.9862 46497792
176 0.9209 46706688
177 0.9748 46239744
178 1.0207 46858240
179 0.9349 47300608
180 0.9149 47362048
181 1.0045 47484928
182 0.9993 47738880
183 0.9633 48250880
184 1.1704 47595520
185 1.1001 48467968
186 0.9785 48427008
187 0.9553 48615424
188 0.9533 48271360
189 0.9729 49508352
190 1.0698 49594368
191 1.0036 49664000
192 1.0497 49651712
193 1.0011 49807360
194 0.9925 50073600
195 0.9799 50282496
196 1.0107 50155520
197 0.9944 50143232
198 1.0059 50839552
199 1.0138 51003392
200 1.0099 51044352
201 1.0289 51064832
202 1.0386 51126272
203 1.0421 51441664
204 1.0721 51703808
205 1.059 52318208
206 1.0554 52064256
207 1.07 52514816
208 1.0658 52686848
209 1.0784 52887552
210 1.0897 53100544
211 1.0864 53301248
212 1.0802 53506048
213 1.1002 53706752
214 1.1082 53891072
215 1.1046 54099968
216 1.1076 54525952
217 1.1351 54984704
218 1.1147 54702080
219 1.1261 54906880
220 1.1197 55111680
221 1.1272 55291904
222 1.1416 55500800
223 1.1527 56229888
224 1.1405 55902208
225 1.1614 56377344
226 1.1621 56815616
227 1.1581 56532992
228 1.1885 57204736
229 1.1613 56909824
230 1.1737 57110528
231 1.1977 57757696
232 1.1837 58109952
233 1.1921 57970688
234 1.1934 58011648
235 1.2049 58470400
236 1.2035 58671104
237 1.221 59207680
238 1.2209 59252736
239 1.2334 59506688
240 1.2343 59707392
241 1.2411 59932672
242 1.2338 60473344
243 1.2462 60354560
244 1.245 60547072
245 1.2562 60747776
246 1.2603 60944384
247 1.2879 61407232
248 1.2681 61366272
249 1.2832 61878272
250 1.2728 61730816
251 1.2815 61931520
252 1.2808 62140416
253 1.2856 62345216
254 1.308 63004672
255 1.3038 62730240
256 1.2968 62947328
257 1.304 63127552
258 1.3148 63365120
259 1.317 63713280
260 1.3201 63717376
261 1.3403 63942656
262 1.3296 64135168
263 1.3416 64360448
264 1.3482 64557056
265 1.3399 64712704
266 1.35 65343488
267 1.3509 65150976
268 1.3705 65327104
269 1.37 65560576
270 1.3679 65769472
271 1.379 66076672
272 1.3918 66605056
273 1.4226 66371584
274 1.3931 66543616
275 1.4005 66756608
276 1.4073 67047424
277 1.4179 67624960
278 1.4022 67379200
279 1.42 67543040
280 1.4354 67772416
281 1.4313 68091904
282 1.4279 68341760
283 1.4483 68349952
284 1.4363 68554752
285 1.4485 68763648
286 1.4475 69443584
287 1.4554 69140480
288 1.4539 69369856
289 1.4875 69799936
290 1.4614 69763072
291 1.4732 69955584
292 1.4858 70168576
293 1.4909 70336512
294 1.5095 70553600
295 1.4997 71180288
296 1.494 70975488
297 1.5077 71188480
298 1.5093 71356416
299 1.5242 71692288
300 1.519 71860224