1 0.0043 8568832
2 0.0066 8626176
3 0.0062 8675328
4 0.0072 8736768
5 0.008 8802304
6 0.009 8847360
7 0.0098 8896512
8 0.0108 8957952
9 0.012 9039872
10 0.0129 9084928
11 0.0129 9154560
12 0.0148 9195520
13 0.0156 9244672
14 0.0167 9306112
15 0.0174 9371648
16 0.0186 9420800
17 0.0185 9469952
18 0.0204 9523200
19 0.0248 9576448
20 0.0214 9646080
21 0.0234 9711616
22 0.0233 9773056
23 0.0249 9822208
24 0.0258 9871360
25 0.0274 9928704
26 0.0282 9969664
27 0.0288 10096640
28 0.0335 10084352
29 0.0305 10133504
30 0.0317 10207232
31 0.0365 10264576
32 0.0372 10313728
33 0.038 10371072
34 0.0358 10416128
35 0.0369 10477568
36 0.0382 10526720
37 0.0382 10571776
38 0.0426 10633216
39 0.0464 10756096
40 0.0447 10817536
41 0.042 10866688
42 0.0467 10924032
43 0.0442 10964992
44 0.0457 11022336
45 0.0497 11079680
46 0.0459 11137024
47 0.0512 11186176
48 0.0524 11231232
49 0.0501 11292672
50 0.0512 11317248
51 0.056 11411456
52 0.0523 11415552
53 0.0543 11448320
54 0.0547 11501568
55 0.0598 11554816
56 0.0601 11608064
57 0.0712 11821056
58 0.06 11735040
59 0.0609 11907072
60 0.0621 11886592
61 0.0655 11931648
62 0.065 11993088
63 0.0634 12046336
64 0.0719 12300288
65 0.0713 12173312
66 0.0792 12398592
67 0.0687 12242944
68 0.0701 12386304
69 0.075 12378112
70 0.0828 12570624
71 0.0719 12439552
72 0.0742 12513280
73 0.0774 12632064
74 0.0757 12615680
75 0.0781 12693504
76 0.0773 12718080
77 0.0873 12963840
78 0.0784 12820480
79 0.0834 12955648
80 0.0795 12939264
81 0.0802 12963840
82 0.0818 13037568
83 0.0827 13094912
84 0.0887 13139968
85 0.089 13193216
86 0.0862 13254656
87 0.0901 13307904
88 0.0886 13369344
89 0.0872 13389824
90 0.0882 13475840
91 0.0917 13512704
92 0.0948 13594624
93 0.0926 13631488
94 0.0929 13672448
95 0.0989 13737984
96 0.0958 13787136
97 0.0961 13848576
98 0.0975 13910016
99 0.1021 13963264
100 0.1006 14024704
101 0.1008 14073856
102 0.1031 14135296
103 0.103 14184448
104 0.1065 14254080
105 0.1093 14368768
106 0.1056 14368768
107 0.107 14413824
108 0.1088 14467072
109 0.1133 14516224
110 0.111 14577664
111 0.1123 14618624
112 0.1128 14663680
113 0.1133 14725120
114 0.114 14782464
115 0.1165 14827520
116 0.1175 14983168
117 0.1202 14983168
118 0.1174 15028224
119 0.1191 15159296
120 0.1208 15212544
121 0.1216 15257600
122 0.123 15298560
123 0.1234 15347712
124 0.1248 15400960
125 0.13 15552512
126 0.1269 15552512
127 0.1325 15568896
128 0.1297 15609856
129 0.1288 15671296
130 0.1349 15724544
131 0.1322 15773696
132 0.1315 15818752
133 0.1363 15884288
134 0.1329 15941632
135 0.1345 15998976
136 0.1371 16080896
137 0.1424 16175104
138 0.1408 16142336
139 0.1403 16203776
140 0.1411 16252928
141 0.1415 16347136
142 0.1423 16347136
143 0.1447 16420864
144 0.1448 16498688
145 0.1442 16543744
146 0.1546 16584704
147 0.1524 16654336
148 0.1491 16715776
149 0.1516 16744448
150 0.1515 16781312
151 0.1501 16859136
152 0.1521 16891904
153 0.154 16965632
154 0.1574 17104896
155 0.1573 17080320
156 0.156 17117184
157 0.1575 17178624
158 0.1567 17240064
159 0.1594 17289216
160 0.1597 17317888
161 0.1611 17391616
162 0.1628 17440768
163 0.1642 17498112
164 0.1622 17559552
165 0.1646 17600512
166 0.1669 17657856
167 0.1712 17723392
168 0.1678 17764352
169 0.1679 17829888
170 0.1742 17870848
171 0.1776 17993728
172 0.174 17977344
173 0.1777 18051072
174 0.177 18223104
175 0.1811 18137088
176 0.1777 18182144
177 0.1768 18227200
178 0.1809 18374656
179 0.1789 18345984
180 0.1794 18403328
181 0.1794 18448384
182 0.1796 18542592
183 0.1852 18558976
184 0.1874 18612224
185 0.1825 18665472
186 0.1873 18714624
187 0.1845 18763776
188 0.1916 18812928
189 0.193 18870272
190 0.1954 19091456
191 0.189 18976768
192 0.1929 19025920
193 0.199 19095552
194 0.1932 19148800
195 0.193 19103744
196 0.1943 19251200
197 0.1959 19210240
198 0.197 19402752
199 0.1998 19439616
200 0.1982 19484672
201 0.2009 19529728
202 0.2005 19578880
203 0.2035 19509248
204 0.2023 19685376
205 0.2055 19800064
206 0.2077 19722240
207 0.2128 19902464
208 0.2115 19959808
209 0.2119 19984384
210 0.2154 20070400
211 0.2131 19984384
212 0.2174 20160512
213 0.2144 20094976
214 0.2189 20262912
215 0.2201 20320256
216 0.2167 20377600
217 0.2183 20422656
218 0.2279 20647936
219 0.2221 20393984
220 0.2229 20578304
221 0.2206 20627456
222 0.2231 20549632
223 0.2291 20611072
224 0.231 20754432
225 0.2267 20832256
226 0.2305 20758528
227 0.2296 20832256
228 0.2353 21004288
229 0.2292 21061632
230 0.2353 20963328
231 0.2362 21217280
232 0.2458 21307392
233 0.2356 21315584
234 0.2343 21348352
235 0.2462 21409792
236 0.2348 21491712
237 0.2386 21549056
238 0.2402 21716992
239 0.2464 21766144
240 0.2426 21860352
241 0.244 21868544
242 0.248 21913600
243 0.2479 21848064
244 0.2469 21901312
245 0.25 21999616
246 0.2483 22138880
247 0.2524 22069248
248 0.2538 22257664
249 0.2572 22306816
250 0.2575 22228992
251 0.2542 22290432
252 0.2555 22597632
253 0.2601 22511616
254 0.2631 22585344
255 0.2578 22614016
256 0.2606 22790144
257 0.2631 22716416
258 0.2598 22777856
259 0.2647 22814720
260 0.2612 22761472
261 0.265 22970368
262 0.2686 22855680
263 0.2705 23031808
264 0.2675 23085056
265 0.2726 23130112
266 0.2808 23199744
267 0.2772 23252992
268 0.2747 23285760
269 0.2775 23191552
270 0.2713 23396352
271 0.2798 23339008
272 0.2767 23502848
273 0.278 23552000
274 0.2764 23621632
275 0.281 23654400
276 0.2784 23687168
277 0.2771 23752704
278 0.2858 23871488
279 0.2809 23867392
280 0.2858 23920640
281 0.2867 23969792
282 0.2857 24084480
283 0.2881 24076288
284 0.2895 24117248
285 0.2868 24027136
286 0.2925 24227840
287 0.2882 24162304
288 0.2883 24334336
289 0.2892 24395776
290 0.2975 24440832
291 0.2987 24612864
292 0.2953 24547328
293 0.296 24596480
294 0.2955 24645632
295 0.2981 24690688
296 0.3029 24977408
297 0.3055 24838144
298 0.3018 24727552
299 0.2994 24920064
300 0.3069 24883200