1 0.214 21913600
2 0.2442 22032384
3 0.2391 22573056
4 0.2507 22663168
5 0.3106 22888448
6 0.2644 23334912
7 0.2657 23642112
8 0.2732 24018944
9 0.2901 24338432
10 0.2911 24555520
11 0.3049 24862720
12 0.3182 25051136
13 0.329 25628672
14 0.3314 26095616
15 0.3415 26157056
16 0.3459 26394624
17 0.3579 26697728
18 0.3696 27213824
19 0.3816 27475968
20 0.3898 27762688
21 0.4118 28094464
22 0.3868 28250112
23 0.4112 28725248
24 0.4314 28995584
25 0.4326 29220864
26 0.4484 29564928
27 0.4791 29933568
28 0.4603 30187520
29 0.4538 30498816
30 0.4768 30937088
31 0.4831 31059968
32 0.4777 31469568
33 0.4912 31756288
34 0.5072 32088064
35 0.5019 32186368
36 0.5754 32579584
37 0.5496 32944128
38 0.5296 33267712
39 0.5582 33529856
40 0.5632 33939456
41 0.5881 34168832
42 0.5795 34488320
43 0.5747 35020800
44 0.5826 35364864
45 0.6006 35581952
46 0.6359 35897344
47 0.6288 36126720
48 0.625 36503552
49 0.655 36732928
50 0.6502 37294080
51 0.6687 37568512
52 0.6759 37560320
53 0.6603 37605376
54 0.6629 38010880
55 0.6763 38473728
56 0.6801 38653952
57 0.7295 38854656
58 0.7036 39202816
59 0.7228 39456768
60 0.728 39813120
61 0.7497 40173568
62 0.7678 40665088
63 0.7507 40886272
64 0.7693 41295872
65 0.8924 41390080
66 0.7764 41861120
67 0.8572 42168320
68 0.8229 42430464
69 0.8575 42610688
70 0.8191 42917888
71 0.8115 43556864
72 0.819 43966464
73 0.8464 43986944
74 0.839 44306432
75 0.8882 44466176
76 0.8704 44949504
77 0.9126 45142016
78 0.881 45412352
79 0.956 45764608
80 0.9575 46055424
81 1.0359 46645248
82 1.043 46845952
83 0.9808 47153152
84 0.9337 47579136
85 0.9723 47767552
86 1.041 47964160
87 0.9894 48308224
88 0.9675 48955392
89 0.9695 49213440
90 1.0207 49541120
91 1.0368 49729536
92 1.1239 49950720
93 1.0878 50405376
94 1.1372 50507776
95 1.0907 50954240
96 1.104 51433472
97 1.0459 51908608
98 1.0912 52162560
99 1.1407 52178944
100 1.2032 52469760
101 1.2075 52776960
102 1.2006 53059584
103 1.3628 53469184
104 1.2063 54030336
105 1.3421 54153216
106 1.2424 54366208
107 1.1917 54702080
108 1.2596 55058432
109 1.2746 55353344
110 1.173 55885824
111 1.1947 56102912
112 1.201 56401920
113 1.3634 56791040
114 1.2098 56893440
115 1.3029 56979456
116 1.4311 57126912
117 1.3221 57401344
118 1.2503 57667584
119 1.4245 58269696
120 1.281 58642432
121 1.2648 58712064
122 1.4211 59060224
123 1.4559 59293696
124 1.3304 59650048
125 1.447 59822080
126 1.3155 60145664
127 1.3246 60915712
128 1.3103 60760064
129 1.5246 61235200
130 1.442 61730816
131 1.4215 61706240
132 1.5746 62222336
133 1.5722 62320640
134 1.5235 62652416
135 1.381 63324160
136 1.4607 63307776
137 1.4391 63582208
138 1.4275 64012288
139 1.5504 64241664
140 1.4759 64495616
141 1.4487 64978944
142 1.5379 64929792
143 1.4989 65208320
144 1.5362 65290240
145 1.4989 65630208
146 1.5023 65867776
147 1.5642 66232320
148 1.6259 66686976
149 1.7936 66809856
150 1.6692 67497984
151 1.562 67698688
152 1.518 67813376
153 1.5257 68091904
154 1.7148 68849664
155 1.5647 69062656
156 1.5559 69255168
157 1.5538 69349376
158 1.8599 69636096
159 1.7987 69992448
160 1.7906 70303744
161 2.0198 70701056
162 1.5939 71368704
163 1.571 71811072
164 1.5825 72065024
165 1.603 72028160
166 1.5935 72413184
167 1.6214 73089024
168 1.6357 73625600
169 1.6372 73375744
170 1.6507 73682944
171 1.6637 73916416
172 1.6547 74215424
173 1.7077 74821632
174 1.8659 75120640
175 1.83 75415552
176 1.835 75735040
177 1.8631 76132352
178 1.7731 76472320
179 1.8359 76656640
180 1.9494 76976128
181 2.2782 77320192
182 2.22 77631488
183 1.9939 77938688
184 1.8089 78319616
185 1.8145 78675968
186 1.8169 78938112
187 1.8814 79192064
188 1.894 79466496
189 2.1357 79785984
190 1.9995 80093184
191 2.0152 80400384
192 2.0409 80728064
193 1.9663 81027072
194 2.0277 81420288
195 2.015 81620992
196 1.9249 82231296
197 2.0033 82636800
198 2.1955 82841600
199 2.0025 83144704
200 2.1443 83464192
201 2.2789 83779584
202 2.1476 84066304
203 2.0581 84410368
204 2.1555 84692992
205 2.1028 85176320
206 2.4259 85434368
207 2.2403 85925888
208 2.2779 86134784
209 2.1324 86360064
210 2.0795 86667264
211 2.2731 87080960
212 2.224 87371776
213 2.2193 87760896
214 2.2275 87908352
215 2.1084 88162304
216 2.0732 88469504
217 2.2975 89042944
218 2.1401 89427968
219 2.3125 89526272
220 2.2303 90005504
221 2.5037 90169344
222 2.1569 90415104
223 2.0822 91082752
224 2.1264 91176960
225 2.1059 91308032
226 2.2678 91803648
227 2.4379 91992064
228 2.3168 92295168
229 2.2992 92569600
230 2.282 93294592
231 2.1713 93700096
232 2.1395 93548544
233 2.446 93941760
234 2.4025 94404608
235 2.423 94695424
236 2.5126 95002624
237 2.5884 95100928
238 2.6395 95404032
239 2.3817 95514624
240 2.3572 95322112
241 2.4689 95502336
242 2.4381 95662080
243 2.2931 96133120
244 2.5729 96464896
245 2.3467 96821248
246 2.3849 97259520
247 2.3441 97681408
248 2.5779 97886208
249 2.4091 98058240
250 2.4042 98656256
251 2.5958 98848768
252 2.377 98738176
253 2.613 99086336
254 2.4305 99442688
255 2.4951 99880960
256 2.4945 100200448
257 2.6789 100343808
258 2.6417 100655104
259 2.5041 100966400
260 2.466 101695488
261 2.4983 102129664
262 2.4842 102002688
263 2.5313 102170624
264 2.7259 102793216
265 2.7246 102854656
266 2.7993 103571456
267 2.5798 103444480
268 2.6302 103784448
269 2.5576 104366080
270 2.6064 104361984
271 2.9196 104947712
272 2.7682 104964096
273 2.7564 105742336
274 2.6285 105623552
275 2.657 106446848
276 2.7187 106237952
277 2.6347 106975232
278 2.6371 107065344
279 2.6246 107167744
280 2.653 107532288
281 2.6448 108249088
282 2.7884 108314624
283 2.8452 108433408
284 2.9508 108728320
285 2.8309 109461504
286 2.8452 109309952
287 2.8519 109654016
288 2.7366 110022656
289 2.7358 110297088
290 2.8476 110710784
291 2.7927 110907392
292 3.0365 111280128
293 2.9449 111595520
294 2.9163 111890432
295 2.7769 112189440
296 2.7274 112418816
297 2.7681 113283072
298 2.7696 113315840
299 2.7804 114012160
300 2.8126 113803264