1 0.1994 21680128
2 0.2007 21786624
3 0.2025 21991424
4 0.2112 22171648
5 0.2071 22368256
6 0.2247 22712320
7 0.221 22859776
8 0.253 23015424
9 0.2297 23359488
10 0.2395 23764992
11 0.2446 23584768
12 0.247 23752704
13 0.2383 23990272
14 0.2617 24301568
15 0.2665 24412160
16 0.2498 24694784
17 0.2663 24756224
18 0.2744 24956928
19 0.2584 25042944
20 0.2773 25284608
21 0.2804 25739264
22 0.2818 25837568
23 0.2887 26034176
24 0.2847 26226688
25 0.2912 26533888
26 0.2962 26415104
27 0.2987 26804224
28 0.3025 26951680
29 0.3077 27197440
30 0.3103 27303936
31 0.3143 27529216
32 0.3235 27631616
33 0.3342 27938816
34 0.3242 27979776
35 0.3448 28221440
36 0.3385 28368896
37 0.3323 28712960
38 0.3491 28864512
39 0.3455 29282304
40 0.3541 29253632
41 0.3626 29335552
42 0.3553 29519872
43 0.3696 30044160
44 0.3659 30109696
45 0.3735 30240768
46 0.3892 30425088
47 0.3734 30457856
48 0.3943 30806016
49 0.3845 31219712
50 0.4056 31215616
51 0.4085 31346688
52 0.4113 31563776
53 0.4169 31813632
54 0.4151 31793152
55 0.419 32059392
56 0.4163 32227328
57 0.4315 32452608
58 0.4185 32694272
59 0.4306 32890880
60 0.4348 33198080
61 0.4435 33284096
62 0.4389 33538048
63 0.4584 33599488
64 0.4471 33927168
65 0.4608 34136064
66 0.4585 34324480
67 0.4654 34553856
68 0.4717 34586624
69 0.4788 34795520
70 0.4743 34963456
71 0.4839 35303424
72 0.4771 35311616
73 0.5038 35540992
74 0.4854 35946496
75 0.5022 35856384
76 0.5026 36069376
77 0.5061 36278272
78 0.5139 36724736
79 0.5184 36806656
80 0.5296 36847616
81 0.5319 37212160
82 0.5309 37507072
83 0.5248 37601280
84 0.5396 37556224
85 0.5249 37855232
86 0.5503 38002688
87 0.56 38109184
88 0.55 38457344
89 0.5841 38559744
90 0.5557 38731776
91 0.5738 39022592
92 0.5663 39186432
93 0.5745 39608320
94 0.586 39817216
95 0.5973 40050688
96 0.5781 39997440
97 0.5998 40161280
98 0.6048 40341504
99 0.6054 40673280
100 0.6168 41078784
101 0.5984 41222144
102 0.6126 41107456
103 0.638 41365504
104 0.6118 41582592
105 0.6278 41672704
106 0.6598 42086400
107 0.6334 42328064
108 0.6467 42491904
109 0.6577 42430464
110 0.6419 42631168
111 0.6494 42958848
112 0.6521 42881024
113 0.6545 43245568
114 0.6901 43409408
115 0.6685 43646976
116 0.6837 44163072
117 0.676 43917312
118 0.681 44097536
119 0.6938 44621824
120 0.709 44675072
121 0.6918 44797952
122 0.7132 45006848
123 0.7215 45068288
124 0.7449 45633536
125 0.7361 45621248
126 0.7573 45928448
127 0.7591 46051328
128 0.7498 46333952
129 0.7476 46698496
130 0.7235 46555136
131 0.7554 47144960
132 0.7454 47509504
133 0.7602 47448064
134 0.7606 47517696
135 0.7452 47689728
136 0.7601 47804416
137 0.7724 47988736
138 0.7767 48185344
139 0.7869 48369664
140 0.7804 48746496
141 0.796 48619520
142 0.78 48922624
143 0.7991 49045504
144 0.8024 49381376
145 0.8121 49831936
146 0.8066 50024448
147 0.8186 49881088
148 0.819 50192384
149 0.8106 50270208
150 0.817 50876416
151 0.8282 50679808
152 0.8372 50851840
153 0.8291 51216384
154 0.8248 51347456
155 0.8416 51728384
156 0.8465 51458048
157 0.8697 51761152
158 0.8464 51896320
159 0.8613 52203520
160 0.8701 52760576
161 0.8708 52510720
162 0.8807 52805632
163 0.9445 52912128
164 0.9822 53342208
165 0.933 53522432
166 0.8957 53174272
167 0.8983 53248000
168 0.901 53161984
169 0.9071 53862400
170 0.9002 53653504
171 0.9047 53919744
172 0.8945 54124544
173 0.9548 54157312
174 0.9293 54415360
175 0.9149 54726656
176 0.9319 55111680
177 0.9263 54956032
178 0.9257 55083008
179 0.9408 55279616
180 0.931 55549952
181 0.9479 55812096
182 0.9436 55918592
183 0.9375 56008704
184 0.9633 56545280
185 0.9733 56541184
186 0.9631 56848384
187 0.9799 56750080
188 0.9765 57171968
189 0.986 57196544
190 0.9755 57303040
191 0.9863 57495552
192 1.0135 58011648
193 1.0058 58163200
194 1.0165 58200064
195 1.0128 58437632
196 1.0181 58875904
197 1.011 58830848
198 1.0248 58830848
199 1.0287 59363328
200 1.0176 59322368
201 1.0405 59387904
202 1.048 59699200
203 1.056 59904000
204 1.0504 60084224
205 1.0745 60461056
206 1.0753 60551168
207 1.0652 60555264
208 1.0852 60919808
209 1.1051 61169664
210 1.0804 61259776
211 1.0744 61534208
212 1.0804 61992960
213 1.0968 62144512
214 1.0904 62287872
215 1.1028 62193664
216 1.1037 62402560
217 1.3565 62676992
218 1.1856 62840832
219 1.1987 62971904
220 1.1604 63074304
221 1.1225 63193088
222 1.0947 63258624
223 1.1805 63279104
224 1.1121 63262720
225 1.1227 63852544
226 1.118 63750144
227 1.113 64000000
228 1.1145 63991808
229 1.1308 64303104
230 1.1326 64491520
231 1.1295 64811008
232 1.1297 65171456
233 1.1413 65167360
234 1.1398 65458176
235 1.1485 65978368
236 1.1521 65581056
237 1.1565 65843200
238 1.1449 65957888
239 1.1661 66318336
240 1.1632 66441216
241 1.1748 66592768
242 1.1638 66809856
243 1.1805 67313664
244 1.2021 67215360
245 1.1941 67293184
246 1.2037 67596288
247 1.1899 67719168
248 1.2026 67825664
249 1.2007 68030464
250 1.2234 68501504
251 1.2074 68489216
252 1.222 68698112
253 1.2159 69316608
254 1.2163 69050368
255 1.2292 69443584
256 1.2357 69447680
257 1.2503 70135808
258 1.2345 69775360
259 1.2547 70250496
260 1.2421 70193152
261 1.2902 70516736
262 1.2762 70569984
263 1.2697 71364608
264 1.2959 71344128
265 1.2775 71753728
266 1.2806 71704576
267 1.2956 71782400
268 1.2891 72523776
269 1.3213 72765440
270 1.3074 72560640
271 1.3083 72790016
272 1.3112 72896512
273 1.3013 73084928
274 1.3089 73383936
275 1.3336 73539584
276 1.3243 73637888
277 1.3262 73904128
278 1.329 74178560
279 1.3234 74305536
280 1.3975 74940416
281 1.3602 75087872
282 1.3592 75157504
283 1.3475 75280384
284 1.3539 75476992
285 1.366 75456512
286 1.3704 75730944
287 1.3577 76148736
288 1.3831 75976704
289 1.4009 76140544
290 1.3895 76623872
291 1.3756 76513280
292 1.3917 77152256
293 1.3859 76890112
294 1.3886 77570048
295 1.412 77680640
296 1.4069 77905920
297 1.403 78028800
298 1.4092 77844480
299 1.407 78184448
300 1.4168 78413824