1 0.0041 8400896
2 0.0039 8417280
3 0.0035 8396800
4 0.0037 8429568
5 0.0035 8433664
6 0.0041 8441856
7 0.0046 8458240
8 0.0046 8466432
9 0.0038 8482816
10 0.0032 8503296
11 0.0041 8515584
12 0.0037 8503296
13 0.0043 8531968
14 0.0061 8523776
15 0.0037 8560640
16 0.0038 8577024
17 0.0055 8564736
18 0.0041 8585216
19 0.0063 8601600
20 0.0051 8609792
21 0.0051 8622080
22 0.0067 8626176
23 0.0067 8630272
24 0.0047 8650752
25 0.0046 8667136
26 0.0068 8671232
27 0.008 8667136
28 0.0053 8691712
29 0.0057 8671232
30 0.0063 8691712
31 0.0051 8704000
32 0.0058 8749056
33 0.0079 8736768
34 0.0052 8732672
35 0.0084 8761344
36 0.0066 8785920
37 0.0067 8810496
38 0.0057 8814592
39 0.0088 8814592
40 0.006 8818688
41 0.0059 8810496
42 0.0093 8843264
43 0.0073 8867840
44 0.0063 8892416
45 0.0064 8896512
46 0.0066 8908800
47 0.0075 8921088
48 0.0088 8962048
49 0.008 8941568
50 0.0107 8953856
51 0.0081 8953856
52 0.007 8974336
53 0.0339 8974336
54 0.0077 8974336
55 0.0084 9019392
56 0.0074 9003008
57 0.0079 9011200
58 0.0088 9052160
59 0.0077 9023488
60 0.0081 9084928
61 0.0091 9089024
62 0.0122 9093120
63 0.0122 9105408
64 0.0094 9125888
65 0.0084 9134080
66 0.0087 9146368
67 0.0089 9166848
68 0.0128 9166848
69 0.0091 9158656
70 0.0132 9191424
71 0.0131 9203712
72 0.0092 9232384
73 0.0095 9220096
74 0.0104 9244672
75 0.0152 9269248
76 0.0109 9269248
77 0.0109 9318400
78 0.0144 9297920
79 0.0103 9322496
80 0.0114 9322496
81 0.0153 9347072
82 0.0148 9338880
83 0.0116 9355264
84 0.0118 9375744
85 0.0116 9400320
86 0.0122 9400320
87 0.0116 9424896
88 0.012 9437184
89 0.0113 9453568
90 0.0128 9437184
91 0.0124 9486336
92 0.0128 9490432
93 0.0159 9486336
94 0.0119 9482240
95 0.013 9523200
96 0.0122 9547776
97 0.0166 9560064
98 0.0166 9572352
99 0.0136 9584640
100 0.0158 9621504
101 0.0153 9605120
102 0.0129 9646080
103 0.0138 9666560
104 0.0151 9695232
105 0.017 9723904
106 0.0152 9703424
107 0.0158 9728000
108 0.0148 9719808
109 0.0183 9756672
110 0.0181 9764864
111 0.0162 9793536
112 0.0183 9814016
113 0.0146 9777152
114 0.015 9822208
115 0.0152 9854976
116 0.0206 9883648
117 0.0172 9859072
118 0.0159 9879552
119 0.0151 9920512
120 0.016 9916416
121 0.0162 9961472
122 0.0167 9969664
123 0.0201 9961472
124 0.0218 9986048
125 0.0199 9986048
126 0.0158 9998336
127 0.0162 10027008
128 0.0196 10096640
129 0.0204 10039296
130 0.0191 10072064
131 0.0217 10067968
132 0.0257 10133504
133 0.0191 10162176
134 0.0221 10153984
135 0.022 10141696
136 0.0199 10162176
137 0.0236 10235904
138 0.0185 10153984
139 0.0226 10199040
140 0.0185 10215424
141 0.0194 10248192
142 0.0202 10256384
143 0.0192 10272768
144 0.0232 10280960
145 0.0244 10321920
146 0.0228 10354688
147 0.0256 10354688
148 0.0198 10362880
149 0.0202 10416128
150 0.021 10387456
151 0.0252 10399744
152 0.0249 10416128
153 0.0207 10424320
154 0.0206 10457088
155 0.0247 10448896
156 0.0235 10477568
157 0.0215 10493952
158 0.0219 10510336
159 0.0213 10522624
160 0.0255 10547200
161 0.0215 10567680
162 0.024 10616832
163 0.0258 10604544
164 0.0292 10645504
165 0.094 10661888
166 0.024 10682368
167 0.0218 10665984
168 0.0238 10661888
169 0.0235 10665984
170 0.0235 10715136
171 0.0224 10715136
172 0.0236 10711040
173 0.0265 10739712
174 0.0226 10731520
175 0.1007 10780672
176 0.029 10821632
177 0.0279 10801152
178 0.056 10829824
179 0.0298 10850304
180 0.029 10895360
181 0.026 10883072
182 0.0278 10903552
183 0.0363 10903552
184 0.0291 10928128
185 0.0252 10903552
186 0.0258 10952704
187 0.0269 10981376
188 0.027 10997760
189 0.0261 11001856
190 0.0263 11030528
191 0.0313 11038720
192 0.0312 11051008
193 0.0279 11046912
194 0.0272 11038720
195 0.0286 11075584
196 0.028 11116544
197 0.0319 11149312
198 0.0344 11177984
199 0.0286 11173888
200 0.0297 11182080
201 0.0291 11190272
202 0.0331 11264000
203 0.0351 11239424
204 0.0325 11280384
205 0.0311 11268096
206 0.0315 11288576
207 0.0319 11321344
208 0.0347 11341824
209 0.031 11378688
210 0.0328 11489280
211 0.0316 11395072
212 0.0314 11505664
213 0.0347 11427840
214 0.0331 11476992
215 0.0338 11481088
216 0.0315 11485184
217 0.0318 11509760
218 0.0322 11493376
219 0.0323 11526144
220 0.0374 11575296
221 0.035 11677696
222 0.0391 11628544
223 0.0357 11620352
224 0.0362 11628544
225 0.0369 11608064
226 0.0337 11669504
227 0.0344 11698176
228 0.0331 11669504
229 0.0387 11718656
230 0.0358 11706368
231 0.0356 11747328
232 0.0382 11747328
233 0.0382 11788288
234 0.0356 11841536
235 0.0348 11841536
236 0.0376 11825152
237 0.0355 11841536
238 0.0367 11882496
239 0.0419 11919360
240 0.038 11911168
241 0.0368 11948032
242 0.0403 11927552
243 0.0382 11935744
244 0.0376 11997184
245 0.0364 11976704
246 0.044 12025856
247 0.0397 12034048
248 0.0428 12009472
249 0.0436 12054528
250 0.0401 12058624
251 0.0396 12111872
252 0.0422 12128256
253 0.0418 12140544
254 0.0483 12193792
255 0.0396 12181504
256 0.0419 12206080
257 0.0579 12226560
258 0.0435 12316672
259 0.0452 12267520
260 0.0463 12247040
261 0.0407 12288000
262 0.0445 12304384
263 0.0415 12304384
264 0.0446 12341248
265 0.0444 12382208
266 0.0383 12337152
267 0.0444 12374016
268 0.0447 12414976
269 0.0455 12419072
270 0.0423 12460032
271 0.0432 12476416
272 0.0461 12460032
273 0.0418 12517376
274 0.0431 12468224
275 0.0472 12550144
276 0.0443 12595200
277 0.0459 12541952
278 0.0477 12570624
279 0.0443 12623872
280 0.0435 12595200
281 0.0478 12632064
282 0.0489 12644352
283 0.0446 12681216
284 0.045 12636160
285 0.0489 12722176
286 0.0529 12754944
287 0.0531 12759040
288 0.0522 12783616
289 0.0535 12808192
290 0.0511 12845056
291 0.0534 12816384
292 0.0528 12828672
293 0.0464 12820480
294 0.0452 12935168
295 0.0489 12939264
296 0.0543 12955648
297 0.0526 13066240
298 0.0545 12996608
299 0.0516 13008896
300 0.0545 13033472
301 0.0486 13045760
302 0.0523 13123584
303 0.048 13025280
304 0.052 13094912
305 0.0562 13082624
306 0.0485 13103104
307 0.0565 13180928
308 0.052 13180928
309 0.0526 13197312
310 0.0496 13164544
311 0.0563 13250560
312 0.0495 13266944
313 0.0575 13287424
314 0.0533 13283328
315 0.0525 13320192
316 0.0505 13295616
317 0.0567 13357056
318 0.058 13410304
319 0.0536 13443072
320 0.0557 13443072
321 0.0517 13410304
322 0.0543 13451264
323 0.0584 13451264
324 0.0567 13533184
325 0.0599 13565952
326 0.0536 13516800
327 0.056 13594624
328 0.0602 13639680
329 0.057 13586432
330 0.0618 13664256
331 0.0572 13639680
332 0.0553 13729792
333 0.0551 13729792
334 0.0546 13656064
335 0.0639 13725696
336 0.0585 13754368
337 0.0585 13733888
338 0.0589 13758464
339 0.0637 13832192
340 0.0589 13836288
341 0.0579 13967360
342 0.0663 13893632
343 0.0594 13934592
344 0.0593 13910016
345 0.0578 13914112
346 0.0638 13979648
347 0.0587 13918208
348 0.0581 14090240
349 0.0587 13971456
350 0.058 14077952
351 0.0615 14000128
352 0.0665 14110720
353 0.0632 14135296
354 0.0622 14135296
355 0.0565 14086144
356 0.0665 14159872
357 0.0596 14229504
358 0.0635 14200832
359 0.0647 14217216
360 0.0614 14282752
361 0.063 14483456
362 0.0646 14323712
363 0.0654 14364672
364 0.0692 14356480
365 0.0642 14364672
366 0.0669 14528512
367 0.0726 14413824
368 0.0681 14360576
369 0.0689 14610432
370 0.0662 14413824
371 0.063 14516224
372 0.065 14516224
373 0.066 14712832
374 0.0706 14614528
375 0.0691 14614528
376 0.0648 14618624
377 0.0716 14618624
378 0.0652 14700544
379 0.0751 14733312
380 0.0687 14733312
381 0.0662 14671872
382 0.069 14766080
383 0.0743 14917632
384 0.0733 14811136
385 0.0712 14843904
386 0.0747 14835712
387 0.0662 14856192
388 0.0675 14938112
389 0.0678 14897152
390 0.0684 14946304
391 0.0686 14995456
392 0.071 15020032
393 0.0661 14938112
394 0.07 15048704
395 0.0709 15028224
396 0.0699 15028224
397 0.0741 15114240
398 0.0722 15036416
399 0.0705 15212544
400 0.0792 15228928
401 0.0745 15155200
402 0.0759 15241216
403 0.0733 15294464
404 0.0798 15286272
405 0.071 15249408
406 0.08 15343616
407 0.0716 15376384
408 0.0807 15384576
409 0.0728 15400960
410 0.0755 15470592
411 0.0714 15368192
412 0.0749 15429632
413 0.0761 15532032
414 0.0744 15503360
415 0.073 15470592
416 0.0729 15548416
417 0.0743 15572992
418 0.0756 15613952
419 0.0734 15605760
420 0.0759 15679488
421 0.0756 15753216
422 0.0782 15732736
423 0.08 15736832
424 0.0767 15761408
425 0.0766 15687680
426 0.0754 15712256
427 0.0812 15728640
428 0.0758 15757312
429 0.0779 15814656
430 0.0787 15798272
431 0.0783 15851520
432 0.0812 15843328
433 0.0786 15892480
434 0.0845 15937536
435 0.0795 16039936
436 0.0836 16039936
437 0.0901 16158720
438 0.0801 16199680
439 0.0856 16154624
440 0.0873 16248832
441 0.0867 16261120
442 0.0843 16281600
443 0.0917 16461824
444 0.0839 16285696
445 0.0858 16318464
446 0.0876 16379904
447 0.092 16449536
448 0.0853 16375808
449 0.0848 16355328
450 0.0878 16596992
451 0.0879 16338944
452 0.0863 16453632
453 0.0872 16523264
454 0.0865 16519168
455 0.0864 16527360
456 0.0877 16465920
457 0.0853 16523264
458 0.0921 16572416
459 0.0845 16654336
460 0.1044 16650240
461 0.0893 16547840
462 0.0868 16695296
463 0.086 16642048
464 0.0876 16719872
465 0.0902 16932864
466 0.0888 16764928
467 0.0898 16773120
468 0.0884 16904192
469 0.0883 16871424
470 0.0984 16777216
471 0.0896 16801792
472 0.0912 17129472
473 0.0885 16924672
474 0.0931 17014784
475 0.0899 16916480
476 0.0999 17027072
477 0.0954 17027072
478 0.1007 17162240
479 0.0939 17108992
480 0.0972 17027072
481 0.095 17215488
482 0.0917 17195008
483 0.0958 17240064
484 0.0923 17141760
485 0.0926 17252352
486 0.0992 17293312
487 0.0907 17190912
488 0.1007 17293312
489 0.0958 17350656
490 0.096 17391616
491 0.0968 17391616
492 0.0944 17457152
493 0.0994 17477632
494 0.0996 17530880
495 0.1018 17670144
496 0.0955 17649664
497 0.116 17592320
498 0.0944 17518592
499 0.1042 17645568
500 0.1004 17580032
501 0.099 17645568
502 0.1003 17707008
503 0.1003 17616896
504 0.0991 17752064
505 0.1016 17969152
506 0.1034 17780736
507 0.1016 17817600
508 0.098 17801216
509 0.1034 17858560
510 0.1091 17903616
511 0.1027 17920000
512 0.1039 17952768
513 0.1011 17879040
514 0.117 18014208
515 0.1049 18169856
516 0.112 18055168
517 0.1016 17956864
518 0.1106 18108416
519 0.104 18182144
520 0.1074 18288640
521 0.1016 18104320
522 0.1057 18313216
523 0.1058 18235392
524 0.1089 18284544
525 0.1074 18321408
526 0.1075 18194432
527 0.1098 18395136
528 0.1119 18477056
529 0.1133 18391040
530 0.1072 18370560
531 0.1108 18452480
532 0.1096 18530304
533 0.1117 18534400
534 0.1158 18620416
535 0.1088 18604032
536 0.108 18513920
537 0.1162 18575360
538 0.1237 18599936
539 0.108 18677760
540 0.1142 18751488
541 0.1233 18759680
542 0.1189 18817024
543 0.1087 18800640
544 0.1133 18915328
545 0.1132 18706432
546 0.1107 18853888
547 0.1103 18935808
548 0.1148 19017728
549 0.12 18984960
550 0.1133 19001344
551 0.1196 18976768
552 0.1132 19001344
553 0.1229 19046400
554 0.1178 19087360
555 0.1216 19189760
556 0.1152 19087360
557 0.1177 19308544
558 0.113 19189760
559 0.1152 19210240
560 0.1178 19214336
561 0.1144 19206144
562 0.1177 19283968
563 0.1143 19320832
564 0.117 19369984
565 0.1241 19353600
566 0.1165 19419136
567 0.1195 19382272
568 0.1187 19488768
569 0.1173 19529728
570 0.1208 19525632
571 0.1202 19615744
572 0.1225 19628032
573 0.1186 19562496
574 0.1244 19558400
575 0.1188 19587072
576 0.1226 19611648
577 0.1218 19636224
578 0.1205 19746816
579 0.1184 19742720
580 0.1197 19836928
581 0.1232 19857408
582 0.1237 19832832
583 0.1262 19849216
584 0.1251 19914752
585 0.1217 19927040
586 0.1319 20213760
587 0.1266 19996672
588 0.1246 20119552
589 0.1221 20078592
590 0.1322 20119552
591 0.1249 20185088
592 0.1238 20176896
593 0.1281 20135936
594 0.1285 20254720
595 0.1341 20246528
596 0.1307 20283392
597 0.128 20316160
598 0.1297 20254720
599 0.1264 20369408
600 0.1268 20381696
601 0.1288 20344832
602 0.1274 20430848
603 0.1306 20406272
604 0.1358 20508672
605 0.1297 20586496
606 0.1316 20549632
607 0.1303 20492288
608 0.138 20606976
609 0.1324 20664320
610 0.1347 20619264
611 0.1293 20635648
612 0.1386 20766720
613 0.1379 20828160
614 0.1351 20819968
615 0.1361 20844544
616 0.1333 20733952
617 0.1397 20877312
618 0.1373 20922368
619 0.1446 21274624
620 0.1394 20979712
621 0.1406 20987904
622 0.1445 21127168
623 0.1421 21065728
624 0.137 21045248
625 0.1523 21094400
626 0.1455 21180416
627 0.1364 21192704
628 0.1366 21151744
629 0.1406 21217280
630 0.1427 21393408
631 0.1381 21340160
632 0.1429 21364736
633 0.1429 21458944
634 0.1455 21344256
635 0.1401 21450752
636 0.1406 21442560
637 0.1504 21745664
638 0.1465 21569536
639 0.1455 21643264
640 0.1634 21946368
641 0.1556 21749760
642 0.1624 21667840
643 0.1653 22032384
644 0.1729 22028288
645 0.1622 21921792
646 0.1492 21835776
647 0.1453 21737472
648 0.1463 21774336
649 0.1515 22085632
650 0.1467 21934080
651 0.151 21921792
652 0.1581 22327296
653 0.2185 22392832
654 0.1979 22429696
655 0.1722 22425600
656 0.1725 22319104
657 0.1519 22315008
658 0.154 22134784
659 0.1647 22343680
660 0.1909 22528000
661 0.1673 22528000
662 0.1684 22487040
663 0.2548 22552576
664 0.1762 22532096
665 0.1743 22589440
666 0.169 22437888
667 0.1928 22552576
668 0.1769 22528000
669 0.1537 22528000
670 0.1547 22573056
671 0.1567 22638592
672 0.1568 22642688
673 0.1526 22568960
674 0.1543 22708224
675 0.155 22773760
676 0.1604 22806528
677 0.1541 22700032
678 0.1542 22728704
679 0.164 22994944
680 0.1756 22839296
681 0.1708 23252992
682 0.2269 23248896
683 0.1966 23384064
684 0.162 23285760
685 0.1628 23093248
686 0.1638 22999040
687 0.1718 23523328
688 0.1604 23269376
689 0.1741 23273472
690 0.1834 23597056
691 0.2082 23613440
692 0.2327 23654400
693 0.1879 23392256
694 0.207 23687168
695 0.1867 23646208
696 0.2159 23687168
697 0.2393 23724032
698 0.2152 23875584
699 0.1813 23678976
700 0.1677 23552000
701 0.1676 23572480
702 0.1662 23662592
703 0.1664 23732224
704 0.1743 24182784
705 0.1718 23617536
706 0.1733 24002560
707 0.1673 23740416
708 0.1659 23699456
709 0.1753 24350720
710 0.2102 24203264
711 0.2506 24260608
712 0.1693 24047616
713 0.1691 23973888
714 0.1869 24346624
715 0.2408 24334336
716 0.1686 24154112
717 0.1671 24096768
718 0.1843 24322048
719 0.1784 24453120
720 0.2358 24715264
721 0.1801 24322048
722 0.2079 24580096
723 0.1729 24285184
724 0.1816 24317952
725 0.1696 24244224
726 0.1708 24330240
727 0.1936 24535040
728 0.1795 24641536
729 0.1804 24588288
730 0.1845 24727552
731 0.1834 24600576
732 0.1885 24735744
733 0.1808 24567808
734 0.1792 24711168
735 0.1773 24907776
736 0.1907 24780800
737 0.181 24715264
738 0.1847 24805376
739 0.1854 24920064
740 0.1818 25018368
741 0.1833 25088000
742 0.1851 24924160
743 0.1838 25124864
744 0.1884 25075712
745 0.19 25145344
746 0.1914 25202688
747 0.1991 25534464
748 0.182 25153536
749 0.1922 25235456
750 0.1901 25321472
751 0.1943 25341952
752 0.1868 25366528
753 0.1834 25419776
754 0.1919 25272320
755 0.1956 25411584
756 0.1911 25395200
757 0.1828 25612288
758 0.1934 25550848
759 0.1925 25956352
760 0.1966 25669632
761 0.1922 25706496
762 0.1939 25747456
763 0.1971 25722880
764 0.1933 25649152
765 0.1915 25858048
766 0.1916 25825280
767 0.2033 25968640