1 0.0026 8388608
2 0.0037 8413184
3 0.0039 8421376
4 0.0029 8433664
5 0.0029 8433664
6 0.0031 8441856
7 0.0031 8462336
8 0.0031 8482816
9 0.0039 8478720
10 0.0047 8495104
11 0.0047 8503296
12 0.0037 8527872
13 0.0053 8531968
14 0.0057 8552448
15 0.0054 8552448
16 0.0047 8564736
17 0.0047 8581120
18 0.0062 8585216
19 0.006 8601600
20 0.005 8609792
21 0.0051 8613888
22 0.0065 8622080
23 0.0044 8638464
24 0.0066 8642560
25 0.0071 8663040
26 0.005 8691712
27 0.0058 8691712
28 0.008 8687616
29 0.0075 8695808
30 0.0054 8724480
31 0.0057 8740864
32 0.0062 8744960
33 0.0061 8744960
34 0.0081 8753152
35 0.0083 8757248
36 0.0062 8769536
37 0.0077 8802304
38 0.0079 8802304
39 0.0061 8826880
40 0.0071 8810496
41 0.0066 8810496
42 0.0066 8851456
43 0.0064 8867840
44 0.0096 8880128
45 0.0075 8892416
46 0.0097 8900608
47 0.0067 8912896
48 0.0099 8925184
49 0.0069 8949760
50 0.0074 8982528
51 0.0078 8970240
52 0.0073 8949760
53 0.0099 8970240
54 0.0079 9015296
55 0.0113 9007104
56 0.0077 9035776
57 0.0094 9039872
58 0.0086 9060352
59 0.0077 9056256
60 0.0086 9056256
61 0.0091 9076736
62 0.01 9101312
63 0.009 9138176
64 0.0083 9093120
65 0.009 9142272
66 0.0126 9138176
67 0.0093 9154560
68 0.0096 9146368
69 0.0093 9191424
70 0.0129 9191424
71 0.0142 9203712
72 0.011 9232384
73 0.011 9248768
74 0.0125 9248768
75 0.0108 9269248
76 0.0101 9244672
77 0.0135 9322496
78 0.0102 9277440
79 0.0143 9314304
80 0.0114 9347072
81 0.0104 9310208
82 0.0112 9359360
83 0.011 9363456
84 0.0112 9351168
85 0.0116 9412608
86 0.0126 9412608
87 0.0154 9433088
88 0.0114 9428992
89 0.0163 9445376
90 0.0116 9461760
91 0.0116 9482240
92 0.0131 9498624
93 0.0122 9494528
94 0.0123 9510912
95 0.0127 9523200
96 0.0151 9551872
97 0.0142 9560064
98 0.0146 9584640
99 0.0178 9576448
100 0.0142 9637888
101 0.0139 9633792
102 0.0167 9662464
103 0.0136 9658368
104 0.0139 9695232
105 0.0146 9691136
106 0.0136 9674752
107 0.0155 9715712
108 0.0158 9748480
109 0.0156 9764864
110 0.0195 9777152
111 0.0144 9789440
112 0.0151 9814016
113 0.015 9809920
114 0.0159 9826304
115 0.0156 9842688
116 0.0188 9850880
117 0.0152 9854976
118 0.0201 9928704
119 0.0151 9871360
120 0.0199 9965568
121 0.0174 9920512
122 0.0206 9945088
123 0.0162 9969664
124 0.0156 9981952
125 0.0205 9990144
126 0.0164 9998336
127 0.0185 10039296
128 0.0169 10043392
129 0.0191 10072064
130 0.0221 10067968
131 0.0329 10104832
132 0.0278 10104832
133 0.0184 10129408
134 0.0247 10113024
135 0.0192 10133504
136 0.0211 10182656
137 0.0189 10141696
138 0.0243 10203136
139 0.0195 10186752
140 0.0228 10317824
141 0.0259 10276864
142 0.0311 10305536
143 0.0273 10317824
144 0.025 10297344
145 0.0238 10366976
146 0.0253 10362880
147 0.024 10432512
148 0.0215 10383360
149 0.0197 10391552
150 0.0209 10383360
151 0.0243 10412032
152 0.0232 10477568
153 0.0251 10477568
154 0.0259 10448896
155 0.0207 10436608
156 0.0227 10485760
157 0.0225 10526720
158 0.0219 10481664
159 0.0225 10539008
160 0.0286 10629120
161 0.0219 10563584
162 0.0229 10579968
163 0.0255 10629120
164 0.0223 10584064
165 0.0241 10637312
166 0.0255 10649600
167 0.026 10719232
168 0.0248 10678272
169 0.0273 10690560
170 0.0302 10780672
171 0.0244 10698752
172 0.0246 10747904
173 0.0265 10760192
174 0.0243 10764288
175 0.0262 10768384
176 0.0257 10784768
177 0.0255 10829824
178 0.0246 10825728
179 0.0259 10878976
180 0.0261 10821632
181 0.0274 10883072
182 0.0263 10895360
183 0.0272 10883072
184 0.0285 11010048
185 0.027 10928128
186 0.0266 10944512
187 0.0309 11001856
188 0.0278 10981376
189 0.0302 11128832
190 0.0312 11042816
191 0.0309 11137024
192 0.0421 11120640
193 0.0309 11091968
194 0.033 11100160
195 0.031 11128832
196 0.0288 11116544
197 0.0303 11116544
198 0.0321 11153408
199 0.0294 11182080
200 0.0281 11194368
201 0.0301 11186176
202 0.0538 11239424
203 0.0361 11329536
204 0.0361 11358208
205 0.0313 11272192
206 0.0316 11309056
207 0.0304 11321344
208 0.0336 11354112
209 0.0331 11378688
210 0.0326 11395072
211 0.0338 11448320
212 0.0313 11427840
213 0.0304 11407360
214 0.035 11517952
215 0.0319 11489280
216 0.0328 11481088
217 0.0338 11530240
218 0.0326 11546624
219 0.0322 11505664
220 0.0314 11546624
221 0.0375 11595776
222 0.0352 11599872
223 0.0356 11649024
224 0.0353 11632640
225 0.0349 11649024
226 0.0332 11685888
227 0.038 11706368
228 0.0366 11714560
229 0.0346 11747328
230 0.0334 11710464
231 0.0368 11730944
232 0.038 11755520
233 0.0375 11845632
234 0.037 11821056
235 0.0408 11890688
236 0.0364 11812864
237 0.036 11825152
238 0.0399 11931648
239 0.0381 11927552
240 0.0424 11915264
241 0.0359 11948032
242 0.0417 11902976
243 0.0369 11952128
244 0.0412 11984896
245 0.043 12017664
246 0.0395 12034048
247 0.0427 12066816
248 0.0382 12066816
249 0.038 12054528
250 0.0394 12083200
251 0.0385 12091392
252 0.0444 12128256
253 0.0441 12177408
254 0.0446 12156928
255 0.0391 12161024
256 0.0403 12161024
257 0.0397 12214272
258 0.0415 12193792
259 0.0409 12230656
260 0.046 12320768
261 0.0455 12275712
262 0.0463 12247040
263 0.0408 12320768
264 0.0421 12304384
265 0.046 12374016
266 0.0477 12324864
267 0.0446 12378112
268 0.0462 12500992
269 0.0454 12443648
270 0.0444 12423168
271 0.0477 12460032
272 0.0486 12406784
273 0.0505 12476416
274 0.0494 12521472
275 0.0417 12541952
276 0.0447 12521472
277 0.0457 12619776
278 0.048 12529664
279 0.0484 12652544
280 0.0439 12582912
281 0.05 12603392
282 0.0497 12603392
283 0.0513 12632064
284 0.0494 12705792
285 0.0513 12697600
286 0.044 12754944
287 0.0507 12857344
288 0.0474 12734464
289 0.0473 12767232
290 0.0514 12857344
291 0.0468 12791808
292 0.0461 12812288
293 0.0448 12836864
294 0.0471 12853248
295 0.0465 12926976
296 0.0505 12914688
297 0.051 13017088
298 0.0509 12935168
299 0.0488 13025280
300 0.0508 13070336
301 0.0492 13152256
302 0.0497 13033472
303 0.051 13139968
304 0.0488 13058048
305 0.0495 13053952
306 0.0481 13074432
307 0.0493 13127680
308 0.0542 13213696
309 0.0518 13119488
310 0.0554 13209600
311 0.0513 13201408
312 0.0499 13221888
313 0.0597 13291520
314 0.0525 13287424
315 0.0535 13332480
316 0.0513 13320192
317 0.0533 13344768
318 0.0522 13381632
319 0.0532 13426688
320 0.0588 13455360
321 0.0557 13516800
322 0.0585 13475840
323 0.054 13467648
324 0.0549 13549568
325 0.059 13639680
326 0.0537 13619200
327 0.0544 13688832
328 0.0543 13692928
329 0.0536 13651968
330 0.0553 13635584
331 0.0597 13647872
332 0.058 13721600
333 0.0565 13819904
334 0.0617 13807616
335 0.0558 13766656
336 0.063 13729792
337 0.0564 13742080
338 0.0583 13733888
339 0.0576 13828096
340 0.0553 13881344
341 0.0597 13869056
342 0.0639 14004224
343 0.0602 14036992
344 0.0562 13824000
345 0.0642 14024704
346 0.0661 14102528
347 0.063 14041088
348 0.0637 14069760
349 0.0575 14102528
350 0.0623 14077952
351 0.066 14061568
352 0.0664 14036992
353 0.0622 14106624
354 0.067 14295040
355 0.062 14270464
356 0.0667 14188544
357 0.0616 14180352
358 0.063 14381056
359 0.0635 14209024
360 0.0678 14405632
361 0.0606 14340096
362 0.0606 14356480
363 0.0666 14299136
364 0.0667 14270464
365 0.0616 14372864
366 0.0647 14307328
367 0.0709 14475264
368 0.0668 14368768
369 0.0665 14422016
370 0.0694 14475264
371 0.0656 14450688
372 0.0645 14540800
373 0.0692 14528512
374 0.071 14585856
375 0.0639 14659584
376 0.0718 14635008
377 0.0673 14573568
378 0.0693 14675968
379 0.0679 14753792
380 0.0655 14880768
381 0.0688 14786560
382 0.0675 14794752
383 0.0781 14770176
384 0.0694 14823424
385 0.0767 14848000
386 0.072 14860288
387 0.0711 14839808
388 0.0687 14913536
389 0.0684 14925824
390 0.0684 14970880
391 0.075 15167488
392 0.0779 15122432
393 0.0762 15101952
394 0.0778 15048704
395 0.0702 15003648
396 0.0733 15106048
397 0.0789 15196160
398 0.0716 15212544
399 0.0717 15122432
400 0.0754 15167488
401 0.0727 15122432
402 0.0788 15159296
403 0.0746 15511552
404 0.0779 15196160
405 0.0798 15278080
406 0.0762 15282176
407 0.0732 15282176
408 0.0756 15425536
409 0.0789 15544320
410 0.0749 15429632
411 0.0788 15380480
412 0.0821 15511552
413 0.0809 15486976
414 0.0786 15515648
415 0.0795 15548416
416 0.0795 15585280
417 0.0817 15597568
418 0.0793 15572992
419 0.0801 15646720
420 0.0779 15568896
421 0.0752 15671296
422 0.0815 15691776
423 0.0767 15646720
424 0.0832 15790080
425 0.0775 15814656
426 0.0848 15777792
427 0.0806 15728640
428 0.0795 15892480
429 0.0801 15900672
430 0.0816 15790080
431 0.0808 15949824
432 0.0847 15978496
433 0.0786 15876096
434 0.0831 15953920
435 0.0808 16343040
436 0.0811 16109568
437 0.0824 16060416
438 0.0871 16048128
439 0.087 16142336
440 0.0911 16175104
441 0.0847 16125952
442 0.0829 16211968
443 0.0826 16191488
444 0.0828 16343040
445 0.0916 16531456
446 0.0865 16334848
447 0.0832 16297984
448 0.0846 16363520
449 0.0905 16400384
450 0.0847 16478208
451 0.0847 16437248
452 0.0828 16457728
453 0.0898 16633856
454 0.089 16687104
455 0.0887 16678912
456 0.0933 16527360
457 0.0897 16560128
458 0.0873 16674816
459 0.0927 16670720
460 0.088 16629760
461 0.09 16662528
462 0.0932 16736256
463 0.0915 16711680
464 0.0945 16814080
465 0.0998 16805888
466 0.0912 16773120
467 0.0893 16805888
468 0.0888 16789504
469 0.0949 16900096
470 0.0927 16932864
471 0.0941 17047552
472 0.0928 17137664
473 0.0991 16916480
474 0.0931 17063936
475 0.094 17108992
476 0.0903 17002496
477 0.0922 17055744
478 0.0978 17059840
479 0.0922 17100800
480 0.0934 17092608
481 0.0986 17289216
482 0.0953 17211392
483 0.0993 17231872
484 0.0939 17285120
485 0.0987 17223680
486 0.1032 17399808
487 0.0958 17301504
488 0.0927 17375232
489 0.1036 17567744
490 0.0927 17387520
491 0.1041 17465344
492 0.1058 17453056
493 0.1016 17379328
494 0.0957 17403904
495 0.0966 17477632
496 0.1047 17629184
497 0.0973 17539072
498 0.0967 17616896
499 0.0962 17563648
500 0.1113 17666048
501 0.1 17580032
502 0.0978 17739776
503 0.1109 17797120
504 0.1027 17653760
505 0.1043 17752064
506 0.1039 17887232
507 0.105 17793024
508 0.1037 17846272
509 0.102 17891328
510 0.1012 17866752
511 0.1077 17879040
512 0.0995 17887232
513 0.0992 17969152
514 0.101 17915904
515 0.1031 17932288
516 0.1016 17981440
517 0.1028 18092032
518 0.1114 18313216
519 0.1054 18165760
520 0.1045 18202624
521 0.1064 18296832
522 0.1133 18419712
523 0.108 18198528
524 0.1151 18264064
525 0.1126 18219008
526 0.1095 18194432
527 0.1043 18386944
528 0.1041 18427904
529 0.1152 18419712
530 0.11 18333696
531 0.1107 18485248
532 0.1123 18493440
533 0.1127 18690048
534 0.1057 18546688
535 0.1182 18583552
536 0.1129 18636800
537 0.112 18595840
538 0.1137 18755584
539 0.1151 18673664
540 0.1177 18673664
541 0.1078 18747392
542 0.1096 18763776
543 0.1208 18706432
544 0.1145 18927616
545 0.1188 18817024
546 0.116 18894848
547 0.1091 18923520
548 0.1114 18927616
549 0.1217 18931712
550 0.1245 18948096
551 0.1183 18989056
552 0.119 19230720
553 0.1185 19017728
554 0.1173 19210240
555 0.1161 19111936
556 0.122 19288064
557 0.1183 19140608
558 0.12 19083264
559 0.1206 19329024
560 0.1166 19234816
561 0.1173 19296256
562 0.1208 19218432
563 0.1251 19472384
564 0.1278 19668992
565 0.1284 19550208
566 0.1275 19402752
567 0.116 19443712
568 0.1157 19390464
569 0.129 19484672
570 0.1175 19595264
571 0.1279 19689472
572 0.1239 19558400
573 0.1204 19603456
574 0.1199 19664896
575 0.1244 19742720
576 0.1214 19599360
577 0.1194 19722240
578 0.1267 19976192
579 0.1238 19779584
580 0.1216 19849216
581 0.1287 19800064
582 0.1288 19865600
583 0.1299 19918848
584 0.1344 19865600
585 0.1333 20332544
586 0.1248 19890176
587 0.1224 20004864
588 0.1299 19963904
589 0.1339 20103168
590 0.1357 20127744
591 0.1338 20418560
592 0.1322 20172800
593 0.1258 20217856
594 0.1316 20275200
595 0.1352 20303872
596 0.1318 20234240
597 0.1332 20307968
598 0.1299 20246528
599 0.1324 20303872
600 0.138 20422656
601 0.1347 20410368
602 0.1342 20480000
603 0.1334 20615168
604 0.1369 20455424
605 0.1386 20500480
606 0.1386 20606976
607 0.1329 20566016
608 0.1375 20590592
609 0.1294 20668416
610 0.1318 20668416
611 0.1397 20631552
612 0.1418 20951040
613 0.1356 20897792
614 0.1413 20717568
615 0.1373 20811776
616 0.136 20848640
617 0.1406 21032960
618 0.1404 20856832
619 0.1427 21229568
620 0.1427 21020672
621 0.1334 21008384
622 0.1433 21053440
623 0.1417 21159936
624 0.1429 21086208
625 0.1498 21176320
626 0.1389 21364736
627 0.1386 21217280
628 0.1662 21508096
629 0.1469 21434368
630 0.1607 21405696
631 0.1521 21614592
632 0.15 21360640
633 0.1506 21573632
634 0.2146 21733376
635 0.1796 21757952
636 0.152 21790720
637 0.155 21872640
638 0.1504 21708800
639 0.1608 21770240
640 0.1968 21880832
641 0.1949 22032384
642 0.1762 22069248
643 0.1755 22016000
644 0.1634 21917696
645 0.1661 21766144
646 0.1443 21835776
647 0.1442 21852160
648 0.1616 22065152
649 0.1488 21860352
650 0.1838 22200320
651 0.1443 21827584
652 0.1502 22163456
653 0.1459 21893120
654 0.148 22044672
655 0.1485 22138880
656 0.1503 22360064
657 0.1692 22159360
658 0.1534 22171648
659 0.1523 22228992
660 0.1561 22331392
661 0.1567 22487040
662 0.1715 22474752
663 0.1632 22556672
664 0.1651 22671360
665 0.1573 22691840
666 0.1803 22896640
667 0.1809 22847488
668 0.1635 22503424
669 0.2003 22806528
670 0.2431 22863872
671 0.1832 22908928
672 0.182 22941696
673 0.187 22990848
674 0.206 23048192
675 0.1687 22781952
676 0.178 23015424
677 0.1729 23105536
678 0.1636 23105536
679 0.1768 22917120
680 0.2034 23220224
681 0.1614 22904832
682 0.1631 23089152
683 0.1644 23121920
684 0.157 22978560
685 0.1591 23175168
686 0.1677 23097344
687 0.1599 23175168
688 0.1652 23203840
689 0.1569 23105536
690 0.1598 23089152
691 0.1593 23261184
692 0.1713 23240704
693 0.1612 23216128
694 0.1608 23314432
695 0.1623 23351296
696 0.1644 23461888
697 0.1645 23465984
698 0.1619 23425024
699 0.164 23597056
700 0.1692 23662592
701 0.1589 23502848
702 0.1717 23584768
703 0.168 23695360
704 0.165 23711744
705 0.1639 23818240
706 0.1715 23756800
707 0.17 23818240
708 0.1685 23838720
709 0.1714 23891968
710 0.1791 24256512
711 0.165 23953408
712 0.1668 24035328
713 0.1756 24002560
714 0.1729 24092672
715 0.1763 24018944
716 0.1727 24141824
717 0.1711 24084480
718 0.1724 24170496
719 0.1717 24121344
720 0.1765 24530944
721 0.1741 24313856
722 0.1732 24317952
723 0.1792 24301568
724 0.1727 24424448
725 0.1728 24379392
726 0.1719 24510464
727 0.1772 24535040
728 0.1739 24588288
729 0.1792 24616960
730 0.1782 24571904
731 0.1817 24924160
732 0.1752 24678400
733 0.182 25079808
734 0.1807 24698880
735 0.183 24780800
736 0.1768 24662016
737 0.1779 24694784
738 0.1817 24862720
739 0.1749 24784896
740 0.1764 24866816
741 0.1793 24825856
742 0.1764 24858624
743 0.1781 25075712
744 0.1916 25550848
745 0.1878 25243648
746 0.1778 25038848
747 0.1838 25243648
748 0.1825 25276416
749 0.1891 25280512
750 0.1869 25321472
751 0.19 25415680
752 0.1889 25399296
753 0.1932 25640960
754 0.1901 25415680
755 0.1916 25423872
756 0.1885 25550848
757 0.1837 25600000
758 0.1909 25489408
759 0.1912 25608192
760 0.1911 25722880
761 0.1855 25690112
762 0.1887 25772032
763 0.1876 25862144
764 0.1855 25714688
765 0.1869 25903104
766 0.1874 25833472
767 0.1973 26030080