1 0.0022 3772416
2 0.0024 3776512
3 0.0026 3788800
4 0.0023 3792896
5 0.0024 3796992
6 0.0024 3821568
7 0.0025 3833856
8 0.0024 3842048
9 0.0026 3850240
10 0.003 3862528
11 0.0026 3887104
12 0.0027 3891200
13 0.0028 3903488
14 0.0026 3928064
15 0.0029 3940352
16 0.0028 3952640
17 0.0029 3964928
18 0.0028 3981312
19 0.0041 3989504
20 0.0028 4001792
21 0.0031 4018176
22 0.003 4034560
23 0.003 4046848
24 0.003 4059136
25 0.0039 4071424
26 0.0031 4083712
27 0.0041 4091904
28 0.0034 4104192
29 0.0033 4116480
30 0.0033 4145152
31 0.0034 4157440
32 0.0035 4169728
33 0.0033 4177920
34 0.0035 4198400
35 0.0035 4210688
36 0.0037 4222976
37 0.0036 4231168
38 0.0038 4247552
39 0.0037 4259840
40 0.0036 4280320
41 0.004 4292608
42 0.0038 4304896
43 0.0038 4317184
44 0.0039 4329472
45 0.004 4341760
46 0.0039 4354048
47 0.0041 4362240
48 0.0041 4403200
49 0.0047 4411392
50 0.0044 4423680
51 0.0048 4440064
52 0.0043 4456448
53 0.0042 4472832
54 0.0043 4485120
55 0.0043 4493312
56 0.0044 4505600
57 0.0045 4517888
58 0.0044 4538368
59 0.0045 4550656
60 0.0045 4575232
61 0.0046 4583424
62 0.0046 4595712
63 0.0047 4616192
64 0.0048 4620288
65 0.0047 4640768
66 0.0048 4657152
67 0.0051 4677632
68 0.0049 4689920
69 0.005 4698112
70 0.0049 4706304
71 0.005 4730880
72 0.0056 4743168
73 0.0051 4759552
74 0.0052 4763648
75 0.0052 4780032
76 0.0052 4800512
77 0.0053 4808704
78 0.0054 4812800
79 0.0059 4841472
80 0.0053 4853760
81 0.0054 4870144
82 0.0054 4890624
83 0.0056 4907008
84 0.0059 4915200
85 0.0056 4923392
86 0.0057 4939776
87 0.0057 4960256
88 0.0058 4972544
89 0.0058 4988928
90 0.006 5005312
91 0.0058 5021696
92 0.006 5025792
93 0.0059 5042176
94 0.006 5050368
95 0.0063 5066752
96 0.0062 5087232
97 0.0061 5103616
98 0.0062 5124096
99 0.0062 5140480
100 0.0062 5152768
101 0.0063 5169152
102 0.008 5206016
103 0.0064 5197824
104 0.0064 5214208
105 0.0065 5226496
106 0.0065 5226496
107 0.0067 5251072
108 0.0068 5267456
109 0.0069 5296128
110 0.0068 5316608
111 0.0068 5324800
112 0.0068 5337088
113 0.0069 5365760
114 0.0068 5369856
115 0.0072 5390336
116 0.007 5398528
117 0.0071 5431296
118 0.0071 5414912
119 0.0071 5439488
120 0.0075 5459968
121 0.0075 5476352
122 0.0073 5480448
123 0.0074 5500928
124 0.0077 5533696
125 0.0075 5521408
126 0.0083 5582848
127 0.0077 5562368
128 0.0077 5570560
129 0.0076 5595136
130 0.0076 5603328
131 0.0084 5656576
132 0.0079 5640192
133 0.0079 5656576
134 0.008 5668864
135 0.0079 5685248
136 0.0081 5701632
137 0.0085 5775360
138 0.0092 5767168
139 0.0085 5763072
140 0.0097 5824512
141 0.0081 5783552
142 0.0082 5799936
143 0.0086 5873664
144 0.0085 5840896
145 0.01 5902336
146 0.0085 5869568
147 0.0088 5951488
148 0.0105 5947392
149 0.0091 5963776
150 0.0087 5926912
151 0.0088 6004736
152 0.0104 6012928
153 0.0088 5976064
154 0.0092 6049792
155 0.009 6012928
156 0.0091 6021120
157 0.0109 6090752
158 0.0093 6062080
159 0.0093 6127616
160 0.0094 6074368
161 0.0115 6144000
162 0.0116 6127616
163 0.0093 6135808
164 0.0158 6164480
165 0.0123 6176768
166 0.0154 6172672
167 0.011 6209536
168 0.0144 6225920
169 0.0107 6225920
170 0.0102 6250496
171 0.0099 6254592
172 0.0102 6275072
173 0.0128 6389760
174 0.0102 6311936
175 0.0101 6307840
176 0.0102 6324224
177 0.0101 6348800
178 0.0105 6361088
179 0.0104 6389760
180 0.011 6524928
181 0.0138 6598656
182 0.0112 6430720
183 0.0103 6447104
184 0.0105 6459392
185 0.0106 6483968
186 0.0107 6496256
187 0.0136 6635520
188 0.0109 6541312
189 0.0108 6541312
190 0.0145 6737920
191 0.0109 6561792
192 0.011 6574080
193 0.0111 6602752
194 0.0112 6635520
195 0.0141 6758400
196 0.0115 6766592
197 0.0113 6660096
198 0.0113 6676480
199 0.0114 6701056
200 0.0153 6823936
201 0.0116 6742016
202 0.0115 6754304
203 0.0115 6754304
204 0.0146 6877184
205 0.0121 6799360
206 0.0118 6799360
207 0.016 7122944
208 0.0118 6840320
209 0.012 6856704
210 0.0118 6881280
211 0.012 6881280
212 0.0158 7147520
213 0.0123 6914048
214 0.0121 6926336
215 0.0121 6926336
216 0.0121 6946816
217 0.0121 6959104
218 0.0123 6979584
219 0.0156 7245824
220 0.0125 7012352
221 0.0124 7020544
222 0.0125 7041024
223 0.0133 7065600
224 0.0127 7077888
225 0.0125 7086080
226 0.0132 7094272
227 0.0126 7110656
228 0.013 7131136
229 0.0166 7442432
230 0.0134 7163904
231 0.0131 7233536
232 0.0134 7233536
233 0.0169 7557120
234 0.0137 7581696
235 0.0134 7282688
236 0.0133 7303168
237 0.0133 7331840
238 0.0135 7319552
239 0.0144 7348224
240 0.0137 7352320
241 0.0138 7368704
242 0.0141 7708672
243 0.0139 7389184
244 0.0137 7430144
245 0.0145 7426048
246 0.0185 7753728
247 0.0141 7467008
248 0.0141 7471104
249 0.0152 7782400
250 0.0145 7823360
251 0.0179 7733248
252 0.015 7528448
253 0.0146 7536640
254 0.0151 7565312
255 0.0143 7589888