1 0.0233 6078464
2 0.024 6094848
3 0.0289 6164480
4 0.029 6193152
5 0.0295 6225920
6 0.0248 6193152
7 0.0254 6230016
8 0.0264 6258688
9 0.0297 6344704
10 0.0265 6311936
11 0.0302 6414336
12 0.0314 6443008
13 0.0269 6430720
14 0.0282 6488064
15 0.0272 6492160
16 0.0321 6565888
17 0.0277 6553600
18 0.028 6639616
19 0.0332 6647808
20 0.0288 6656000
21 0.0293 6684672
22 0.031 6750208
23 0.0304 6750208
24 0.0296 6799360
25 0.0304 6819840
26 0.03 6852608
27 0.0327 6897664
28 0.0311 6950912
29 0.0329 7024640
30 0.0365 7073792
31 0.034 7061504
32 0.0334 7135232
33 0.0343 7176192
34 0.0345 7213056
35 0.0344 7266304
36 0.0353 7278592
37 0.0343 7315456
38 0.0345 7389184
39 0.0356 7397376
40 0.0362 7462912
41 0.0359 7520256
42 0.038 7557120
43 0.0392 7585792
44 0.0401 7639040
45 0.0369 7651328
46 0.0383 7725056
47 0.0401 7786496
48 0.038 7852032
49 0.0399 7872512
50 0.041 7917568
51 0.0406 7958528
52 0.0408 8007680
53 0.0413 8114176
54 0.0419 8175616
55 0.0427 8232960
56 0.0428 8265728
57 0.0415 8220672
58 0.0436 8372224
59 0.0432 8417280
60 0.0453 8409088
61 0.0442 8511488
62 0.0467 8568832
63 0.0452 8626176
64 0.0441 8577024
65 0.0465 8671232
66 0.0446 8679424
67 0.0464 8843264
68 0.047 8847360
69 0.0517 9084928
70 0.0483 8900608
71 0.0485 9039872
72 0.0487 9080832
73 0.0498 9134080
74 0.0504 9244672
75 0.0506 9195520
76 0.0578 9314304
77 0.0503 9371648
78 0.0517 9433088
79 0.0571 9465856
80 0.0517 9658368
81 0.0521 9555968
82 0.0525 9662464
83 0.0554 9723904
84 0.0568 9793536
85 0.054 9854976
86 0.0566 9883648
87 0.0537 9912320
88 0.0611 10010624
89 0.0574 10149888
90 0.0571 10149888
91 0.0629 10330112
92 0.0573 10248192
93 0.0591 10330112
94 0.0578 10379264
95 0.0594 10567680
96 0.0607 10522624
97 0.0588 10543104
98 0.0608 10645504
99 0.0601 10690560
100 0.0609 10792960
101 0.0613 10833920
102 0.0641 10928128
103 0.0658 10977280
104 0.0639 11051008
105 0.0637 11145216
106 0.0638 11202560
107 0.0712 11268096
108 0.0658 11444224
109 0.0665 11456512
110 0.0679 11476992
111 0.0679 11567104
112 0.0691 11632640
113 0.0673 11743232
114 0.0677 11792384
115 0.0702 11833344
116 0.0686 11907072
117 0.0699 11993088
118 0.071 12046336
119 0.0717 12120064
120 0.0718 12193792
121 0.0784 12263424
122 0.0732 12337152
123 0.0792 12439552
124 0.0743 12537856
125 0.0748 12570624
126 0.0747 12656640
127 0.0822 12738560
128 0.0752 12828672
129 0.0781 12955648
130 0.076 13000704
131 0.0786 13058048
132 0.0768 13242368
133 0.0784 13180928
134 0.0831 13303808
135 0.0791 13410304
136 0.0807 13508608
137 0.0805 13529088
138 0.0834 13643776
139 0.0811 13692928
140 0.0846 13803520
141 0.0833 13836288
142 0.0835 13963264
143 0.0834 14127104
144 0.0875 14229504
145 0.091 14299136
146 0.1031 14385152
147 0.0909 14475264
148 0.0889 14577664
149 0.0914 14643200
150 0.0895 14680064
151 0.0886 14811136
152 0.0918 14929920
153 0.0889 15048704
154 0.0908 15048704
155 0.0913 15159296
156 0.0917 15245312
157 0.0919 15323136
158 0.0925 15417344
159 0.0957 15499264
160 0.0946 15593472
161 0.0955 15683584
162 0.0953 15777792
163 0.1 15859712
164 0.1011 15925248
165 0.0974 16044032
166 0.0995 16113664
167 0.1042 16232448
168 0.1016 16228352
169 0.0988 16470016
170 0.1006 16412672
171 0.1048 16527360
172 0.1093 16543744
173 0.1035 16678912
174 0.1039 16723968
175 0.1046 16879616
176 0.1035 16936960
177 0.1043 17010688
178 0.1109 17108992
179 0.1095 17211392
180 0.1123 17338368
181 0.108 17416192
182 0.1086 17502208
183 0.1103 17584128
184 0.119 17764352
185 0.1096 17813504
186 0.11 17911808
187 0.1198 17973248
188 0.1205 18067456
189 0.114 18329600
190 0.114 18272256
191 0.1206 18395136
192 0.1151 18386944
193 0.1141 18554880
194 0.1194 18833408
195 0.1195 18817024
196 0.1179 18903040
197 0.1182 18972672
198 0.1181 19087360
199 0.1202 19238912
200 0.1195 19312640
201 0.125 19361792
202 0.1265 19513344
203 0.1216 19607552
204 0.1238 19689472
205 0.128 20025344
206 0.1254 19935232
207 0.1273 20221952
208 0.1251 20185088
209 0.1297 20291584
210 0.1283 20348928
211 0.1305 20447232
212 0.1275 20594688
213 0.1294 20652032
214 0.1312 20791296
215 0.1296 20860928
216 0.1312 21020672
217 0.1336 21102592
218 0.1341 21229568
219 0.1344 21352448
220 0.138 21532672
221 0.1391 21561344
222 0.1354 21716992
223 0.1387 21987328
224 0.1375 21905408
225 0.1864 22061056
226 0.1508 22331392
227 0.1442 22360064
228 0.1388 22310912
229 0.1395 22429696
230 0.1403 22540288
231 0.1454 22724608
232 0.144 22773760
233 0.1498 23281664
234 0.1444 23023616
235 0.1435 23175168
236 0.1471 23298048
237 0.1535 23715840
238 0.1679 23621632
239 0.1508 23748608
240 0.1499 23846912
241 0.1572 24010752
242 0.1568 24109056
243 0.1515 24391680
244 0.1596 24416256
245 0.1567 24428544
246 0.1581 24653824
247 0.1534 24686592
248 0.1609 24801280
249 0.1641 25190400
250 0.1569 24993792
251 0.1612 25235456