1 0.0248 6131712
2 0.0241 6144000
3 0.0244 6160384
4 0.0246 6172672
5 0.0247 6193152
6 0.025 6287360
7 0.0253 6270976
8 0.0254 6291456
9 0.0296 6369280
10 0.0259 6344704
11 0.03 6422528
12 0.026 6418432
13 0.0266 6443008
14 0.0307 6520832
15 0.0267 6500352
16 0.027 6524928
17 0.031 6610944
18 0.0275 6651904
19 0.0275 6627328
20 0.0278 6660096
21 0.0286 6688768
22 0.0288 6770688
23 0.0285 6750208
24 0.0286 6770688
25 0.0293 6860800
26 0.0297 6836224
27 0.0297 6868992
28 0.0296 6905856
29 0.03 6983680
30 0.0342 7020544
31 0.0304 7012352
32 0.0312 7045120
33 0.0308 7073792
34 0.0351 7168000
35 0.0312 7151616
36 0.0316 7188480
37 0.0319 7282688
38 0.0319 7270400
39 0.0331 7311360
40 0.0366 7409664
41 0.0329 7405568
42 0.0331 7438336
43 0.0334 7475200
44 0.0338 7524352
45 0.0349 7639040
46 0.0342 7606272
47 0.0345 7647232
48 0.0347 7684096
49 0.0356 7802880
50 0.0395 7827456
51 0.0362 7823360
52 0.0362 7921664
53 0.0361 7909376
54 0.0408 8007680
55 0.037 7995392
56 0.0373 8044544
57 0.0377 8081408
58 0.0379 8126464
59 0.0411 8269824
60 0.0385 8216576
61 0.0388 8335360
62 0.0391 8380416
63 0.0396 8421376
64 0.04 8478720
65 0.0398 8523776
66 0.0408 8531968
67 0.041 8626176
68 0.0408 8687616
69 0.0457 8732672
70 0.0454 8785920
71 0.0424 8773632
72 0.0425 8892416
73 0.0423 8884224
74 0.0428 8929280
75 0.043 8982528
76 0.0433 9027584
77 0.0441 9080832
78 0.044 9129984
79 0.045 9191424
80 0.0489 9310208
81 0.0452 9310208
82 0.0459 9359360
83 0.0459 9469952
84 0.0507 9527296
85 0.0508 9576448
86 0.0476 9605120
87 0.0475 9662464
88 0.0482 9740288
89 0.0487 9781248
90 0.049 9916416
91 0.0495 9994240
92 0.0569 10018816
93 0.0637 10190848
94 0.0504 10117120
95 0.0511 10231808
96 0.0525 10231808
97 0.0522 10297344
98 0.0542 10416128
99 0.0568 10469376
100 0.0569 10534912
101 0.0536 10547200
102 0.0543 10637312
103 0.0545 10739712
104 0.0545 10752000
105 0.0591 10866688
106 0.0554 10883072
107 0.0559 10948608
108 0.0561 11001856
109 0.0567 11071488
110 0.0608 11198464
111 0.0578 11210752
112 0.0576 11288576
113 0.0583 11333632
114 0.0586 11407360
115 0.0591 11464704
116 0.0634 11579392
117 0.0604 11603968
118 0.0607 11681792
119 0.0607 11730944
120 0.0655 11866112
121 0.0615 11870208
122 0.0619 11952128
123 0.0628 12017664
124 0.0673 12144640
125 0.0635 12247040
126 0.0676 12304384
127 0.0641 12312576
128 0.0646 12455936
129 0.0652 12472320
130 0.0663 12640256
131 0.0659 12640256
132 0.0667 12730368
133 0.067 12873728
134 0.0672 12861440
135 0.072 12988416
136 0.0681 13025280
137 0.0691 13103104
138 0.0691 13168640
139 0.0697 13250560
140 0.0704 13385728
141 0.0709 13418496
142 0.071 13492224
143 0.0759 13606912
144 0.072 13651968
145 0.0724 13721600
146 0.0735 13819904
147 0.0748 13955072
148 0.0741 13983744
149 0.0747 14086144
150 0.0796 14229504
151 0.0797 14340096
152 0.0792 14372864
153 0.1006 14487552
154 0.0768 14557184
155 0.0774 14667776
156 0.0787 14753792
157 0.0828 14897152
158 0.0792 14897152
159 0.0791 14970880
160 0.0804 15155200
161 0.0805 15163392
162 0.0838 15253504
163 0.0817 15327232
164 0.0825 15409152
165 0.0828 15515648
166 0.0833 15589376
167 0.0844 15663104
168 0.0891 15814656
169 0.089 15867904
170 0.0857 15892480
171 0.0865 15982592
172 0.0869 16080896
173 0.0914 16236544
174 0.0879 16334848
175 0.089 16359424
176 0.0893 16453632
177 0.0898 16523264
178 0.0904 16695296
179 0.0913 16711680
180 0.0914 16809984
181 0.0915 16916480
182 0.093 17018880
183 0.0933 17113088
184 0.0984 17289216
185 0.0957 17313792
186 0.0996 17473536
187 0.0964 17518592
188 0.0971 17678336
189 0.098 17715200
190 0.0985 17809408
191 0.0987 17903616
192 0.0997 18079744
193 0.1 18108416
194 0.101 18284544
195 0.1013 18309120
196 0.1056 18481152
197 0.1038 18542592
198 0.1034 18628608
199 0.1038 18800640
200 0.1047 18784256
201 0.105 18907136
202 0.106 18984960
203 0.107 19058688
204 0.1071 19083264
205 0.1084 19206144
206 0.108 19312640
207 0.1089 19390464
208 0.1143 19537920
209 0.1111 19599360
210 0.1114 19718144
211 0.1163 19873792
212 0.1174 20000768
213 0.1129 20025344
214 0.1182 20287488
215 0.1146 20267008
216 0.1153 20422656
217 0.1158 20467712
218 0.1165 20574208
219 0.1176 20692992
220 0.1177 20819968
221 0.1188 20959232
222 0.1183 20996096
223 0.1195 21131264
224 0.1251 21282816
225 0.1211 21397504
226 0.1259 21499904
227 0.1221 21544960
228 0.123 21667840
229 0.1233 21786624
230 0.1244 21872640
231 0.1247 21999616
232 0.1258 22110208
233 0.1263 22216704
234 0.1271 22319104
235 0.1344 22536192
236 0.129 22532096
237 0.1296 22753280
238 0.1301 22798336
239 0.1311 22917120
240 0.136 23072768
241 0.1317 23134208
242 0.133 23236608
243 0.1344 23359488
244 0.1342 23470080
245 0.1348 23572480
246 0.136 23711744
247 0.1358 23810048
248 0.1371 23932928
249 0.1378 24027136
250 0.1392 24154112
251 0.1391 24268800
252 0.1447 24465408
253 0.1406 24510464
254 0.1418 24621056