1 0.0019 3477504
2 0.0018 3489792
3 0.002 3502080
4 0.0019 3493888
5 0.0028 3514368
6 0.0025 3563520
7 0.0021 3575808
8 0.0025 3588096
9 0.0022 3604480
10 0.0023 3624960
11 0.0023 3649536
12 0.0023 3674112
13 0.0029 3706880
14 0.0025 3690496
15 0.0025 3710976
16 0.0026 3739648
17 0.0028 3723264
18 0.0026 3751936
19 0.0028 3796992
20 0.0028 3780608
21 0.0027 3792896
22 0.0027 3801088
23 0.0034 3813376
24 0.0029 3854336
25 0.0039 3858432
26 0.0029 3883008
27 0.0035 3903488
28 0.003 3903488
29 0.0037 3948544
30 0.0032 3948544
31 0.0034 3948544
32 0.0032 3960832
33 0.0035 3977216
34 0.0046 3989504
35 0.0034 4014080
36 0.0035 4030464
37 0.0041 4034560
38 0.0036 4055040
39 0.0039 4067328
40 0.0037 4096000
41 0.0037 4108288
42 0.0038 4136960
43 0.004 4153344
44 0.0042 4177920
45 0.0042 4194304
46 0.004 4177920
47 0.0056 4194304
48 0.0052 4227072
49 0.0077 4251648
50 0.0045 4247552
51 0.0051 4292608
52 0.0046 4304896
53 0.0043 4284416
54 0.0043 4321280
55 0.0045 4337664
56 0.0046 4349952
57 0.0052 4362240
58 0.0045 4382720
59 0.0048 4403200
60 0.0047 4423680
61 0.0047 4431872
62 0.0055 4440064
63 0.0049 4456448
64 0.0069 4509696
65 0.0049 4501504
66 0.005 4517888
67 0.005 4521984
68 0.0051 4562944
69 0.0052 4558848
70 0.0052 4583424
71 0.0054 4620288
72 0.0054 4616192
73 0.0055 4632576
74 0.0059 4653056
75 0.0055 4665344
76 0.0055 4681728
77 0.0057 4702208
78 0.0058 4730880
79 0.0059 4755456
80 0.0063 4759552
81 0.0077 4800512
82 0.006 4792320
83 0.0089 4808704
84 0.0061 4820992
85 0.0062 4837376
86 0.0063 4861952
87 0.0064 4882432
88 0.007 4931584
89 0.0063 4907008
90 0.0065 4947968
91 0.0064 4964352
92 0.0065 4997120
93 0.0069 5021696
94 0.0079 5046272
95 0.0069 5050368
96 0.0069 5115904
97 0.007 5099520
98 0.0069 5095424
99 0.0085 5152768
100 0.0072 5140480
101 0.0071 5140480
102 0.0072 5169152
103 0.0075 5218304
104 0.0083 5230592
105 0.0075 5226496
106 0.0075 5242880
107 0.0075 5292032
108 0.0083 5337088
109 0.0079 5320704
110 0.0085 5353472
111 0.0079 5390336
112 0.0087 5390336
113 0.0079 5414912
114 0.0103 5484544
115 0.0092 5447680
116 0.0094 5476352
117 0.0124 5513216
118 0.0086 5537792
119 0.01 5529600
120 0.009 5541888
121 0.0086 5566464
122 0.0085 5586944
123 0.0109 5668864
124 0.0091 5685248
125 0.0113 5718016
126 0.0088 5652480
127 0.0094 5746688
128 0.0118 5775360
129 0.0093 5824512
130 0.0125 5767168
131 0.0102 5783552
132 0.0095 5857280
133 0.0092 5799936
134 0.0127 5898240
135 0.0098 5877760
136 0.0119 5943296
137 0.012 5976064
138 0.0096 5898240
139 0.0106 5963776
140 0.0098 5955584
141 0.0101 5947392
142 0.0103 6033408
143 0.0123 6107136
144 0.0104 6033408
145 0.0106 6057984
146 0.0105 6078464
147 0.0129 6152192
148 0.013 6168576
149 0.012 6164480
150 0.0132 6193152
151 0.0116 6230016
152 0.0117 6209536
153 0.011 6279168
154 0.0133 6316032
155 0.0138 6336512
156 0.0128 6291456
157 0.0141 6336512
158 0.0117 6303744
159 0.0115 6340608
160 0.0164 6406144
161 0.0144 6397952
162 0.0145 6418432
163 0.0147 6434816
164 0.0122 6451200
165 0.016 6455296
166 0.0149 6492160
167 0.015 6529024
168 0.0145 6512640
169 0.0159 6569984
170 0.0132 6574080
171 0.0125 6619136
172 0.0131 6602752
173 0.0146 6639616
174 0.0125 6672384
175 0.0124 6610944
176 0.016 6737920
177 0.0133 6729728
178 0.0128 6729728
179 0.0129 6754304
180 0.0164 6782976
181 0.0166 6795264
182 0.013 6819840
183 0.0165 6823936
184 0.0131 6791168
185 0.0177 6914048
186 0.0173 6901760
187 0.0141 6897664
188 0.0155 6909952
189 0.0145 6934528
190 0.0142 6959104
191 0.0138 6946816
192 0.016 7041024
193 0.0164 7151616
194 0.0172 7118848
195 0.0152 7102464
196 0.0186 7147520
197 0.0149 7102464
198 0.0187 7176192
199 0.0169 7200768
200 0.0183 7200768
201 0.0193 7204864
202 0.0174 7237632
203 0.0191 7327744
204 0.0148 7225344
205 0.0157 7270400
206 0.0156 7299072
207 0.0193 7323648
208 0.0168 7372800
209 0.0204 7462912
210 0.0194 7421952
211 0.0198 7450624
212 0.0203 7413760
213 0.0204 7438336
214 0.0194 7573504
215 0.0197 7512064
216 0.0208 7581696
217 0.0176 7528448
218 0.0225 7733248
219 0.0159 7516160