1 0.0019 3485696
2 0.0019 3481600
3 0.0019 3489792
4 0.002 3493888
5 0.002 3506176
6 0.0025 3575808
7 0.0026 3596288
8 0.0022 3588096
9 0.0022 3604480
10 0.0024 3616768
11 0.0034 3645440
12 0.0025 3665920
13 0.0024 3674112
14 0.0026 3682304
15 0.0024 3702784
16 0.0027 3710976
17 0.0029 3723264
18 0.0027 3751936
19 0.0026 3764224
20 0.0029 3780608
21 0.0033 3805184
22 0.0027 3801088
23 0.0038 3858432
24 0.0029 3846144
25 0.0029 3858432
26 0.0043 3891200
27 0.0037 3907584
28 0.003 3903488
29 0.0033 3915776
30 0.0031 3932160
31 0.0033 3956736
32 0.004 3981312
33 0.0035 3977216
34 0.0033 3989504
35 0.0041 4005888
36 0.0035 4030464
37 0.0037 4075520
38 0.0035 4055040
39 0.0037 4067328
40 0.0045 4096000
41 0.0044 4108288
42 0.0052 4161536
43 0.0046 4157440
44 0.0038 4165632
45 0.0044 4165632
46 0.0045 4177920
47 0.0066 4222976
48 0.0053 4243456
49 0.005 4251648
50 0.0042 4247552
51 0.005 4272128
52 0.0044 4272128
53 0.0044 4284416
54 0.0056 4341760
55 0.0044 4345856
56 0.0053 4370432
57 0.0056 4374528
58 0.0048 4390912
59 0.0059 4444160
60 0.0049 4423680
61 0.0051 4423680
62 0.005 4448256
63 0.005 4493312
64 0.005 4481024
65 0.0055 4493312
66 0.0051 4550656
67 0.0083 4575232
68 0.0057 4538368
69 0.0074 4595712
70 0.0059 4583424
71 0.0055 4599808
72 0.0066 4661248
73 0.0054 4644864
74 0.006 4665344
75 0.0055 4665344
76 0.0069 4722688
77 0.0061 4702208
78 0.0074 4755456
79 0.0058 4755456
80 0.0094 4841472
81 0.0059 4771840
82 0.0071 4837376
83 0.0072 4820992
84 0.0075 4845568
85 0.0064 4837376
86 0.0074 4890624
87 0.0063 4911104
88 0.0067 4894720
89 0.0065 4907008
90 0.0077 4976640
91 0.0064 4964352
92 0.0076 5013504
93 0.0082 5050368
94 0.0081 5054464
95 0.0066 5038080
96 0.0082 5107712
97 0.0069 5079040
98 0.0078 5095424
99 0.0101 5148672
100 0.0084 5177344
101 0.0074 5140480
102 0.0083 5197824
103 0.0074 5214208
104 0.0088 5238784
105 0.0073 5226496
106 0.009 5279744
107 0.0077 5292032
108 0.0096 5312512
109 0.0077 5308416
110 0.008 5419008
111 0.0079 5349376
112 0.0095 5365760
113 0.0083 5390336
114 0.0093 5476352
115 0.0081 5488640
116 0.009 5459968
117 0.0095 5488640
118 0.0094 5464064
119 0.0097 5521408
120 0.0106 5554176
121 0.0111 5648384
122 0.0086 5582848
123 0.0088 5627904
124 0.0095 5636096
125 0.0109 5718016
126 0.0119 5709824
127 0.0088 5652480
128 0.0118 5767168
129 0.0136 5758976
130 0.0115 5816320
131 0.0111 5816320
132 0.0097 5808128
133 0.0117 5877760
134 0.0098 5873664
135 0.0101 5890048
136 0.0108 5894144
137 0.012 6000640
138 0.0124 5976064
139 0.0226 5976064
140 0.018 5992448
141 0.0168 6000640
142 0.0166 6029312
143 0.0185 6053888
144 0.0379 6107136
145 0.0124 6135808
146 0.0105 6094848
147 0.0106 6160384
148 0.0139 6238208
149 0.0179 6119424
150 0.0108 6193152
151 0.0135 6266880
152 0.0135 6238208
153 0.0127 6238208
154 0.011 6295552
155 0.0111 6246400
156 0.0111 6262784
157 0.0111 6291456
158 0.0232 6426624
159 0.0123 6365184
160 0.0149 6352896
161 0.0116 6402048
162 0.0115 6381568
163 0.0145 6434816
164 0.0145 6455296
165 0.0146 6471680
166 0.0157 6578176
167 0.0156 6569984
168 0.0125 6471680
169 0.0169 6549504
170 0.013 6586368
171 0.014 6569984
172 0.0158 6602752
173 0.0137 6619136
174 0.0127 6615040
175 0.0133 6668288
176 0.0134 6713344
177 0.0138 6684672
178 0.0139 6701056
179 0.0178 6791168
180 0.013 6742016
181 0.0164 6787072
182 0.0165 6811648
183 0.0168 6799360
184 0.0133 6791168
185 0.0137 6803456
186 0.0139 6873088
187 0.0167 6918144
188 0.0136 6926336
189 0.0163 6946816
190 0.0163 7032832
191 0.0139 7016448
192 0.0184 7102464
193 0.0175 7061504
194 0.014 7020544
195 0.0184 7163904
196 0.0181 7122944
197 0.0162 7139328
198 0.0171 7135232
199 0.0147 7110656
200 0.0171 7258112
201 0.0173 7221248
202 0.019 7286784
203 0.0147 7200768
204 0.0162 7258112
205 0.0151 7266304
206 0.0152 7258112
207 0.0151 7266304
208 0.0157 7372800
209 0.0197 7426048
210 0.0157 7372800
211 0.0178 7393280
212 0.0182 7409664
213 0.0188 7454720
214 0.0213 7553024
215 0.0199 7540736
216 0.0464 7516160
217 0.0296 7475200
218 0.0162 7487488
219 0.0162 7553024