1 0.0242 6131712
2 0.0284 6193152
3 0.0285 6205440
4 0.0286 6221824
5 0.0247 6193152
6 0.0289 6295552
7 0.0293 6316032
8 0.0256 6291456
9 0.0295 6381568
10 0.026 6422528
11 0.0297 6418432
12 0.03 6459392
13 0.0267 6443008
14 0.0306 6516736
15 0.0268 6500352
16 0.0268 6524928
17 0.0314 6598656
18 0.0315 6643712
19 0.0283 6627328
20 0.028 6713344
21 0.0282 6688768
22 0.0284 6717440
23 0.0285 6811648
24 0.0291 6770688
25 0.0292 6856704
26 0.0291 6836224
27 0.0334 6922240
28 0.0305 6963200
29 0.0298 6938624
30 0.0299 6979584
31 0.0309 7012352
32 0.0321 7045120
33 0.0309 7073792
34 0.0313 7122944
35 0.0312 7151616
36 0.0314 7188480
37 0.0318 7221248
38 0.0365 7319552
39 0.0364 7385088
40 0.033 7364608
41 0.0329 7405568
42 0.0374 7495680
43 0.034 7475200
44 0.0338 7569408
45 0.0341 7569408
46 0.0383 7671808
47 0.035 7647232
48 0.0392 7741440
49 0.0352 7790592
50 0.0353 7770112
51 0.04 7868416
52 0.0362 7868416
53 0.0368 7909376
54 0.0406 8003584
55 0.041 8048640
56 0.0374 8044544
57 0.0374 8081408
58 0.0417 8179712
59 0.0382 8171520
60 0.0387 8286208
61 0.0387 8335360
62 0.0393 8380416
63 0.0392 8421376
64 0.0403 8478720
65 0.0439 8531968
66 0.0403 8531968
67 0.0408 8626176
68 0.0502 8691712
69 0.0608 8687616
70 0.0467 8736768
71 0.0458 8830976
72 0.0422 8830976
73 0.0424 8884224
74 0.0471 8974336
75 0.0431 8982528
76 0.0439 9027584
77 0.0443 9158656
78 0.0441 9129984
79 0.0449 9191424
80 0.0449 9256960
81 0.0573 9416704
82 0.0662 9408512
83 0.0458 9424896
84 0.0505 9527296
85 0.0507 9576448
86 0.0476 9605120
87 0.0477 9662464
88 0.0482 9740288
89 0.0488 9781248
90 0.0493 9867264
91 0.0493 9920512
92 0.0497 9981952
93 0.0505 10031104
94 0.0507 10117120
95 0.0516 10166272
96 0.0512 10231808
97 0.0517 10297344
98 0.052 10371072
99 0.0529 10420224
100 0.0529 10485760
101 0.0576 10588160
102 0.054 10637312
103 0.0546 10698752
104 0.0586 10801152
105 0.0552 10809344
106 0.0556 10883072
107 0.056 10948608
108 0.0608 11055104
109 0.0566 11071488
110 0.0573 11141120
111 0.0616 11247616
112 0.0577 11288576
113 0.0583 11333632
114 0.059 11407360
115 0.0593 11464704
116 0.0669 11579392
117 0.0598 11603968
118 0.0606 11739136
119 0.0647 11784192
120 0.0615 11812864
121 0.0612 11870208
122 0.0629 12009472
123 0.0668 12075008
124 0.0628 12095488
125 0.0633 12247040
126 0.0637 12259328
127 0.0639 12312576
128 0.0645 12386304
129 0.0652 12472320
130 0.0664 12566528
131 0.0662 12640256
132 0.0706 12787712
133 0.0714 12910592
134 0.0712 12914688
135 0.068 12939264
136 0.0686 13082624
137 0.069 13103104
138 0.0693 13168640
139 0.0707 13299712
140 0.0702 13340672
141 0.0707 13418496
142 0.071 13492224
143 0.0719 13557760
144 0.0724 13651968
145 0.0728 13791232
146 0.0729 13877248
147 0.0737 13881344
148 0.0749 13983744
149 0.0794 14131200
150 0.0751 14172160
151 0.076 14278656
152 0.0766 14360576
153 0.0767 14458880
154 0.0777 14557184
155 0.078 14667776
156 0.0778 14753792
157 0.0792 14839808
158 0.0799 14897152
159 0.0792 14970880
160 0.0807 15077376
161 0.0849 15220736
162 0.0808 15216640
163 0.0824 15400960
164 0.0826 15409152
165 0.0835 15503360
166 0.0836 15589376
167 0.0836 15663104
168 0.0841 15757312
169 0.0851 15814656
170 0.0855 15892480
171 0.0864 15982592
172 0.0909 16146432
173 0.0873 16175104
174 0.0882 16265216
175 0.0886 16359424
176 0.0893 16453632
177 0.094 16592896
178 0.0908 16642048
179 0.0912 16777216
180 0.0917 16809984
181 0.0936 16982016
182 0.0971 17076224
183 0.0979 17178624
184 0.0986 17289216
185 0.0954 17313792
186 0.0997 17477632
187 0.0969 17518592
188 0.0971 17608704
189 0.0975 17715200
190 0.0989 17883136
191 0.0992 17985536
192 0.0994 18010112
193 0.1007 18108416
194 0.1007 18219008
195 0.1016 18309120
196 0.102 18415616
197 0.1022 18513920
198 0.1035 18628608
199 0.1036 18739200
200 0.1053 18853888
201 0.1053 18907136
202 0.1059 18923520
203 0.1072 19058688
204 0.1071 19083264
205 0.1127 19267584
206 0.1088 19312640
207 0.1092 19390464
208 0.1102 19472384
209 0.1111 19673088
210 0.1118 19718144
211 0.1116 19804160
212 0.1131 19927040
213 0.1132 20025344
214 0.1142 20119552
215 0.1185 20316160
216 0.1153 20353024
217 0.1168 20467712
218 0.1164 20643840
219 0.1175 20692992
220 0.1185 20819968
221 0.1231 20946944
222 0.1189 21073920
223 0.1197 21131264
224 0.1199 21213184
225 0.1214 21331968
226 0.1263 21504000
227 0.1222 21544960
228 0.1242 21733376
229 0.1278 21848064
230 0.1244 21872640
231 0.1246 21999616
232 0.1267 22175744
233 0.127 22216704
234 0.1318 22396928
235 0.1278 22450176
236 0.1291 22532096
237 0.1287 22675456
238 0.1312 22798336
239 0.1346 22982656
240 0.1313 23011328
241 0.1324 23134208
242 0.133 23236608
243 0.1334 23359488
244 0.1338 23470080
245 0.1346 23572480
246 0.1364 23711744
247 0.1363 23810048
248 0.1377 23932928
249 0.1374 24027136
250 0.1431 24219648
251 0.144 24330240
252 0.1449 24481792
253 0.1404 24510464
254 0.1423 24621056