1 0.0246 6131712
2 0.0285 6193152
3 0.0257 6160384
4 0.0247 6189056
5 0.0248 6193152
6 0.0314 6291456
7 0.0251 6270976
8 0.0308 6361088
9 0.0256 6328320
10 0.0262 6344704
11 0.0299 6418432
12 0.0261 6418432
13 0.0265 6492160
14 0.0267 6463488
15 0.0266 6557696
16 0.0268 6524928
17 0.0276 6553600
18 0.0275 6594560
19 0.0318 6676480
20 0.0278 6717440
21 0.0282 6688768
22 0.0284 6717440
23 0.0325 6803456
24 0.029 6770688
25 0.0295 6803456
26 0.0291 6836224
27 0.0294 6930432
28 0.0335 6959104
29 0.0338 6987776
30 0.0302 6979584
31 0.0303 7012352
32 0.0344 7098368
33 0.0309 7147520
34 0.0312 7172096
35 0.0311 7151616
36 0.0314 7188480
37 0.0318 7221248
38 0.0321 7270400
39 0.0325 7311360
40 0.0328 7364608
41 0.0329 7405568
42 0.0336 7438336
43 0.0336 7553024
44 0.0345 7524352
45 0.034 7569408
46 0.0383 7655424
47 0.0387 7704576
48 0.0347 7684096
49 0.035 7733248
50 0.0355 7831552
51 0.0361 7880704
52 0.0361 7917568
53 0.0364 7909376
54 0.0365 7958528
55 0.037 7995392
56 0.0372 8044544
57 0.0375 8081408
58 0.0376 8126464
59 0.038 8171520
60 0.0387 8216576
61 0.0392 8335360
62 0.0393 8380416
63 0.0394 8482816
64 0.0395 8478720
65 0.0406 8523776
66 0.0442 8605696
67 0.0408 8626176
68 0.0409 8630272
69 0.0415 8687616
70 0.0414 8736768
71 0.0418 8773632
72 0.0424 8830976
73 0.0424 8884224
74 0.0467 8978432
75 0.047 9031680
76 0.0475 9084928
77 0.0439 9080832
78 0.0443 9129984
79 0.0447 9191424
80 0.0448 9256960
81 0.0452 9363456
82 0.0454 9359360
83 0.0489 9424896
84 0.0917 9502720
85 0.0468 9531392
86 0.0473 9605120
87 0.0477 9662464
88 0.0482 9740288
89 0.0484 9781248
90 0.0493 9867264
91 0.0503 9920512
92 0.0538 10027008
93 0.0501 10096640
94 0.0508 10117120
95 0.051 10166272
96 0.0514 10305536
97 0.0516 10354688
98 0.052 10371072
99 0.0532 10420224
100 0.053 10485760
101 0.0541 10612736
102 0.054 10637312
103 0.059 10752000
104 0.0586 10792960
105 0.0551 10862592
106 0.0552 10883072
107 0.0565 11001856
108 0.0561 11001856
109 0.0566 11071488
110 0.061 11190272
111 0.0577 11210752
112 0.0582 11345920
113 0.0584 11333632
114 0.0593 11407360
115 0.0592 11464704
116 0.0594 11530240
117 0.0607 11603968
118 0.0603 11743232
119 0.0606 11730944
120 0.0612 11870208
121 0.0658 11923456
122 0.0627 11952128
123 0.0639 12079104
124 0.0635 12095488
125 0.0642 12234752
126 0.0651 12312576
127 0.0659 12312576
128 0.0655 12386304
129 0.0664 12472320
130 0.0669 12566528
131 0.0678 12701696
132 0.0681 12730368
133 0.0683 12857344
134 0.0683 12861440
135 0.0689 12939264
136 0.0696 13078528
137 0.0702 13144064
138 0.0706 13225984
139 0.0707 13303808
140 0.0706 13340672
141 0.0705 13418496
142 0.0709 13492224
143 0.072 13557760
144 0.0732 13651968
145 0.0726 13787136
146 0.0731 13819904
147 0.074 13942784
148 0.0736 13983744
149 0.0741 14086144
150 0.0754 14172160
151 0.0754 14278656
152 0.076 14360576
153 0.0766 14458880
154 0.0773 14557184
155 0.078 14667776
156 0.0784 14802944
157 0.0792 14839808
158 0.079 14966784
159 0.0794 14970880
160 0.0802 15138816
161 0.0812 15163392
162 0.0812 15290368
163 0.0817 15327232
164 0.0868 15466496
165 0.0831 15503360
166 0.0877 15638528
167 0.084 15663104
168 0.0885 15835136
169 0.0849 15814656
170 0.0902 15945728
171 0.0867 15982592
172 0.087 16080896
173 0.0878 16175104
174 0.0881 16265216
175 0.0882 16359424
176 0.0893 16453632
177 0.0901 16588800
178 0.0909 16642048
179 0.0909 16711680
180 0.0923 16809984
181 0.092 16916480
182 0.0929 17018880
183 0.0936 17113088
184 0.0946 17223680
185 0.1002 17383424
186 0.0955 17416192
187 0.0964 17518592
188 0.0973 17608704
189 0.0978 17715200
190 0.0983 17809408
191 0.0994 17903616
192 0.0992 18010112
193 0.1008 18108416
194 0.1003 18219008
195 0.101 18309120
196 0.1024 18415616
197 0.1034 18583552
198 0.1035 18628608
199 0.1039 18739200
200 0.1044 18784256
201 0.1056 18907136
202 0.1057 18923520
203 0.1069 19058688
204 0.1079 19152896
205 0.1121 19271680
206 0.1093 19382272
207 0.1137 19451904
208 0.1099 19472384
209 0.1105 19599360
210 0.1114 19718144
211 0.1115 19804160
212 0.1126 19927040
213 0.1133 20025344
214 0.1144 20119552
215 0.1148 20267008
216 0.1191 20414464
217 0.116 20467712
218 0.1215 20627456
219 0.1173 20750336
220 0.1222 20873216
221 0.1184 20889600
222 0.119 21061632
223 0.1241 21192704
224 0.1204 21299200
225 0.1211 21401600
226 0.122 21446656
227 0.1232 21622784
228 0.1226 21667840
229 0.1234 21786624
230 0.1245 21872640
231 0.1252 21999616
232 0.1304 22155264
233 0.1264 22294528
234 0.1278 22380544
235 0.15 22511616
236 0.1284 22532096
237 0.1294 22675456
238 0.1311 22798336
239 0.1311 22982656
240 0.1357 23072768
241 0.1325 23134208
242 0.1333 23236608
243 0.1334 23359488
244 0.1386 23527424
245 0.1346 23572480
246 0.1398 23937024
247 0.1359 23810048
248 0.137 23932928
249 0.1374 24027136
250 0.1441 24358912
251 0.139 24268800
252 0.1399 24399872
253 0.1451 24576000
254 0.1424 24621056