1 0.0232 6074368
2 0.0244 6090752
3 0.0247 6111232
4 0.0245 6180864
5 0.0264 6197248
6 0.0251 6258688
7 0.0253 6262784
8 0.0269 6238208
9 0.0258 6270976
10 0.026 6356992
11 0.0262 6328320
12 0.0261 6365184
13 0.0313 6414336
14 0.0265 6418432
15 0.0274 6500352
16 0.027 6529024
17 0.0287 6549504
18 0.0281 6524928
19 0.0287 6553600
20 0.0283 6594560
21 0.0289 6664192
22 0.0289 6631424
23 0.029 6701056
24 0.0303 6680576
25 0.0298 6709248
26 0.0343 6782976
27 0.0302 6758400
28 0.0347 6848512
29 0.0305 6828032
30 0.0349 6914048
31 0.0325 6918144
32 0.0361 6971392
33 0.0341 6938624
34 0.0315 6963200
35 0.0318 6991872
36 0.0321 7032832
37 0.0369 7073792
38 0.0337 7077888
39 0.0366 7151616
40 0.0339 7127040
41 0.0333 7155712
42 0.0354 7196672
43 0.0346 7200768
44 0.0342 7233536
45 0.0348 7286784
46 0.0393 7335936
47 0.0419 7323648
48 0.0351 7335936
49 0.0376 7397376
50 0.0394 7442432
51 0.0415 7471104
52 0.0369 7512064
53 0.0363 7565312
54 0.0381 7598080
55 0.0407 7643136
56 0.0377 7643136
57 0.039 7680000
58 0.0375 7667712
59 0.0411 7725056
60 0.0413 7770112
61 0.0391 7761920
62 0.0395 7815168
63 0.0382 7806976
64 0.04 7860224
65 0.0386 7872512
66 0.0405 7909376
67 0.0405 7962624
68 0.0424 7991296
69 0.0397 7970816
70 0.0458 8065024
71 0.0416 8048640
72 0.0475 8093696
73 0.0432 8134656
74 0.0427 8163328
75 0.0425 8138752
76 0.0485 8200192
77 0.0418 8142848
78 0.0438 8265728
79 0.0426 8200192
80 0.046 8241152
81 0.0494 8335360
82 0.0433 8278016
83 0.0449 8392704
84 0.0442 8347648
85 0.0466 8450048
86 0.0456 8454144
87 0.0445 8425472
88 0.053 8536064
89 0.0455 8462336
90 0.0459 8564736
91 0.0452 8507392
92 0.0476 8556544
93 0.0477 8691712
94 0.0487 8683520
95 0.0482 8667136
96 0.0494 8667136
97 0.0478 8757248
98 0.0477 8699904
99 0.0487 8802304
100 0.0513 8863744
101 0.048 8794112
102 0.0529 8970240
103 0.0496 8888320
104 0.0484 8871936
105 0.0484 8896512
106 0.0502 8957952
107 0.0533 8994816
108 0.0514 8994816
109 0.0507 9007104
110 0.0534 9121792
111 0.0527 9052160
112 0.0521 9113600
113 0.0577 9195520
114 0.0514 9158656
115 0.0533 9187328
116 0.0538 9199616
117 0.053 9232384
118 0.0542 9269248
119 0.054 9347072
120 0.0574 9371648
121 0.0535 9306112
122 0.0554 9359360
123 0.0554 9404416
124 0.0555 9420800
125 0.0559 9453568
126 0.0549 9469952
127 0.0562 9494528
128 0.0569 9543680
129 0.0563 9572352
130 0.0605 9641984
131 0.0569 9633792
132 0.0568 9662464
133 0.0581 9678848
134 0.0576 9715712
135 0.0608 9768960
136 0.06 9773056
137 0.0602 9797632
138 0.0672 9879552
139 0.1287 9830400
140 0.0596 9879552
141 0.0605 9916416
142 0.0599 9961472
143 0.0593 10002432
144 0.0614 10027008
145 0.0646 10055680
146 0.0595 10092544
147 0.0698 10129408
148 0.0604 10153984
149 0.0606 10117120
150 0.0689 10182656
151 0.0655 10317824
152 0.0627 10215424
153 0.0718 10276864
154 0.0646 10289152
155 0.0638 10321920
156 0.0667 10358784
157 0.0695 10428416
158 0.0636 10391552
159 0.0705 10432512
160 0.0702 10457088
161 0.0664 10448896
162 0.0663 10485760
163 0.0709 10502144
164 0.0743 10711040
165 0.067 10592256
166 0.0678 10616832
167 0.0658 10584064
168 0.0704 10801152
169 0.0668 10698752
170 0.0698 10727424
171 0.0714 10878976
172 0.0669 10723328
173 0.0809 10878976
174 0.0733 10809344
175 0.0686 10874880
176 0.0714 10874880
177 0.0713 10973184
178 0.0692 10936320
179 0.0696 10956800
180 0.0704 10932224
181 0.0698 11001856
182 0.0784 11124736
183 0.0688 11014144
184 0.071 11100160
185 0.0765 11186176
186 0.0762 11132928
187 0.0727 11214848
188 0.0771 11194368
189 0.0743 11227136
190 0.0716 11268096
191 0.0727 11337728
192 0.0752 11300864
193 0.0741 11337728
194 0.0792 11354112
195 0.0751 11358208
196 0.0793 11411456
197 0.0797 11456512
198 0.073 11468800
199 0.0755 11452416
200 0.0808 11563008
201 0.0741 11517952
202 0.0811 11542528
203 0.0747 11710464
204 0.0752 11575296
205 0.0768 11624448
206 0.0766 11771904
207 0.0765 11718656
208 0.0854 11747328
209 0.0812 11759616
210 0.0768 11776000
211 0.0907 11968512
212 0.1065 11976704
213 0.08 11849728
214 0.0778 11866112
215 0.0773 11907072
216 0.0805 11890688
217 0.0882 11952128
218 0.0788 11976704
219 0.0807 12001280
220 0.0814 12021760
221 0.0825 12079104
222 0.0883 12103680
223 0.0864 12095488
224 0.0809 12124160
225 0.0842 12181504
226 0.0802 12152832
227 0.0835 12304384
228 0.0834 12242944
229 0.0821 12251136
230 0.0892 12296192
231 0.0822 12353536
232 0.0827 12398592
233 0.0841 12382208
234 0.0836 12431360
235 0.0822 12402688
236 0.0849 12447744
237 0.0845 12533760
238 0.0834 12500992
239 0.0869 12578816
240 0.0862 12574720
241 0.086 12619776
242 0.0861 12599296
243 0.0929 12685312
244 0.0886 12750848
245 0.0874 12734464
246 0.086 12779520
247 0.0887 12795904
248 0.089 12763136
249 0.0886 12845056
250 0.0923 12886016
251 0.0905 12877824