1 0.027 6074368
2 0.0243 6045696
3 0.0239 6062080
4 0.0288 6123520
5 0.029 6160384
6 0.0245 6135808
7 0.0292 6213632
8 0.0255 6193152
9 0.0306 6270976
10 0.0253 6258688
11 0.0278 6316032
12 0.032 6447104
13 0.0315 6414336
14 0.0267 6397952
15 0.0326 6479872
16 0.0271 6463488
17 0.0276 6549504
18 0.0283 6529024
19 0.0281 6574080
20 0.0286 6594560
21 0.0331 6688768
22 0.0308 6684672
23 0.0293 6696960
24 0.03 6791168
25 0.0294 6766592
26 0.0307 6864896
27 0.03 6844416
28 0.0323 6905856
29 0.0389 6959104
30 0.0356 7020544
31 0.0402 7028736
32 0.0325 7045120
33 0.0327 7155712
34 0.0335 7127040
35 0.0374 7192576
36 0.0378 7262208
37 0.0384 7319552
38 0.0384 7315456
39 0.0357 7323648
40 0.041 7405568
41 0.0394 7462912
42 0.0391 7487488
43 0.0407 7553024
44 0.0374 7622656
45 0.0359 7643136
46 0.0369 7643136
47 0.0391 7704576
48 0.042 7794688
49 0.0399 7802880
50 0.0405 7827456
51 0.0402 7901184
52 0.0398 7933952
53 0.0408 7999488
54 0.0399 8089600
55 0.0408 8155136
56 0.0414 8241152
57 0.0455 8273920
58 0.0426 8306688
59 0.0436 8302592
60 0.0453 8343552
61 0.0452 8486912
62 0.0489 8458240
63 0.0455 8515584
64 0.0452 8560640
65 0.0493 8630272
66 0.0515 8667136
67 0.045 8675328
68 0.0454 8740864
69 0.0484 8835072
70 0.0538 8880128
71 0.0532 9035776
72 0.0538 9019392
73 0.0518 9068544
74 0.0546 9207808
75 0.0496 9199616
76 0.05 9252864
77 0.0568 9302016
78 0.0524 9404416
79 0.0514 9486336
80 0.0541 9498624
81 0.0527 9555968
82 0.0541 9650176
83 0.0617 9736192
84 0.0554 9732096
85 0.0609 9801728
86 0.0561 9863168
87 0.0614 9920512
88 0.0552 9973760
89 0.0559 10035200
90 0.056 10117120
91 0.0565 10149888
92 0.0612 10211328
93 0.0565 10240000
94 0.0592 10330112
95 0.0637 10412032
96 0.0648 10469376
97 0.061 10571776
98 0.0647 10633216
99 0.0596 10686464
100 0.0604 10706944
101 0.0616 10764288
102 0.0629 10883072
103 0.0697 10928128
104 0.0622 11010048
105 0.0636 11083776
106 0.0637 11165696
107 0.0663 11243520
108 0.0677 11300864
109 0.0642 11341824
110 0.0653 11456512
111 0.0679 11522048
112 0.0669 11632640
113 0.0664 11665408
114 0.0691 11751424
115 0.0739 11808768
116 0.0712 11890688
117 0.0692 11931648
118 0.0712 12177408
119 0.0735 12103680
120 0.0694 12111872
121 0.0739 12251136
122 0.0717 12320768
123 0.0726 12386304
124 0.0723 12460032
125 0.075 12537856
126 0.0743 12677120
127 0.0762 12787712
128 0.0748 12808192
129 0.0758 12902400
130 0.0757 12972032
131 0.0759 13053952
132 0.0822 13107200
133 0.078 13205504
134 0.0776 13287424
135 0.0808 13324288
136 0.0828 13516800
137 0.0856 13512704
138 0.0829 13664256
139 0.0819 13733888
140 0.0823 13836288
141 0.0888 13987840
142 0.0879 13987840
143 0.0833 14086144
144 0.0852 14155776
145 0.0917 14266368
146 0.0857 14360576
147 0.0857 14458880
148 0.0884 14540800
149 0.0945 14610432
150 0.0878 14692352
151 0.087 14700544
152 0.0911 14843904
153 0.0886 14954496
154 0.0901 15056896
155 0.0908 15110144
156 0.0933 15220736
157 0.0955 15314944
158 0.0918 15409152
159 0.0999 15478784
160 0.093 15527936
161 0.096 15671296
162 0.0947 15757312
163 0.0959 15859712
164 0.0961 15929344
165 0.0971 16035840
166 0.0984 16121856
167 0.1046 16211968
168 0.0997 16437248
169 0.1031 16293888
170 0.1066 16367616
171 0.1027 16416768
172 0.1015 16486400
173 0.11 16617472
174 0.1017 16687104
175 0.1055 16936960
176 0.1045 16887808
177 0.1052 17022976
178 0.108 17096704
179 0.1077 17174528
180 0.115 17268736
181 0.1083 17371136
182 0.1085 17489920
183 0.1088 17555456
184 0.1146 17694720
185 0.1126 17764352
186 0.11 17829888
187 0.1156 17960960
188 0.1182 18059264
189 0.1119 18087936
190 0.1135 18251776
191 0.1129 18337792
192 0.1164 18436096
193 0.1224 18604032
194 0.1176 18644992
195 0.1173 18927616
196 0.1184 18853888
197 0.119 18956288
198 0.1252 19070976
199 0.1191 19161088
200 0.1194 19312640
201 0.1285 19566592
202 0.1232 19468288
203 0.1219 19582976
204 0.1269 19861504
205 0.1236 19779584
206 0.1303 19931136
207 0.1243 20021248
208 0.1254 20103168
209 0.1274 20439040
210 0.1267 20242432
211 0.1338 20516864
212 0.1287 20553728
213 0.1287 20627456
214 0.1284 20688896
215 0.1304 20889600
216 0.1311 20996096
217 0.1365 21229568
218 0.1354 21364736
219 0.1365 21295104
220 0.134 21417984
221 0.1398 21598208
222 0.1361 21671936
223 0.1363 21680128
224 0.1396 21893120
225 0.1386 22007808
226 0.14 22122496
227 0.1398 22237184
228 0.1409 22380544
229 0.1431 22478848
230 0.1464 22573056
231 0.1438 22704128
232 0.1433 22818816
233 0.1532 22958080
234 0.1456 23068672
235 0.145 23191552
236 0.15 23351296
237 0.1547 23453696
238 0.1504 23617536
239 0.1569 23699456
240 0.1565 23822336
241 0.1507 23969792
242 0.1561 24043520
243 0.1542 24510464
244 0.1555 24322048
245 0.1546 24453120
246 0.1622 24559616
247 0.156 24690688
248 0.158 25067520
249 0.1578 25124864
250 0.167 25362432
251 0.1636 25534464
252 0.1588 25268224