1 0.1393 16764928
2 0.1523 16883712
3 0.1413 16875520
4 0.1502 17223680
5 0.1444 16969728
6 0.147 17014784
7 0.1444 17059840
8 0.1539 18071552
9 0.1484 17719296
10 0.146 17780736
11 0.1477 17334272
12 0.1501 17387520
13 0.2015 18092032
14 0.1527 17526784
15 0.155 18104320
16 0.1507 18157568
17 0.1655 17166336
18 0.1556 18272256
19 0.1609 17317888
20 0.1544 17793024
21 0.1563 18563072
22 0.1616 17133568
23 0.1621 18518016
24 0.1579 18116608
25 0.1613 18178048
26 0.164 18812928
27 0.1606 18857984
28 0.1699 18767872
29 0.1618 18386944
30 0.1621 18444288
31 0.1668 18698240
32 0.171 18907136
33 0.1711 19369984
34 0.1735 19296256
35 0.1685 19488768
36 0.1697 18882560
37 0.1748 19001344
38 0.1759 19476480
39 0.1725 18931712
40 0.1719 18993152
41 0.1751 19267584
42 0.1763 19324928
43 0.1835 19562496
44 0.1781 19447808
45 0.1797 19517440
46 0.1791 19562496
47 0.185 19705856
48 0.1846 19730432
49 0.1827 19755008
50 0.1832 19816448
51 0.1927 20226048
52 0.1848 19914752
53 0.1868 19968000
54 0.1872 20025344
55 0.1919 20631552
56 0.1894 20103168
57 0.1897 20168704
58 0.195 20844544
59 0.1965 20303872
60 0.1971 20865024
61 0.1944 20357120
62 0.1993 20971520
63 0.1957 20451328
64 0.2094 20848640
65 0.1997 20578304
66 0.1992 20627456
67 0.2011 21258240
68 0.2048 20889600
69 0.2025 20783104
70 0.2445 19877888
71 0.2047 20865024
72 0.2093 21594112
73 0.2287 21499904
74 0.2112 21598208
75 0.2088 21078016
76 0.2093 21118976
77 0.2163 21757952
78 0.2143 21237760
79 0.2212 21286912
80 0.2151 21901312
81 0.2164 21405696
82 0.2164 21458944
83 0.2178 21516288
84 0.2225 21573632
85 0.2218 22179840
86 0.2257 21884928
87 0.2273 22286336
88 0.2272 22339584
89 0.2244 21827584
90 0.2304 22421504
91 0.2279 21946368
92 0.2285 21999616
93 0.2305 22056960
94 0.2316 22093824
95 0.2317 22167552
96 0.2341 22228992
97 0.2398 22904832
98 0.2363 22331392
99 0.2383 22380544
100 0.2395 22433792
101 0.2401 22503424
102 0.2446 23265280
103 0.2436 22605824
104 0.2442 22671360
105 0.2461 22740992
106 0.2514 22929408
107 0.2493 22827008
108 0.254 23425024
109 0.2512 22929408
110 0.2569 23539712
111 0.2584 23744512
112 0.2554 23085056
113 0.2581 23142400
114 0.2621 23863296
115 0.2597 23818240
116 0.2609 23298048
117 0.2666 23928832
118 0.2667 23420928
119 0.2647 23478272
120 0.2659 23531520
121 0.2688 24150016
122 0.2764 24248320
123 0.2723 23695360
124 0.2785 24444928
125 0.2747 23818240
126 0.2858 24707072
127 0.2774 23912448
128 0.29 24563712
129 0.2819 24068096
130 0.283 24121344
131 0.2877 24727552
132 0.2902 24297472
133 0.2869 24276992
134 0.289 24354816
135 0.2908 24961024
136 0.2955 25006080
137 0.2924 24498176
138 0.2948 24559616
139 0.2978 24625152
140 0.2972 24686592
141 0.299 24752128
142 0.314 24039424
143 0.3104 25427968
144 0.3105 24965120
145 0.3124 24997888
146 0.3155 24092672
147 0.3131 25116672
148 0.312 25739264
149 0.319 25817088
150 0.3158 25841664
151 0.3225 25518080
152 0.3227 25956352
153 0.3203 25477120
154 0.3227 25505792
155 0.3296 25591808
156 0.3273 25645056
157 0.3334 25780224
158 0.3318 25796608
159 0.3313 26435584
160 0.3339 25939968
161 0.3378 26001408
162 0.3397 26632192
163 0.3452 26693632
164 0.3419 26181632
165 0.3455 26275840
166 0.3522 26832896
167 0.3498 26357760
168 0.3507 26411008
169 0.3558 27049984
170 0.3561 27086848
171 0.361 26935296
172 0.3581 27250688
173 0.3654 26787840
174 0.3613 26787840
175 0.3655 26861568
176 0.369 27488256
177 0.471 27439104
178 0.4801 27439104
179 0.4686 27971584
180 0.471 27967488
181 0.417 27623424
182 0.4356 27627520
183 0.3902 27385856
184 0.5095 27856896
185 0.5214 28332032
186 0.495 28598272
187 0.514 28430336
188 0.4977 28516352
189 0.4476 28229632
190 0.4793 28631040
191 0.481 28602368
192 0.4628 28352512
193 0.4853 28356608
194 0.6377 28901376
195 0.4425 28950528
196 0.4637 28860416
197 0.4954 29089792
198 0.559 29134848
199 0.458 27541504