1 0.1312 16564224
2 0.13 16044032
3 0.1357 16084992
4 0.1313 16068608
5 0.1326 16105472
6 0.1366 16547840
7 0.145 16572416
8 0.1416 16211968
9 0.1414 16314368
10 0.1445 16842752
11 0.1341 16711680
12 0.1569 16834560
13 0.1477 16441344
14 0.1413 16392192
15 0.1409 16437248
16 0.1403 16855040
17 0.1402 17035264
18 0.135 16429056
19 0.1477 16990208
20 0.1579 16629760
21 0.1556 17346560
22 0.1573 16801792
23 0.148 17653760
24 0.1597 17313792
25 0.1519 17616896
26 0.1557 17432576
27 0.1434 17272832
28 0.1368 16748544
29 0.1363 16781312
30 0.1377 17338368
31 0.1427 17014784
32 0.1414 17027072
33 0.1414 17059840
34 0.1419 17088512
35 0.1437 17674240
36 0.1451 17649664
37 0.1496 17866752
38 0.1428 17166336
39 0.1478 17752064
40 0.143 17207296
41 0.1436 17453056
42 0.1434 18018304
43 0.1479 18075648
44 0.15 17678336
45 0.2114 18063360
46 0.1477 18092032
47 0.1488 18194432
48 0.1555 18321408
49 0.1455 17649664
50 0.1544 18386944
51 0.1483 17682432
52 0.1448 17694720
53 0.147 17723392
54 0.1486 17731584
55 0.1467 17743872
56 0.1468 17756160
57 0.1539 17981440
58 0.15 18350080
59 0.1463 17838080
60 0.1507 18386944
61 0.1542 18305024
62 0.1494 17895424
63 0.1507 17903616
64 0.1474 17915904
65 0.1565 18276352
66 0.1559 18477056
67 0.1527 18292736
68 0.1493 17887232
69 0.1534 18419712
70 0.1474 17895424
71 0.1499 17895424
72 0.1536 18427904
73 0.1566 18493440
74 0.1519 17915904
75 0.1495 17928192
76 0.1497 17948672
77 0.1557 18501632
78 0.1509 17997824
79 0.151 18014208
80 0.1537 18022400
81 0.1542 18653184
82 0.1571 19329024
83 0.1563 18083840
84 0.1547 18100224
85 0.1572 18874368
86 0.1576 18710528
87 0.1528 18165760
88 0.1555 18173952
89 0.1594 18849792
90 0.1588 18948096
91 0.1576 18235392
92 0.1579 18255872
93 0.1552 18493440
94 0.1569 18501632
95 0.1592 18821120
96 0.1558 18317312
97 0.1599 18866176
98 0.1527 18358272
99 0.1527 18378752
100 0.1555 18395136
101 0.1552 18944000
102 0.1558 18432000
103 0.1643 19050496
104 0.1532 18452480
105 0.1566 18489344
106 0.157 18493440
107 0.1559 18501632
108 0.1584 18526208
109 0.1558 18550784
110 0.1641 19189760
111 0.1617 19283968
112 0.1579 18595840
113 0.1621 19165184
114 0.1606 19349504
115 0.1555 18657280
116 0.1574 18690048
117 0.1633 19439616
118 0.1661 19103744
119 0.1618 18735104
120 0.1617 19222528
121 0.1623 19304448
122 0.1675 19173376
123 0.1596 18800640
124 0.1706 19267584
125 0.1592 19374080
126 0.1587 18866176
127 0.1631 18890752
128 0.1611 18903040
129 0.1618 18944000
130 0.1697 19517440
131 0.1628 19488768
132 0.1643 18972672
133 0.1598 19005440
134 0.1603 19017728
135 0.1657 19439616
136 0.1681 19505152
137 0.1779 19992576
138 0.1671 19955712
139 0.1593 19099648
140 0.1701 19144704
141 0.1717 19709952
142 0.1618 19591168
143 0.1604 19185664
144 0.1753 19591168
145 0.1601 19238912
146 0.1733 19308544
147 0.1786 19369984
148 0.1842 19484672
149 0.1797 19853312
150 0.1872 19939328
151 0.1934 19533824
152 0.1611 19877888
153 0.1634 19369984
154 0.1913 19869696
155 0.1644 19935232
156 0.1738 19415040
157 0.1846 19542016
158 0.1722 20135936
159 0.178 19615744
160 0.1886 20115456
161 0.1787 19869696
162 0.1945 20172800
163 0.1755 19709952
164 0.1764 19578880
165 0.207 20144128
166 0.1872 20230144
167 0.1649 19640320
168 0.173 19705856
169 0.1901 20090880
170 0.185 20361216
171 0.1695 19730432
172 0.1783 20086784
173 0.1784 19787776
174 0.193 20389888
175 0.1848 20574208
176 0.1855 21106688
177 0.1788 20328448
178 0.1661 19853312
179 0.1704 19931136
180 0.1701 19886080
181 0.171 19963904
182 0.1759 20328448
183 0.1655 19943424
184 0.17 20369408
185 0.1707 19992576
186 0.1777 20594688
187 0.1841 20520960
188 0.1674 20037632
189 0.1731 20111360
190 0.1757 20262912
191 0.1731 20877312
192 0.1761 20865024
193 0.1688 20131840
194 0.171 20635648
195 0.1724 20164608
196 0.1778 20729856
197 0.175 20205568
198 0.1834 20815872
199 0.1849 20865024
200 0.1928 20832256
201 0.1827 20979712
202 0.1945 20672512
203 0.2052 20881408
204 0.2133 20451328
205 0.2226 20996096
206 0.2049 20959232
207 0.1941 20979712
208 0.1739 20795392
209 0.1751 20451328
210 0.2275 21213184
211 0.2181 20717568
212 0.1807 21024768
213 0.1806 20979712
214 0.2127 20639744
215 0.188 21123072
216 0.1912 20992000
217 0.2477 21028864
218 0.2409 22159360
219 0.2514 21131264
220 0.1868 21082112
221 0.1847 21233664
222 0.1874 20795392
223 0.1875 21422080
224 0.1912 21413888
225 0.1847 20905984
226 0.1806 20750336
227 0.1845 21291008
228 0.1921 21397504
229 0.1836 21614592
230 0.1872 20889600
231 0.1913 21118976
232 0.182 20918272
233 0.2175 21405696
234 0.1851 21319680
235 0.2084 21069824
236 0.1978 21082112
237 0.1923 21491712
238 0.1888 21139456
239 0.1892 21446656
240 0.19 21684224
241 0.2157 21540864
242 0.194 21245952
243 0.2457 21188608
244 0.2386 21667840
245 0.2064 21614592
246 0.2164 22147072
247 0.2237 21647360
248 0.2309 21667840
249 0.2044 22081536
250 0.1772 21749760
251 0.1825 21307392
252 0.1851 21278720
253 0.1836 21303296
254 0.1891 21422080
255 0.1899 21438464
256 0.1807 21942272
257 0.1981 21483520
258 0.2223 21704704
259 0.2115 21565440
260 0.1822 22007808
261 0.2013 22319104
262 0.211 22048768
263 0.1948 22228992
264 0.2013 21651456
265 0.216 22495232
266 0.18 21557248
267 0.1811 21573632
268 0.1961 22343680
269 0.198 22130688
270 0.185 22163456
271 0.1793 21647360
272 0.1833 21663744
273 0.1855 21917696
274 0.1843 22147072
275 0.1804 22228992
276 0.1806 21741568
277 0.1868 21864448
278 0.1803 21790720
279 0.1806 21798912
280 0.1822 21815296
281 0.1816 21843968
282 0.1861 22384640
283 0.187 22622208
284 0.1822 21897216
285 0.1863 22790144
286 0.1828 21929984
287 0.1863 22335488
288 0.1915 22593536
289 0.1839 22016000
290 0.1927 22130688
291 0.2535 22654976
292 0.2245 22630400
293 0.219 22814720
294 0.2026 22315008
295 0.1983 22159360
296 0.1994 22540288
297 0.1854 22163456
298 0.1936 22179840
299 0.2025 22716416
300 0.2065 23281664
301 0.2064 22847488
302 0.1895 22253568
303 0.1981 22921216
304 0.1921 23072768
305 0.1872 22880256
306 0.2055 22433792
307 0.1893 22900736
308 0.1855 22392832
309 0.1872 22421504
310 0.2072 22548480
311 0.2121 22880256
312 0.2214 22593536
313 0.2178 22974464
314 0.2263 22638592
315 0.2722 23617536
316 0.2523 23056384
317 0.2383 23048192
318 0.2365 23183360
319 0.2489 23093248
320 0.2575 23089152
321 0.2373 23113728
322 0.1986 22855680
323 0.2099 23851008
324 0.1992 23203840
325 0.1996 23482368
326 0.1904 23265280
327 0.197 23142400
328 0.2061 23441408
329 0.1966 23453696
330 0.1946 23334912
331 0.1913 23367680
332 0.1939 22892544
333 0.1902 22908928
334 0.1916 22921216
335 0.1909 22937600
336 0.1902 23494656
337 0.2006 23568384
338 0.1911 22999040
339 0.1969 23658496
340 0.1944 23584768
341 0.1963 23056384
342 0.1982 23863296
343 0.1913 23089152
344 0.1925 23101440
345 0.1955 23699456
346 0.1909 23142400
347 0.1956 23707648
348 0.193 23179264
349 0.1967 23801856
350 0.1929 23216128
351 0.1921 23232512
352 0.1985 23638016
353 0.1972 23470080
354 0.1943 23293952
355 0.1935 23314432
356 0.195 23326720
357 0.2046 23461888
358 0.199 23564288
359 0.1952 23388160
360 0.1933 23400448
361 0.195 23425024
362 0.2052 23482368
363 0.1939 23441408
364 0.2 23707648
365 0.1984 23666688
366 0.1945 23502848
367 0.2017 23580672
368 0.1988 23715840
369 0.1958 23564288
370 0.1996 23764992
371 0.1953 23592960
372 0.2022 23646208
373 0.1954 23638016
374 0.197 23658496
375 0.1969 23678976
376 0.1967 23691264
377 0.203 24231936
378 0.1973 23744512
379 0.2027 23896064
380 0.1963 23773184
381 0.1972 23805952
382 0.2045 24190976
383 0.1994 23826432
384 0.2096 23998464
385 0.1976 23867392
386 0.202 24064000
387 0.2203 24006656
388 0.198 23908352
389 0.2038 24043520
390 0.1986 23957504
391 0.1985 23973888
392 0.2018 24182784
393 0.199 24207360
394 0.201 24223744
395 0.1996 24051712
396 0.2012 24076288
397 0.2005 24276992
398 0.1997 24117248
399 0.2014 24133632
400 0.2002 24145920
401 0.2045 24272896
402 0.2 24190976
403 0.2007 24199168
404 0.206 24432640
405 0.2005 24244224
406 0.2077 24383488
407 0.2018 24289280
408 0.2013 24301568
409 0.2066 24506368
410 0.2009 24530944
411 0.2105 24461312
412 0.2026 24375296
413 0.202 24399872
414 0.203 24412160
415 0.2027 24616960
416 0.2087 24649728
417 0.2032 24481792
418 0.2046 24502272
419 0.2047 24518656
420 0.2032 24535040
421 0.214 25006080
422 0.2053 24580096
423 0.209 24698880
424 0.2073 24612864
425 0.2089 24645632
426 0.2085 24649728
427 0.2098 24989696
428 0.2096 24682496
429 0.2062 24711168
430 0.2105 24948736
431 0.2042 24739840
432 0.2056 24760320
433 0.2102 24965120
434 0.2054 24805376
435 0.2107 24920064
436 0.2055 24834048
437 0.2057 24858624
438 0.2062 24883200
439 0.2061 24895488
440 0.2143 25108480
441 0.2069 24940544
442 0.2082 25128960
443 0.2112 25120768
444 0.211 25149440
445 0.21 25174016
446 0.2071 25022464
447 0.2092 25047040
448 0.2071 25227264
449 0.2114 25088000
450 0.2082 25268224
451 0.213 25174016
452 0.2117 25337856
453 0.2082 25165824
454 0.2203 25571328
455 0.2087 25190400
456 0.2128 25268224
457 0.2132 25411584
458 0.2148 25489408
459 0.2123 25460736
460 0.2097 25288704
461 0.2123 25313280
462 0.2111 25333760
463 0.2333 25554944
464 0.2103 25358336
465 0.2107 25387008
466 0.2099 25407488
467 0.2113 25423872
468 0.215 25866240
469 0.2114 25460736
470 0.216 25665536
471 0.2116 25497600
472 0.2198 25567232
473 0.2249 25714688
474 0.2116 25546752
475 0.2128 25575424
476 0.2213 25956352
477 0.2232 25903104
478 0.2125 25632768
479 0.2139 25649152
480 0.2131 25657344
481 0.2126 25690112
482 0.2142 25710592
483 0.2177 26107904
484 0.2147 25747456
485 0.2131 25767936
486 0.217 26050560
487 0.2137 25800704
488 0.2149 25817088
489 0.2193 25899008
490 0.2143 25862144
491 0.2227 26181632
492 0.2146 25894912
493 0.215 25919488
494 0.2195 26169344
495 0.2178 25952256
496 0.214 25964544
497 0.2173 26152960
498 0.2156 26009600
499 0.2193 26116096
500 0.221 26222592
501 0.2163 26066944
502 0.2166 26099712
503 0.2166 26112000
504 0.2638 26279936
505 0.2734 26312704
506 0.2305 26304512
507 0.2279 26206208
508 0.2323 26263552
509 0.2202 26247168
510 0.2425 26537984
511 0.2863 26361856
512 0.2293 26406912
513 0.2857 26505216
514 0.2791 27283456
515 0.2592 26509312
516 0.2636 26636288
517 0.2808 26550272
518 0.2633 26558464
519 0.2247 26468352
520 0.2815 26542080
521 0.2955 26660864
522 0.2205 26501120
523 0.2334 26882048
524 0.2342 26578944
525 0.2358 26701824
526 0.2267 26861568
527 0.29 26718208
528 0.2655 26771456
529 0.2733 26779648
530 0.2648 26910720
531 0.2332 27000832
532 0.2221 26681344
533 0.2269 26877952
534 0.2234 26730496
535 0.2282 26992640
536 0.2239 26755072
537 0.2268 26963968
538 0.2241 26791936
539 0.2289 26996736
540 0.2234 26832896
541 0.2242 27021312
542 0.2235 26873856
543 0.231 27004928
544 0.2233 26914816
545 0.2247 26935296
546 0.2242 26955776
547 0.2245 26968064
548 0.2241 26980352
549 0.2252 27009024
550 0.23 27070464
551 0.2686 27152384
552 0.2251 27238400
553 0.2253 27258880
554 0.2297 27267072
555 0.2301 27242496
556 0.2302 27303936
557 0.2255 27156480
558 0.2309 27373568
559 0.2337 27275264
560 0.2666 27353088
561 0.2641 27303936
562 0.2306 27275264
563 0.2299 27295744
564 0.2291 27316224
565 0.2522 27414528
566 0.2712 27619328
567 0.251 28389376
568 0.2284 27652096
569 0.228 27582464
570 0.2506 27807744
571 0.2295 27512832
572 0.2292 27525120
573 0.2306 27557888
574 0.2331 27824128
575 0.2352 27824128
576 0.2299 27631616
577 0.2306 27652096
578 0.2304 27672576
579 0.2351 27856896
580 0.2356 27848704
581 0.233 27897856
582 0.2331 27742208
583 0.2342 27754496
584 0.2395 27815936
585 0.2341 27795456
586 0.2451 27869184
587 0.2358 27832320
588 0.2524 28041216
589 0.2401 28069888
590 0.2711 28033024
591 0.2534 28020736
592 0.2417 28323840
593 0.2461 28368896
594 0.2375 27992064
595 0.2479 28413952
596 0.2431 28188672
597 0.2522 28106752
598 0.2435 28143616
599 0.2393 28241920
600 0.25 28291072
601 0.2452 28225536
602 0.2345 28143616
603 0.2628 28520448
604 0.2486 28205056
605 0.272 28299264
606 0.2871 28397568
607 0.2611 29347840
608 0.25 28389376
609 0.3582 28454912
610 0.2375 28270592
611 0.2409 28282880
612 0.3475 28549120
613 0.2406 28332032
614 0.2457 28577792
615 0.2454 28577792
616 0.2395 28377088
617 0.2399 28405760
618 0.2431 28418048
619 0.2435 28467200
620 0.2437 28884992
621 0.2463 28479488
622 0.2399 28495872
623 0.2488 28995584
624 0.2378 28524544
625 0.2442 28717056
626 0.2454 28721152
627 0.2422 28807168
628 0.2467 28745728
629 0.2627 28794880
630 0.258 28737536
631 0.2711 29208576
632 0.2548 28823552
633 0.2764 28872704
634 0.2643 28778496
635 0.2614 28844032
636 0.2624 29003776
637 0.2682 29159424
638 0.2446 28950528
639 0.2504 28962816
640 0.2458 28827648
641 0.2435 29048832
642 0.2595 29249536
643 0.2569 28938240
644 0.2522 28962816
645 0.2511 29102080
646 0.2491 29028352
647 0.2525 29138944
648 0.2655 29061120
649 0.276 29188096
650 0.2558 29327360
651 0.2797 29130752
652 0.3316 29253632
653 0.2808 29118464
654 0.2878 29216768
655 0.2887 29323264
656 0.2827 29339648
657 0.3127 29466624
658 0.286 29536256
659 0.2689 29487104
660 0.2441 29212672
661 0.2793 29384704
662 0.2546 29679616
663 0.3146 29462528
664 0.2573 29548544
665 0.2931 29437952
666 0.2558 29376512
667 0.2516 29343744
668 0.2614 29876224
669 0.2564 29577216
670 0.2497 29569024
671 0.2571 29859840
672 0.265 29696000
673 0.2511 29630464
674 0.2614 29569024
675 0.2535 29732864
676 0.2561 29757440
677 0.2673 29978624
678 0.252 29626368
679 0.2511 29642752
680 0.2916 29790208
681 0.2795 29941760
682 0.2804 29843456
683 0.2814 29921280
684 0.2928 29921280
685 0.2713 30117888
686 0.2645 29908992
687 0.3072 30789632
688 0.3282 29945856
689 0.3141 29958144
690 0.3181 30879744
691 0.3071 29962240
692 0.2852 30711808
693 0.2922 30060544
694 0.2537 30105600
695 0.2548 29949952
696 0.2741 30138368
697 0.2597 30167040
698 0.2606 30085120
699 0.2597 30547968
700 0.2609 30531584
701 0.2518 30064640
702 0.2522 30081024
703 0.251 30093312
704 0.2552 30302208
705 0.2523 30138368
706 0.2519 30150656
707 0.2531 30171136
708 0.2515 30187520
709 0.2601 30339072
710 0.2529 30408704
711 0.2604 30429184
712 0.2539 30261248
713 0.293 30523392
714 0.2954 30466048
715 0.2877 30543872
716 0.2587 30339072
717 0.3192 30453760
718 0.2709 30433280
719 0.2714 30461952
720 0.2676 30740480
721 0.2574 30453760
722 0.2621 30621696
723 0.2648 30679040
724 0.2751 30679040
725 0.2724 30715904
726 0.2652 30605312
727 0.2605 30969856
728 0.2613 30695424
729 0.2641 30789632
730 0.264 30773248
731 0.2568 30584832
732 0.2744 30777344
733 0.2866 30683136
734 0.2789 30945280
735 0.2707 30736384
736 0.2693 30924800
737 0.2587 30785536
738 0.2717 31002624
739 0.2813 30892032
740 0.2656 30867456
741 0.2658 31014912
742 0.2628 31055872
743 0.2676 31035392
744 0.2677 31305728
745 0.2615 31014912
746 0.2701 31289344
747 0.2794 31113216
748 0.2601 30978048
749 0.2722 31203328
750 0.2679 31019008
751 0.2696 31158272
752 0.272 31223808
753 0.2668 31047680
754 0.2656 31404032
755 0.2777 31313920
756 0.2677 31215616
757 0.2674 31588352
758 0.2648 31150080
759 0.2655 31338496
760 0.2689 31367168
761 0.2659 31342592
762 0.2683 31404032
763 0.2687 31232000
764 0.2615 31252480
765 0.2735 31543296
766 0.2717 31354880
767 0.2636 31313920
768 0.2902 31408128
769 0.2844 31653888
770 0.275 31682560
771 0.2831 31625216
772 0.2781 31809536
773 0.2925 31588352
774 0.2842 31461376
775 0.2889 31629312
776 0.2651 31645696
777 0.2721 31588352
778 0.2693 31518720
779 0.2675 31535104
780 0.2768 31768576
781 0.2678 31576064
782 0.2697 31600640
783 0.2675 31793152
784 0.2759 31858688
785 0.2765 31703040
786 0.266 31670272
787 0.2738 31862784
788 0.2793 31817728
789 0.2659 31723520
790 0.2738 31744000
791 0.2806 32075776
792 0.2682 31772672
793 0.2804 31940608
794 0.2772 31862784
795 0.2681 32022528
796 0.2786 31911936
797 0.272 32034816
798 0.2702 32079872
799 0.2726 31920128
800 0.2717 31928320