1 0.0241 10047488
2 0.023 10039296
3 0.0293 10031104
4 0.024 10035200
5 0.0232 10043392
6 0.024 10043392
7 0.0231 10043392
8 0.0232 10043392
9 0.0228 10031104
10 0.0227 10059776
11 0.0227 10059776
12 0.0227 10059776
13 0.0231 10035200
14 0.0235 10051584
15 0.0236 10059776
16 0.0245 10043392
17 0.0241 10039296
18 0.0228 10043392
19 0.0318 10084352
20 0.0238 10047488
21 0.024 10055680
22 0.0253 10067968
23 0.0245 10051584
24 0.0241 10076160
25 0.0236 10084352
26 0.0232 10084352
27 0.0241 10080256
28 0.0233 10059776
29 0.0272 10158080
30 0.0236 10092544
31 0.0237 10092544
32 0.0237 10063872
33 0.0238 10104832
34 0.0239 10067968
35 0.0241 10067968
36 0.0237 10096640
37 0.0249 10100736
38 0.024 10076160
39 0.024 10117120
40 0.024 10108928
41 0.0251 10096640
42 0.0247 10096640
43 0.0249 10096640
44 0.024 10113024
45 0.0248 10113024
46 0.0283 10108928
47 0.0286 10108928
48 0.0244 10088448
49 0.025 10108928
50 0.0244 10153984
51 0.0253 10117120
52 0.0253 10121216
53 0.0251 10121216
54 0.0285 10121216
55 0.0254 10113024
56 0.0286 10141696
57 0.0257 10125312
58 0.0249 10100736
59 0.0258 10121216
60 0.0247 10133504
61 0.0258 10121216
62 0.0256 10125312
63 0.0259 10125312
64 0.0251 10108928
65 0.0248 10137600
66 0.0249 10141696
67 0.0251 10174464
68 0.0293 10137600
69 0.0252 10117120
70 0.026 10141696
71 0.0251 10117120
72 0.0261 10129408
73 0.0252 10125312
74 0.026 10125312
75 0.0307 10158080
76 0.028 10199040
77 0.028 10158080
78 0.033 10199040
79 0.0262 10153984
80 0.0263 10153984
81 0.026 10153984
82 0.0265 10158080
83 0.026 10166272
84 0.0267 10158080
85 0.0264 10162176
86 0.0265 10170368
87 0.0266 10162176
88 0.0262 10170368
89 0.0266 10149888
90 0.0264 10166272
91 0.0269 10182656
92 0.0265 10174464
93 0.0263 10178560
94 0.0267 10178560
95 0.0272 10178560
96 0.0272 10174464
97 0.0267 10182656
98 0.0268 10178560
99 0.0268 10166272
100 0.0268 10178560
101 0.0268 10178560
102 0.0274 10178560
103 0.0306 10182656
104 0.0267 10190848
105 0.0305 10190848
106 0.0268 10178560
107 0.0308 10194944
108 0.0271 10182656
109 0.0269 10207232
110 0.0279 10190848
111 0.0271 10190848
112 0.0272 10215424
113 0.0272 10194944
114 0.0276 10194944
115 0.0338 10293248
116 0.0273 10190848
117 0.0282 10219520
118 0.0279 10211328
119 0.0286 10215424
120 0.1813 10231808
121 0.0361 10260480
122 0.0289 10203136
123 0.0323 10248192
124 0.0316 10215424
125 0.0276 10203136
126 0.0315 10215424
127 0.0282 10240000
128 0.0285 10231808
129 0.0318 10235904
130 0.0322 10231808
131 0.0282 10244096
132 0.0285 10227712
133 0.0317 10235904
134 0.0278 10240000
135 0.0284 10252288
136 0.0288 10248192
137 0.028 10231808
138 0.0285 10248192
139 0.0281 10227712
140 0.0284 10248192
141 0.029 10235904
142 0.0292 10231808
143 0.0284 10252288
144 0.0321 10256384
145 0.0291 10248192
146 0.0326 10260480
147 0.0293 10260480
148 0.0299 10268672
149 0.0296 10264576
150 0.0292 10268672
151 0.0303 10289152
152 0.0333 10272768
153 0.0291 10260480
154 0.0304 10260480
155 0.0302 10285056
156 0.0288 10260480
157 0.0303 10289152
158 0.0306 10280960
159 0.0335 10289152
160 0.0307 10260480
161 0.0335 10285056
162 0.03 10280960
163 0.0294 10268672
164 0.0331 10280960
165 0.0292 10268672
166 0.0301 10276864
167 0.0298 10272768
168 0.0295 10276864
169 0.0292 10313728
170 0.0339 10285056
171 0.0293 10272768
172 0.0306 10280960
173 0.0299 10280960
174 0.0297 10289152
175 0.0298 10276864
176 0.0303 10289152
177 0.0299 10272768
178 0.0304 10297344
179 0.0305 10289152
180 0.0341 10297344
181 0.031 10305536
182 0.0341 10305536
183 0.0339 10301440
184 0.0305 10280960
185 0.0306 10293248
186 0.0302 10285056
187 0.0309 10309632
188 0.0309 10305536
189 0.0347 10326016
190 0.0307 10285056
191 0.0305 10289152
192 0.0316 10330112
193 0.0303 10305536
194 0.0304 10305536
195 0.0348 10334208
196 0.0309 10317824
197 0.0344 10338304
198 0.0322 10330112
199 0.0309 10313728
200 0.0318 10334208
201 0.0586 10354688
202 0.035 10338304
203 0.0311 10317824
204 0.0322 10342400
205 0.0311 10358784
206 0.032 10338304
207 0.031 10362880
208 0.0314 10326016
209 0.0317 10346496
210 0.0309 10358784
211 0.0326 10342400
212 0.0324 10354688
213 0.0315 10362880
214 0.0317 10342400
215 0.0314 10366976
216 0.0317 10358784
217 0.0359 10350592
218 0.0324 10350592
219 0.0357 10387456
220 0.0317 10330112
221 0.0327 10338304
222 0.0324 10334208
223 0.0322 10358784
224 0.0357 10354688
225 0.0326 10362880
226 0.0366 10375168
227 0.0325 10375168
228 0.0368 10395648
229 0.033 10362880
230 0.0318 10342400
231 0.0361 10366976
232 0.0321 10358784
233 0.0324 10362880
234 0.0361 10383360
235 0.0323 10395648
236 0.0324 10371072
237 0.0323 10391552
238 0.0331 10391552
239 0.0324 10366976
240 0.0326 10395648
241 0.0369 10391552
242 0.0364 10395648
243 0.0323 10395648
244 0.034 10407936
245 0.0327 10407936
246 0.0326 10375168
247 0.0337 10399744
248 0.0326 10412032
249 0.0333 10407936
250 0.0342 10452992
251 0.0333 10399744
252 0.0347 10403840
253 0.0333 10383360
254 0.034 10403840
255 0.0335 10420224
256 0.0339 10424320
257 0.0368 10412032
258 0.0343 10416128
259 0.0339 10416128
260 0.0335 10407936
261 0.0384 10416128
262 0.0336 10428416
263 0.0334 10432512
264 0.0377 10424320
265 0.0334 10432512
266 0.0336 10420224
267 0.0342 10416128
268 0.0345 10420224
269 0.0355 10420224
270 0.0339 10428416
271 0.0388 10432512
272 0.0342 10399744
273 0.0376 10424320
274 0.0346 10412032
275 0.0348 10412032
276 0.0393 10452992
277 0.0354 10420224
278 0.034 10420224
279 0.0352 10469376
280 0.0338 10420224
281 0.0343 10420224
282 0.0344 10448896
283 0.035 10444800
284 0.0363 10424320
285 0.0357 10481664
286 0.0347 10432512
287 0.0357 10432512
288 0.0382 10461184
289 0.0354 10465280
290 0.0398 10489856
291 0.0387 10461184
292 0.0352 10444800
293 0.0364 10473472
294 0.0352 10473472
295 0.038 10526720
296 0.0346 10448896
297 0.0366 10473472
298 0.0356 10481664
299 0.0359 10493952
300 0.0354 10477568
301 0.0397 10481664
302 0.035 10461184
303 0.0352 10493952
304 0.0363 10473472
305 0.0359 10506240
306 0.0361 10481664
307 0.0358 10469376
308 0.0359 10493952
309 0.0392 10498048
310 0.0354 10469376
311 0.0352 10502144
312 0.0362 10481664
313 0.0358 10485760
314 0.0371 10485760
315 0.0362 10506240
316 0.0352 10477568
317 0.0365 10477568
318 0.0364 10498048
319 0.0356 10502144
320 0.0365 10489856
321 0.0401 10502144
322 0.0396 10506240
323 0.0365 10539008
324 0.0368 10506240
325 0.0364 10489856
326 0.0359 10522624
327 0.0369 10514432
328 0.0401 10510336
329 0.0362 10489856
330 0.037 10502144
331 0.0366 10493952
332 0.0362 10498048
333 0.0363 10498048
334 0.0365 10498048
335 0.0374 10534912
336 0.0369 10514432
337 0.0366 10498048
338 0.0368 10530816
339 0.037 10543104
340 0.0372 10510336
341 0.0368 10514432
342 0.0367 10543104
343 0.0371 10526720
344 0.0371 10518528
345 0.0375 10530816
346 0.0396 10526720
347 0.0378 10526720
348 0.0379 10530816
349 0.0374 10543104
350 0.038 10530816
351 0.0378 10522624
352 0.0381 10539008
353 0.0375 10559488
354 0.0372 10555392
355 0.0384 10539008
356 0.0394 10534912
357 0.0373 10551296
358 0.0381 10547200
359 0.0377 10539008
360 0.0383 10563584
361 0.0418 10563584
362 0.0378 10539008
363 0.0384 10555392
364 0.0377 10571776
365 0.0419 10563584
366 0.0387 10567680
367 0.0419 10567680
368 0.0469 10567680
369 0.0396 10555392
370 0.038 10547200
371 0.0386 10547200
372 0.0395 10559488
373 0.0398 10547200
374 0.0402 10584064
375 0.0391 10567680
376 0.0422 10567680
377 0.0391 10575872
378 0.0387 10579968
379 0.0383 10555392
380 0.0391 10555392
381 0.0392 10579968
382 0.0389 10567680
383 0.039 10579968
384 0.0391 10571776
385 0.0425 10596352
386 0.0385 10608640
387 0.0389 10600448
388 0.0397 10600448
389 0.0426 10629120
390 0.0395 10604544
391 0.0396 10592256
392 0.0389 10579968
393 0.0397 10592256
394 0.0388 10588160
395 0.0393 10588160
396 0.0431 10616832
397 0.0395 10600448
398 0.0389 10588160
399 0.0402 10600448
400 0.0407 10608640
401 0.0396 10629120
402 0.0401 10612736
403 0.0403 10616832
404 0.0393 10608640
405 0.0395 10608640
406 0.0398 10612736
407 0.039 10649600
408 0.0436 10637312
409 0.0398 10612736
410 0.0406 10612736
411 0.0401 10633216
412 0.0405 10637312
413 0.0399 10657792
414 0.0439 10645504
415 0.0409 10637312
416 0.04 10653696
417 0.0406 10649600
418 0.0397 10657792
419 0.0408 10637312
420 0.0433 10649600
421 0.0408 10641408
422 0.0402 10641408
423 0.0413 10653696
424 0.0405 10645504
425 0.0406 10670080
426 0.0405 10637312
427 0.0412 10637312
428 0.0445 10657792
429 0.0405 10641408
430 0.0409 10653696
431 0.0414 10665984
432 0.0408 10645504
433 0.0408 10645504
434 0.0416 10653696
435 0.0411 10645504
436 0.0446 10674176
437 0.0417 10653696
438 0.0413 10649600
439 0.041 10653696
440 0.0408 10653696
441 0.0413 10686464
442 0.0413 10694656
443 0.0412 10653696
444 0.0413 10682368
445 0.0417 10690560
446 0.0413 10657792
447 0.0418 10674176
448 0.0412 10686464
449 0.0422 10698752
450 0.0459 10723328
451 0.0413 10670080
452 0.0415 10698752
453 0.0425 10690560
454 0.0422 10698752
455 0.0413 10682368
456 0.0416 10711040
457 0.0425 10702848
458 0.0417 10682368
459 0.0414 10682368
460 0.0416 10739712
461 0.0457 10702848
462 0.0426 10706944
463 0.0422 10690560
464 0.0458 10711040
465 0.0422 10698752
466 0.0418 10686464
467 0.0426 10727424
468 0.0427 10694656
469 0.0423 10694656
470 0.0421 10715136
471 0.0432 10723328
472 0.0418 10747904
473 0.0431 10727424
474 0.0465 10739712
475 0.0423 10764288
476 0.0425 10706944
477 0.0435 10739712
478 0.0465 10760192
479 0.0439 10743808
480 0.0421 10760192
481 0.0435 10747904
482 0.0431 10760192
483 0.0427 10723328
484 0.0424 10756096
485 0.0425 10747904
486 0.043 10731520
487 0.0434 10735616
488 0.0467 10760192
489 0.0439 10752000
490 0.0427 10756096
491 0.0471 10764288
492 0.0435 10739712
493 0.0435 10772480
494 0.0429 10772480
495 0.0433 10739712
496 0.0446 10764288
497 0.0434 10747904
498 0.044 10768384
499 0.0434 10747904
500 0.0442 10760192
501 0.0447 10768384
502 0.0434 10788864
503 0.0477 10776576
504 0.0449 10813440
505 0.0439 10756096
506 0.0447 10776576
507 0.0448 10784768
508 0.0481 10780672
509 0.0441 10756096
510 0.0446 10780672
511 0.0441 10747904
512 0.0477 10780672
513 0.0453 10764288
514 0.045 10776576
515 0.0448 10768384
516 0.0482 10780672
517 0.0441 10760192
518 0.0448 10760192
519 0.0449 10772480
520 0.0451 10780672
521 0.0483 10780672
522 0.0455 10788864
523 0.0446 10801152
524 0.0446 10764288
525 0.0443 10805248
526 0.0448 10788864
527 0.0451 10784768
528 0.0449 10797056
529 0.045 10797056
530 0.0454 10817536
531 0.0454 10792960
532 0.045 10809344
533 0.0498 10797056
534 0.0456 10792960
535 0.0452 10788864
536 0.0452 10780672
537 0.0451 10809344
538 0.0459 10801152
539 0.0454 10809344
540 0.0461 10788864
541 0.0501 10809344
542 0.0468 10801152
543 0.0459 10821632
544 0.0459 10784768
545 0.0455 10813440
546 0.051 10817536
547 0.0467 10792960
548 0.0461 10825728
549 0.0459 10797056
550 0.0499 10858496
551 0.047 10821632
552 0.0454 10862592
553 0.0475 10850304
554 0.0481 10825728
555 0.0462 10805248
556 0.0462 10821632
557 0.0463 10833920
558 0.0554 10829824
559 0.0463 10825728
560 0.0523 10854400
561 0.0525 10866688
562 0.0472 10825728
563 0.048 10813440
564 0.0483 10833920
565 0.053 10919936
566 0.0474 10854400
567 0.0472 10846208
568 0.0491 10846208
569 0.0511 10838016
570 0.0511 10850304
571 0.0475 10850304
572 0.0484 10821632
573 0.0469 10891264
574 0.048 10842112
575 0.0517 10854400
576 0.048 10874880
577 0.0509 10924032
578 0.0474 10883072
579 0.0483 10883072
580 0.0472 10903552
581 0.0479 10883072
582 0.048 10911744
583 0.0475 10907648
584 0.0471 10915840
585 0.0519 10915840
586 0.0508 10907648
587 0.0471 10940416
588 0.0515 10903552
589 0.0477 10895360
590 0.0499 10911744
591 0.0502 10899456
592 0.048 10936320
593 0.0484 10919936
594 0.048 10919936
595 0.0528 10915840
596 0.0485 10956800
597 0.048 10907648
598 0.0516 10919936
599 0.0473 10903552
600 0.0484 10903552
601 0.0484 10903552
602 0.0486 10903552
603 0.0483 10932224
604 0.0479 10903552
605 0.0518 10924032
606 0.068 10936320
607 0.0484 10903552
608 0.0489 10903552
609 0.0523 10928128
610 0.0489 10932224
611 0.0489 10924032
612 0.0487 10948608
613 0.0506 10940416
614 0.0481 10919936
615 0.049 10940416
616 0.05 10948608
617 0.054 10985472
618 0.0497 10956800
619 0.0506 10928128
620 0.0496 10952704
621 0.0534 10940416
622 0.0509 10944512
623 0.055 10964992
624 0.0492 10960896
625 0.0505 10928128
626 0.0486 10940416
627 0.0504 10948608
628 0.0504 10948608
629 0.0494 10928128
630 0.0512 10948608
631 0.051 10944512
632 0.0506 10936320
633 0.0503 10956800
634 0.0545 10952704
635 0.0491 10952704
636 0.0504 10960896
637 0.0516 10997760
638 0.0535 10952704
639 0.0514 10952704
640 0.05 10956800
641 0.0544 10985472
642 0.0495 10973184
643 0.0553 10977280
644 0.0507 10969088
645 0.0548 10981376
646 0.0509 10956800
647 0.054 10969088
648 0.0513 10989568
649 0.0515 10973184
650 0.0515 10997760
651 0.0508 10977280
652 0.051 11038720
653 0.0506 10985472
654 0.0504 10960896
655 0.0503 10969088
656 0.051 10985472
657 0.0507 10973184
658 0.0506 10989568
659 0.0501 10997760
660 0.0505 10993664
661 0.0516 10973184
662 0.0514 10993664
663 0.0508 10973184
664 0.0506 10993664
665 0.0514 10985472
666 0.0504 11001856
667 0.0518 10981376
668 0.051 10973184
669 0.0513 10985472
670 0.0516 11001856
671 0.051 10997760
672 0.0518 11014144
673 0.0543 11014144
674 0.0508 11005952
675 0.0554 10993664
676 0.0516 10997760
677 0.0513 11005952
678 0.0507 11026432
679 0.0517 11014144
680 0.0554 11005952
681 0.0523 11010048
682 0.0518 11010048
683 0.0514 11026432
684 0.052 11026432
685 0.0516 11046912
686 0.0514 11034624
687 0.0523 11010048
688 0.0521 11014144
689 0.0525 11046912
690 0.0557 11071488
691 0.0518 11055104
692 0.0521 11051008
693 0.0516 11014144
694 0.0527 11046912
695 0.0518 11051008
696 0.0519 11079680
697 0.0559 11046912
698 0.0522 11046912
699 0.0518 11046912
700 0.0567 11067392
701 0.0531 11030528
702 0.0519 11030528
703 0.0529 11038720
704 0.0531 11046912
705 0.056 11042816
706 0.0532 11038720
707 0.0521 11030528
708 0.0534 11051008
709 0.0534 11051008
710 0.0537 11059200
711 0.0524 11059200
712 0.0699 11055104
713 0.0802 11108352
714 0.0686 11067392
715 0.0552 11063296
716 0.057 11075584
717 0.0562 11071488
718 0.0568 11059200
719 0.0579 11059200
720 0.053 11042816
721 0.0635 11247616
722 0.053 11046912
723 0.0538 11051008
724 0.0542 11055104
725 0.0548 11091968
726 0.0536 11083776
727 0.0537 11063296
728 0.0531 11055104
729 0.0542 11120640
730 0.0557 11055104
731 0.0572 11083776
732 0.0534 11063296
733 0.0539 11100160
734 0.0565 11091968
735 0.055 11067392
736 0.054 11100160
737 0.0538 11067392
738 0.0604 11243520
739 0.0589 11087872
740 0.0545 11083776
741 0.0599 11083776
742 0.0533 11091968
743 0.0546 11096064
744 0.0548 11075584
745 0.0556 11124736
746 0.0548 11100160
747 0.059 11091968
748 0.0546 11087872
749 0.0591 11096064
750 0.055 11104256
751 0.0548 11096064
752 0.058 11100160
753 0.0551 11100160
754 0.056 11104256
755 0.0548 11079680
756 0.055 11112448
757 0.0557 11079680
758 0.0586 11108352
759 0.0555 11091968
760 0.0546 11137024
761 0.0579 11112448
762 0.0575 11165696
763 0.0563 11128832
764 0.0598 11112448
765 0.0587 11116544
766 0.0568 11116544
767 0.0546 11112448
768 0.0569 11141120
769 0.0546 11124736
770 0.061 11177984
771 0.0563 11157504
772 0.0614 11173888
773 0.0607 11243520
774 0.0561 11149312
775 0.0565 11149312
776 0.0561 11173888
777 0.0557 11153408
778 0.056 11169792
779 0.0556 11141120
780 0.0554 11182080
781 0.0567 11169792
782 0.0559 11145216
783 0.0597 11165696
784 0.0605 11169792
785 0.0574 11165696
786 0.0565 11177984
787 0.0581 11169792
788 0.0603 11132928
789 0.0554 11165696
790 0.056 11169792
791 0.0604 11177984
792 0.0565 11190272
793 0.0577 11190272
794 0.0578 11194368
795 0.0572 11177984
796 0.0568 11186176
797 0.0593 11177984
798 0.0566 11182080
799 0.0564 11161600
800 0.0603 11202560
801 0.0578 11173888
802 0.0603 11186176
803 0.0566 11194368
804 0.0574 11182080
805 0.0584 11182080
806 0.0575 11194368
807 0.0569 11190272
808 0.0575 11182080
809 0.0568 11206656
810 0.0572 11210752
811 0.057 11202560
812 0.0615 11206656
813 0.0584 11198464
814 0.064 11198464
815 0.0572 11210752
816 0.0575 11182080
817 0.0632 11313152
818 0.0662 11202560
819 0.07 11366400
820 0.0583 11202560
821 0.0609 11198464
822 0.0605 11206656
823 0.0574 11202560
824 0.0583 11210752
825 0.0616 11210752
826 0.0588 11206656
827 0.0572 11223040
828 0.0618 11214848
829 0.0575 11186176
830 0.0583 11194368
831 0.0612 11227136
832 0.0585 11218944
833 0.0581 11223040
834 0.0589 11247616
835 0.0583 11227136
836 0.0583 11235328
837 0.0585 11239424
838 0.0587 11251712
839 0.0584 11231232
840 0.0632 11411456
841 0.0621 11264000
842 0.0582 11247616
843 0.062 11251712
844 0.0584 11251712
845 0.0589 11235328
846 0.0581 11235328
847 0.0686 11268096
848 0.0616 11276288
849 0.0595 11264000
850 0.0587 11280384
851 0.0621 11272192
852 0.0586 11276288
853 0.0583 11268096
854 0.0578 11272192
855 0.0595 11304960
856 0.0596 11292672
857 0.0589 11304960
858 0.059 11317248
859 0.0592 11280384
860 0.0601 11309056
861 0.0595 11309056
862 0.0593 11296768
863 0.0625 11304960
864 0.0589 11304960
865 0.06 11276288
866 0.0592 11309056
867 0.0599 11300864
868 0.0607 11309056
869 0.0597 11329536
870 0.0605 11317248
871 0.0611 11317248
872 0.0602 11292672
873 0.0604 11325440
874 0.0606 11333632
875 0.0599 11325440
876 0.0604 11325440
877 0.0606 11325440
878 0.0609 11317248
879 0.0637 11321344
880 0.0624 11317248
881 0.0632 11337728
882 0.0622 11325440
883 0.0607 11304960
884 0.0621 11399168
885 0.0612 11337728
886 0.0613 11345920
887 0.0615 11333632
888 0.0618 11329536
889 0.0624 11317248
890 0.0617 11345920
891 0.0654 11341824
892 0.0619 11337728
893 0.0621 11345920
894 0.0617 11337728
895 0.0658 11345920
896 0.0649 11341824
897 0.0612 11325440
898 0.0617 11345920
899 0.0617 11354112
900 0.0612 11354112
901 0.0608 11354112
902 0.0614 11337728
903 0.0603 11358208
904 0.0614 11354112
905 0.0617 11362304
906 0.0617 11366400
907 0.0616 11354112
908 0.0611 11354112
909 0.0614 11366400
910 0.0613 11374592
911 0.0612 11341824
912 0.0613 11337728
913 0.0616 11366400
914 0.0611 11374592
915 0.0616 11374592
916 0.0624 11358208
917 0.0623 11378688
918 0.0624 11345920
919 0.0613 11378688
920 0.0611 11345920
921 0.0654 11370496
922 0.0652 11468800
923 0.0621 11374592
924 0.0656 11374592
925 0.0632 11362304
926 0.0618 11374592
927 0.066 11374592
928 0.0619 11366400
929 0.0657 11382784
930 0.0614 11386880
931 0.0657 11378688
932 0.0622 11390976
933 0.0624 11407360
934 0.0625 11399168
935 0.0628 11411456
936 0.0665 11395072
937 0.063 11403264
938 0.0621 11411456
939 0.0624 11411456
940 0.0686 11595776
941 0.0623 11415552
942 0.0627 11431936
943 0.0635 11444224
944 0.0627 11419648
945 0.0625 11419648
946 0.0665 11436032
947 0.0623 11403264
948 0.0636 11440128
949 0.0636 11448320
950 0.0634 11456512
951 0.0644 11423744
952 0.0637 11436032
953 0.0649 11415552
954 0.0656 11411456
955 0.0648 11415552
956 0.0682 11427840
957 0.0686 11436032
958 0.0638 11403264
959 0.0644 11440128
960 0.0692 11436032
961 0.0648 11448320
962 0.0649 11427840
963 0.066 11489280
964 0.0656 11444224
965 0.0688 11448320
966 0.0677 11546624
967 0.0681 11509760
968 0.0664 11456512
969 0.0733 11456512
970 0.0679 11456512
971 0.0661 11472896
972 0.0666 11456512
973 0.065 11452416
974 0.0663 11464704
975 0.0662 11481088
976 0.0723 11591680
977 0.0662 11481088
978 0.0673 11464704
979 0.065 11448320
980 0.0663 11563008
981 0.0641 11472896
982 0.0654 11485184
983 0.0643 11472896
984 0.0727 11653120
985 0.0682 11485184
986 0.0639 11489280
987 0.0638 11489280
988 0.0645 11481088
989 0.0643 11476992
990 0.0652 11476992
991 0.0646 11476992
992 0.0682 11505664
993 0.0655 11476992
994 0.065 11497472
995 0.0656 11485184
996 0.0651 11489280
997 0.0646 11505664
998 0.0648 11472896
999 0.0652 11497472
1000 0.0664 11497472