1 0.0223 10076160
2 0.0265 10039296
3 0.0264 10043392
4 0.0243 10039296
5 0.0238 10035200
6 0.0233 10043392
7 0.0232 10043392
8 0.0224 10055680
9 0.0224 10043392
10 0.0234 10063872
11 0.0241 10080256
12 0.0238 10059776
13 0.0231 10051584
14 0.024 10047488
15 0.0236 10067968
16 0.0228 10063872
17 0.027 10088448
18 0.0234 10145792
19 0.0236 10084352
20 0.0231 10047488
21 0.0277 10072064
22 0.0249 10059776
23 0.0241 10067968
24 0.024 10067968
25 0.023 10084352
26 0.0254 10076160
27 0.0236 10072064
28 0.0278 10080256
29 0.0247 10088448
30 0.0237 10059776
31 0.0244 10084352
32 0.0244 10080256
33 0.0279 10088448
34 0.0237 10096640
35 0.0237 10092544
36 0.0283 10104832
37 0.0237 10104832
38 0.0286 10096640
39 0.0291 10100736
40 0.0247 10100736
41 0.0281 10113024
42 0.0245 10108928
43 0.0248 10100736
44 0.0247 10100736
45 0.0249 10125312
46 0.0282 10108928
47 0.0284 10108928
48 0.0247 10117120
49 0.0249 10108928
50 0.0251 10113024
51 0.0254 10117120
52 0.0256 10104832
53 0.0245 10096640
54 0.025 10096640
55 0.0285 10121216
56 0.0252 10125312
57 0.0244 10100736
58 0.0257 10117120
59 0.0287 10153984
60 0.0249 10104832
61 0.0288 10129408
62 0.025 10104832
63 0.0256 10125312
64 0.0258 10125312
65 0.026 10133504
66 0.026 10133504
67 0.0253 10113024
68 0.0254 10133504
69 0.0259 10133504
70 0.029 10137600
71 0.0264 10129408
72 0.0261 10141696
73 0.0295 10145792
74 0.0252 10125312
75 0.0263 10153984
76 0.0267 10153984
77 0.0296 10166272
78 0.0307 10153984
79 0.0267 10158080
80 0.0276 10158080
81 0.0276 10153984
82 0.0304 10158080
83 0.0269 10162176
84 0.0256 10166272
85 0.0268 10158080
86 0.0268 10166272
87 0.0296 10162176
88 0.026 10149888
89 0.0269 10170368
90 0.0261 10186752
91 0.0263 10166272
92 0.027 10162176
93 0.0351 10203136
94 0.0309 10178560
95 0.026 10158080
96 0.0284 10170368
97 0.0282 10162176
98 0.0272 10178560
99 0.0287 10174464
100 0.0285 10174464
101 0.0273 10182656
102 0.0315 10186752
103 0.0276 10182656
104 0.0272 10190848
105 0.027 10178560
106 0.0276 10190848
107 0.0269 10207232
108 0.0278 10190848
109 0.0268 10182656
110 0.0274 10203136
111 0.0308 10207232
112 0.0279 10211328
113 0.027 10231808
114 0.0467 10240000
115 0.0287 10219520
116 0.0277 10215424
117 0.0272 10215424
118 0.0272 10215424
119 0.0282 10215424
120 0.0279 10215424
121 0.0292 10215424
122 0.0298 10223616
123 0.037 10285056
124 0.0338 10297344
125 0.0291 10215424
126 0.0292 10223616
127 0.0288 10223616
128 0.0277 10231808
129 0.0318 10231808
130 0.0348 10215424
131 0.0284 10231808
132 0.0324 10231808
133 0.0281 10219520
134 0.0319 10231808
135 0.029 10240000
136 0.0281 10219520
137 0.0284 10219520
138 0.0323 10235904
139 0.0284 10231808
140 0.0323 10240000
141 0.0289 10248192
142 0.0281 10240000
143 0.0293 10248192
144 0.0285 10252288
145 0.0292 10272768
146 0.0294 10268672
147 0.0303 10256384
148 0.0301 10268672
149 0.0291 10260480
150 0.0329 10272768
151 0.0287 10280960
152 0.0285 10260480
153 0.0401 10285056
154 0.0295 10285056
155 0.0295 10276864
156 0.0298 10276864
157 0.0296 10268672
158 0.0301 10280960
159 0.0294 10260480
160 0.0289 10260480
161 0.0331 10285056
162 0.0297 10280960
163 0.0299 10289152
164 0.0299 10289152
165 0.0334 10285056
166 0.0306 10280960
167 0.0298 10280960
168 0.0294 10293248
169 0.0302 10305536
170 0.0298 10280960
171 0.0303 10297344
172 0.0301 10297344
173 0.0305 10293248
174 0.0351 10309632
175 0.0305 10309632
176 0.0298 10276864
177 0.0336 10293248
178 0.0304 10297344
179 0.0342 10293248
180 0.0303 10301440
181 0.0309 10289152
182 0.0316 10305536
183 0.0306 10309632
184 0.0344 10301440
185 0.032 10289152
186 0.0313 10297344
187 0.0323 10321920
188 0.0314 10285056
189 0.0327 10317824
190 0.0324 10293248
191 0.0357 10317824
192 0.0307 10305536
193 0.0359 10338304
194 0.032 10305536
195 0.0306 10346496
196 0.0326 10338304
197 0.0323 10342400
198 0.0316 10330112
199 0.0325 10346496
200 0.0326 10342400
201 0.0348 10346496
202 0.0332 10338304
203 0.0326 10350592
204 0.0311 10321920
205 0.0325 10362880
206 0.0324 10338304
207 0.0353 10379264
208 0.0364 10366976
209 0.032 10358784
210 0.0318 10354688
211 0.0319 10326016
212 0.0317 10354688
213 0.0313 10371072
214 0.0319 10326016
215 0.0362 10371072
216 0.0322 10342400
217 0.0314 10346496
218 0.0316 10375168
219 0.0357 10354688
220 0.0315 10330112
221 0.0324 10350592
222 0.0317 10354688
223 0.0355 10366976
224 0.0327 10362880
225 0.0334 10346496
226 0.0358 10358784
227 0.0329 10371072
228 0.0355 10395648
229 0.0318 10342400
230 0.0328 10354688
231 0.0334 10354688
232 0.0326 10358784
233 0.0327 10375168
234 0.0329 10387456
235 0.0335 10371072
236 0.0323 10403840
237 0.0322 10403840
238 0.0333 10387456
239 0.0326 10395648
240 0.0324 10395648
241 0.0332 10387456
242 0.0336 10391552
243 0.0331 10403840
244 0.0335 10407936
245 0.0346 10420224
246 0.033 10403840
247 0.0334 10399744
248 0.0368 10403840
249 0.0336 10395648
250 0.0367 10407936
251 0.0332 10412032
252 0.0375 10407936
253 0.0332 10383360
254 0.0336 10424320
255 0.0331 10403840
256 0.0335 10444800
257 0.0339 10403840
258 0.0334 10424320
259 0.0338 10412032
260 0.0344 10407936
261 0.0336 10395648
262 0.0371 10424320
263 0.0334 10436608
264 0.0337 10432512
265 0.0341 10424320
266 0.0375 10416128
267 0.0335 10391552
268 0.0376 10412032
269 0.0348 10420224
270 0.0377 10424320
271 0.034 10432512
272 0.0342 10399744
273 0.0378 10420224
274 0.0388 10448896
275 0.035 10432512
276 0.0343 10432512
277 0.039 10457088
278 0.0361 10444800
279 0.0389 10440704
280 0.0347 10457088
281 0.0352 10436608
282 0.0347 10452992
283 0.038 10444800
284 0.0347 10457088
285 0.0345 10457088
286 0.0351 10444800
287 0.0354 10452992
288 0.0397 10465280
289 0.035 10465280
290 0.0373 10465280
291 0.0359 10440704
292 0.0359 10473472
293 0.0357 10440704
294 0.0373 10473472
295 0.035 10481664
296 0.0357 10498048
297 0.0351 10448896
298 0.0387 10485760
299 0.0388 10481664
300 0.035 10493952
301 0.0359 10485760
302 0.037 10473472
303 0.0354 10493952
304 0.037 10493952
305 0.0366 10469376
306 0.0359 10493952
307 0.0367 10510336
308 0.0367 10469376
309 0.0394 10489856
310 0.0355 10498048
311 0.036 10489856
312 0.0379 10485760
313 0.0372 10498048
314 0.0362 10502144
315 0.0377 10498048
316 0.0365 10493952
317 0.0363 10498048
318 0.0365 10477568
319 0.0358 10477568
320 0.0357 10518528
321 0.0363 10481664
322 0.0362 10498048
323 0.0399 10510336
324 0.0358 10489856
325 0.0368 10522624
326 0.037 10510336
327 0.0364 10526720
328 0.0404 10510336
329 0.0369 10506240
330 0.0371 10506240
331 0.0371 10522624
332 0.037 10514432
333 0.04 10530816
334 0.0372 10514432
335 0.0376 10518528
336 0.0407 10522624
337 0.0375 10526720
338 0.0405 10518528
339 0.0374 10530816
340 0.0373 10534912
341 0.0407 10547200
342 0.0375 10530816
343 0.0384 10526720
344 0.0411 10530816
345 0.0375 10518528
346 0.0376 10551296
347 0.0382 10514432
348 0.0402 10547200
349 0.0387 10534912
350 0.038 10555392
351 0.0387 10539008
352 0.0419 10551296
353 0.0381 10547200
354 0.0389 10555392
355 0.043 10547200
356 0.0381 10534912
357 0.0388 10551296
358 0.0382 10571776
359 0.0384 10555392
360 0.038 10563584
361 0.0373 10571776
362 0.0422 10559488
363 0.0392 10547200
364 0.0377 10571776
365 0.0429 10563584
366 0.0389 10539008
367 0.0387 10563584
368 0.0382 10567680
369 0.0417 10571776
370 0.0384 10547200
371 0.0403 10567680
372 0.0382 10547200
373 0.0393 10588160
374 0.0394 10563584
375 0.0421 10579968
376 0.0386 10588160
377 0.0384 10579968
378 0.0433 10579968
379 0.0403 10584064
380 0.0391 10584064
381 0.0391 10629120
382 0.0384 10620928
383 0.039 10563584
384 0.0385 10596352
385 0.039 10608640
386 0.0387 10579968
387 0.0394 10596352
388 0.04 10600448
389 0.039 10608640
390 0.0393 10592256
391 0.0393 10592256
392 0.0399 10608640
393 0.0399 10604544
394 0.0386 10616832
395 0.0391 10620928
396 0.0392 10625024
397 0.0401 10608640
398 0.0392 10625024
399 0.0432 10616832
400 0.04 10600448
401 0.04 10616832
402 0.0435 10629120
403 0.0399 10625024
404 0.0431 10629120
405 0.0408 10620928
406 0.0395 10645504
407 0.04 10612736
408 0.0409 10633216
409 0.0409 10633216
410 0.0401 10612736
411 0.0436 10645504
412 0.04 10657792
413 0.0401 10625024
414 0.0406 10645504
415 0.0406 10641408
416 0.0409 10649600
417 0.0437 10645504
418 0.0472 10674176
419 0.0455 10649600
420 0.0407 10665984
421 0.0412 10665984
422 0.0412 10657792
423 0.0412 10645504
424 0.0409 10653696
425 0.0408 10633216
426 0.0411 10653696
427 0.0415 10649600
428 0.0412 10649600
429 0.0401 10678272
430 0.0405 10670080
431 0.0407 10645504
432 0.0413 10661888
433 0.0417 10653696
434 0.0413 10665984
435 0.0411 10645504
436 0.0416 10670080
437 0.0417 10661888
438 0.0406 10649600
439 0.0407 10682368
440 0.0414 10665984
441 0.0417 10674176
442 0.042 10686464
443 0.0423 10665984
444 0.0418 10657792
445 0.0423 10682368
446 0.0415 10670080
447 0.045 10682368
448 0.0425 10698752
449 0.0425 10690560
450 0.0416 10702848
451 0.0418 10702848
452 0.0429 10706944
453 0.0417 10715136
454 0.0449 10719232
455 0.0417 10682368
456 0.0418 10711040
457 0.0455 10702848
458 0.0423 10698752
459 0.046 10698752
460 0.0425 10686464
461 0.0423 10698752
462 0.0417 10715136
463 0.0454 10711040
464 0.0462 10706944
465 0.0418 10719232
466 0.0416 10715136
467 0.0464 10752000
468 0.0422 10686464
469 0.0421 10706944
470 0.0417 10715136
471 0.0464 10735616
472 0.0429 10747904
473 0.043 10715136
474 0.0421 10715136
475 0.0423 10747904
476 0.0437 10731520
477 0.0432 10731520
478 0.0431 10760192
479 0.0475 10776576
480 0.043 10735616
481 0.0423 10756096
482 0.0472 10747904
483 0.0434 10723328
484 0.0441 10743808
485 0.0467 10747904
486 0.0442 10756096
487 0.0445 10752000
488 0.0438 10760192
489 0.0432 10776576
490 0.0429 10723328
491 0.0437 10776576
492 0.0473 10764288
493 0.0437 10752000
494 0.0441 10760192
495 0.0472 10768384
496 0.044 10764288
497 0.044 10768384
498 0.0441 10760192
499 0.0437 10792960
500 0.0442 10760192
501 0.0443 10768384
502 0.0473 10772480
503 0.0443 10768384
504 0.0478 10776576
505 0.0436 10788864
506 0.0442 10780672
507 0.044 10756096
508 0.0483 10780672
509 0.0434 10756096
510 0.0443 10784768
511 0.0448 10772480
512 0.0486 10776576
513 0.0448 10772480
514 0.044 10784768
515 0.044 10784768
516 0.0445 10760192
517 0.0452 10772480
518 0.0481 10780672
519 0.045 10760192
520 0.0486 10784768
521 0.045 10776576
522 0.0445 10760192
523 0.0482 10784768
524 0.0445 10764288
525 0.0451 10788864
526 0.0458 10792960
527 0.0447 10792960
528 0.0487 10792960
529 0.046 10788864
530 0.0442 10768384
531 0.0455 10780672
532 0.0453 10784768
533 0.0457 10792960
534 0.0459 10792960
535 0.0447 10817536
536 0.045 10805248
537 0.049 10805248
538 0.0459 10821632
539 0.0452 10813440
540 0.0448 10788864
541 0.0454 10788864
542 0.0463 10805248
543 0.0457 10805248
544 0.0466 10784768
545 0.0464 10792960
546 0.0462 10813440
547 0.0494 10817536
548 0.0459 10805248
549 0.0493 10821632
550 0.0463 10821632
551 0.0464 10805248
552 0.0464 10817536
553 0.0467 10854400
554 0.0455 10805248
555 0.05 10825728
556 0.0473 10817536
557 0.0461 10825728
558 0.0458 10825728
559 0.0473 10838016
560 0.0466 10854400
561 0.0473 10838016
562 0.0465 10833920
563 0.0461 10846208
564 0.0504 10833920
565 0.0465 10846208
566 0.0502 10838016
567 0.0469 10846208
568 0.0503 10838016
569 0.0475 10842112
570 0.0467 10821632
571 0.0469 10842112
572 0.0479 10866688
573 0.0476 10842112
574 0.0469 10850304
575 0.0479 10838016
576 0.0467 10874880
577 0.0467 10919936
578 0.0508 10903552
579 0.0482 10903552
580 0.0468 10883072
581 0.0481 10899456
582 0.0468 10883072
583 0.048 10891264
584 0.0482 10887168
585 0.0472 10911744
586 0.0474 10903552
587 0.0467 10911744
588 0.047 10887168
589 0.0472 10924032
590 0.0484 10911744
591 0.0469 10919936
592 0.0509 10915840
593 0.0483 10907648
594 0.0472 10924032
595 0.0481 10899456
596 0.0524 10936320
597 0.0489 10907648
598 0.0486 10932224
599 0.0488 10924032
600 0.0499 10919936
601 0.049 10924032
602 0.0492 10915840
603 0.0486 10936320
604 0.0521 10928128
605 0.0485 10932224
606 0.0529 10924032
607 0.048 10903552
608 0.0493 10911744
609 0.0532 10969088
610 0.0535 11022336
611 0.0486 10928128
612 0.0502 10940416
613 0.0496 10932224
614 0.0483 10952704
615 0.0495 10940416
616 0.0483 10940416
617 0.0501 10940416
618 0.05 10952704
619 0.0492 10928128
620 0.0484 10948608
621 0.0525 10944512
622 0.0484 10948608
623 0.0527 10944512
624 0.0529 10956800
625 0.0524 10948608
626 0.0605 11075584
627 0.0532 10936320
628 0.0498 10940416
629 0.0503 10936320
630 0.0532 10940416
631 0.0512 10940416
# 632 0.5512 10960896
633 0.0509 10944512
634 0.0511 10952704
635 0.0505 10964992
636 0.0495 10936320
# 637 1.7697 10969088
638 0.3905 10981376
639 0.0624 10944512
640 0.1403 10989568
641 0.0625 11030528
642 0.0524 10960896
643 0.0504 10952704
644 0.0522 10960896
645 0.0549 10977280
646 0.052 10969088
647 0.0516 10956800
648 0.052 10960896
649 0.0549 10981376
650 0.0543 11001856
651 0.0532 10993664
652 0.0508 10993664
653 0.0515 10993664
654 0.0515 10993664
655 0.0561 11104256
656 0.0513 10989568
657 0.0515 10985472
658 0.0515 10969088
659 0.0552 10989568
660 0.0513 10993664
661 0.0566 11063296
662 0.0527 11010048
663 0.0538 11001856
664 0.0524 11005952
665 0.0537 11034624
666 0.0517 10973184
667 0.053 10993664
668 0.0556 10981376
669 0.0523 10981376
670 0.0519 10981376
671 0.0543 10997760
672 0.0592 11038720
673 0.0556 11051008
674 0.0592 11063296
675 0.0522 10969088
676 0.0551 10993664
677 0.0558 11005952
678 0.0536 10997760
679 0.0554 11063296
680 0.0525 11005952
681 0.0532 11010048
682 0.0531 11010048
683 0.0526 11051008
684 0.0575 11116544
685 0.0522 11055104
686 0.0562 11030528
687 0.0536 11038720
688 0.0586 11071488
689 0.0576 11116544
690 0.0537 11038720
691 0.057 11046912
692 0.0534 11026432
693 0.0536 11042816
694 0.0567 11042816
695 0.0551 11046912
696 0.0583 11206656
697 0.0526 11022336
698 0.0539 11059200
699 0.0528 11059200
700 0.0541 11042816
701 0.0573 11051008
702 0.0539 11046912
703 0.0604 11022336
704 0.0529 11026432
705 0.0568 11182080
706 0.0536 11055104
707 0.0541 11091968
708 0.0532 11030528
709 0.0542 11042816
710 0.0577 11055104
711 0.0558 11046912
712 0.0544 11042816
713 0.0538 11034624
714 0.0548 11051008
715 0.0591 11145216
716 0.0577 11055104
717 0.054 11046912
718 0.0559 11059200
719 0.0605 11112448
720 0.0578 11223040
721 0.0582 11071488
722 0.0553 11075584
723 0.0593 11128832
724 0.0558 11055104
725 0.0549 11071488
726 0.0559 11108352
727 0.0576 11075584
728 0.0545 11083776
729 0.0548 11055104
730 0.0581 11079680
731 0.0554 11120640
732 0.0554 11091968
733 0.0547 11087872
734 0.0544 11063296
735 0.0572 11096064
736 0.0554 11100160
737 0.0609 11231232
738 0.0554 11096064
739 0.0562 11067392
740 0.0553 11091968
741 0.0552 11091968
742 0.0589 11083776
743 0.0634 11276288
744 0.0565 11091968
745 0.0564 11071488
746 0.0558 11087872
747 0.0588 11091968
748 0.0557 11087872
749 0.062 11153408
750 0.0562 11124736
751 0.0565 11096064
752 0.0582 11124736
753 0.0573 11100160
754 0.0625 11284480
755 0.0602 11165696
756 0.0854 11198464
757 0.0846 11231232
758 0.0614 11091968
759 0.0619 11108352
760 0.0637 11264000
761 0.0587 11116544
762 0.0599 11247616
763 0.0573 11128832
764 0.06 11239424
765 0.057 11128832
766 0.0641 11202560
767 0.0594 11112448
768 0.0598 11112448
769 0.0598 11186176
770 0.0605 11169792
771 0.0718 11296768
772 0.0639 11296768
773 0.0757 11231232
774 0.0963 11321344
775 0.0895 11309056
776 0.0684 11210752
777 0.0614 11173888
778 0.0747 11300864
779 0.0685 11272192
780 0.0615 11182080
781 0.0617 11194368
782 0.058 11169792
783 0.0576 11173888
784 0.0578 11161600
785 0.0604 11177984
786 0.0583 11169792
787 0.0603 11157504
788 0.0588 11194368
789 0.0576 11165696
790 0.0619 11186176
791 0.0624 11276288
792 0.0628 11214848
793 0.0585 11251712
794 0.0584 11182080
795 0.0617 11177984
796 0.0605 11214848
797 0.0586 11206656
798 0.0573 11190272
799 0.0579 11194368
800 0.0587 11173888
801 0.0582 11177984
802 0.0592 11177984
803 0.0583 11182080
804 0.0619 11350016
805 0.0586 11194368
806 0.0576 11198464
807 0.0584 11202560
808 0.059 11194368
809 0.0594 11317248
810 0.0621 11259904
811 0.0618 11362304
812 0.0596 11177984
813 0.0576 11206656
814 0.0583 11198464
815 0.0587 11202560
816 0.0593 11206656
817 0.0586 11206656
818 0.0624 11198464
819 0.0594 11214848
820 0.0588 11182080
821 0.0585 11202560
822 0.0593 11206656
823 0.0618 11284480
824 0.0598 11231232
825 0.061 11218944
826 0.0591 11210752
827 0.0591 11210752
828 0.0588 11198464
829 0.0586 11214848
830 0.0636 11239424
831 0.0597 11239424
832 0.0595 11235328
833 0.0668 11370496
834 0.0634 11386880
835 0.0609 11255808
836 0.06 11251712
837 0.0605 11243520
838 0.0731 11603968
839 0.0621 11276288
840 0.0656 11288576
841 0.0615 11251712
842 0.0636 11276288
843 0.063 11251712
844 0.0598 11264000
845 0.0637 11251712
846 0.0643 11423744
847 0.0606 11259904
848 0.0618 11272192
849 0.0616 11255808
850 0.0686 11284480
851 0.0663 11427840
852 0.0689 11350016
853 0.0693 11292672
854 0.0672 11337728
855 0.06 11300864
856 0.0667 11378688
857 0.0608 11296768
858 0.063 11300864
859 0.1323 11304960
860 0.0639 11296768
861 0.0678 11321344
862 0.0603 11284480
863 0.0614 11313152
864 0.0605 11304960
865 0.0614 11407360
866 0.0606 11309056
867 0.0686 11345920
868 0.0598 11325440
869 0.0655 11321344
870 0.0615 11300864
871 0.0651 11456512
872 0.0602 11321344
873 0.062 11341824
874 0.0661 11337728
875 0.0632 11333632
876 0.0611 11329536
877 0.0657 11493376
878 0.0648 11321344
879 0.062 11321344
880 0.0726 11468800
881 0.077 11489280
882 0.0694 11321344
883 0.072 11423744
884 0.0713 11382784
885 0.0895 11517952
886 0.0664 11542528
887 0.0786 11567104
888 0.0782 11509760
889 0.0829 11440128
890 0.0742 11460608
891 0.0839 11448320
892 0.0728 11550720
893 0.0666 11493376
894 0.0653 11354112
895 0.0658 11345920
896 0.0633 11362304
897 0.0663 11345920
898 0.0617 11358208
899 0.062 11325440
900 0.0666 11509760
901 0.0638 11345920
902 0.0677 11403264
903 0.0657 11354112
904 0.0621 11358208
905 0.0627 11362304
906 0.0632 11333632
907 0.0683 11440128
908 0.0643 11366400
909 0.063 11370496
910 0.0675 11358208
911 0.0639 11354112
912 0.064 11341824
913 0.0646 11350016
914 0.0642 11362304
915 0.0632 11378688
916 0.0665 11415552
917 0.0752 11370496
918 0.0689 11534336
919 0.0723 11427840
920 0.0667 11517952
921 0.0645 11501568
922 0.063 11382784
923 0.0715 11403264
924 0.0662 11378688
925 0.064 11407360
926 0.0635 11382784
927 0.0687 11509760
928 0.0635 11382784
929 0.0655 11399168
930 0.0625 11358208
931 0.0678 11468800
932 0.0649 11362304
933 0.0658 11456512
934 0.0647 11362304
935 0.0675 11448320
936 0.0669 11644928
937 0.0643 11423744
938 0.0674 11403264
939 0.0647 11415552
940 0.0708 11563008
941 0.0669 11431936
942 0.067 11431936
943 0.0636 11444224
944 0.0649 11436032
945 0.0652 11399168
946 0.0638 11399168
947 0.0667 11444224
948 0.0648 11407360
949 0.0642 11440128
950 0.0647 11427840
951 0.0702 11436032
952 0.0733 11567104
953 0.0641 11448320
954 0.0653 11436032
955 0.0745 11538432
956 0.0672 11436032
957 0.0751 11599872
958 0.0735 11534336
959 0.0667 11423744
960 0.0734 11657216
961 0.0747 11628544
962 0.0726 11546624
963 0.07 11444224
964 0.0654 11448320
965 0.0667 11452416
966 0.0648 11464704
967 0.079 11583488
968 0.0708 11476992
969 0.0689 11530240
970 0.0648 11427840
971 0.0708 11468800
972 0.0684 11444224
973 0.0694 11456512
974 0.0679 11452416
975 0.0666 11436032
976 0.0666 11476992
977 0.0767 11563008
978 0.0731 11501568
979 0.0743 11616256
980 0.0695 11595776
981 0.0657 11448320
982 0.0667 11517952
983 0.066 11448320
984 0.0656 11456512
985 0.0918 11587584
986 0.0901 11579392
987 0.0697 11481088
988 0.0875 11530240
989 0.0701 11567104
990 0.0702 11489280
991 0.0708 11485184
992 0.0707 11665408
993 0.0657 11485184
994 0.0663 11489280
995 0.0706 11509760
996 0.074 11505664
997 0.0735 11616256
998 0.0703 11546624
999 0.0669 11472896
1000 0.073 11534336