1 0.0246 10584064
2 0.027 10543104
3 0.0291 10522624
4 0.0284 10571776
5 0.0327 10543104
6 0.0284 10518528
7 0.0289 10563584
8 0.0263 10506240
9 0.0262 10493952
10 0.0277 10502144
11 0.0279 10506240
12 0.027 10539008
13 0.0287 10547200
14 0.0258 10526720
15 0.0301 10543104
16 0.0284 10530816
17 0.0257 10530816
18 0.0268 10579968
19 0.0287 10559488
20 0.0284 10526720
21 0.0321 10592256
22 0.0317 10510336
23 0.0317 10588160
24 0.0305 10584064
25 0.0291 10547200
26 0.0303 10592256
27 0.0317 10522624
28 0.0284 10592256
29 0.0325 10567680
30 0.0268 10506240
31 0.0277 10563584
32 0.0287 10596352
33 0.0263 10563584
34 0.0284 10543104
35 0.0303 10596352
36 0.0306 10575872
37 0.0271 10551296
38 0.0308 10596352
39 0.0291 10579968
40 0.0273 10534912
41 0.0283 10584064
42 0.0323 10588160
43 0.032 10543104
44 0.0308 10567680
45 0.028 10551296
46 0.0306 10543104
47 0.0297 10575872
48 0.0295 10567680
49 0.0302 10596352
50 0.0307 10522624
51 0.0272 10530816
52 0.0312 10579968
53 0.0305 10579968
54 0.0275 10563584
55 0.03 10575872
56 0.0274 10563584
57 0.0296 10534912
58 0.03 10612736
59 0.0315 10530816
60 0.0263 10555392
61 0.0282 10571776
62 0.0277 10555392
63 0.0307 10551296
64 0.0282 10608640
65 0.0319 10567680
66 0.0306 10592256
67 0.0314 10534912
68 0.0288 10567680
69 0.0298 10596352
70 0.027 10600448
71 0.0285 10571776
72 0.0292 10604544
73 0.0308 10579968
74 0.0298 10616832
75 0.0308 10588160
76 0.0268 10575872
77 0.0275 10559488
78 0.0266 10547200
79 0.0288 10563584
80 0.0294 10543104
81 0.0292 10616832
82 0.0298 10534912
83 0.0328 10608640
84 0.0329 10596352
85 0.0309 10629120
86 0.0275 10559488
87 0.0322 10579968
88 0.031 10620928
89 0.0328 10616832
90 0.029 10551296
91 0.0277 10555392
92 0.0323 10555392
93 0.0305 10608640
94 0.0326 10604544
95 0.0324 10575872
96 0.0318 10584064
97 0.0321 10555392
98 0.0322 10641408
99 0.0315 10559488
100 0.0318 10620928
101 0.0303 10600448
102 0.0281 10579968
103 0.0295 10567680
104 0.029 10567680
105 0.0308 10612736
106 0.0298 10563584
107 0.028 10571776
108 0.0323 10633216
109 0.0304 10600448
110 0.0317 10612736
111 0.0319 10575872
112 0.0285 10625024
113 0.0318 10567680
114 0.0319 10625024
115 0.0346 10637312
116 0.0304 10600448
117 0.0326 10579968
118 0.0319 10629120
119 0.0305 10641408
120 0.0334 10579968
121 0.0366 10633216
122 0.0311 10571776
123 0.0322 10637312
124 0.032 10563584
125 0.0312 10620928
126 0.0312 10588160
127 0.031 10592256
128 0.0351 10641408
129 0.0321 10629120
130 0.0329 10575872
131 0.0359 10637312
132 0.0314 10592256
133 0.0348 10633216
134 0.0324 10633216
135 0.0307 10649600
136 0.0336 10625024
137 0.0352 10645504
138 0.0294 10612736
139 0.0345 10592256
140 0.0284 10575872
141 0.0337 10616832
142 0.0287 10575872
143 0.0313 10608640
144 0.0298 10596352
145 0.0346 10575872
146 0.0333 10596352
147 0.0308 10653696
148 0.0328 10596352
149 0.0297 10633216
150 0.0303 10629120
151 0.0307 10637312
152 0.0317 10579968
153 0.0365 10633216
154 0.0325 10620928
155 0.0353 10600448
156 0.0431 10604544
157 0.037 10608640
158 0.0288 10596352
159 0.034 10563584
160 0.0359 10682368
161 0.0287 10612736
162 0.033 10620928
163 0.0306 10588160
164 0.0324 10625024
165 0.0328 10620928
166 0.0337 10608640
167 0.0329 10665984
168 0.0327 10608640
169 0.0319 10588160
170 0.0319 10588160
171 0.0348 10645504
172 0.0358 10637312
173 0.0316 10661888
174 0.0305 10633216
175 0.0311 10608640
176 0.0464 10637312
177 0.045 10645504
178 0.0324 10612736
179 0.0357 10657792
180 0.0382 10620928
181 0.0351 10641408
182 0.0315 10661888
183 0.0305 10625024
184 0.0452 10661888
185 0.0392 10682368
186 0.0305 10625024
187 0.0355 10588160
188 0.0319 10670080
189 0.0304 10608640
190 0.0358 10641408
191 0.0313 10620928
192 0.0345 10653696
193 0.0335 10596352
194 0.0335 10616832
195 0.0341 10645504
196 0.0314 10600448
197 0.0358 10670080
198 0.0451 10641408
199 0.0426 10665984
200 0.0426 10670080
201 0.0461 10657792
202 0.0432 10653696
203 0.0369 10661888
204 0.0329 10649600
205 0.0324 10649600
206 0.0309 10645504
207 0.0363 10633216
208 0.032 10690560
209 0.0323 10657792
210 0.0312 10665984
211 0.0343 10608640
212 0.0361 10674176
213 0.0345 10665984
214 0.034 10616832
215 0.0356 10670080
216 0.0331 10653696
217 0.0503 10645504
218 0.0447 10665984
219 0.0417 10645504
220 0.0376 10612736
221 0.0371 10657792
222 0.0396 10641408
223 0.0418 10678272
224 0.0475 10653696
225 0.0462 10661888
226 0.0461 10661888
227 0.039 10657792
228 0.0311 10653696
229 0.0349 10661888
230 0.0353 10665984
231 0.0375 10665984
232 0.0376 10670080
233 0.0319 10682368
234 0.0327 10629120
235 0.0311 10616832
236 0.0327 10633216
237 0.0451 10649600
238 0.0436 10686464
239 0.0346 10661888
240 0.0297 10620928
241 0.0332 10657792
242 0.0335 10620928
243 0.035 10649600
244 0.0345 10678272
245 0.0345 10670080
246 0.0349 10657792
247 0.0477 10698752
248 0.0384 10637312
249 0.0321 10670080
250 0.0347 10682368
251 0.0364 10678272
252 0.0336 10674176
253 0.0386 10686464
254 0.0345 10665984
255 0.0326 10633216
256 0.0348 10665984
257 0.0327 10633216
258 0.0333 10653696
259 0.0337 10633216
260 0.0328 10682368
261 0.0408 10715136
262 0.04 10678272
263 0.0337 10670080
264 0.0366 10633216
265 0.0358 10649600
266 0.0342 10674176
267 0.0357 10694656
268 0.0319 10682368
269 0.0336 10694656
270 0.0348 10698752
271 0.0345 10702848
272 0.0395 10678272
273 0.0364 10649600
274 0.0353 10690560
275 0.0343 10686464
276 0.0385 10665984
277 0.0382 10702848
278 0.0342 10727424
279 0.0331 10645504
280 0.0339 10715136
281 0.0395 10674176
282 0.0316 10645504
283 0.0338 10641408
284 0.0336 10698752
285 0.034 10702848
286 0.0325 10665984
287 0.0362 10678272
288 0.0366 10661888
289 0.0352 10723328
290 0.0321 10715136
291 0.0349 10702848
292 0.0331 10698752
293 0.0351 10698752
294 0.0335 10670080
295 0.0384 10702848
296 0.0352 10719232
297 0.035 10715136
298 0.0368 10706944
299 0.0369 10706944
300 0.0408 10694656
301 0.0409 10727424
302 0.0358 10723328
303 0.0371 10674176
304 0.0345 10702848
305 0.0331 10690560
306 0.0358 10670080
307 0.0433 10723328
308 0.041 10702848
309 0.0342 10674176
310 0.0342 10657792
311 0.0319 10665984
312 0.0371 10711040
313 0.0356 10727424
314 0.0385 10727424
315 0.037 10706944
316 0.0365 10678272
317 0.0364 10657792
318 0.0354 10723328
319 0.0369 10657792
320 0.0372 10739712
321 0.0388 10706944
322 0.0384 10735616
323 0.0364 10739712
324 0.0354 10727424
325 0.0402 10743808
326 0.0337 10674176
327 0.0343 10706944
328 0.0341 10694656
329 0.0355 10735616
330 0.0391 10735616
331 0.0401 10768384
332 0.0347 10694656
333 0.0353 10674176
334 0.0379 10752000
335 0.0404 10752000
336 0.0312 10686464
337 0.0341 10665984
338 0.0394 10686464
339 0.0354 10752000
340 0.0367 10723328
341 0.0351 10772480
342 0.0356 10743808
343 0.0332 10678272
344 0.0358 10702848
345 0.0357 10727424
346 0.0387 10756096
347 0.0352 10678272
348 0.0329 10760192
349 0.0322 10674176
350 0.0386 10747904
351 0.0469 10760192
352 0.0424 10776576
353 0.0381 10715136
354 0.0331 10670080
355 0.0341 10715136
356 0.0341 10735616
357 0.0381 10752000
358 0.0352 10760192
359 0.0377 10752000
360 0.0325 10686464
361 0.0388 10752000
362 0.0397 10780672
363 0.036 10760192
364 0.04 10735616
365 0.0426 10784768
366 0.0678 10772480
367 0.0389 10698752
368 0.0359 10747904
369 0.0369 10686464
370 0.035 10715136
371 0.0448 10752000
372 0.0399 10743808
373 0.0329 10743808
374 0.0365 10711040
375 0.0395 10739712
376 0.0403 10727424
377 0.0385 10743808
378 0.0424 10752000
379 0.0401 10719232
380 0.0348 10760192
381 0.0372 10731520
382 0.0353 10698752
383 0.0334 10739712
384 0.0378 10694656
385 0.0383 10727424
386 0.0373 10723328
387 0.0369 10739712
388 0.0404 10772480
389 0.0394 10760192
390 0.0372 10764288
391 0.0355 10723328
392 0.0356 10752000
393 0.0393 10768384
394 0.0377 10747904
395 0.038 10752000
396 0.0377 10768384
397 0.0385 10760192
398 0.0415 10735616
399 0.0419 10772480
400 0.039 10743808
401 0.0428 10723328
402 0.0401 10764288
403 0.041 10817536
404 0.0463 10772480
405 0.0359 10731520
406 0.0412 10735616
407 0.0406 10752000
408 0.0376 10743808
409 0.035 10768384
410 0.0368 10760192
411 0.0383 10792960
412 0.0396 10764288
413 0.039 10784768
414 0.038 10772480
415 0.0386 10801152
416 0.0378 10805248
417 0.0388 10788864
418 0.0406 10772480
419 0.038 10772480
420 0.0373 10764288
421 0.037 10747904
422 0.0441 10772480
423 0.0378 10731520
424 0.0393 10788864
425 0.0389 10784768
426 0.0421 10735616
427 0.0395 10788864
428 0.0396 10752000
429 0.0368 10788864
430 0.0351 10780672
431 0.0419 10756096
432 0.0369 10756096
433 0.0401 10788864
434 0.0419 10756096
435 0.0421 10760192
436 0.0407 10756096
437 0.0399 10809344
438 0.0405 10768384
439 0.0403 10768384
440 0.0358 10747904
441 0.0419 10788864
442 0.0417 10788864
443 0.0356 10764288
444 0.0444 10801152
445 0.052 10788864
446 0.0443 10760192
447 0.0404 10752000
448 0.0405 10801152
449 0.0419 10805248
450 0.0433 10784768
451 0.1317 10747904
452 0.0387 10788864
453 0.0367 10797056
454 0.0417 10797056
455 0.0353 10772480
456 0.0375 10784768
457 0.0482 10817536
458 0.0428 10833920
459 0.0377 10817536
460 0.0425 10813440
461 0.0377 10752000
462 0.0428 10797056
463 0.039 10739712
464 0.0414 10813440
465 0.0407 10764288
466 0.0371 10776576
467 0.0404 10833920
468 0.0343 10747904
469 0.039 10768384
470 0.0443 10817536
471 0.0414 10723328
472 0.0414 10829824
473 0.0403 10809344
474 0.0389 10768384
475 0.0414 10825728
476 0.0425 10784768
477 0.0404 10797056
478 0.0396 10829824
479 0.0389 10784768
480 0.0384 10743808
481 0.0387 10752000
482 0.0425 10797056
483 0.0364 10756096
484 0.04 10809344
485 0.0389 10817536
486 0.042 10821632
487 0.038 10805248
488 0.0365 10784768
489 0.0368 10756096
490 0.0409 10829824
491 0.0373 10825728
492 0.0415 10817536
493 0.0341 10776576
494 0.0401 10801152
495 0.0387 10776576
496 0.0396 10801152
497 0.0387 10776576
498 0.0387 10792960
499 0.0353 10756096
500 0.0388 10792960
501 0.0372 10780672
502 0.0379 10801152
503 0.0421 10846208
504 0.0464 10805248
505 0.0485 10858496
506 0.0412 10833920
507 0.0398 10768384
508 0.038 10801152
509 0.0368 10784768
510 0.0435 10788864
511 0.0384 10776576
512 0.0391 10772480
513 0.0372 10842112
514 0.0395 10776576
515 0.038 10805248
516 0.0389 10862592
517 0.0441 10792960
518 0.0387 10829824
519 0.0382 10747904
520 0.0455 10866688
521 0.0394 10833920
522 0.0375 10805248
523 0.0445 10833920
524 0.0394 10817536
525 0.0423 10829824
526 0.0422 10809344
527 0.0404 10829824
528 0.042 10821632
529 0.0442 10813440
530 0.04 10756096
531 0.0393 10842112
532 0.0382 10838016
533 0.0418 10862592
534 0.0383 10772480
535 0.0401 10838016
536 0.0418 10846208
537 0.0397 10792960
538 0.0383 10833920
539 0.0404 10846208
540 0.0374 10772480
541 0.0416 10817536
542 0.0418 10813440
543 0.0451 10825728
544 0.0425 10813440
545 0.0438 10862592
546 0.0433 10850304
547 0.0433 10821632
548 0.0418 10862592
549 0.037 10776576
550 0.0412 10903552
551 0.0456 10858496
552 0.0433 10821632
553 0.0398 10854400
554 0.0447 10817536
555 0.044 10870784
556 0.0366 10801152
557 0.0414 10870784
558 0.0428 10821632
559 0.0416 10813440
560 0.0412 10825728
561 0.0435 10862592
562 0.0423 10821632
563 0.0387 10805248
564 0.0423 10801152
565 0.0436 10850304
566 0.041 10846208
567 0.0413 10862592
568 0.0422 10842112
569 0.0423 10797056
570 0.0413 10813440
571 0.0398 10829824
572 0.0415 10903552
573 0.0397 10821632
574 0.0411 10776576
575 0.045 10821632
576 0.04 10850304
577 0.04 10813440
578 0.0414 10829824
579 0.0391 10846208
580 0.04 10842112
581 0.0421 10817536
582 0.044 10862592
583 0.0538 10838016
584 0.06 10870784
585 0.0423 10846208
586 0.0435 10874880
587 0.0417 10850304
588 0.0426 10866688
589 0.039 10805248
590 0.04 10874880
591 0.041 10883072
592 0.0387 10809344
593 0.0431 10813440
594 0.0392 10829824
595 0.0375 10797056
596 0.0374 10797056
597 0.05 10866688
598 0.0442 10846208
599 0.0397 10891264
600 0.0386 10874880
601 0.0411 10919936
602 0.044 10899456
603 0.0398 10883072
604 0.0409 10854400
605 0.0383 10825728
606 0.0393 10829824
607 0.0411 10866688
608 0.0377 10862592
609 0.0398 10838016
610 0.0476 10874880
611 0.0446 10895360
612 0.0373 10829824
613 0.0485 10887168
614 0.0439 10907648
615 0.0422 10883072
616 0.0586 10870784
617 0.0373 10846208
618 0.0761 10919936
619 0.0419 10850304
620 0.0482 10829824
621 0.0426 10862592
622 0.0413 10842112
623 0.0457 10907648
624 0.043 10891264
625 0.0533 10870784
626 0.0514 10899456
627 0.0574 10870784
628 0.0535 10870784
629 0.0552 10874880
630 0.0472 10866688
631 0.0539 10891264
632 0.0541 10870784
633 0.0531 10858496
634 0.0519 10870784
635 0.0516 10907648
636 0.046 10862592
637 0.0408 10825728
638 0.0437 10932224
639 0.0434 10866688
640 0.0497 10850304
641 0.0576 10858496
642 0.0462 10870784
643 0.0392 10850304
644 0.0491 10940416
645 0.0415 10813440
646 0.04 10878976
647 0.0457 10891264
648 0.0405 10842112
649 0.0463 10887168
650 0.0449 10911744
651 0.043 10866688
652 0.0391 10887168
653 0.0442 10850304
654 0.0575 10903552
655 0.0547 10874880
656 0.0486 10874880
657 0.0551 10874880
658 0.059 10911744
659 0.0517 10899456
660 0.0442 10887168
661 0.0514 10907648
662 0.0562 10932224
663 0.0546 10887168
664 0.0521 10911744
665 0.054 10874880
666 0.056 10874880
667 0.0532 10891264
668 0.0565 10903552
669 0.0561 10887168
670 0.0472 10887168
671 0.047 10907648
672 0.0423 10829824
673 0.0409 10833920
674 0.0402 10854400
675 0.0454 10928128
676 0.0407 10850304
677 0.0428 10887168
678 0.0449 10936320
679 0.0547 10862592
680 0.0572 10895360
681 0.0515 10887168
682 0.0408 10907648
683 0.0391 10825728
684 0.0409 10911744
685 0.045 10883072
686 0.0485 10948608
687 0.0395 10829824
688 0.0446 10919936
689 0.0421 10842112
690 0.0412 10887168
691 0.0417 10911744
692 0.046 10899456
693 0.0492 10936320
694 0.0479 10924032
695 0.0411 10940416
696 0.0451 10858496
697 0.0436 10846208
698 0.0419 10854400
699 0.0422 10870784
700 0.052 10903552
701 0.0493 10907648
702 0.0488 10903552
703 0.0493 10928128
704 0.0422 10936320
705 0.044 10960896
706 0.045 10940416
707 0.0458 10911744
708 0.0427 10842112
709 0.0451 10911744
710 0.0431 10887168
711 0.042 10858496
712 0.0397 10858496
713 0.0427 10883072
714 0.0456 10952704
715 0.042 10891264
716 0.0486 10899456
717 0.0439 10874880
718 0.0449 10891264
719 0.0444 10883072
720 0.0444 10858496
721 0.0484 10981376
722 0.0429 10891264
723 0.0718 10993664
724 0.0416 10919936
725 0.048 10960896
726 0.05 10895360
727 0.0593 10911744
728 0.0455 10911744
729 0.0507 10915840
730 0.0413 10895360
731 0.0457 10907648
732 0.0639 10891264
733 0.0448 10964992
734 0.0486 10944512
735 0.0403 10911744
736 0.0454 10919936
737 0.0429 10862592
738 0.0909 10940416
739 0.057 10940416
740 0.0488 10895360
741 0.0451 10895360
742 0.0485 10924032
743 0.0483 10915840
744 0.0427 10924032
745 0.1682 10911744
746 0.0428 10915840
747 0.0462 10899456
748 0.0486 10915840
749 0.0489 10944512
750 0.0447 10887168
751 0.0447 10895360
752 0.0483 10891264
753 0.0456 10932224
754 0.0459 10997760
755 0.0392 10887168
756 0.0427 10948608
757 0.0457 10915840
758 0.0453 10997760
759 0.041 10870784
760 0.0447 10964992
761 0.0416 10858496
762 0.0399 10883072
763 0.0413 10878976
764 0.0428 10874880
765 0.0429 10903552
766 0.0515 10952704
767 0.0574 11010048
768 0.0472 10964992
769 0.0422 10907648
770 0.0438 10956800
771 0.0446 10874880
772 0.0405 10903552
773 0.0509 11001856
774 0.0456 10924032
775 0.0425 10964992
776 0.0452 10977280
777 0.0424 10919936
778 0.048 11010048
779 0.0421 10973184
780 0.0445 10981376
781 0.0444 10899456
782 0.0436 11022336
783 0.0535 10997760
784 0.0465 10952704
785 0.0425 10948608
786 0.0523 11067392
787 0.0679 10964992
788 0.0774 10981376
789 0.0508 11005952
790 0.0442 10948608
791 0.0507 10993664
792 0.0449 10969088
793 0.0472 10989568
794 0.043 10911744
795 0.0421 10932224
796 0.0457 10948608
797 0.0433 10924032
798 0.0451 10944512
799 0.0502 10969088
800 0.0477 10948608
801 0.0479 10997760
802 0.0568 10919936
803 0.0599 11014144
804 0.0428 10973184
805 0.0469 10989568
806 0.0443 10993664
807 0.0434 10948608
808 0.0427 10932224
809 0.0428 10960896
810 0.0455 10956800
811 0.0452 10997760
812 0.045 10969088
813 0.048 10948608
814 0.0485 11005952
815 0.0448 10911744
816 0.0419 10981376
817 0.0452 10981376
818 0.0411 10915840
819 0.0448 10891264
820 0.0493 11014144
821 0.0421 10936320
822 0.0483 11055104
823 0.0486 11018240
824 0.0454 10944512
825 0.0461 10989568
826 0.0501 10989568
827 0.0424 10932224
828 0.0489 10960896
829 0.0468 11014144
830 0.0442 10960896
831 0.0456 10956800
832 0.0469 11005952
833 0.0452 10960896
834 0.0473 10989568
835 0.0463 10973184
836 0.0458 11055104
837 0.0459 10936320
838 0.047 10985472
839 0.0454 10944512
840 0.0482 10981376
841 0.051 10993664
842 0.0439 10993664
843 0.0435 10969088
844 0.044 11010048
845 0.0455 10969088
846 0.0463 11005952
847 0.0424 10969088
848 0.0433 10944512
849 0.0414 10960896
850 0.0504 11091968
851 0.0491 11051008
852 0.0487 11001856
853 0.047 11018240
854 0.0529 11014144
855 0.0436 10985472
856 0.0469 10985472
857 0.0425 10960896
858 0.0483 10997760
859 0.0493 11022336
860 0.0461 11010048
861 0.0479 10960896
862 0.0459 11026432
863 0.0437 10985472
864 0.0464 10940416
865 0.0437 10964992
866 0.0476 10989568
867 0.0465 10977280
868 0.0441 11005952
869 0.0487 10924032
870 0.0481 10948608
871 0.0453 11005952
872 0.0433 10936320
873 0.0459 10928128
874 0.044 10981376
875 0.0594 11030528
876 0.0615 10993664
877 0.0521 10928128
878 0.0426 10964992
879 0.0506 11014144
880 0.0493 10969088
881 0.0483 10993664
882 0.0566 11038720
883 0.0594 11022336
884 0.0543 11042816
885 0.0608 10993664
886 0.0599 11034624
887 0.0591 10948608
888 0.0587 10985472
889 0.06 11030528
890 0.058 11022336
891 0.059 11001856
892 0.053 11022336
893 0.0533 10964992
894 0.0541 11022336
895 0.0566 11100160
896 0.0556 11046912
897 0.0521 11014144
898 0.0515 10997760
899 0.0493 11018240
900 0.0516 11055104
901 0.0524 11010048
902 0.0444 11005952
903 0.0429 11010048
904 0.0479 10977280
905 0.0471 11038720
906 0.0492 11051008
907 0.0477 11010048
908 0.0468 10977280
909 0.0432 10940416
910 0.0444 10997760
911 0.0461 10977280
912 0.0497 11063296
913 0.0481 11059200
914 0.0503 11046912
915 0.0499 10997760
916 0.0542 11075584
917 0.0523 11079680
918 0.048 11038720
919 0.0444 11005952
920 0.0508 11063296
921 0.0471 10997760
922 0.0486 10977280
923 0.0511 11051008
924 0.0434 10960896
925 0.0473 10977280
926 0.0538 11059200
927 0.0504 11046912
928 0.0474 11038720
929 0.0534 11018240
930 0.0506 11087872
931 0.0555 11046912
932 0.0488 11075584
933 0.0438 10993664
934 0.0511 11051008
935 0.0457 11067392
936 0.0502 11059200
937 0.0439 10969088
938 0.0492 11075584
939 0.0506 10997760
940 0.0498 11005952
941 0.0451 11005952
942 0.0444 10993664
943 0.0494 11059200
944 0.0467 11067392
945 0.0512 11075584
946 0.048 10964992
947 0.048 11091968
948 0.0463 11120640
949 0.0467 11087872
950 0.0592 11026432
951 0.0626 11005952
952 0.0432 10977280
953 0.048 11030528
954 0.0462 11026432
955 0.0546 11014144
956 0.0485 11108352
957 0.0517 11051008
958 0.0541 11005952
959 0.0532 11091968
960 0.0548 11034624
961 0.0552 11067392
962 0.0608 11096064
963 0.0564 11112448
964 0.0473 10981376
965 0.0593 11042816
966 0.0535 11100160
967 0.0508 11026432
968 0.0485 11010048
969 0.0494 10956800
970 0.045 10993664
971 0.046 11063296
972 0.0493 11022336
973 0.0466 11030528
974 0.0517 11010048
975 0.0537 11022336
976 0.0554 11112448
977 0.0541 11022336
978 0.0529 11132928
979 0.0501 11038720
980 0.0461 10985472
981 0.0457 10993664
982 0.0501 11075584
983 0.0547 11034624
984 0.0529 10977280
985 0.0478 11005952
986 0.0559 11079680
987 0.0609 11063296
988 0.0867 11124736
989 0.0604 11128832
990 0.0515 11091968
991 0.0559 11100160
992 0.0513 11067392
993 0.1125 11026432
994 0.1555 11145216
995 0.1 11079680
996 0.0579 11042816
997 0.0565 11046912
998 0.0548 11059200
999 0.0537 11067392
1000 0.0483 11042816