1 0.0264 10039296
2 0.0224 10035200
3 0.0234 10051584
4 0.0224 10047488
5 0.0227 10051584
6 0.0235 10051584
7 0.0231 10027008
8 0.0226 10055680
9 0.0269 10059776
10 0.0243 10059776
11 0.0226 10047488
12 0.0274 10063872
13 0.0237 10055680
14 0.024 10059776
15 0.027 10067968
16 0.0269 10055680
17 0.0236 10055680
18 0.0276 10096640
19 0.0254 10063872
20 0.0238 10072064
21 0.025 10072064
22 0.025 10067968
23 0.0235 10051584
24 0.0232 10051584
25 0.0273 10076160
26 0.0233 10084352
27 0.0241 10080256
28 0.0235 10088448
29 0.0239 10100736
30 0.0275 10084352
31 0.0299 10072064
32 0.0254 10088448
33 0.0238 10063872
34 0.0334 10113024
35 0.0249 10096640
36 0.0247 10080256
37 0.025 10092544
38 0.0249 10092544
39 0.0238 10108928
40 0.025 10096640
41 0.028 10113024
42 0.0239 10096640
43 0.0243 10080256
44 0.0243 10104832
45 0.0242 10113024
46 0.0243 10084352
47 0.0279 10108928
48 0.0261 10096640
49 0.0249 10108928
50 0.026 10133504
51 0.0243 10125312
52 0.0246 10125312
53 0.0252 10117120
54 0.0262 10117120
55 0.0285 10121216
56 0.0286 10125312
57 0.0253 10125312
58 0.0248 10117120
59 0.0248 10133504
60 0.0246 10133504
61 0.0291 10158080
62 0.0256 10129408
63 0.0255 10129408
64 0.0247 10141696
65 0.0252 10141696
66 0.029 10133504
67 0.0254 10129408
68 0.0264 10133504
69 0.0259 10133504
70 0.0252 10117120
71 0.0258 10141696
72 0.0262 10145792
73 0.0261 10145792
74 0.0266 10141696
75 0.0292 10149888
76 0.0255 10129408
77 0.0257 10129408
78 0.0295 10153984
79 0.0264 10158080
80 0.0256 10162176
81 0.0256 10162176
82 0.0295 10158080
83 0.0257 10137600
84 0.026 10137600
85 0.0265 10170368
86 0.026 10162176
87 0.0266 10162176
88 0.0269 10162176
89 0.0301 10166272
90 0.0384 10178560
91 0.0274 10170368
92 0.0269 10170368
93 0.0259 10166272
94 0.0267 10178560
95 0.0264 10158080
96 0.0267 10170368
97 0.0286 10174464
98 0.0316 10203136
99 0.0304 10178560
100 0.028 10178560
101 0.0273 10174464
102 0.0282 10190848
103 0.0275 10174464
104 0.0272 10182656
105 0.0306 10190848
106 0.0274 10178560
107 0.0307 10194944
108 0.0274 10190848
109 0.0266 10211328
110 0.0272 10207232
111 0.0306 10203136
112 0.0275 10211328
113 0.0273 10194944
114 0.0271 10194944
115 0.0312 10203136
116 0.0279 10199040
117 0.0312 10207232
118 0.0279 10211328
119 0.0273 10223616
120 0.0313 10211328
121 0.0282 10231808
122 0.0314 10215424
123 0.0282 10211328
124 0.0275 10203136
125 0.0285 10227712
126 0.0282 10223616
127 0.0276 10219520
128 0.0314 10227712
129 0.0283 10231808
130 0.0319 10248192
131 0.0285 10235904
132 0.028 10227712
133 0.0277 10219520
134 0.0321 10235904
135 0.0288 10240000
136 0.028 10219520
137 0.0287 10235904
138 0.0285 10244096
139 0.0288 10280960
140 0.0327 10244096
141 0.0286 10227712
142 0.0286 10244096
143 0.029 10248192
144 0.0293 10252288
145 0.0296 10264576
146 0.0293 10268672
147 0.0289 10256384
148 0.0296 10276864
149 0.0293 10268672
150 0.0295 10285056
151 0.0293 10285056
152 0.0324 10272768
153 0.0299 10268672
154 0.029 10260480
155 0.0293 10268672
156 0.0297 10289152
157 0.0295 10268672
158 0.0291 10285056
159 0.0296 10272768
160 0.0328 10289152
161 0.03 10272768
162 0.0303 10285056
163 0.0302 10289152
164 0.0298 10276864
165 0.0302 10297344
166 0.0301 10289152
167 0.03 10293248
168 0.0299 10285056
169 0.0294 10285056
170 0.03 10285056
171 0.0339 10285056
172 0.0302 10297344
173 0.0295 10305536
174 0.0302 10285056
175 0.0339 10293248
176 0.0294 10276864
177 0.0306 10285056
178 0.0296 10272768
179 0.0299 10301440
180 0.0306 10301440
181 0.0304 10309632
182 0.0339 10309632
183 0.03 10280960
184 0.0308 10293248
185 0.0301 10280960
186 0.0345 10342400
187 0.0308 10313728
188 0.0308 10313728
189 0.0345 10313728
190 0.0308 10313728
191 0.0312 10313728
192 0.0311 10330112
193 0.0303 10305536
194 0.0313 10338304
195 0.0315 10338304
196 0.0316 10342400
197 0.0306 10309632
198 0.0317 10334208
199 0.0348 10338304
200 0.0317 10350592
201 0.0307 10354688
202 0.0318 10338304
203 0.0318 10342400
204 0.0322 10338304
205 0.0352 10346496
206 0.032 10321920
207 0.0325 10338304
208 0.0353 10350592
209 0.0324 10346496
210 0.0325 10342400
211 0.034 10350592
212 0.0373 10371072
213 0.0334 10350592
214 0.0314 10326016
215 0.0335 10362880
216 0.0331 10346496
217 0.0323 10350592
218 0.0363 10350592
219 0.0336 10342400
220 0.0324 10350592
221 0.0336 10346496
222 0.0332 10346496
223 0.032 10383360
224 0.0325 10366976
225 0.0324 10375168
226 0.0325 10354688
227 0.037 10395648
228 0.0335 10362880
229 0.0318 10342400
230 0.0331 10375168
231 0.0326 10342400
232 0.0323 10391552
233 0.033 10399744
234 0.0373 10387456
235 0.0367 10412032
236 0.0345 10383360
237 0.0378 10420224
238 0.033 10399744
239 0.0341 10407936
240 0.0338 10371072
241 0.0371 10399744
242 0.0344 10387456
243 0.0342 10399744
244 0.0336 10383360
245 0.0342 10403840
246 0.0343 10383360
247 0.033 10403840
248 0.0343 10391552
249 0.0378 10416128
250 0.0336 10395648
251 0.0342 10412032
252 0.0336 10412032
253 0.0337 10412032
254 0.033 10420224
255 0.0341 10412032
256 0.0338 10399744
257 0.0368 10412032
258 0.0345 10399744
259 0.0334 10420224
260 0.0373 10407936
261 0.034 10403840
262 0.034 10399744
263 0.0335 10399744
264 0.0339 10432512
265 0.0343 10432512
266 0.0343 10412032
267 0.0336 10391552
268 0.0377 10440704
269 0.034 10395648
270 0.0336 10395648
271 0.0346 10412032
272 0.0378 10424320
273 0.0379 10424320
274 0.0346 10420224
275 0.0348 10424320
276 0.0348 10428416
277 0.0379 10444800
278 0.035 10444800
279 0.0348 10436608
280 0.0348 10452992
281 0.035 10444800
282 0.0349 10444800
283 0.0342 10448896
284 0.0356 10436608
285 0.0354 10444800
286 0.035 10444800
287 0.0356 10444800
288 0.0349 10452992
289 0.0386 10465280
290 0.0355 10452992
291 0.0391 10473472
292 0.0354 10452992
293 0.0348 10440704
294 0.0347 10469376
295 0.0387 10473472
296 0.0349 10448896
297 0.0388 10473472
298 0.0348 10489856
299 0.0361 10493952
300 0.0359 10498048
301 0.04 10498048
302 0.0353 10493952
303 0.0355 10489856
304 0.0391 10481664
305 0.0358 10469376
306 0.0362 10485760
307 0.0394 10498048
308 0.0358 10518528
309 0.0358 10502144
310 0.0399 10493952
311 0.0362 10481664
312 0.0374 10489856
313 0.0369 10510336
314 0.0356 10510336
315 0.0404 10498048
316 0.0373 10506240
317 0.0365 10485760
318 0.0363 10510336
319 0.0359 10522624
320 0.0362 10522624
321 0.0363 10510336
322 0.0365 10502144
323 0.0377 10489856
324 0.0375 10489856
325 0.037 10506240
326 0.0372 10518528
327 0.0374 10518528
328 0.0405 10514432
329 0.0362 10534912
330 0.0364 10518528
331 0.041 10518528
332 0.037 10526720
333 0.0369 10530816
334 0.0424 10518528
335 0.0377 10530816
336 0.0381 10518528
337 0.0382 10498048
338 0.0375 10514432
339 0.0373 10530816
340 0.037 10543104
341 0.041 10530816
342 0.0408 10530816
343 0.0373 10534912
344 0.0411 10539008
345 0.0376 10526720
346 0.038 10526720
347 0.0376 10530816
348 0.0377 10530816
349 0.0371 10518528
350 0.0374 10547200
351 0.0409 10543104
352 0.0374 10551296
353 0.0374 10551296
354 0.0381 10534912
355 0.0413 10547200
356 0.0382 10543104
357 0.0372 10526720
358 0.038 10539008
359 0.0378 10563584
360 0.0413 10555392
361 0.0378 10539008
362 0.0385 10567680
363 0.0385 10555392
364 0.0382 10547200
365 0.0973 10559488
366 0.0385 10567680
367 0.0419 10575872
368 0.0385 10555392
369 0.0379 10547200
370 0.0391 10567680
371 0.0386 10559488
372 0.0384 10547200
373 0.0391 10575872
374 0.0389 10563584
375 0.0391 10567680
376 0.0472 10674176
377 0.0948 10592256
378 0.0384 10584064
379 0.0384 10555392
380 0.0385 10588160
381 0.0392 10584064
382 0.0427 10588160
383 0.0391 10579968
384 0.0391 10571776
385 0.0392 10592256
386 0.0387 10604544
387 0.0396 10596352
388 0.0387 10592256
389 0.0387 10612736
390 0.0442 10600448
391 0.0433 10604544
392 0.0389 10612736
393 0.0396 10604544
394 0.0429 10612736
395 0.0393 10608640
396 0.0434 10616832
397 0.0404 10608640
398 0.0396 10588160
399 0.0391 10604544
400 0.0399 10600448
401 0.0394 10625024
402 0.0432 10633216
403 0.0391 10641408
404 0.0404 10629120
405 0.0404 10629120
406 0.0399 10633216
407 0.0397 10612736
408 0.0436 10641408
409 0.04 10629120
410 0.0395 10612736
411 0.0408 10649600
412 0.0406 10657792
413 0.0434 10645504
414 0.0397 10653696
415 0.0402 10657792
416 0.0399 10657792
417 0.0407 10641408
418 0.0406 10625024
419 0.0411 10637312
420 0.0404 10653696
421 0.0397 10629120
422 0.041 10653696
423 0.0466 10682368
424 0.0408 10653696
425 0.0406 10678272
426 0.0404 10637312
427 0.0446 10661888
428 0.0404 10665984
429 0.0412 10670080
430 0.0453 10665984
431 0.0409 10645504
432 0.0407 10678272
433 0.0452 10670080
434 0.0412 10661888
435 0.0407 10645504
436 0.0414 10661888
437 0.0415 10653696
438 0.0416 10665984
439 0.0415 10674176
440 0.0461 10682368
441 0.0412 10682368
442 0.0415 10657792
443 0.0439 10686464
444 0.0429 10686464
445 0.0425 10682368
446 0.0426 10690560
447 0.0424 10690560
448 0.0493 10682368
449 0.0432 10690560
450 0.0451 10686464
451 0.0421 10694656
452 0.0468 10706944
453 0.0428 10711040
454 0.0456 10702848
455 0.0455 10706944
456 0.0424 10702848
457 0.0467 10698752
458 0.0425 10694656
459 0.0421 10698752
460 0.0471 10735616
461 0.0416 10711040
462 0.0474 10702848
463 0.0429 10706944
464 0.0428 10706944
465 0.0426 10719232
466 0.0424 10686464
467 0.0434 10694656
468 0.0425 10686464
469 0.0423 10694656
470 0.047 10739712
471 0.0431 10739712
472 0.0445 10723328
473 0.0433 10760192
474 0.0463 10739712
475 0.0446 10727424
476 0.0432 10735616
477 0.0444 10735616
478 0.0432 10788864
479 0.0434 10739712
480 0.0442 10739712
481 0.0434 10739712
482 0.0427 10760192
483 0.0465 10747904
484 0.0435 10747904
485 0.0429 10727424
486 0.0425 10764288
487 0.0436 10752000
488 0.0469 10764288
489 0.0437 10760192
490 0.0435 10739712
491 0.0442 10747904
492 0.0468 10764288
493 0.0443 10760192
494 0.0435 10756096
495 0.0441 10752000
496 0.044 10772480
497 0.0438 10780672
498 0.0434 10784768
499 0.0442 10768384
500 0.044 10760192
501 0.0445 10776576
502 0.0432 10784768
503 0.0438 10768384
504 0.0484 10776576
505 0.0446 10768384
506 0.0444 10776576
507 0.0443 10776576
508 0.0447 10776576
509 0.0449 10776576
510 0.0446 10776576
511 0.044 10747904
512 0.048 10776576
513 0.0447 10768384
514 0.0451 10776576
515 0.0455 10776576
516 0.0441 10760192
517 0.0452 10784768
518 0.0456 10784768
519 0.045 10780672
520 0.0449 10780672
521 0.0497 10809344
522 0.0457 10780672
523 0.0449 10784768
524 0.0453 10776576
525 0.045 10780672
526 0.0462 10792960
527 0.0456 10776576
528 0.0485 10788864
529 0.045 10809344
530 0.0491 10792960
531 0.0458 10784768
532 0.046 10780672
533 0.0489 10801152
534 0.0451 10772480
535 0.0458 10792960
536 0.0462 10809344
537 0.0459 10805248
538 0.0492 10801152
539 0.046 10788864
540 0.0462 10801152
541 0.0462 10801152
542 0.0497 10838016
543 0.046 10801152
544 0.0464 10797056
545 0.0466 10805248
546 0.0457 10792960
547 0.0452 10792960
548 0.0455 10829824
549 0.0496 10817536
550 0.0457 10838016
551 0.0455 10829824
552 0.0462 10817536
553 0.0502 10850304
554 0.0466 10817536
555 0.0501 10821632
556 0.0466 10825728
557 0.0472 10825728
558 0.0463 10838016
559 0.0469 10842112
560 0.0459 10825728
561 0.0507 10846208
562 0.0465 10813440
563 0.0458 10846208
564 0.0467 10842112
565 0.0468 10846208
566 0.0464 10838016
567 0.0465 10817536
568 0.0464 10821632
569 0.0475 10833920
570 0.0471 10842112
571 0.0507 10846208
572 0.0474 10850304
573 0.0467 10850304
574 0.0512 10842112
575 0.046 10846208
576 0.0508 10895360
577 0.0509 10911744
578 0.0474 10883072
579 0.0475 10903552
580 0.0478 10903552
581 0.051 10907648
582 0.0508 10907648
583 0.0466 10915840
584 0.0509 10903552
585 0.0472 10911744
586 0.0476 10887168
587 0.0508 10932224
588 0.0513 10907648
589 0.0492 10915840
590 0.0482 10919936
591 0.0476 10924032
592 0.048 10928128
593 0.0487 10924032
594 0.0494 10936320
595 0.0483 10928128
596 0.0533 10924032
597 0.0487 10907648
598 0.0499 10928128
599 0.0498 10928128
600 0.0482 10915840
601 0.053 10952704
602 0.048 10903552
603 0.0527 10940416
604 0.0487 10936320
605 0.0528 10928128
606 0.0481 10940416
607 0.0503 10915840
608 0.05 10932224
609 0.0488 10932224
610 0.0496 10952704
611 0.0521 10928128
612 0.0492 10952704
613 0.0482 10919936
614 0.0497 10952704
615 0.0533 10940416
616 0.0524 10940416
617 0.0504 10948608
618 0.0487 10940416
619 0.0572 10952704
620 0.0493 10940416
621 0.0495 10948608
622 0.049 10956800
623 0.0545 10944512
624 0.051 10956800
625 0.05 10956800
626 0.0493 10940416
627 0.05 10940416
628 0.0494 10940416
629 0.0493 10940416
630 0.0533 10969088
631 0.0503 10944512
632 0.0501 10940416
633 0.0495 10944512
634 0.0495 10956800
635 0.0495 10960896
636 0.0502 10944512
637 0.0505 10944512
638 0.0538 11087872
639 0.0542 10952704
640 0.0505 10960896
641 0.0502 10960896
642 0.0503 10960896
643 0.0508 10973184
644 0.05 10989568
645 0.0491 10985472
646 0.0505 10981376
647 0.0536 10973184
648 0.0509 10977280
649 0.0537 10977280
650 0.0542 10985472
651 0.0513 10981376
652 0.0512 10973184
653 0.0546 10985472
654 0.0547 10993664
655 0.0501 10969088
656 0.0716 10985472
657 0.0515 10989568
658 0.055 10981376
659 0.0546 10989568
660 0.0508 10985472
661 0.0572 10993664
662 0.0565 11026432
663 0.0518 10985472
664 0.0506 10993664
665 0.0511 10973184
666 0.0508 10985472
667 0.0511 10993664
668 0.0599 11014144
669 0.0517 10973184
670 0.0509 10981376
671 0.0542 11014144
672 0.0511 11005952
673 0.0515 11014144
674 0.0531 10977280
675 0.0525 10993664
676 0.0599 10993664
677 0.0522 11005952
678 0.0536 11010048
679 0.0634 11083776
680 0.0596 11010048
681 0.0513 11010048
682 0.0589 11124736
683 0.0588 11063296
684 0.0515 11026432
685 0.0564 11042816
686 0.051 11038720
687 0.0519 11038720
688 0.0554 11034624
689 0.053 11022336
690 0.0522 11026432
691 0.0558 11051008
692 0.0534 11046912
693 0.0518 11014144
694 0.0556 11071488
695 0.0525 11046912
696 0.0529 11034624
697 0.0523 11059200
698 0.0526 11038720
699 0.0529 11051008
700 0.0521 11026432
701 0.0523 11055104
702 0.0574 11120640
703 0.0563 11055104
704 0.053 11042816
705 0.0559 11042816
706 0.0523 11071488
707 0.0557 11042816
708 0.0528 11059200
709 0.0565 11046912
710 0.0531 11059200
711 0.0531 11071488
712 0.0565 11055104
713 0.0532 11071488
714 0.0528 11059200
715 0.0554 11051008
716 0.0531 11046912
717 0.0536 11046912
718 0.0545 11051008
719 0.0527 11075584
720 0.0532 11067392
721 0.0579 11067392
722 0.0575 11067392
723 0.0545 11075584
724 0.0584 11055104
725 0.0538 11055104
726 0.0544 11083776
727 0.0532 11075584
728 0.0619 11100160
729 0.0542 11087872
730 0.0581 11083776
731 0.0536 11079680
732 0.0588 11083776
733 0.0527 11071488
734 0.0552 11087872
735 0.0546 11067392
736 0.0553 11091968
737 0.056 11100160
738 0.0582 11087872
739 0.0552 11100160
740 0.0548 11083776
741 0.0634 11104256
742 0.0543 11104256
743 0.0589 11087872
744 0.0536 11096064
745 0.0551 11059200
746 0.0555 11100160
747 0.0563 11100160
748 0.055 11104256
749 0.0537 11075584
750 0.0592 11096064
751 0.0565 11079680
752 0.0633 11120640
753 0.0585 11100160
754 0.0551 11096064
755 0.0549 11079680
756 0.0586 11104256
757 0.0546 11104256
758 0.0582 11137024
759 0.0548 11104256
760 0.0552 11096064
761 0.0552 11112448
762 0.0552 11120640
763 0.0552 11120640
764 0.0555 11120640
765 0.0548 11100160
766 0.0561 11112448
767 0.0553 11120640
768 0.0546 11112448
769 0.0555 11149312
770 0.0557 11149312
771 0.0587 11161600
772 0.0558 11165696
773 0.0552 11165696
774 0.0555 11165696
775 0.0554 11157504
776 0.0591 11153408
777 0.0563 11161600
778 0.0591 11161600
779 0.0595 11157504
780 0.0559 11161600
781 0.0552 11145216
782 0.055 11173888
783 0.0571 11173888
784 0.0553 11173888
785 0.0556 11149312
786 0.0569 11165696
787 0.0606 11173888
788 0.0566 11112448
789 0.0567 11194368
790 0.057 11182080
791 0.06 11210752
792 0.0556 11177984
793 0.0566 11190272
794 0.0572 11177984
795 0.0561 11157504
796 0.0561 11190272
797 0.0558 11186176
798 0.0562 11157504
799 0.0559 11194368
800 0.0598 11169792
801 0.057 11177984
802 0.0575 11177984
803 0.0572 11182080
804 0.0568 11169792
805 0.0601 11194368
806 0.056 11169792
807 0.0558 11206656
808 0.0566 11198464
809 0.0574 11190272
810 0.0573 11190272
811 0.058 11210752
812 0.0567 11202560
813 0.0576 11198464
814 0.0565 11182080
815 0.0587 11182080
816 0.0577 11202560
817 0.0573 11202560
818 0.057 11182080
819 0.0583 11194368
820 0.0576 11202560
821 0.0616 11202560
822 0.0574 11198464
823 0.0578 11202560
824 0.0573 11210752
825 0.0571 11194368
826 0.0616 11210752
827 0.0573 11198464
828 0.0581 11227136
829 0.0619 11223040
830 0.0587 11206656
831 0.0615 11227136
832 0.0583 11218944
833 0.0588 11247616
834 0.058 11227136
835 0.0572 11251712
836 0.0577 11243520
837 0.0578 11251712
838 0.0582 11239424
839 0.0581 11259904
840 0.0573 11231232
841 0.0582 11231232
842 0.0584 11255808
843 0.0625 11251712
844 0.0619 11251712
845 0.0617 11251712
846 0.0583 11247616
847 0.0584 11235328
848 0.0587 11259904
849 0.0625 11251712
850 0.0596 11259904
851 0.0594 11264000
852 0.059 11268096
853 0.0585 11309056
854 0.0626 11288576
855 0.062 11292672
856 0.0592 11288576
857 0.0625 11292672
858 0.0587 11272192
859 0.0599 11300864
860 0.0595 11309056
861 0.0602 11300864
862 0.0596 11292672
863 0.0593 11300864
864 0.0598 11309056
865 0.0582 11276288
866 0.0591 11280384
867 0.0593 11304960
868 0.0612 11309056
869 0.0604 11300864
870 0.0614 11300864
871 0.0612 11304960
872 0.0601 11313152
873 0.0606 11317248
874 0.0601 11321344
875 0.0601 11329536
876 0.0599 11325440
877 0.0609 11329536
878 0.0731 11431936
879 0.0628 11337728
880 0.0656 11321344
881 0.0603 11317248
882 0.0687 11333632
883 0.0635 11321344
884 0.0635 11304960
885 0.06 11321344
886 0.0644 11337728
887 0.0603 11341824
888 0.0696 11329536
889 0.0602 11317248
890 0.0721 11337728
891 0.0604 11337728
892 0.0653 11354112
893 0.0609 11345920
894 0.0617 11358208
895 0.0614 11329536
896 0.0615 11321344
897 0.0598 11358208
898 0.0656 11345920
899 0.0618 11354112
900 0.0657 11345920
901 0.0644 11350016
902 0.0619 11354112
903 0.0612 11358208
904 0.0612 11382784
905 0.0612 11362304
906 0.0615 11370496
907 0.062 11362304
908 0.0614 11354112
909 0.0716 11407360
910 0.0627 11366400
911 0.0626 11378688
912 0.0633 11345920
913 0.072 11366400
914 0.0652 11370496
915 0.0624 11374592
916 0.065 11378688
917 0.0632 11370496
918 0.0694 11366400
919 0.0635 11378688
920 0.0644 11366400
921 0.0625 11378688
922 0.0657 11382784
923 0.0618 11354112
924 0.0674 11378688
925 0.0622 11362304
926 0.064 11374592
927 0.0651 11411456
928 0.0668 11378688
929 0.066 11378688
930 0.0709 11386880
931 0.0619 11386880
932 0.0643 11386880
933 0.0628 11407360
934 0.0654 11362304
935 0.0632 11395072
936 0.0674 11419648
937 0.0622 11390976
938 0.0645 11411456
939 0.0627 11427840
940 0.0628 11431936
941 0.0629 11440128
942 0.0641 11427840
943 0.0638 11411456
944 0.068 11444224
945 0.0632 11436032
946 0.0632 11415552
947 0.0707 11436032
948 0.0676 11440128
949 0.07 11440128
950 0.0663 11440128
951 0.0632 11399168
952 0.071 11427840
953 0.0678 11431936
954 0.0652 11423744
955 0.0917 11431936
956 0.0687 11440128
957 0.067 11431936
958 0.0635 11403264
959 0.0642 11431936
960 0.0645 11427840
961 0.0672 11497472
962 0.0637 11427840
963 0.0681 11452416
964 0.0635 11427840
965 0.0717 11444224
966 0.0665 11440128
967 0.0724 11444224
968 0.0755 11452416
969 0.064 11448320
970 0.0677 11456512
971 0.0637 11452416
972 0.0645 11460608
973 0.0643 11468800
974 0.0642 11452416
975 0.0644 11472896
976 0.0644 11444224
977 0.0679 11456512
978 0.0641 11472896
979 0.0637 11468800
980 0.0641 11468800
981 0.0683 11468800
982 0.0649 11472896
983 0.064 11448320
984 0.0647 11468800
985 0.0681 11481088
986 0.0648 11485184
987 0.0648 11485184
988 0.0645 11485184
989 0.0653 11472896
990 0.0689 11485184
991 0.0708 11644928
992 0.0686 11485184
993 0.0662 11464704
994 0.0657 11493376
995 0.0658 11489280
996 0.0643 11472896
997 0.0653 11501568
998 0.0695 11505664
999 0.0653 11509760
1000 0.0652 11509760