1 0.0235 10055680
2 0.0235 10035200
3 0.0232 10055680
4 0.0239 10039296
5 0.0243 10055680
6 0.0244 10055680
7 0.027 10133504
8 0.0234 10039296
9 0.029 10141696
10 0.025 10063872
11 0.0355 10063872
12 0.0239 10047488
13 0.0269 10067968
14 0.0246 10067968
15 0.0245 10072064
16 0.024 10047488
17 0.0239 10051584
18 0.0239 10051584
19 0.0258 10149888
20 0.0248 10080256
21 0.0242 10055680
22 0.0242 10104832
23 0.0247 10080256
24 0.0248 10084352
25 0.0264 10096640
26 0.0298 10129408
27 0.0249 10088448
28 0.025 10100736
29 0.0251 10092544
30 0.0243 10088448
31 0.0247 10076160
32 0.0244 10088448
33 0.0237 10088448
34 0.0243 10063872
35 0.0278 10084352
36 0.0281 10117120
37 0.0256 10092544
38 0.0248 10067968
39 0.0248 10096640
40 0.0247 10072064
41 0.0245 10072064
42 0.0248 10072064
43 0.0249 10072064
44 0.0264 10096640
45 0.0249 10080256
46 0.0279 10100736
47 0.0248 10080256
48 0.0273 10113024
49 0.0265 10125312
50 0.0255 10096640
51 0.0254 10104832
52 0.0257 10096640
53 0.0257 10104832
54 0.026 10084352
55 0.0251 10113024
56 0.0241 10084352
57 0.0256 10108928
58 0.0259 10108928
59 0.0292 10104832
60 0.0298 10125312
61 0.0264 10104832
62 0.0253 10088448
63 0.0258 10104832
64 0.0288 10108928
65 0.0292 10153984
66 0.0255 10088448
67 0.0302 10125312
68 0.0258 10108928
69 0.0257 10096640
70 0.0278 10129408
71 0.0274 10117120
72 0.0289 10158080
73 0.0259 10129408
74 0.0258 10153984
75 0.0278 10141696
76 0.0259 10149888
77 0.0295 10129408
78 0.0287 10190848
79 0.0265 10133504
80 0.0264 10137600
81 0.0258 10141696
82 0.0267 10133504
83 0.0269 10137600
84 0.0263 10113024
85 0.0269 10137600
86 0.0262 10117120
87 0.0275 10149888
88 0.0268 10153984
89 0.0264 10166272
90 0.0408 10153984
91 0.0301 10145792
92 0.0276 10129408
93 0.0268 10166272
94 0.0284 10141696
95 0.027 10141696
96 0.0301 10186752
97 0.0262 10133504
98 0.027 10149888
99 0.0267 10158080
100 0.0269 10174464
101 0.0303 10149888
102 0.0306 10223616
103 0.0278 10153984
104 0.0302 10149888
105 0.0271 10158080
106 0.0273 10158080
107 0.0264 10170368
108 0.0325 10211328
109 0.0296 10170368
110 0.0308 10203136
111 0.0281 10170368
112 0.0363 10194944
113 0.0269 10158080
114 0.0271 10158080
115 0.0306 10174464
116 0.0305 10190848
117 0.0281 10178560
118 0.0275 10194944
119 0.0284 10170368
120 0.0273 10158080
121 0.027 10158080
122 0.0278 10174464
123 0.0315 10186752
124 0.0279 10174464
125 0.0287 10158080
126 0.0304 10174464
127 0.0275 10170368
128 0.0316 10227712
129 0.0313 10231808
130 0.0301 10174464
131 0.0284 10178560
132 0.028 10235904
133 0.0273 10182656
134 0.0273 10178560
135 0.0282 10190848
136 0.0316 10199040
137 0.0314 10178560
138 0.0447 10227712
139 0.0284 10186752
140 0.028 10170368
141 0.0278 10186752
142 0.0281 10186752
143 0.0288 10178560
144 0.0283 10174464
145 0.0328 10223616
146 0.0292 10231808
147 0.0278 10178560
148 0.0287 10240000
149 0.0289 10199040
150 0.0285 10260480
151 0.0289 10203136
152 0.029 10186752
153 0.0283 10186752
154 0.029 10199040
155 0.0315 10199040
156 0.0294 10215424
157 0.0321 10203136
158 0.0277 10219520
159 0.0289 10240000
160 0.0289 10199040
161 0.029 10215424
162 0.0286 10207232
163 0.0287 10211328
164 0.0286 10211328
165 0.0285 10194944
166 0.0295 10256384
167 0.0288 10252288
168 0.0304 10186752
169 0.033 10289152
170 0.0288 10223616
171 0.0285 10182656
172 0.0335 10231808
173 0.029 10207232
174 0.0293 10207232
175 0.0285 10190848
176 0.0294 10211328
177 0.0301 10244096
178 0.0287 10211328
179 0.0298 10190848
180 0.0286 10190848
181 0.0294 10215424
182 0.0298 10215424
183 0.0297 10219520
184 0.0306 10215424
185 0.0296 10215424
186 0.0295 10219520
187 0.0295 10260480
188 0.0329 10272768
189 0.0326 10256384
190 0.0296 10223616
191 0.0328 10260480
192 0.0293 10235904
193 0.0348 10248192
194 0.0298 10227712
195 0.0301 10272768
196 0.033 10223616
197 0.0337 10240000
198 0.0305 10231808
199 0.0303 10244096
200 0.0301 10227712
201 0.0305 10227712
202 0.0304 10211328
203 0.0295 10211328
204 0.0339 10272768
205 0.0292 10211328
206 0.0301 10211328
207 0.034 10231808
208 0.0332 10231808
209 0.031 10240000
210 0.0312 10244096
211 0.0359 10231808
212 0.0304 10240000
213 0.0337 10268672
214 0.0298 10264576
215 0.0303 10260480
216 0.0298 10223616
217 0.0347 10330112
218 0.0308 10227712
219 0.0305 10252288
220 0.03 10252288
221 0.0306 10276864
222 0.0309 10260480
223 0.0319 10326016
224 0.0309 10256384
225 0.0355 10342400
226 0.0306 10235904
227 0.0301 10252288
228 0.0338 10248192
229 0.034 10248192
230 0.0299 10256384
231 0.0302 10252288
232 0.032 10235904
233 0.0309 10252288
234 0.0311 10313728
235 0.0311 10252288
236 0.031 10268672
237 0.0305 10248192
238 0.034 10264576
239 0.0304 10272768
240 0.0346 10264576
241 0.031 10285056
242 0.0341 10268672
243 0.031 10268672
244 0.0318 10285056
245 0.0333 10272768
246 0.0304 10248192
247 0.0314 10280960
248 0.0362 10293248
249 0.0312 10252288
250 0.0315 10280960
251 0.0314 10293248
252 0.0387 10342400
253 0.0315 10260480
254 0.0323 10280960
255 0.0326 10293248
256 0.0316 10289152
257 0.0309 10256384
258 0.0328 10297344
259 0.0356 10317824
260 0.0326 10301440
261 0.0337 10366976
262 0.0341 10293248
263 0.0352 10285056
264 0.031 10260480
265 0.0321 10285056
266 0.0348 10280960
267 0.032 10285056
268 0.0354 10276864
269 0.0352 10321920
270 0.033 10309632
271 0.0319 10285056
272 0.0322 10285056
273 0.0321 10285056
274 0.0313 10289152
275 0.0319 10264576
276 0.0326 10285056
277 0.0323 10297344
278 0.0318 10285056
279 0.0322 10313728
280 0.0373 10379264
281 0.0333 10297344
282 0.0321 10268672
283 0.0323 10313728
284 0.032 10330112
285 0.0317 10285056
286 0.0324 10301440
287 0.0396 10305536
288 0.0339 10326016
289 0.0321 10301440
290 0.0324 10321920
291 0.0372 10358784
292 0.0354 10321920
293 0.0329 10330112
294 0.0369 10321920
295 0.0366 10309632
296 0.0328 10313728
297 0.0332 10317824
298 0.0325 10334208
299 0.0332 10301440
300 0.0324 10301440
301 0.0326 10334208
302 0.0353 10334208
303 0.0365 10330112
304 0.0312 10309632
305 0.0329 10338304
306 0.0362 10350592
307 0.0373 10346496
308 0.0401 10424320
309 0.0331 10346496
310 0.0522 10366976
311 0.035 10371072
312 0.0345 10342400
313 0.0334 10326016
314 0.0376 10371072
315 0.0358 10334208
316 0.0365 10366976
317 0.0348 10342400
318 0.0335 10346496
319 0.0338 10350592
320 0.0383 10362880
321 0.0331 10330112
322 0.0369 10346496
323 0.0337 10346496
324 0.04 10420224
325 0.0331 10330112
326 0.0333 10354688
327 0.0332 10338304
328 0.034 10354688
329 0.0368 10366976
330 0.0352 10379264
331 0.0341 10354688
332 0.0369 10354688
333 0.0335 10371072
334 0.0337 10362880
335 0.0335 10362880
336 0.0341 10354688
337 0.034 10354688
338 0.034 10354688
339 0.0346 10354688
340 0.035 10358784
341 0.0388 10395648
342 0.0333 10350592
343 0.0346 10366976
344 0.0338 10354688
345 0.0339 10379264
346 0.0386 10461184
347 0.0387 10432512
348 0.0377 10452992
349 0.0344 10383360
350 0.0378 10375168
351 0.0347 10358784
352 0.0339 10350592
353 0.0339 10387456
354 0.0393 10424320
355 0.0378 10366976
356 0.0344 10379264
357 0.0514 10440704
358 0.035 10391552
359 0.0392 10420224
360 0.0342 10379264
361 0.036 10383360
362 0.038 10375168
363 0.0382 10379264
364 0.0424 10444800
365 0.0373 10391552
366 0.0345 10362880
367 0.034 10387456
368 0.0355 10395648
369 0.0359 10371072
370 0.0343 10412032
371 0.0345 10424320
372 0.0349 10375168
373 0.0383 10383360
374 0.037 10391552
375 0.0384 10383360
376 0.0348 10366976
377 0.0354 10416128
378 0.0395 10383360
379 0.0401 10383360
380 0.0346 10375168
381 0.042 10391552
382 0.0379 10416128
383 0.0359 10403840
384 0.0359 10412032
385 0.0354 10407936
386 0.0356 10424320
387 0.037 10403840
388 0.0354 10399744
389 0.0379 10420224
390 0.0358 10420224
391 0.036 10412032
392 0.0357 10440704
393 0.0362 10399744
394 0.0356 10407936
395 0.0358 10395648
396 0.0357 10391552
397 0.0367 10387456
398 0.0366 10461184
399 0.0365 10399744
400 0.0371 10399744
401 0.0358 10399744
402 0.0364 10403840
403 0.0357 10407936
404 0.0359 10469376
405 0.0369 10452992
406 0.0362 10403840
407 0.0415 10448896
408 0.0395 10403840
409 0.0361 10412032
410 0.0353 10403840
411 0.0352 10387456
412 0.0397 10416128
413 0.0382 10416128
414 0.0365 10416128
415 0.0397 10420224
416 0.0364 10412032
417 0.0408 10465280
418 0.0397 10412032
419 0.0395 10424320
420 0.0362 10424320
421 0.0367 10424320
422 0.0365 10428416
423 0.0397 10457088
424 0.0385 10416128
425 0.0373 10416128
426 0.0376 10444800
427 0.0365 10428416
428 0.0373 10428416
429 0.037 10428416
430 0.0365 10412032
431 0.0378 10428416
432 0.0375 10469376
433 0.0399 10436608
434 0.0376 10444800
435 0.0376 10428416
436 0.0405 10444800
437 0.0366 10444800
438 0.04 10436608
439 0.0385 10481664
440 0.0377 10436608
441 0.0371 10457088
442 0.0378 10444800
443 0.0371 10493952
444 0.0367 10461184
445 0.0374 10461184
446 0.0371 10444800
447 0.0379 10457088
448 0.0371 10461184
449 0.0369 10424320
450 0.0366 10440704
451 0.0374 10477568
452 0.0405 10461184
453 0.0408 10465280
454 0.037 10432512
455 0.0384 10432512
456 0.0441 10489856
457 0.0426 10522624
458 0.0383 10461184
459 0.037 10420224
460 0.0369 10448896
461 0.0373 10448896
462 0.0378 10452992
463 0.0411 10440704
464 0.0387 10420224
465 0.0394 10526720
466 0.0377 10424320
467 0.0412 10444800
468 0.0382 10457088
469 0.0373 10452992
470 0.0411 10461184
471 0.0381 10481664
472 0.0381 10461184
473 0.038 10485760
474 0.04 10469376
475 0.0434 10514432
476 0.0377 10477568
477 0.0381 10465280
478 0.039 10473472
479 0.0384 10485760
480 0.0376 10469376
481 0.042 10543104
482 0.0433 10485760
483 0.0388 10485760
484 0.0378 10498048
485 0.0387 10485760
486 0.0387 10489856
487 0.0386 10493952
488 0.0413 10518528
489 0.0378 10469376
490 0.0382 10506240
491 0.0384 10485760
492 0.038 10469376
493 0.0407 10510336
494 0.0389 10493952
495 0.0379 10502144
496 0.0383 10485760
497 0.0385 10510336
498 0.039 10493952
499 0.0427 10506240
500 0.0399 10518528
501 0.0389 10502144
502 0.0466 10547200
503 0.0394 10502144
504 0.0448 10547200
505 0.0389 10502144
506 0.0424 10506240
507 0.039 10502144
508 0.0396 10506240
509 0.0387 10502144
510 0.0386 10518528
511 0.0409 10518528
512 0.0393 10510336
513 0.0426 10502144
514 0.0433 10534912
515 0.0389 10485760
516 0.0384 10485760
517 0.0415 10514432
518 0.0387 10514432
519 0.0386 10493952
520 0.0388 10514432
521 0.0401 10510336
522 0.0387 10493952
523 0.0556 10530816
524 0.0382 10485760
525 0.0403 10514432
526 0.0391 10485760
527 0.2602 10514432
528 0.0874 10481664
529 0.04 10506240
530 0.0408 10510336
531 0.0395 10506240
532 0.0398 10518528
533 0.0402 10522624
534 0.04 10514432
535 0.0393 10506240
536 0.0416 10579968
537 0.0397 10506240
538 0.0414 10584064
539 0.0394 10514432
540 0.0429 10506240
541 0.0448 10588160
542 0.0435 10514432
543 0.0399 10526720
544 0.0401 10493952
545 0.0397 10522624
546 0.0453 10547200
547 0.0402 10526720
548 0.0397 10506240
549 0.0402 10530816
550 0.0398 10506240
551 0.0405 10530816
552 0.0401 10530816
553 0.0411 10522624
554 0.0405 10510336
555 0.0395 10534912
556 0.0405 10510336
557 0.0409 10510336
558 0.0436 10526720
559 0.0401 10534912
560 0.0408 10534912
561 0.0407 10543104
562 0.0405 10534912
563 0.0403 10534912
564 0.0409 10547200
565 0.0413 10539008
566 0.0401 10514432
567 0.0433 10551296
568 0.0405 10518528
569 0.0411 10534912
570 0.0411 10534912
571 0.0417 10543104
572 0.0593 10629120
573 0.0423 10563584
574 0.046 10592256
575 0.0425 10543104
576 0.0419 10563584
577 0.0404 10563584
578 0.0409 10563584
579 0.0405 10563584
580 0.0449 10579968
581 0.0411 10575872
582 0.0411 10563584
583 0.0414 10575872
584 0.0408 10559488
585 0.0406 10559488
586 0.0448 10579968
587 0.0468 10596352
588 0.0406 10592256
589 0.0405 10559488
590 0.0417 10575872
591 0.0417 10588160
592 0.0418 10596352
593 0.0473 10584064
594 0.0476 10657792
595 0.0448 10579968
596 0.0444 10616832
597 0.0416 10575872
598 0.0449 10612736
599 0.0414 10575872
600 0.041 10604544
601 0.0416 10604544
602 0.0409 10575872
603 0.0424 10588160
604 0.0465 10604544
605 0.0413 10575872
606 0.0417 10608640
607 0.0424 10604544
608 0.0415 10600448
609 0.0418 10596352
610 0.0415 10600448
611 0.0432 10575872
612 0.0419 10571776
613 0.042 10596352
614 0.042 10596352
615 0.0421 10604544
616 0.0423 10608640
617 0.0452 10600448
618 0.0425 10612736
619 0.0424 10596352
620 0.0424 10612736
621 0.0459 10678272
622 0.0421 10608640
623 0.044 10604544
624 0.0418 10616832
625 0.0429 10612736
626 0.042 10637312
627 0.0422 10608640
628 0.0448 10661888
629 0.0445 10604544
630 0.0425 10608640
631 0.0458 10600448
632 0.0423 10608640
633 0.0461 10633216
634 0.0425 10604544
635 0.0432 10604544
636 0.042 10600448
637 0.0424 10588160
638 0.0457 10600448
639 0.0429 10637312
640 0.0425 10600448
641 0.0431 10600448
642 0.0429 10584064
643 0.0428 10620928
644 0.0473 10629120
645 0.0436 10612736
646 0.0426 10600448
647 0.0449 10616832
648 0.0424 10625024
649 0.0429 10629120
650 0.0431 10612736
651 0.0432 10620928
652 0.0469 10686464
653 0.0465 10616832
654 0.043 10600448
655 0.0437 10629120
656 0.0429 10625024
657 0.0432 10616832
658 0.043 10620928
659 0.0465 10616832
660 0.0432 10629120
661 0.044 10637312
662 0.0523 10670080
663 0.0439 10612736
664 0.0435 10596352
665 0.0435 10612736
666 0.0434 10641408
667 0.0467 10629120
668 0.0495 10682368
669 0.0446 10633216
670 0.0438 10633216
671 0.0443 10625024
672 0.0434 10612736
673 0.0443 10633216
674 0.0435 10612736
675 0.0438 10612736
676 0.0432 10645504
677 0.047 10629120
678 0.0518 10682368
679 0.0444 10633216
680 0.0432 10620928
681 0.0441 10645504
682 0.048 10637312
683 0.0437 10645504
684 0.0442 10653696
685 0.0436 10645504
686 0.0475 10690560
687 0.0497 10756096
688 0.0445 10653696
689 0.0447 10665984
690 0.044 10686464
691 0.0478 10657792
692 0.0448 10637312
693 0.0487 10715136
694 0.0486 10682368
695 0.044 10641408
696 0.0487 10706944
697 0.0447 10719232
698 0.0438 10641408
699 0.0498 10661888
700 0.0477 10657792
701 0.0449 10657792
702 0.0441 10641408
703 0.0443 10633216
704 0.0444 10649600
705 0.0478 10665984
706 0.0446 10641408
707 0.0456 10657792
708 0.0478 10653696
709 0.0462 10649600
710 0.0456 10657792
711 0.0448 10649600
712 0.0455 10653696
713 0.048 10661888
714 0.0448 10674176
715 0.0498 10731520
716 0.0446 10670080
717 0.05 10752000
718 0.0451 10645504
719 0.0456 10657792
720 0.0452 10645504
721 0.0449 10645504
722 0.0449 10645504
723 0.0482 10670080
724 0.0458 10694656
725 0.0478 10678272
726 0.0457 10665984
727 0.0448 10649600
728 0.0447 10670080
729 0.0455 10665984
730 0.0502 10747904
731 0.0448 10674176
732 0.0497 10731520
733 0.0452 10690560
734 0.0453 10674176
735 0.0455 10670080
736 0.0458 10682368
737 0.0454 10682368
738 0.0453 10670080
739 0.0458 10670080
740 0.0459 10682368
741 0.0461 10686464
742 0.0492 10686464
743 0.0508 10788864
744 0.0513 10792960
745 0.0457 10674176
746 0.0453 10711040
747 0.0487 10686464
748 0.049 10686464
749 0.0455 10670080
750 0.0495 10686464
751 0.0521 10784768
752 0.0496 10702848
753 0.0502 10747904
754 0.0464 10674176
755 0.0462 10674176
756 0.0459 10694656
757 0.0468 10698752
758 0.0467 10715136
759 0.0458 10670080
760 0.0461 10670080
761 0.0458 10694656
762 0.0462 10670080
763 0.0463 10706944
764 0.0457 10670080
765 0.0464 10670080
766 0.0468 10706944
767 0.0464 10727424
768 0.0473 10743808
769 0.0501 10706944
770 0.0508 10711040
771 0.0466 10706944
772 0.0504 10727424
773 0.0477 10706944
774 0.0504 10715136
775 0.0464 10686464
776 0.0582 10784768
777 0.0513 10805248
778 0.0508 10715136
779 0.0463 10731520
780 0.0472 10715136
781 0.0469 10727424
782 0.0469 10723328
783 0.0472 10706944
784 0.0466 10690560
785 0.0473 10719232
786 0.0471 10731520
787 0.0495 10792960
788 0.0469 10711040
789 0.0465 10711040
790 0.0468 10694656
791 0.0476 10731520
792 0.0469 10706944
793 0.0468 10702848
794 0.0481 10739712
795 0.0476 10731520
796 0.0472 10723328
797 0.052 10743808
798 0.0476 10702848
799 0.0474 10743808
800 0.0559 10764288
801 0.0498 10723328
802 0.048 10723328
803 0.0472 10735616
804 0.0478 10706944
805 0.0509 10723328
806 0.0507 10727424
807 0.0491 10727424
808 0.0524 10743808
809 0.0478 10735616
810 0.0478 10727424
811 0.0487 10752000
812 0.0475 10756096
813 0.051 10747904
814 0.0516 10760192
815 0.048 10731520
816 0.0484 10739712
817 0.0486 10731520
818 0.0497 10715136
819 0.0515 10772480
820 0.0481 10764288
821 0.0476 10747904
822 0.048 10715136
823 0.0477 10752000
824 0.0476 10719232
825 0.0477 10719232
826 0.0477 10752000
827 0.0483 10747904
828 0.0486 10719232
829 0.0491 10752000
830 0.0506 10739712
831 0.0482 10838016
832 0.0518 10768384
833 0.0487 10752000
834 0.0489 10756096
835 0.0516 10752000
836 0.0497 10756096
837 0.0484 10768384
838 0.0499 10747904
839 0.0482 10727424
840 0.0518 10752000
841 0.0489 10768384
842 0.0486 10752000
843 0.0489 10747904
844 0.0493 10752000
845 0.0497 10752000
846 0.0491 10756096
847 0.0534 10829824
848 0.0481 10727424
849 0.0481 10727424
850 0.0538 10846208
851 0.051 10727424
852 0.0486 10760192
853 0.0492 10829824
854 0.0493 10817536
855 0.0495 10784768
856 0.0545 10862592
857 0.0493 10813440
858 0.0492 10829824
859 0.0527 10821632
860 0.0493 10813440
861 0.0498 10792960
862 0.0494 10842112
863 0.0533 10809344
864 0.0499 10809344
865 0.05 10809344
866 0.049 10792960
867 0.0512 10817536
868 0.0501 10809344
869 0.0493 10792960
870 0.054 10903552
871 0.0505 10825728
872 0.0531 10809344
873 0.0526 10809344
874 0.0494 10809344
875 0.0499 10801152
876 0.0498 10805248
877 0.0491 10838016
878 0.0496 10842112
879 0.0531 10821632
880 0.0499 10805248
881 0.0567 10932224
882 0.0489 10817536
883 0.0502 10801152
884 0.0506 10825728
885 0.0502 10842112
886 0.0495 10805248
887 0.0514 10821632
888 0.0493 10805248
889 0.0499 10829824
890 0.0503 10833920
891 0.0551 10903552
892 0.05 10805248
893 0.0511 10833920
894 0.0502 10833920
895 0.0542 10838016
896 0.0501 10846208
897 0.0559 10883072
898 0.0497 10821632
899 0.0558 10862592
900 0.0539 10838016
901 0.0499 10825728
902 0.0503 10825728
903 0.0499 10825728
904 0.0503 10846208
905 0.0501 10825728
906 0.0507 10825728
907 0.051 10878976
908 0.0503 10825728
909 0.0513 10846208
910 0.0499 10854400
911 0.0554 10936320
912 0.0562 10964992
913 0.0536 10858496
914 0.0559 10919936
915 0.0511 10846208
916 0.0502 10842112
917 0.0501 10870784
918 0.0538 10846208
919 0.0515 10846208
920 0.0509 10838016
921 0.0551 10887168
922 0.0513 10858496
923 0.0545 10854400
924 0.0547 10858496
925 0.0516 10842112
926 0.0523 10919936
927 0.0513 10833920
928 0.0519 10866688
929 0.0513 10842112
930 0.0507 10842112
931 0.0563 10928128
932 0.0519 10866688
933 0.0532 10911744
934 0.0511 10862592
935 0.0555 10854400
936 0.0514 10846208
937 0.0862 10899456
938 0.0522 10866688
939 0.0513 10850304
940 0.0508 10874880
941 0.0518 10870784
942 0.0546 10862592
943 0.051 10854400
944 0.0516 10858496
945 0.0513 10883072
946 0.0535 10878976
947 0.0513 10858496
948 0.0552 10870784
949 0.0514 10887168
950 0.0518 10850304
951 0.0529 10887168
952 0.056 10870784
953 0.0518 10854400
954 0.0555 10878976
955 0.0519 10854400
956 0.0522 10870784
957 0.0531 10887168
958 0.0563 10878976
959 0.0566 10924032
960 0.0519 10866688
961 0.0519 10887168
962 0.0541 10878976
963 0.0524 10883072
964 0.0558 10899456
965 0.0533 10883072
966 0.0518 10866688
967 0.0529 10887168
968 0.0523 10870784
969 0.0526 10891264
970 0.0561 10891264
971 0.0569 10891264
972 0.0521 10887168
973 0.0529 10903552
974 0.0527 10887168
975 0.053 10887168
976 0.0517 10899456
977 0.0527 10895360
978 0.0534 10891264
979 0.0566 10969088
980 0.0545 10903552
981 0.0573 11030528
982 0.0528 10903552
983 0.053 10878976
984 0.0527 10895360
985 0.0537 10903552
986 0.0532 10899456
987 0.0567 10932224
988 0.0522 10883072
989 0.0537 10899456
990 0.0537 10924032
991 0.0534 10903552
992 0.056 10919936
993 0.0541 10911744
994 0.0529 10907648
995 0.0534 10919936
996 0.0528 10911744
997 0.0533 10903552
998 0.0549 10903552
999 0.0531 10907648
1000 0.0533 10907648