1 0.0234 10043392
2 0.0279 10055680
3 0.0266 10043392
4 0.027 10043392
5 0.0239 10043392
6 0.0266 10043392
7 0.0266 10047488
8 0.0239 10043392
9 0.0273 10063872
10 0.0253 10055680
11 0.0231 10059776
12 0.0232 10031104
13 0.027 10051584
14 0.0259 10063872
15 0.0243 10063872
16 0.0307 10084352
17 0.032 10039296
18 0.0248 10043392
19 0.0245 10072064
20 0.0252 10076160
21 0.0253 10129408
22 0.0243 10088448
23 0.0246 10088448
24 0.0271 10084352
25 0.0282 10125312
26 0.0279 10153984
27 0.0241 10072064
28 0.0284 10153984
29 0.0254 10059776
30 0.028 10088448
31 0.0246 10092544
32 0.0241 10092544
33 0.0334 10133504
34 0.0273 10088448
35 0.0279 10088448
36 0.0254 10104832
37 0.0263 10072064
38 0.0243 10092544
39 0.0294 10133504
40 0.0255 10076160
41 0.0255 10096640
42 0.0351 10158080
43 0.0277 10117120
44 0.0288 10137600
45 0.0292 10100736
46 0.0333 10117120
47 0.0263 10100736
48 0.0254 10117120
49 0.0254 10092544
50 0.0262 10129408
51 0.0308 10133504
52 0.0345 10186752
53 0.0275 10162176
54 0.0312 10133504
55 0.0297 10190848
56 0.0318 10137600
57 0.0333 10158080
58 0.0264 10137600
59 0.0259 10133504
60 0.0268 10162176
61 0.0268 10129408
62 0.0269 10125312
63 0.0297 10133504
64 0.0259 10108928
65 0.0276 10186752
66 0.029 10203136
67 0.0322 10174464
68 0.0309 10207232
69 0.0269 10174464
70 0.0304 10174464
71 0.0266 10137600
72 0.0301 10145792
73 0.0351 10182656
74 0.0298 10145792
75 0.0428 10194944
76 0.0357 10145792
77 0.0327 10215424
78 0.0279 10166272
79 0.0295 10203136
80 0.026 10129408
81 0.0284 10153984
82 0.0312 10158080
83 0.0332 10182656
84 0.0321 10174464
85 0.0323 10178560
86 0.0326 10219520
87 0.0317 10211328
88 0.0291 10178560
89 0.0319 10174464
90 0.0351 10186752
91 0.0296 10178560
92 0.0279 10170368
93 0.0366 10199040
94 0.0333 10223616
95 0.0345 10215424
96 0.0344 10194944
97 0.0295 10190848
98 0.0344 10235904
99 0.0289 10190848
100 0.0274 10174464
101 0.0275 10166272
102 0.0337 10223616
103 0.0335 10244096
104 0.0318 10215424
105 0.0378 10215424
106 0.0389 10272768
107 0.0326 10223616
108 0.0355 10252288
109 0.0333 10256384
110 0.0354 10219520
111 0.033 10231808
112 0.0297 10223616
113 0.0277 10223616
114 0.028 10207232
115 0.0275 10219520
116 0.0313 10203136
117 0.0281 10207232
118 0.0314 10215424
119 0.0343 10285056
120 0.0312 10219520
121 0.0316 10248192
122 0.0289 10211328
123 0.0281 10223616
124 0.0292 10248192
125 0.0333 10280960
126 0.0293 10231808
127 0.0288 10231808
128 0.0332 10252288
129 0.0327 10231808
130 0.0281 10240000
131 0.0282 10240000
132 0.0327 10244096
133 0.0288 10244096
134 0.0291 10227712
135 0.0288 10240000
136 0.0294 10227712
137 0.0284 10244096
138 0.0329 10248192
139 0.0295 10244096
140 0.0291 10235904
141 0.0324 10240000
142 0.0287 10248192
143 0.0286 10256384
144 0.0315 10321920
145 0.0326 10260480
146 0.0299 10252288
147 0.0287 10272768
148 0.0293 10276864
149 0.0297 10264576
150 0.0299 10276864
151 0.0296 10268672
152 0.0294 10260480
153 0.033 10272768
154 0.0299 10268672
155 0.0297 10280960
156 0.0292 10289152
157 0.0295 10260480
158 0.0293 10260480
159 0.0299 10260480
160 0.0302 10276864
161 0.0306 10276864
162 0.0305 10289152
163 0.0348 10285056
164 0.0304 10268672
165 0.035 10383360
166 0.0297 10293248
167 0.0303 10289152
168 0.0306 10293248
169 0.0312 10293248
170 0.0298 10297344
171 0.0355 10375168
172 0.0303 10297344
173 0.0379 10305536
174 0.0354 10313728
175 0.0302 10313728
176 0.0308 10297344
177 0.0342 10293248
178 0.0305 10317824
179 0.0303 10301440
180 0.0338 10293248
181 0.0303 10305536
182 0.0312 10326016
183 0.0302 10309632
184 0.0307 10309632
185 0.0312 10293248
186 0.0305 10313728
187 0.031 10326016
188 0.0315 10305536
189 0.0311 10309632
190 0.0314 10313728
191 0.0314 10301440
192 0.0315 10330112
193 0.0316 10330112
194 0.0313 10375168
195 0.0348 10338304
196 0.0315 10354688
197 0.0311 10309632
198 0.0358 10342400
199 0.0349 10342400
200 0.0314 10350592
201 0.0321 10342400
202 0.0323 10362880
203 0.0321 10346496
204 0.0319 10342400
205 0.0319 10346496
206 0.0316 10354688
207 0.0323 10342400
208 0.0328 10371072
209 0.0317 10362880
210 0.0316 10362880
211 0.0324 10350592
212 0.0364 10354688
213 0.0354 10362880
214 0.0367 10346496
215 0.0368 10379264
216 0.0321 10330112
217 0.0319 10330112
218 0.0321 10358784
219 0.0324 10330112
220 0.0324 10371072
221 0.0325 10350592
222 0.0356 10358784
223 0.0332 10366976
224 0.0331 10362880
225 0.0331 10375168
226 0.0327 10338304
227 0.0335 10366976
228 0.033 10379264
229 0.0363 10362880
230 0.0324 10371072
231 0.0342 10362880
232 0.0337 10379264
233 0.0329 10383360
234 0.0328 10391552
235 0.0334 10362880
236 0.0365 10391552
237 0.0335 10399744
238 0.033 10399744
239 0.0326 10395648
240 0.034 10391552
241 0.0334 10403840
242 0.0377 10399744
243 0.0331 10403840
244 0.0384 10399744
245 0.0364 10457088
246 0.1277 10412032
247 0.0417 10440704
248 0.0496 10444800
249 0.0393 10452992
250 0.0411 10461184
251 0.0348 10412032
252 0.0341 10395648
253 0.0354 10412032
254 0.0346 10387456
255 0.0387 10469376
256 0.0425 10452992
257 0.0404 10452992
258 0.0443 10498048
259 0.0413 10485760
260 0.0451 10469376
261 0.0397 10436608
262 0.0376 10436608
263 0.0347 10399744
264 0.0356 10420224
265 0.0378 10448896
266 0.0437 10436608
267 0.0445 10457088
268 0.0417 10420224
269 0.0372 10428416
270 0.038 10420224
271 0.0389 10506240
272 0.0388 10420224
273 0.0451 10473472
274 0.0465 10412032
275 0.0479 10498048
276 0.0456 10485760
277 0.0463 10514432
278 0.0366 10506240
279 0.043 10498048
280 0.0473 10514432
281 0.0448 10477568
282 0.0443 10477568
283 0.0458 10522624
284 0.0416 10477568
285 0.0487 10477568
286 0.0465 10493952
287 0.042 10485760
288 0.0351 10469376
289 0.039 10461184
290 0.0355 10473472
291 0.0357 10506240
292 0.039 10465280
293 0.0389 10465280
294 0.0421 10502144
295 0.038 10477568
296 0.0411 10489856
297 0.0363 10473472
298 0.0361 10493952
299 0.0366 10498048
300 0.0356 10461184
301 0.0359 10473472
302 0.0355 10489856
303 0.0356 10489856
304 0.0357 10461184
305 0.0395 10493952
306 0.0359 10502144
307 0.0367 10493952
308 0.0391 10489856
309 0.0363 10498048
310 0.0397 10493952
311 0.0368 10498048
312 0.0366 10485760
313 0.0369 10498048
314 0.0403 10498048
315 0.0367 10485760
316 0.0369 10489856
317 0.0402 10518528
318 0.0398 10498048
319 0.0363 10502144
320 0.0364 10514432
321 0.0362 10502144
322 0.0361 10526720
323 0.0363 10518528
324 0.0366 10526720
325 0.0369 10506240
326 0.0378 10510336
327 0.0374 10502144
328 0.0369 10522624
329 0.0376 10502144
330 0.0408 10510336
331 0.0408 10526720
332 0.0369 10526720
333 0.0375 10514432
334 0.0417 10604544
335 0.0372 10543104
336 0.039 10526720
337 0.0392 10514432
338 0.0377 10526720
339 0.0419 10522624
340 0.0389 10559488
341 0.0373 10514432
342 0.0412 10530816
343 0.0413 10530816
344 0.0393 10526720
345 0.0387 10539008
346 0.0421 10649600
347 0.0418 10584064
348 0.0373 10518528
349 0.0376 10551296
350 0.0387 10547200
351 0.0394 10539008
352 0.0408 10555392
353 0.0536 10661888
354 0.0567 10612736
355 0.0475 10625024
356 0.0379 10547200
357 0.0379 10547200
358 0.0391 10616832
359 0.0574 10661888
360 0.05 10678272
361 0.0402 10539008
362 0.0392 10539008
363 0.039 10555392
364 0.0403 10604544
365 0.0429 10575872
366 0.0383 10539008
367 0.0556 10600448
368 0.0453 10633216
369 0.0418 10559488
370 0.0404 10620928
371 0.0398 10575872
372 0.0437 10571776
373 0.0521 10645504
374 0.0525 10686464
375 0.0486 10625024
376 0.0431 10567680
377 0.0387 10575872
378 0.0397 10575872
379 0.0416 10588160
380 0.0531 10637312
381 0.0453 10637312
382 0.0398 10588160
383 0.0499 10711040
384 0.0524 10698752
385 0.0545 10665984
386 0.0395 10604544
387 0.0401 10600448
388 0.0405 10592256
389 0.0399 10592256
390 0.0406 10588160
391 0.0394 10579968
392 0.0413 10661888
393 0.0408 10616832
394 0.0404 10616832
395 0.0404 10600448
396 0.0439 10616832
397 0.0495 10670080
398 0.0505 10715136
399 0.0512 10653696
400 0.0403 10620928
401 0.0414 10670080
402 0.0438 10629120
403 0.0401 10625024
404 0.04 10637312
405 0.0405 10620928
406 0.0406 10641408
407 0.05 10674176
408 0.0449 10629120
409 0.0409 10633216
410 0.0442 10637312
411 0.0402 10665984
412 0.0415 10649600
413 0.0421 10641408
414 0.0441 10645504
415 0.0411 10641408
416 0.0407 10625024
417 0.0411 10625024
418 0.0413 10641408
419 0.0411 10625024
420 0.0424 10665984
421 0.0411 10665984
422 0.0411 10657792
423 0.046 10653696
424 0.0419 10665984
425 0.0421 10653696
426 0.0415 10665984
427 0.049 10694656
428 0.045 10674176
429 0.0444 10657792
430 0.0423 10661888
431 0.0419 10665984
432 0.0425 10653696
433 0.0416 10678272
434 0.0702 10702848
435 0.0415 10674176
436 0.0413 10649600
437 0.0422 10661888
438 0.0427 10678272
439 0.042 10682368
440 0.0436 10682368
441 0.0437 10682368
442 0.0425 10694656
443 0.0425 10678272
444 0.0426 10670080
445 0.0418 10678272
446 0.0421 10694656
447 0.0429 10686464
448 0.0457 10686464
449 0.0462 10694656
450 0.0455 10678272
451 0.0427 10719232
452 0.042 10670080
453 0.0425 10698752
454 0.0428 10698752
455 0.0437 10702848
456 0.0452 10727424
457 0.0552 10788864
458 0.0575 10776576
459 0.0511 10739712
460 0.0462 10702848
461 0.0436 10698752
462 0.0468 10702848
463 0.0433 10723328
464 0.0476 10747904
465 0.0509 10772480
466 0.0542 10764288
467 0.0598 10776576
468 0.0528 10747904
469 0.0506 10756096
470 0.0482 10768384
471 0.0436 10715136
472 0.0493 10743808
473 0.0461 10752000
474 0.0599 10878976
475 0.0482 10809344
476 0.059 10788864
477 0.0507 10797056
478 0.0457 10735616
479 0.0471 10809344
480 0.0491 10768384
481 0.0481 10760192
482 0.0486 10792960
483 0.0508 10833920
484 0.0445 10747904
485 0.0447 10752000
486 0.0447 10760192
487 0.0442 10760192
488 0.0497 10760192
489 0.0452 10764288
490 0.0477 10776576
491 0.0657 10878976
492 0.0512 10858496
493 0.0482 10752000
494 0.0547 10862592
495 0.055 10883072
496 0.0459 10768384
497 0.0449 10780672
498 0.0487 10821632
499 0.0554 10854400
500 0.0573 10842112
501 0.0539 10846208
502 0.0534 10747904
503 0.0464 10768384
504 0.0514 10788864
505 0.0616 10842112
506 0.0501 10801152
507 0.0666 10878976
508 0.0564 10809344
509 0.072 10854400
510 0.0447 10784768
511 0.0576 10911744
512 0.0596 10854400
513 0.0554 10883072
514 0.0461 10776576
515 0.0468 10768384
516 0.0451 10797056
517 0.0459 10772480
518 0.0499 10784768
519 0.0573 10883072
520 0.0645 10870784
521 0.0726 10883072
522 0.059 10887168
523 0.0653 10874880
524 0.0546 10895360
525 0.0589 10874880
526 0.0453 10768384
527 0.0448 10788864
528 0.0472 10801152
529 0.046 10801152
530 0.0529 10883072
531 0.0482 10801152
532 0.0497 10797056
533 0.0464 10792960
534 0.0467 10788864
535 0.0469 10792960
536 0.0459 10805248
537 0.0524 10829824
538 0.0539 10932224
539 0.0543 10838016
540 0.0469 10809344
541 0.0457 10821632
542 0.0492 10874880
543 0.0616 10915840
544 0.0619 10903552
545 0.0627 10870784
546 0.0465 10792960
547 0.0475 10801152
548 0.0468 10825728
549 0.0472 10825728
550 0.0471 10813440
551 0.0462 10797056
552 0.0524 10866688
553 0.0622 10948608
554 0.0652 10940416
555 0.0611 10960896
556 0.0498 10829824
557 0.0528 10805248
558 0.0469 10833920
559 0.0475 10842112
560 0.0562 10973184
561 0.0494 10850304
562 0.0472 10825728
563 0.0479 10858496
564 0.0509 10866688
565 0.0514 10948608
566 0.0512 10862592
567 0.048 10854400
568 0.0469 10842112
569 0.0529 10895360
570 0.0535 10981376
571 0.0489 10850304
572 0.0499 10838016
573 0.0553 10895360
574 0.0489 10850304
575 0.0496 10866688
576 0.0488 10899456
577 0.0568 11042816
578 0.0581 11079680
579 0.0516 10948608
580 0.0488 10899456
581 0.0511 10911744
582 0.0505 10911744
583 0.0524 11010048
584 0.0589 10997760
585 0.0554 11055104
586 0.0497 10960896
587 0.048 10907648
588 0.0494 10944512
589 0.0706 11079680
590 0.0511 10919936
591 0.057 10993664
592 0.0484 10899456
593 0.0542 10919936
594 0.0543 10915840
595 0.0542 10932224
596 0.0539 10919936
597 0.0524 10944512
598 0.0496 10932224
599 0.0475 10924032
600 0.0513 10969088
601 0.0511 10932224
602 0.0532 10924032
603 0.0506 10944512
604 0.0494 10936320
605 0.0491 10944512
606 0.0531 11046912
607 0.053 11067392
608 0.0533 10924032
609 0.0491 10936320
610 0.0503 10944512
611 0.0491 10919936
612 0.0551 10960896
613 0.0538 10919936
614 0.05 10919936
615 0.0487 10948608
616 0.0506 10964992
617 0.0541 10940416
618 0.0501 10973184
619 0.05 10928128
620 0.0491 10952704
621 0.0526 10940416
622 0.0488 10952704
623 0.0529 10940416
624 0.0537 10956800
625 0.0529 11010048
626 0.0504 10948608
627 0.0508 10944512
628 0.0527 10936320
629 0.0508 10948608
630 0.0586 10997760
631 0.0498 10948608
632 0.0504 10956800
633 0.0495 10960896
634 0.0495 10936320
635 0.0503 10956800
636 0.0555 10952704
637 0.051 10932224
638 0.0509 10952704
639 0.051 10956800
640 0.0574 11137024
641 0.0652 11141120
642 0.0601 10948608
643 0.0683 11169792
644 0.0655 11128832
645 0.0674 11018240
646 0.0581 10997760
647 0.059 11010048
648 0.0563 11083776
649 0.0567 11169792
650 0.0577 10977280
651 0.067 11173888
652 0.0672 11083776
653 0.063 11132928
654 0.0602 11091968
655 0.0591 10993664
656 0.0558 11046912
657 0.0528 11001856
658 0.0549 11005952
659 0.0675 11022336
660 0.0734 11137024
661 0.055 11116544
662 0.0544 11005952
663 0.0528 10993664
664 0.0517 11001856
665 0.0523 10973184
666 0.0525 11001856
667 0.0527 10977280
668 0.054 10993664
669 0.0609 11063296
670 0.0583 11100160
671 0.0555 11014144
672 0.0552 11014144
673 0.0577 11206656
674 0.0529 10989568
675 0.0534 10981376
676 0.0559 10997760
677 0.0527 10993664
678 0.0527 11010048
679 0.0556 11091968
680 0.057 11042816
681 0.0544 11091968
682 0.0572 11026432
683 0.0539 11063296
684 0.0533 11042816
685 0.0524 11042816
686 0.0578 11075584
687 0.0571 11030528
688 0.054 11014144
689 0.0538 11022336
690 0.0547 11046912
691 0.0534 11063296
692 0.0552 11042816
693 0.0555 11055104
694 0.0577 11038720
695 0.0567 11034624
696 0.055 11018240
697 0.0546 11067392
698 0.0533 11055104
699 0.0626 11055104
700 0.0544 11046912
701 0.0561 11067392
702 0.056 11079680
703 0.0563 11071488
704 0.0567 11042816
705 0.0544 11038720
706 0.0563 11051008
707 0.0537 11051008
708 0.0648 11051008
709 0.0545 11055104
710 0.0559 11063296
711 0.0549 11059200
712 0.0581 11124736
713 0.0533 11067392
714 0.0567 11063296
715 0.0538 11067392
716 0.0605 11112448
717 0.0556 11071488
718 0.0585 11059200
719 0.0549 11042816
720 0.0547 11067392
721 0.0568 11067392
722 0.0613 11194368
723 0.0587 11067392
724 0.0555 11063296
725 0.0544 11055104
726 0.0559 11128832
727 0.0751 11202560
728 0.0597 11190272
729 0.055 11087872
730 0.06 11157504
731 0.0558 11079680
732 0.0613 11243520
733 0.0585 11141120
734 0.0564 11108352
735 0.0557 11096064
736 0.0587 11087872
737 0.0676 11186176
738 0.0624 11223040
739 0.059 11120640
740 0.0557 11083776
741 0.0553 11096064
742 0.0613 11124736
743 0.083 11264000
744 0.0771 11309056
745 0.0578 11083776
746 0.0592 11091968
747 0.0554 11100160
748 0.0654 11280384
749 0.0552 11104256
750 0.0582 11096064
751 0.0542 11112448
752 0.0589 11186176
753 0.06 11100160
754 0.0559 11112448
755 0.0572 11108352
756 0.0591 11100160
757 0.0597 11100160
758 0.0549 11116544
759 0.0553 11149312
760 0.0555 11112448
761 0.0561 11116544
762 0.0562 11100160
763 0.055 11100160
764 0.0567 11112448
765 0.0603 11120640
766 0.0562 11120640
767 0.0601 11112448
768 0.0559 11145216
769 0.0595 11194368
770 0.0616 11157504
771 0.0661 11284480
772 0.0581 11182080
773 0.0559 11169792
774 0.0565 11161600
775 0.0585 11165696
776 0.06 11157504
777 0.0577 11173888
778 0.0614 11206656
779 0.0832 11399168
780 0.0716 11264000
781 0.0577 11182080
782 0.0573 11173888
783 0.0601 11165696
784 0.0566 11145216
785 0.0568 11149312
786 0.0576 11182080
787 0.0572 11186176
788 0.0566 11137024
789 0.0602 11202560
790 0.0574 11190272
791 0.0583 11194368
792 0.061 11177984
793 0.0602 11182080
794 0.0564 11182080
795 0.0616 11177984
796 0.0617 11190272
797 0.0614 11194368
798 0.0624 11255808
799 0.058 11210752
800 0.0624 11177984
801 0.0611 11177984
802 0.0679 11370496
803 0.0583 11247616
804 0.0592 11190272
805 0.0572 11198464
806 0.0585 11182080
807 0.0586 11255808
808 0.0685 11214848
809 0.0645 11255808
810 0.0804 11292672
811 0.0706 11259904
812 0.0703 11419648
813 0.0585 11177984
814 0.0589 11210752
815 0.0614 11198464
816 0.0591 11206656
817 0.0589 11194368
818 0.0617 11210752
819 0.0636 11370496
820 0.0632 11202560
821 0.0601 11202560
822 0.0648 11374592
823 0.0593 11214848
824 0.0593 11194368
825 0.0574 11194368
826 0.0679 11386880
827 0.0872 11427840
828 0.0595 11214848
829 0.0675 11411456
830 0.0594 11210752
831 0.0591 11206656
832 0.0628 11227136
833 0.0765 11448320
834 0.0682 11272192
835 0.0649 11243520
836 0.0756 11333632
837 0.0711 11386880
838 0.0783 11313152
839 0.0604 11259904
840 0.06 11255808
841 0.0633 11247616
842 0.0623 11264000
843 0.0599 11268096
844 0.0598 11247616
845 0.0642 11251712
846 0.0646 11235328
847 0.0647 11280384
848 0.0645 11300864
849 0.0599 11259904
850 0.0589 11268096
851 0.0599 11276288
852 0.0596 11284480
853 0.061 11300864
854 0.0615 11329536
855 0.0609 11288576
856 0.0628 11288576
857 0.0643 11358208
858 0.0661 11448320
859 0.0608 11309056
860 0.0619 11309056
861 0.0653 11505664
862 0.0601 11304960
863 0.0609 11309056
864 0.0598 11284480
865 0.0611 11280384
866 0.0653 11296768
867 0.0683 11382784
868 0.0718 11481088
869 0.0783 11554816
870 0.0734 11350016
871 0.0688 11378688
872 0.0715 11386880
873 0.0627 11292672
874 0.0682 11489280
875 0.0614 11321344
876 0.0628 11378688
877 0.0627 11333632
878 0.0651 11333632
879 0.0646 11444224
880 0.0705 11345920
881 0.0611 11341824
882 0.0647 11395072
883 0.0631 11345920
884 0.0666 11407360
885 0.0761 11485184
886 0.0709 11534336
887 0.0632 11317248
888 0.0675 11546624
889 0.0768 11366400
890 0.07 11370496
891 0.0707 11436032
892 0.0717 11444224
893 0.0722 11489280
894 0.0732 11501568
895 0.0669 11395072
896 0.0635 11386880
897 0.0657 11345920
898 0.0649 11476992
899 0.0693 11382784
900 0.0711 11354112
901 0.0741 11390976
902 0.0693 11472896
903 0.0711 11350016
904 0.0769 11513856
905 0.0683 11407360
906 0.064 11370496
907 0.085 11440128
908 0.0683 11390976
909 0.0706 11481088
910 0.0654 11378688
911 0.0705 11489280
912 0.0634 11354112
913 0.0644 11370496
914 0.0659 11370496
915 0.0662 11370496
916 0.0635 11354112
917 0.0643 11390976
918 0.0669 11366400
919 0.0649 11366400
920 0.0629 11345920
921 0.0668 11374592
922 0.0738 11452416
923 0.0688 11386880
924 0.0689 11530240
925 0.0617 11354112
926 0.0626 11374592
927 0.0663 11374592
928 0.0628 11370496
929 0.0635 11386880
930 0.064 11403264
931 0.0671 11382784
932 0.063 11390976
933 0.0626 11419648
934 0.0637 11390976
935 0.0622 11407360
936 0.0621 11399168
937 0.0626 11407360
938 0.0631 11403264
939 0.0649 11407360
940 0.0645 11407360
941 0.0667 11423744
942 0.0673 11436032
943 0.0639 11448320
944 0.068 11440128
945 0.0675 11444224
946 0.0686 11440128
947 0.0646 11403264
948 0.0629 11448320
949 0.0684 11440128
950 0.0645 11444224
951 0.0626 11415552
952 0.0636 11415552
953 0.068 11431936
954 0.0685 11431936
955 0.0694 11460608
956 0.0636 11448320
957 0.0642 11436032
958 0.0633 11431936
959 0.0648 11444224
960 0.0653 11411456
961 0.0643 11440128
962 0.0647 11472896
963 0.0681 11448320
964 0.0658 11444224
965 0.0658 11440128
966 0.0653 11444224
967 0.0702 11608064
968 0.0636 11464704
969 0.0657 11427840
970 0.0696 11456512
971 0.0681 11460608
972 0.066 11448320
973 0.0694 11456512
974 0.0661 11456512
975 0.0662 11448320
976 0.0645 11476992
977 0.0646 11460608
978 0.0678 11464704
979 0.0679 11460608
980 0.0718 11702272
981 0.0675 11476992
982 0.0723 11485184
983 0.0662 11476992
984 0.0667 11481088
985 0.0675 11505664
986 0.0708 11603968
987 0.0662 11481088
988 0.0659 11493376
989 0.069 11481088
990 0.0678 11497472
991 0.0671 11472896
992 0.0716 11472896
993 0.0668 11464704
994 0.0784 11649024
995 0.0659 11489280
996 0.0672 11476992
997 0.0653 11513856
998 0.0725 11513856
999 0.0669 11505664
1000 0.0674 11468800