1 0.0026 3596288
2 0.0025 3633152
3 0.0038 3694592
4 0.0033 3727360
5 0.0038 3788800
6 0.0042 3846144
7 0.0054 3887104
8 0.005 3940352
9 0.0054 3973120
10 0.0058 4030464
11 0.008 4128768
12 0.0066 4145152
13 0.0077 4182016
14 0.0074 4227072
15 0.0084 4280320
16 0.0085 4325376
17 0.0113 4419584
18 0.0091 4456448
19 0.011 4517888
20 0.0121 4550656
21 0.0109 4583424
22 0.0108 4653056
23 0.012 4751360
24 0.0115 4747264
25 0.0118 4792320
26 0.0127 4907008
27 0.0138 4866048
28 0.0131 4911104
29 0.0179 5046272
30 0.0181 5079040
31 0.017 5169152
32 0.0163 5165056
33 0.0158 5160960
34 0.0155 5206016
35 0.0209 5324800
36 0.0166 5390336
37 0.0193 5378048
38 0.0188 5451776
39 0.0213 5550080
40 0.0255 5541888
41 0.0214 5599232
42 0.0237 5681152
43 0.0196 5644288
44 0.023 5738496
45 0.0234 5758976
46 0.0277 5947392
47 0.0288 5914624
48 0.0225 5943296
49 0.0222 5992448
50 0.0227 6033408
51 0.0284 6131712
52 0.0237 6090752
53 0.0245 6201344
54 0.0247 6176768
55 0.0325 6397952
56 0.0325 6430720
57 0.0302 6422528
58 0.0317 6443008
59 0.0322 6508544
60 0.0298 6471680
61 0.0283 6594560
62 0.0345 6651904
63 0.0292 6602752
64 0.0295 6664192
65 0.0302 6770688
66 0.0303 6754304
67 0.0322 6864896
68 0.0312 6832128
69 0.0326 6918144
70 0.0345 6975488
71 0.0327 7073792
72 0.0341 7036928
73 0.0348 7114752
74 0.0369 7139328
75 0.0404 7245824
76 0.0353 7262208
77 0.0367 7303168
78 0.0392 7483392
79 0.0388 7471104
80 0.0427 7483392
81 0.0441 7528448
82 0.038 7532544
83 0.0403 7610368
84 0.0417 7786496
85 0.0393 7671808
86 0.0427 7770112
87 0.0455 7892992
88 0.041 7888896
89 0.0471 7905280
90 0.043 7950336
91 0.0432 7995392
92 0.0434 8036352
93 0.0488 8093696
94 0.0471 8134656
95 0.0452 8171520
96 0.052 8237056
97 0.0463 8265728
98 0.0509 8323072
99 0.0467 8359936
100 0.0474 8425472
101 0.0535 8482816
102 0.0482 8503296
103 0.0533 8695808
104 0.0551 8749056
105 0.0501 8675328
106 0.0497 8675328
107 0.0556 8781824
108 0.0514 8785920
109 0.0522 8867840
110 0.0535 8859648
111 0.0525 8929280
112 0.0528 8974336
113 0.0542 9056256
114 0.0558 9080832
115 0.0557 9113600
116 0.055 9220096
117 0.0562 9248768
118 0.0571 9404416
119 0.0573 9355264
120 0.0567 9367552
121 0.059 9396224
122 0.0582 9494528
123 0.0613 9531392
124 0.0603 9592832
125 0.0652 9670656
126 0.0583 9617408
127 0.0618 9740288
128 0.0598 9752576
129 0.0657 9826304
130 0.0601 9842688
131 0.0689 9887744
132 0.0621 9965568
133 0.0621 9977856
134 0.0621 10022912
135 0.0625 10072064
136 0.0644 10137600
137 0.0643 10178560
138 0.0626 10248192
139 0.0665 10223616
140 0.067 10317824
141 0.067 10416128
142 0.0652 10395648
143 0.0741 10461184
144 0.0738 10485760
145 0.0718 10711040
146 0.0698 10629120
147 0.0739 10657792
148 0.0705 10719232
149 0.0695 10747904
150 0.0732 10842112
151 0.0758 11063296
152 0.0711 10977280
153 0.0749 11051008
154 0.0718 11059200
155 0.0732 11075584
156 0.0726 11161600
157 0.0723 11165696
158 0.0741 11251712
159 0.0805 11300864
160 0.074 11300864
161 0.0744 11411456
162 0.0746 11464704
163 0.0774 11485184
164 0.077 11558912
165 0.0764 11567104
166 0.0769 11575296
167 0.0878 11796480
168 0.0912 11767808
169 0.0773 11776000
170 0.0783 11755520
171 0.0776 11800576
172 0.0848 11902976
173 0.0786 11984896
174 0.0927 12066816
175 0.0838 12070912
176 0.0871 12152832
177 0.0837 12177408
178 0.0836 12132352
179 0.0816 12234752
180 0.0838 12279808
181 0.0899 12337152
182 0.0896 12394496
183 0.0916 12427264
184 0.0856 12480512
185 0.0884 12603392
186 0.0872 12410880
187 0.085 12492800
188 0.093 12513280
189 0.0947 12595200
190 0.0933 12627968
191 0.0908 12673024
192 0.0884 12718080
193 0.0888 12754944
194 0.0903 12820480
195 0.0899 12824576
196 0.0966 12918784
197 0.0903 12922880
198 0.0908 12976128
199 0.0939 13062144
200 0.094 13201408
201 0.0984 13152256
202 0.0928 13180928
203 0.0936 13225984
204 0.0931 13307904
205 0.0969 13406208
206 0.0998 13606912
207 0.1039 13492224
208 0.1019 13520896
209 0.1029 13602816
210 0.1043 13549568
211 0.099 13565952
212 0.1 13598720
213 0.1014 13582336
214 0.1005 13651968
215 0.1019 13742080
216 0.1006 13791232
217 0.1089 13815808
218 0.1108 13848576
219 0.1027 13910016
220 0.1103 13963264
221 0.1052 13926400
222 0.1097 14065664
223 0.1106 14106624
224 0.1063 14131200
225 0.108 14233600
226 0.1056 14209024
227 0.1127 14241792
228 0.1105 14340096
229 0.1056 14286848
230 0.1076 14405632
231 0.1118 14553088
232 0.1079 14495744
233 0.1076 14589952
234 0.109 14626816
235 0.1095 14663680
236 0.1123 14708736
237 0.1159 14888960
238 0.112 14807040
239 0.111 14823424
240 0.112 14884864
241 0.1131 14958592
242 0.1129 14917632
243 0.1122 14958592
244 0.1157 15065088
245 0.1115 15151104
246 0.1148 15171584
247 0.1203 15224832
248 0.1171 15400960
249 0.1129 15323136
250 0.1168 15335424
251 0.1224 15515648
252 0.1166 15454208
253 0.117 15564800
254 0.1185 15601664
255 0.1189 15577088
256 0.1179 15646720
257 0.1201 15753216
258 0.1196 15736832
259 0.129 15908864
260 0.1242 15814656
261 0.1233 15982592
262 0.1239 15970304
263 0.1285 15990784
264 0.1221 15994880
265 0.1302 16056320
266 0.1226 16048128
267 0.128 16220160
268 0.1281 16203776
269 0.1244 16224256
270 0.1264 16281600
271 0.124 16334848
272 0.1273 16367616
273 0.1342 16433152
274 0.1326 16572416
275 0.1268 16502784
276 0.1331 16523264
277 0.1268 16527360
278 0.1325 16777216
279 0.1363 16834560
280 0.1292 16809984
281 0.1295 16842752
282 0.138 16859136
283 0.1295 16830464
284 0.1322 16912384
285 0.1341 16957440
286 0.1313 16965632
287 0.1331 17055744
288 0.1338 17068032
289 0.1316 17084416
290 0.1317 17240064
291 0.1432 17424384
292 0.1446 17408000
293 0.1364 17346560
294 0.1346 17387520
295 0.1481 17547264
296 0.1384 17661952
297 0.1403 17612800
298 0.1387 17592320
299 0.1441 17674240
300 0.1395 17739776