1 0.002 3633152
2 0.0025 3690496
3 0.0033 3768320
4 0.0036 3825664
5 0.0042 3878912
6 0.0054 3956736
7 0.0056 4022272
8 0.0057 4083712
9 0.0087 4173824
10 0.0068 4210688
11 0.0093 4341760
12 0.0082 4370432
13 0.0104 4407296
14 0.0094 4505600
15 0.0105 4521984
16 0.0109 4640768
17 0.0116 4669440
18 0.0113 4706304
19 0.0135 4816896
20 0.014 4870144
21 0.0131 4931584
22 0.0144 4980736
23 0.0142 5087232
24 0.015 5140480
25 0.0195 5201920
26 0.0158 5201920
27 0.0198 5361664
28 0.0177 5390336
29 0.0178 5455872
30 0.0203 5525504
31 0.0196 5570560
32 0.0196 5578752
33 0.0222 5701632
34 0.0209 5763072
35 0.0234 5816320
36 0.0217 5824512
37 0.0281 5926912
38 0.0237 5951488
39 0.0239 6066176
40 0.0249 6123520
41 0.0248 6184960
42 0.0262 6193152
43 0.0316 6287360
44 0.0318 6348800
45 0.0284 6434816
46 0.0343 6594560
47 0.0285 6549504
48 0.0302 6680576
49 0.0295 6684672
50 0.0314 6791168
51 0.0367 6873088
52 0.0365 6877184
53 0.0337 6885376
54 0.0345 7012352
55 0.04 7065600
56 0.039 7229440
57 0.0353 7131136
58 0.0375 7208960
59 0.0382 7290880
60 0.0379 7319552
61 0.0399 7417856
62 0.0442 7487488
63 0.0416 7553024
64 0.0406 7585792
65 0.0448 7680000
66 0.0421 7696384
67 0.0475 7872512
68 0.0452 7839744
69 0.0441 7974912
70 0.0452 7954432
71 0.047 8040448
72 0.0523 8093696
73 0.0459 8134656
74 0.0477 8208384
75 0.0485 8278016
76 0.0522 8327168
77 0.0511 8380416
78 0.0493 8429568
79 0.0515 8499200
80 0.0566 8564736
81 0.058 8626176
82 0.0509 8699904
83 0.054 8749056
84 0.0514 8761344
85 0.0513 8822784
86 0.057 8925184
87 0.0525 8937472
88 0.0667 9150464
89 0.0695 9076736
90 0.0717 9326592
91 0.0565 9289728
92 0.0604 9289728
93 0.0571 9355264
94 0.057 9359360
95 0.0657 9457664
96 0.0584 9478144
97 0.0604 9584640
98 0.0618 9625600
99 0.0642 9682944
100 0.0624 9744384
101 0.0656 9805824
102 0.0626 9908224
103 0.0655 9973760
104 0.0665 10035200
105 0.0663 10084352
106 0.0675 10137600
107 0.0749 10203136
108 0.0688 10289152
109 0.069 10379264
110 0.0738 10420224
111 0.0754 10477568
112 0.0711 10530816
113 0.0722 10584064
114 0.072 10665984
115 0.0722 10694656
116 0.0759 10809344
117 0.0798 10883072
118 0.0752 10883072
119 0.0782 10985472
120 0.0775 11132928
121 0.0809 11194368
122 0.0753 11145216
123 0.0785 11235328
124 0.0768 11296768
125 0.0813 11489280
126 0.0881 11407360
127 0.0774 11407360
128 0.0831 11522048
129 0.078 11526144
130 0.0805 11583488
131 0.0808 11644928
132 0.0817 11739136
133 0.0872 11845632
134 0.0844 11927552
135 0.0896 11968512
136 0.0881 12177408
137 0.0941 12099584
138 0.0879 12279808
139 0.0858 12255232
140 0.0882 12316672
141 0.0891 12349440
142 0.0905 12480512
143 0.094 12521472
144 0.0899 12476416
145 0.0907 12546048
146 0.0915 12632064
147 0.0936 12726272
148 0.0899 12685312
149 0.0935 12804096
150 0.0922 12877824
151 0.0933 12939264
152 0.0926 12926976
153 0.0928 13123584
154 0.0955 13053952
155 0.0956 13156352
156 0.1024 13312000
157 0.0957 13246464
158 0.0963 13348864
159 0.1001 13365248
160 0.1018 13459456
161 0.0994 13520896
162 0.1012 13508608
163 0.1015 13455360
164 0.1024 13508608
165 0.101 13570048
166 0.1031 13688832
167 0.1045 13729792
168 0.1029 13873152
169 0.1043 13811712
170 0.1049 13930496
171 0.1048 14012416
172 0.1058 14114816
173 0.1076 14192640
174 0.1077 14286848
175 0.1053 14168064
176 0.1092 14295040
177 0.1152 14397440
178 0.1127 14372864
179 0.1168 14491648
180 0.1139 14520320
181 0.1184 14614528
182 0.1204 14532608
183 0.119 14606336
184 0.1118 14581760
185 0.1223 14761984
186 0.1163 14819328
187 0.1176 14901248
188 0.1159 14843904
189 0.1164 14938112
190 0.1193 14987264
191 0.1172 15122432
192 0.1221 15101952
193 0.1251 15147008
194 0.1184 15208448
195 0.1175 15290368
196 0.1262 15364096
197 0.121 15392768
198 0.1197 15532032
199 0.1242 15519744
200 0.1464 15609856
201 0.1599 15581184
202 0.1226 15708160
203 0.1246 15732736
204 0.1256 15790080
205 0.1291 15962112
206 0.1307 15994880
207 0.1313 16097280
208 0.1411 16158720
209 0.1304 16261120
210 0.133 16412672
211 0.1353 16293888
212 0.1344 16330752
213 0.1352 16490496
214 0.1402 16510976
215 0.141 16580608
216 0.1416 16773120
217 0.1382 16830464
218 0.1392 16781312
219 0.1376 16896000
220 0.1387 16879616
221 0.139 16990208
222 0.1406 17006592
223 0.1413 17055744
224 0.1473 17158144
225 0.1424 17203200
226 0.1424 17289216
227 0.1474 17350656
228 0.1424 17416192
229 0.1426 17379328
230 0.1505 17514496
231 0.1462 17567744
232 0.1477 17752064
233 0.1519 17764352
234 0.1455 17801216
235 0.1526 17895424
236 0.147 17977344
237 0.1474 17948672
238 0.1499 18038784
239 0.1527 18108416
240 0.1558 18173952
241 0.1491 18227200
242 0.1509 18288640
243 0.1658 18415616
244 0.1568 18362368
245 0.1648 18591744
246 0.1562 18501632
247 0.1557 18558976
248 0.1547 18718720
249 0.1542 18673664
250 0.1562 18763776
251 0.1575 18784256
252 0.16 19054592
253 0.1585 18857984
254 0.1642 18952192
255 0.162 19095552
256 0.1569 19034112
257 0.1629 19165184
258 0.1607 19255296
259 0.1608 19415040
260 0.1647 19316736
261 0.1627 19353600
262 0.1723 19603456
263 0.1613 19562496
264 0.1636 19632128
265 0.1717 19836928
266 0.1641 19746816
267 0.1656 19832832
268 0.1671 19845120
269 0.1699 19886080
270 0.1688 19963904
271 0.1697 19984384
272 0.1702 20254720
273 0.1699 20189184
274 0.1735 20262912
275 0.1753 20287488
276 0.1839 20393984
277 0.1768 20525056
278 0.1717 20451328
279 0.1795 20475904
280 0.1737 20549632
281 0.1833 20627456
282 0.1808 20787200
283 0.177 20746240
284 0.1747 20865024
285 0.179 20983808
286 0.1773 20963328
287 0.1777 21016576
288 0.1771 21004288
289 0.1777 21053440
290 0.1783 21123072
291 0.1825 21237760
292 0.1818 21303296
293 0.1818 21352448
294 0.181 21422080
295 0.1829 21458944
296 0.191 21495808
297 0.1855 21540864
298 0.1849 21581824
299 0.1872 21708800
300 0.1922 21741568