1 0.01 7598080
2 0.03 7753728
3 0.03 7921664
4 0.03 8138752
5 0.04 8282112
6 0.04 8458240
7 0.04 8593408
8 0.04 8736768
9 0.05 8962048
10 0.04 9142272
11 0.05 9293824
12 0.05 9396224
13 0.05 9629696
14 0.05 9752576
15 0.05 9936896
16 0.06 10063872
17 0.06 10334208
18 0.07 10485760
19 0.07 10616832
20 0.07 10805248
21 0.08 10977280
22 0.08 11141120
23 0.08 11300864
24 0.09 11456512
25 0.1 11603968
26 0.09 11771904
27 0.09 11894784
28 0.09 12107776
29 0.1 12247040
30 0.1 12468224
31 0.1 12693504
32 0.1 12816384
33 0.1 13000704
34 0.1 13135872
35 0.12 13316096
36 0.11 13438976
37 0.12 13647872
38 0.12 13746176
39 0.12 13942784
40 0.13 14110720
41 0.13 14233600
42 0.13 14462976
43 0.13 14594048
44 0.16 14831616
45 0.13 14974976
46 0.14 15134720
47 0.16 15273984
48 0.17 15478784
49 0.15 15663104
50 0.15 15818752
51 0.17 15990784
52 0.16 16146432
53 0.17 16269312
54 0.17 16424960
55 0.17 16564224
56 0.18 16752640
57 0.19 16973824
58 0.19 17113088
59 0.17 17293312
60 0.17 17543168
61 0.19 17563648
62 0.19 17788928
63 0.18 17985536
64 0.19 18173952
65 0.2 18272256
66 0.19 18452480
67 0.2 18657280
68 0.21 18767872
69 0.2 18935808
70 0.22 19116032
71 0.22 19288064
72 0.21 19472384
73 0.21 19628032
74 0.21 19750912
75 0.22 19955712
76 0.23 20090880
77 0.22 20242432
78 0.22 20426752
79 0.23 20561920
80 0.23 20770816
81 0.24 20897792
82 0.23 21073920
83 0.25 21229568
84 0.24 21463040
85 0.25 21516288
86 0.28 21749760
87 0.25 21889024
88 0.25 22020096
89 0.26 22245376
90 0.24 22339584
91 0.27 22523904
92 0.26 22687744
93 0.26 22786048
94 0.26 23007232
95 0.28 23121920
96 0.29 23408640
97 0.29 23625728
98 0.27 23777280
99 0.29 23937024
100 0.28 24109056
101 0.29 24313856
102 0.3 24453120
103 0.28 24653824
104 0.3 24764416
105 0.3 24883200
106 0.32 25141248
107 0.31 25247744
108 0.3 25403392
109 0.3 25513984
110 0.32 25673728
111 0.3 26222592
112 0.32 26333184
113 0.32 26480640
114 0.32 26701824
115 0.33 26812416
116 0.35 26992640
117 0.34 27176960
118 0.33 27299840
119 0.35 27615232
120 0.35 27701248
121 0.34 27930624
122 0.36 28119040
123 0.35 28262400
124 0.35 28446720
125 0.35 28590080
126 0.35 28774400
127 0.37 28921856
128 0.35 29052928
129 0.38 29265920
130 0.36 29450240
131 0.37 29556736
132 0.39 29675520
133 0.38 29835264
134 0.38 30056448
135 0.37 30236672
136 0.38 30347264
137 0.39 30461952
138 0.4 30715904
139 0.38 30871552
140 0.39 31035392
141 0.42 31100928
142 0.42 31342592
143 0.4 31498240
144 0.4 31694848
145 0.42 31764480
146 0.42 31932416
147 0.42 32169984
148 0.43 32333824
149 0.41 32415744
150 0.42 32583680
151 0.44 32817152
152 0.43 32985088
153 0.44 33136640
154 0.43 33325056
155 0.45 33435648
156 0.44 33603584
157 0.44 33792000
158 0.44 33996800
159 0.45 34148352
160 0.42 34250752
161 0.46 34467840
162 0.46 34586624
163 0.45 34721792
164 0.46 34885632
165 0.47 35110912
166 0.46 35258368
167 0.45 35381248
168 0.46 35524608
169 0.47 35721216
170 0.48 35835904
171 0.48 36016128
172 0.46 36200448
173 0.49 36372480
174 0.49 36540416
175 0.49 36696064
176 0.51 36851712
177 0.5 36974592
178 0.48 37171200
179 0.45 37359616
180 0.44 37539840
181 0.45 37670912
182 0.52 37863424
183 0.52 38043648
184 0.52 38121472
185 0.54 38256640
186 0.52 38518784
187 0.52 38649856
188 0.52 38764544
189 0.54 38973440
190 0.53 39088128
191 0.54 39342080
192 0.55 39653376
193 0.55 39727104
194 0.55 39964672
195 0.55 40026112
196 0.57 40210432
197 0.54 40390656
198 0.55 40566784
199 0.55 40771584
200 0.57 40873984
201 0.56 41041920
202 0.56 41185280
203 0.59 41324544
204 0.57 41684992
205 0.57 41832448
206 0.58 42020864
207 0.57 42192896
208 0.59 42356736
209 0.58 42536960
210 0.6 42672128
211 0.58 42758144
212 0.59 43032576
213 0.6 43110400
214 0.62 43241472
215 0.61 43421696
216 0.61 43548672
217 0.62 43741184
218 0.62 43925504
219 0.63 44093440
220 0.64 44265472
221 0.63 44474368
222 0.62 44535808
223 0.63 44711936
224 0.63 44851200
225 0.62 45056000
226 0.64 45256704
227 0.63 45842432
228 0.62 46051328
229 0.64 46272512
230 0.65 46387200
231 0.65 46563328
232 0.66 46788608
233 0.64 46919680
234 0.66 47067136
235 0.65 47190016
236 0.7 47353856
237 0.65 47542272
238 0.69 47681536
239 0.67 47845376
240 0.69 48037888
241 0.71 48197632
242 0.71 48402432
243 0.76 48541696
244 0.7 48660480
245 0.69 48893952
246 0.7 48992256
247 0.71 49205248
248 0.69 49336320
249 0.7 49537024
250 0.71 49668096
251 0.7 49836032
252 0.7 49958912
253 0.71 50106368
254 0.72 50225152
255 0.72 50462720
256 0.74 50614272
257 0.73 50724864
258 0.72 50954240
259 0.72 51085312
260 0.74 51191808
261 0.74 51474432
262 0.75 51609600
263 0.72 51769344
264 0.76 51994624
265 0.74 52097024
266 0.75 52252672
267 0.75 52404224
268 0.77 52609024
269 0.75 52740096
270 0.75 52908032
271 0.75 53080064
272 0.77 53309440
273 0.76 53428224
274 0.75 53547008
275 0.77 53755904
276 0.77 53923840
277 0.76 54005760
278 0.79 54181888
279 0.79 54321152
280 0.78 54476800
281 0.78 54743040
282 0.78 54845440
283 0.8 55005184
284 0.76 55189504
285 0.72 55435264
286 0.75 55533568
287 0.8 55681024
288 0.82 55922688
289 0.82 56025088
290 0.83 56213504
291 0.81 56266752
292 0.81 56512512
293 0.79 56643584
294 0.82 56782848
295 0.84 56938496
296 0.83 57122816
297 0.81 57249792
298 0.82 57479168
299 0.84 57675776
300 0.84 57815040