1 0.08 11173888
2 0.09 11653120
3 0.09 12120064
4 0.11 12591104
5 0.11 13029376
6 0.12 13684736
7 0.12 14012416
8 0.12 14487552
9 0.14 14983168
10 0.14 15667200
11 0.15 16089088
12 0.15 16523264
13 0.16 17043456
14 0.17 17514496
15 0.17 17985536
16 0.18 18456576
17 0.19 18972672
18 0.19 19468288
19 0.21 20013056
20 0.21 20492288
21 0.21 20926464
22 0.23 21377024
23 0.23 21860352
24 0.23 22351872
25 0.25 22872064
26 0.25 23314432
27 0.26 23891968
28 0.27 24469504
29 0.27 24940544
30 0.28 25432064
31 0.29 25837568
32 0.29 26353664
33 0.3 26951680
34 0.31 27328512
35 0.31 27758592
36 0.33 28381184
37 0.33 28758016
38 0.34 29351936
39 0.35 29863936
40 0.35 30347264
41 0.37 30830592
42 0.4 31342592
43 0.37 31899648
44 0.38 32231424
45 0.38 32718848
46 0.39 33263616
47 0.42 33734656
48 0.41 34205696
49 0.42 34680832
50 0.42 35155968
51 0.43 35627008
52 0.44 36241408
53 0.44 36618240
54 0.45 37052416
55 0.46 37609472
56 0.46 38076416
57 0.47 38543360
58 0.47 38973440
59 0.49 39477248
60 0.5 40148992
61 0.5 40591360
62 0.5 41070592
63 0.54 41562112
64 0.51 42180608
65 0.55 42696704
66 0.59 43278336
67 0.54 43556864
68 0.55 44109824
69 0.55 44601344
70 0.56 44990464
71 0.56 45555712
72 0.57 46006272
73 0.58 46551040
74 0.58 47034368
75 0.59 47554560
76 0.6 47968256
77 0.64 48476160
78 0.63 48939008
79 0.63 49324032
80 0.64 49872896
81 0.65 50360320
82 0.65 50860032
83 0.66 51240960
84 0.66 51798016
85 0.66 52178944
86 0.67 52666368
87 0.68 53764096
88 0.69 54226944
89 0.7 54763520
90 0.71 55250944
91 0.73 55848960
92 0.72 56156160
93 0.72 56627200
94 0.72 57094144
95 0.73 57565184
96 0.74 58085376
97 0.75 58515456
98 0.76 59035648
99 0.77 59490304
100 0.78 60014592
101 0.78 60542976
102 0.79 60952576
103 0.79 61394944
104 0.8 61898752
105 0.81 62406656
106 0.83 63008768
107 0.82 63311872
108 0.82 63836160
109 0.83 64315392
110 0.84 64827392
111 0.84 65249280
112 0.85 65720320
113 0.86 66342912
114 0.87 66777088
115 0.88 67223552
116 0.9 67682304
117 0.89 68218880
118 0.89 68677632
119 0.9 69156864
120 0.9 69619712
121 0.91 70045696
122 0.93 70696960
123 0.93 71073792
124 0.93 71634944
125 0.95 72286208
126 0.96 72708096
127 0.96 73285632
128 0.97 73732096
129 0.97 74223616
130 0.99 74641408
131 1.0 75182080
132 0.99 75665408
133 1.01 76128256
134 1.01 76767232
135 1.03 77176832
136 1.02 77582336
137 1.04 78168064
138 1.04 78532608
139 1.05 79003648
140 1.05 79446016
141 1.06 80064512
142 1.06 80465920
143 1.07 80928768
144 1.09 81440768
145 1.09 81956864
146 1.1 82485248
147 1.1 82833408
148 1.12 83533824
149 1.12 84045824
150 1.12 84361216
151 1.14 84815872
152 1.13 85307392
153 1.16 85938176
154 1.17 86454272
155 1.18 86786048
156 1.18 87236608
157 1.19 87703552
158 1.19 88195072
159 1.2 88678400
160 1.21 89149440
161 1.22 89624576
162 1.24 90107904
163 1.25 90587136
164 1.23 91090944
165 1.24 91627520
166 1.26 92246016
167 1.26 92520448
168 1.26 92884992
169 1.27 93458432
170 1.28 93937664
171 1.29 94437376
172 1.29 94994432
173 1.29 95297536
174 1.3 95870976
175 1.31 96342016
176 1.33 96849920
177 1.32 97304576
178 1.33 97865728
179 1.34 98246656
180 1.35 98811904
181 1.35 99254272
182 1.36 99741696
183 1.36 100204544
184 1.37 100687872
185 1.37 101203968
186 1.39 101675008
187 1.39 102146048
188 1.39 102608896
189 1.41 103292928
190 1.42 103575552
191 1.42 104136704
192 1.44 104534016
193 1.44 104996864
194 1.45 105680896
195 1.45 105992192
196 1.46 106459136
197 1.47 107048960
198 1.47 107438080
199 1.47 107921408
200 1.5 108519424
201 1.49 109068288
202 1.5 109551616
203 1.51 109973504
204 1.51 110325760
205 1.52 110821376
206 1.52 111263744
207 1.53 111935488
208 1.53 112152576
209 1.54 112730112
210 1.56 113201152
211 1.55 113672192
212 1.58 114352128
213 1.59 114798592
214 1.58 115335168
215 1.58 115601408
216 1.59 116154368
217 1.59 116580352
218 1.6 117055488
219 1.61 117530624
220 1.62 118099968
221 1.63 118779904
222 1.63 119119872
223 1.63 119496704
224 1.64 119955456
225 1.66 120602624
226 1.66 120930304
227 1.66 121409536
228 1.67 121872384
229 1.68 122347520
230 1.68 122740736
231 1.7 123461632
232 1.7 123682816
233 1.71 124358656
234 1.71 124674048
235 1.72 125132800
236 1.72 125714432
237 1.73 126197760
238 1.75 126795776
239 1.74 127176704
240 1.75 127528960
241 1.77 128270336
242 1.76 128573440
243 1.77 129101824
244 1.78 129576960
245 1.79 130048000
246 1.81 130510848
247 1.8 130912256
248 1.81 131506176
249 1.82 132153344
250 1.83 132599808
251 1.84 133021696
252 1.84 133431296
253 1.85 133910528
254 1.87 134504448
255 1.85 134844416
256 1.88 135876608
257 1.89 136359936
258 1.9 136818688
259 1.9 137285632
260 1.91 137760768
261 1.92 138498048
262 1.92 138752000
263 1.94 139399168
264 1.94 139608064
265 1.96 140193792
266 1.95 140849152
267 1.95 141152256
268 1.96 141660160
269 1.97 142151680
270 1.98 142663680
271 1.99 143208448
272 1.99 143601664
273 1.99 144076800
274 1.99 144588800
275 2.01 145039360
276 2.02 145559552
277 2.03 146022400
278 2.04 146698240
279 2.05 147083264
280 2.04 147488768
281 2.06 148070400
282 2.07 148701184
283 2.06 148787200
284 2.07 149401600
285 2.08 149864448
286 2.08 150208512
287 2.1 150831104
288 2.1 151326720
289 2.19 152010752
290 2.13 152444928
291 2.12 152719360
292 2.13 153157632
293 2.17 153673728
294 2.15 154189824
295 2.16 154775552
296 2.16 155131904
297 2.16 155504640
298 2.17 156127232
299 2.18 156577792
300 2.19 157286400