1 0.3 23650304
2 0.3 24002560
3 0.31 24543232
4 0.31 25018368
5 0.32 25485312
6 0.33 26046464
7 0.35 26578944
8 0.36 27049984
9 0.37 27807744
10 0.37 28053504
11 0.39 28602368
12 0.4 29241344
13 0.4 29569024
14 0.41 30048256
15 0.42 30572544
16 0.44 31084544
17 0.5 31539200
18 0.45 32051200
19 0.46 32616448
20 0.47 33275904
21 0.47 33595392
22 0.49 34103296
23 0.51 35368960
24 0.5 35147776
25 0.51 35680256
26 0.52 36163584
27 0.53 36687872
28 0.55 37167104
29 0.55 37642240
30 0.56 38129664
31 0.57 38641664
32 0.57 39124992
33 0.59 39624704
34 0.6 40095744
35 0.61 40603648
36 0.62 41107456
37 0.63 41848832
38 0.63 42004480
39 0.64 42549248
40 0.65 43057152
41 0.66 43548672
42 0.69 44068864
43 0.69 44773376
44 0.69 45195264
45 0.7 45895680
46 0.72 46292992
47 0.73 46772224
48 0.74 47669248
49 0.75 47865856
50 0.75 48234496
51 0.76 48709632
52 0.77 49233920
53 0.79 49844224
54 0.79 50233344
55 0.97 51474432
56 0.83 51216384
57 0.85 52146176
58 0.86 52613120
59 0.86 52793344
60 0.86 53276672
61 0.98 53985280
62 1.03 55119872
63 0.89 54734848
64 0.88 55173120
65 0.98 55951360
66 0.98 56483840
67 0.92 56930304
68 0.94 57204736
69 1.01 58314752
70 1.04 58322944
71 0.98 59154432
72 1.05 60063744
73 1.01 59965440
74 1.0 60182528
75 1.01 60653568
76 1.03 61095936
77 1.03 61956096
78 1.04 62038016
79 1.06 63270912
80 1.05 63197184
81 1.08 63729664
82 1.19 64458752
83 1.15 65323008
84 1.12 65581056
85 1.11 65921024
86 1.13 66117632
87 1.13 66646016
88 1.13 67137536
89 1.21 67768320
90 1.41 68988928
91 1.41 69423104
92 1.24 69484544
93 1.24 69844992
94 1.27 70541312
95 1.29 70569984
96 1.33 71225344
97 1.28 71651328
98 1.41 72179712
99 1.33 73154560
100 1.33 73310208
101 1.3 73564160
102 1.58 74338304
103 1.33 74739712
104 1.29 74883072
105 1.31 75882496
106 1.39 76120064
107 1.42 77066240
108 1.67 77238272
109 1.49 77946880
110 1.47 78397440
111 1.36 79081472
112 1.4 79011840
113 1.4 79532032
114 1.37 79695872
115 1.42 80883712
116 1.43 81170432
117 1.47 81305600
118 1.46 82001920
119 1.48 82632704
120 1.6 83521536
121 1.52 84078592
122 1.47 83652608
123 1.48 84279296
124 1.47 84701184
125 1.48 85196800
126 1.49 85659648
127 1.54 86147072
128 1.88 87339008
129 1.62 87928832
130 1.55 87519232
131 1.58 88403968
132 1.57 88637440
133 1.6 89096192
134 1.73 90050560
135 1.59 90009600
136 1.59 90509312
137 1.65 91201536
138 1.73 91795456
139 1.91 92422144
140 1.85 92975104
141 1.9 93704192
142 1.64 93818880
143 1.65 94130176
144 1.72 94547968
145 1.8 95182848
146 1.8 95567872
147 1.75 96018432
148 1.85 96563200
149 1.9 97599488
150 1.87 99303424
151 1.88 99930112
152 1.82 100245504
153 1.88 100098048
154 1.79 100798464
155 1.85 101220352
156 1.82 101752832
157 1.92 102694912
158 1.91 102805504
159 1.85 103649280
160 1.99 103612416
161 1.96 104620032
162 1.97 105443328
163 1.9 105455616
164 1.96 106323968
165 1.98 106160128
166 1.97 106766336
167 1.96 107790336
168 1.94 107655168
169 1.98 108478464
170 1.98 108584960
171 1.99 109072384
172 1.96 109391872
173 1.96 110399488
174 2.1 110415872
175 2.11 111390720
176 2.15 112082944
177 2.03 112148480
178 2.25 113086464
179 2.23 113324032
180 2.24 113750016
181 2.12 114475008
182 2.13 115146752
183 2.24 115130368
184 2.81 115572736
185 2.27 115908608
186 2.3 116576256
187 2.18 116953088
188 2.1 117432320
189 2.09 117850112
190 2.1 118444032
191 2.1 118673408
192 2.18 119816192
193 2.23 120360960
194 2.15 120315904
195 2.13 120885248
196 2.13 121077760
197 2.15 121667584
198 2.15 122200064
199 2.17 122585088
200 2.2 123199488
201 2.21 123596800
202 2.29 124256256
203 2.37 124768256
204 2.3 125308928
205 2.67 126345216
206 2.4 126210048
207 2.94 127352832
208 2.62 127770624
209 2.76 128290816
210 2.48 128208896
211 2.63 128925696
212 2.51 129937408
213 2.65 129691648
214 2.52 130854912
215 2.39 130482176
216 2.56 131223552
217 2.65 132423680
218 2.55 132517888
219 2.5 133038080
220 2.76 133541888
221 2.59 134164480
222 2.43 134250496
223 2.45 134549504
224 2.71 135090176
225 2.48 135446528
226 2.47 136089600
227 2.71 136597504
228 2.7 137248768
229 2.76 138113024
230 2.62 138706944
231 2.77 139321344
232 2.77 139116544
233 2.82 139563008
234 2.73 140120064
235 2.72 140869632
236 2.66 141402112
237 2.69 142127104
238 2.69 142254080
239 2.68 142639104
240 2.71 143216640
241 2.81 143507456
242 2.97 144588800
243 2.91 145043456
244 2.87 145108992
245 2.77 145502208
246 2.71 146837504
247 2.76 146333696
248 2.92 147427328
249 2.87 147968000
250 2.78 147927040
251 2.86 149233664
252 2.86 148930560
253 3.0 149942272
254 2.94 150032384
255 2.96 151064576
256 3.0 150896640
257 2.86 151949312
258 3.11 152641536
259 3.03 153112576
260 3.0 153534464
261 3.08 153894912
262 3.05 153903104
263 2.91 154550272
264 2.89 154992640
265 3.12 156114944
266 3.12 156020736
267 3.05 156327936
268 2.95 157327360
269 3.07 157954048
270 3.01 157839360
271 3.06 158441472
272 3.05 158916608
273 3.13 159842304
274 3.12 160468992
275 3.04 160514048
276 3.1 161300480
277 3.2 161853440
278 3.21 162136064
279 3.39 163016704
280 3.07 163278848
281 3.08 163172352
282 3.33 164196352
283 3.24 164270080
284 3.16 164827136
285 3.16 165224448
286 3.42 165695488
287 3.18 166191104
288 3.29 167399424
289 3.39 167100416
290 3.28 168345600
291 3.61 168947712
292 3.39 168730624
293 3.83 169906176
294 3.44 170397696
295 3.25 170221568
296 3.44 171061248
297 3.69 171601920
298 3.81 172216320
299 3.41 172879872
300 3.29 172634112