1 0.02 7577600
2 0.02 7774208
3 0.03 7925760
4 0.02 8146944
5 0.04 8306688
6 0.04 8421376
7 0.04 8642560
8 0.04 8802304
9 0.04 8949760
10 0.04 9031680
11 0.05 9261056
12 0.05 9437184
13 0.05 9617408
14 0.06 9777152
15 0.06 9940992
16 0.06 10096640
17 0.08 10289152
18 0.07 10416128
19 0.07 10584064
20 0.08 10817536
21 0.08 10969088
22 0.09 11116544
23 0.08 11325440
24 0.1 11472896
25 0.08 11624448
26 0.09 11792384
27 0.09 11935744
28 0.09 12120064
29 0.1 12242944
30 0.1 12472320
31 0.1 12673024
32 0.1 12750848
33 0.11 12988416
34 0.11 13152256
35 0.12 13291520
36 0.11 13475840
37 0.13 13635584
38 0.12 13787136
39 0.12 13975552
40 0.12 14118912
41 0.16 14266368
42 0.12 14450688
43 0.14 14581760
44 0.13 14798848
45 0.14 14966784
46 0.13 15110144
47 0.15 15282176
48 0.14 15421440
49 0.15 15634432
50 0.16 15806464
51 0.15 15990784
52 0.16 16166912
53 0.17 16281600
54 0.16 16461824
55 0.16 16625664
56 0.18 16769024
57 0.17 16982016
58 0.18 17125376
59 0.17 17276928
60 0.19 17514496
61 0.18 17682432
62 0.18 17838080
63 0.19 17981440
64 0.2 18145280
65 0.19 18309120
66 0.2 18456576
67 0.2 18628608
68 0.2 18800640
69 0.21 18944000
70 0.21 19132416
71 0.23 19288064
72 0.21 19464192
73 0.21 19578880
74 0.22 19779584
75 0.22 19927040
76 0.22 20131840
77 0.23 20250624
78 0.23 20406272
79 0.25 20566016
80 0.23 20688896
81 0.24 20926464
82 0.24 21037056
83 0.24 21192704
84 0.24 21422080
85 0.25 21626880
86 0.25 21716992
87 0.25 21921792
88 0.23 22036480
89 0.24 22216704
90 0.26 22401024
91 0.27 22552576
92 0.26 22708224
93 0.27 22876160
94 0.26 23003136
95 0.27 23187456
96 0.28 23351296
97 0.28 23621632
98 0.28 23777280
99 0.29 23941120
100 0.31 24174592
101 0.29 24330240
102 0.28 24510464
103 0.29 24604672
104 0.3 24788992
105 0.32 24956928
106 0.32 25100288
107 0.3 25243648
108 0.31 25403392
109 0.33 25534464
110 0.32 25706496
111 0.32 26173440
112 0.3 26402816
113 0.32 26513408
114 0.32 26656768
115 0.33 26853376
116 0.34 27013120
117 0.33 27189248
118 0.35 27336704
119 0.33 27607040
120 0.34 27762688
121 0.36 27922432
122 0.36 28065792
123 0.35 28258304
124 0.37 28450816
125 0.35 28573696
126 0.35 28778496
127 0.36 28868608
128 0.38 29020160
129 0.38 29192192
130 0.37 29364224
131 0.37 29581312
132 0.38 29732864
133 0.4 29888512
134 0.39 30011392
135 0.39 30183424
136 0.4 30396416
137 0.36 30461952
138 0.4 30736384
139 0.39 30851072
140 0.42 31031296
141 0.4 31199232
142 0.42 31346688
143 0.42 31502336
144 0.44 31649792
145 0.41 31784960
146 0.41 32002048
147 0.41 32145408
148 0.42 32301056
149 0.4 32444416
150 0.42 32567296
151 0.43 32796672
152 0.41 32997376
153 0.44 33140736
154 0.44 33325056
155 0.44 33513472
156 0.42 33607680
157 0.45 33812480
158 0.44 34013184
159 0.44 34050048
160 0.46 34197504
161 0.46 34426880
162 0.45 34574336
163 0.43 34697216
164 0.41 34852864
165 0.45 35082240
166 0.5 35241984
167 0.47 35381248
168 0.47 35524608
169 0.49 35717120
170 0.48 35893248
171 0.49 36061184
172 0.49 36204544
173 0.48 36380672
174 0.48 36556800
175 0.49 36720640
176 0.5 36823040
177 0.5 37007360
178 0.52 37199872
179 0.51 37404672
180 0.5 37478400
181 0.51 37638144
182 0.5 37797888
183 0.5 37986304
184 0.52 38084608
185 0.54 38338560
186 0.53 38469632
187 0.58 38658048
188 0.51 38752256
189 0.54 38993920
190 0.53 39096320
191 0.53 39284736
192 0.54 39600128
193 0.54 39800832
194 0.56 39952384
195 0.55 40112128
196 0.54 40243200
197 0.53 40423424
198 0.54 40624128
199 0.56 40673280
200 0.55 40890368
201 0.55 41070592
202 0.56 41213952
203 0.56 41328640
204 0.58 41668608
205 0.59 41836544
206 0.56 42004480
207 0.58 42192896
208 0.57 42278912
209 0.58 42524672
210 0.59 42668032
211 0.57 42786816
212 0.61 43003904
213 0.6 43143168
214 0.6 43347968
215 0.61 43483136
216 0.59 43675648
217 0.61 43745280
218 0.6 43937792
219 0.6 44056576
220 0.59 44232704
221 0.6 44478464
222 0.63 44556288
223 0.64 44765184
224 0.64 44871680
225 0.63 45088768
226 0.62 45215744
227 0.64 45965312
228 0.64 46071808
229 0.63 46247936
230 0.64 46399488
231 0.66 46587904
232 0.65 46829568
233 0.62 46882816
234 0.63 47067136
235 0.66 47185920
236 0.66 47411200
237 0.67 47538176
238 0.69 47710208
239 0.67 47865856
240 0.67 48050176
241 0.7 48189440
242 0.69 48300032
243 0.69 48500736
244 0.8 48635904
245 0.68 48852992
246 0.71 49061888
247 0.7 49160192
248 0.7 49348608
249 0.69 49508352
250 0.7 49676288
251 0.75 49807360
252 0.72 49987584
253 0.72 50106368
254 0.72 50311168
255 0.73 50446336
256 0.71 50614272
257 0.72 50810880
258 0.72 50946048
259 0.72 51146752
260 0.75 51273728
261 0.73 51453952
262 0.74 51601408
263 0.73 51732480
264 0.75 51900416
265 0.75 52068352
266 0.74 52244480
267 0.75 52416512
268 0.76 52604928
269 0.73 52731904
270 0.76 52944896
271 0.78 53129216
272 0.76 53243904
273 0.76 53424128
274 0.75 53514240
275 0.68 53768192
276 0.71 53821440
277 0.77 54091776
278 0.78 54169600
279 0.76 54329344
280 0.79 54546432
281 0.8 54738944
282 0.77 54923264
283 0.79 55066624
284 0.79 55140352
285 0.79 55427072
286 0.79 55533568
287 0.8 55652352
288 0.8 55857152
289 0.8 55984128
290 0.81 56176640
291 0.81 56303616
292 0.82 56442880
293 0.81 56573952
294 0.82 56733696
295 0.79 56946688
296 0.83 57106432
297 0.82 57331712
298 0.84 57434112
299 0.84 57556992
300 0.82 57790464