1 0.02 7602176
2 0.03 7741440
3 0.03 7938048
4 0.03 8101888
5 0.03 8257536
6 0.04 8441856
7 0.04 8634368
8 0.04 8777728
9 0.04 8974336
10 0.05 9125888
11 0.05 9293824
12 0.05 9441280
13 0.05 9609216
14 0.06 9732096
15 0.06 9961472
16 0.07 10121216
17 0.06 10330112
18 0.06 10481664
19 0.07 10661888
20 0.07 10792960
21 0.07 10924032
22 0.09 11108352
23 0.1 11218944
24 0.1 11501568
25 0.09 11620352
26 0.09 11755520
27 0.09 11923456
28 0.09 12087296
29 0.1 12222464
30 0.1 12419072
31 0.1 12599296
32 0.11 12828672
33 0.1 12931072
34 0.11 13135872
35 0.12 13328384
36 0.12 13447168
37 0.12 13627392
38 0.13 13807616
39 0.12 13938688
40 0.13 14082048
41 0.12 14241792
42 0.13 14438400
43 0.13 14614528
44 0.14 14823424
45 0.14 14991360
46 0.14 15118336
47 0.15 15269888
48 0.14 15474688
49 0.13 15601664
50 0.16 15839232
51 0.15 15986688
52 0.16 16134144
53 0.15 16302080
54 0.16 16478208
55 0.15 16605184
56 0.18 16785408
57 0.17 16973824
58 0.17 17084416
59 0.18 17285120
60 0.18 17502208
61 0.18 17661952
62 0.19 17821696
63 0.18 17977344
64 0.19 18149376
65 0.2 18280448
66 0.2 18427904
67 0.23 18624512
68 0.2 18784256
69 0.21 18976768
70 0.21 19013632
71 0.21 19279872
72 0.21 19464192
73 0.23 19603456
74 0.23 19750912
75 0.23 19943424
76 0.23 20078592
77 0.22 20217856
78 0.22 20422656
79 0.23 20631552
80 0.24 20758528
81 0.23 20881408
82 0.24 21037056
83 0.23 21221376
84 0.23 21434368
85 0.25 21557248
86 0.25 21749760
87 0.25 21897216
88 0.27 22065152
89 0.25 22208512
90 0.26 22347776
91 0.26 22548480
92 0.28 22700032
93 0.28 22777856
94 0.26 22958080
95 0.28 23220224
96 0.29 23371776
97 0.28 23613440
98 0.27 23801856
99 0.29 23973888
100 0.3 24109056
101 0.3 24317952
102 0.3 24436736
103 0.29 24563712
104 0.29 24825856
105 0.28 24879104
106 0.31 25116672
107 0.3 25247744
108 0.29 25432064
109 0.31 25567232
110 0.31 25751552
111 0.31 26177536
112 0.32 26337280
113 0.33 26542080
114 0.32 26628096
115 0.33 26857472
116 0.34 26976256
117 0.33 27119616
118 0.33 27295744
119 0.34 27586560
120 0.34 27754496
121 0.34 27955200
122 0.35 28086272
123 0.37 28278784
124 0.35 28438528
125 0.36 28606464
126 0.36 28741632
127 0.36 28856320
128 0.36 29073408
129 0.37 29261824
130 0.37 29380608
131 0.37 29523968
132 0.36 29696000
133 0.38 29917184
134 0.39 30011392
135 0.4 30224384
136 0.39 30392320
137 0.38 30515200
138 0.4 30732288
139 0.4 30851072
140 0.41 31002624
141 0.41 31211520
142 0.4 31293440
143 0.4 31469568
144 0.4 31645696
145 0.41 31830016
146 0.38 32030720
147 0.37 32157696
148 0.38 32358400
149 0.38 32452608
150 0.42 32624640
151 0.42 32845824
152 0.42 33021952
153 0.44 33140736
154 0.43 33329152
155 0.44 33456128
156 0.47 33579008
157 0.45 33746944
158 0.45 33955840
159 0.45 34086912
160 0.44 34238464
161 0.46 34410496
162 0.44 34590720
163 0.45 34717696
164 0.46 34885632
165 0.47 35061760
166 0.46 35266560
167 0.47 35356672
168 0.48 35573760
169 0.46 35741696
170 0.47 35840000
171 0.49 36028416
172 0.48 36220928
173 0.49 36343808
174 0.49 36528128
175 0.52 36732928
176 0.52 36868096
177 0.49 37036032
178 0.5 37220352
179 0.49 37367808
180 0.51 37535744
181 0.51 37720064
182 0.5 37842944
183 0.5 37978112
184 0.5 38199296
185 0.52 38313984
186 0.52 38420480
187 0.54 38604800
188 0.52 38825984
189 0.54 38993920
190 0.51 39157760
191 0.52 39387136
192 0.53 39591936
193 0.54 39743488
194 0.54 39940096
195 0.55 40091648
196 0.54 40185856
197 0.56 40402944
198 0.55 40574976
199 0.55 40738816
200 0.56 40910848
201 0.56 41029632
202 0.57 41177088
203 0.57 41385984
204 0.57 41680896
205 0.58 41865216
206 0.58 42016768
207 0.57 42172416
208 0.59 42352640
209 0.6 42483712
210 0.61 42659840
211 0.61 42856448
212 0.59 42950656
213 0.61 43094016
214 0.59 43233280
215 0.61 43479040
216 0.61 43581440
217 0.6 43737088
218 0.61 44003328
219 0.61 44101632
220 0.63 44298240
221 0.63 44486656
222 0.63 44572672
223 0.63 44744704
224 0.63 44900352
225 0.63 45056000
226 0.65 45252608
227 0.63 45912064
228 0.62 46071808
229 0.63 46227456
230 0.64 46383104
231 0.65 46604288
232 0.65 46764032
233 0.66 46862336
234 0.65 47063040
235 0.65 47190016
236 0.66 47415296
237 0.64 47513600
238 0.68 47722496
239 0.67 47828992
240 0.67 48095232
241 0.68 48140288
242 0.7 48349184
243 0.7 48504832
244 0.69 48640000
245 0.7 48840704
246 0.7 49008640
247 0.72 49225728
248 0.7 49405952
249 0.72 49459200
250 0.72 49672192
251 0.71 49848320
252 0.74 49938432
253 0.69 50147328
254 0.72 50278400
255 0.71 50524160
256 0.73 50618368
257 0.73 50778112
258 0.71 50978816
259 0.73 51105792
260 0.74 51318784
261 0.73 51494912
262 0.75 51605504
263 0.75 51806208
264 0.74 51941376
265 0.68 52166656
266 0.67 52273152
267 0.72 52420608
268 0.76 52600832
269 0.75 52740096
270 0.76 52887552
271 0.76 53116928
272 0.76 53272576
273 0.76 53399552
274 0.77 53559296
275 0.75 53788672
276 0.78 53874688
277 0.79 54013952
278 0.76 54108160
279 0.78 54358016
280 0.76 54558720
281 0.8 54734848
282 0.8 54837248
283 0.8 54996992
284 0.79 55160832
285 0.77 55312384
286 0.82 55529472
287 0.82 55721984
288 0.83 55828480
289 0.83 56041472
290 0.8 56127488
291 0.78 56344576
292 0.82 56479744
293 0.81 56606720
294 0.82 56766464
295 0.83 56995840
296 0.83 57118720
297 0.82 57266176
298 0.87 57462784
299 0.83 57618432
300 0.85 57786368