1 0.08 11108352
2 0.08 11538432
3 0.09 12152832
4 0.1 12595200
5 0.11 13201408
6 0.11 13582336
7 0.12 14032896
8 0.12 14516224
9 0.14 15003648
10 0.14 15552512
11 0.36 16068608
12 0.15 16568320
13 0.15 17108992
14 0.17 17453056
15 0.18 18010112
16 0.18 18468864
17 0.19 18939904
18 0.19 19435520
19 0.2 20004864
20 0.21 20439040
21 0.21 20905984
22 0.22 21377024
23 0.23 21860352
24 0.24 22405120
25 0.24 22888448
26 0.24 23314432
27 0.29 23982080
28 0.32 24567808
29 0.28 24948736
30 0.28 25423872
31 0.3 25972736
32 0.29 26361856
33 0.29 26869760
34 0.3 27303936
35 0.31 27873280
36 0.33 28299264
37 0.32 28811264
38 0.34 29495296
39 0.34 29839360
40 0.35 30302208
41 0.35 30789632
42 0.36 31305728
43 0.38 31805440
44 0.39 32387072
45 0.39 32780288
46 0.61 33341440
47 0.42 33878016
48 0.41 34168832
49 0.41 34693120
50 0.41 35180544
51 0.42 35667968
52 0.43 36155392
53 0.44 36691968
54 0.45 37097472
55 0.46 37740544
56 0.46 38170624
57 0.46 38510592
58 0.48 39051264
59 0.48 39550976
60 0.5 40316928
61 0.5 40620032
62 0.5 41103360
63 0.51 41652224
64 0.51 42213376
65 0.53 42643456
66 0.59 43159552
67 0.54 43577344
68 0.55 44146688
69 0.56 44617728
70 0.78 45105152
71 0.57 45563904
72 0.58 46047232
73 0.6 46673920
74 0.59 47017984
75 0.6 47505408
76 0.61 47947776
77 0.61 48459776
78 0.62 48971776
79 0.64 49569792
80 0.63 49840128
81 0.65 50384896
82 0.65 50995200
83 0.66 51441664
84 0.66 51769344
85 0.67 52322304
86 0.69 52830208
87 0.69 53321728
88 0.7 53903360
89 0.7 54300672
90 0.71 54865920
91 0.71 55263232
92 0.72 55697408
93 0.72 56201216
94 0.73 56651776
95 0.74 57098240
96 0.75 57729024
97 0.75 58044416
98 0.76 58609664
99 0.76 59080704
100 0.77 59715584
101 0.78 60231680
102 0.79 60530688
103 0.79 61018112
104 0.8 61530112
105 0.82 62193664
106 0.81 62590976
107 0.83 62943232
108 0.83 63463424
109 0.83 63938560
110 0.84 64925696
111 0.85 65425408
112 0.85 65818624
113 0.87 66375680
114 0.87 67043328
115 0.88 67330048
116 0.88 67813376
117 0.89 68317184
118 0.9 68947968
119 0.9 69316608
120 0.91 69726208
121 0.93 70291456
122 0.93 70717440
123 0.93 71192576
124 0.94 71766016
125 0.94 72404992
126 0.96 72908800
127 0.96 73392128
128 0.97 73859072
129 0.98 74354688
130 1.0 74915840
131 1.01 75395072
132 1.0 75972608
133 1.01 76259328
134 1.03 76853248
135 1.01 77258752
136 1.02 77709312
137 1.03 78184448
138 1.04 78684160
139 1.05 79151104
140 1.05 79663104
141 1.06 80220160
142 1.06 80756736
143 1.09 81223680
144 1.09 81727488
145 1.08 82071552
146 1.09 82530304
147 1.11 82993152
148 1.1 83492864
149 1.12 84058112
150 1.12 84471808
151 1.13 85086208
152 1.16 85536768
153 1.16 86081536
154 1.17 86437888
155 1.17 86896640
156 1.18 87392256
157 1.18 87875584
158 1.19 88371200
159 1.35 88981504
160 1.24 89423872
161 1.23 89804800
162 1.22 90378240
163 1.23 90787840
164 1.24 91373568
165 1.26 91967488
166 1.26 92266496
167 1.39 92876800
168 1.32 93233152
169 1.29 93724672
170 1.28 94142464
171 1.28 94580736
172 1.29 95125504
173 1.3 95637504
174 1.31 96206848
175 1.35 96825344
176 1.34 97153024
177 1.35 97677312
178 1.35 98152448
179 1.35 98541568
180 1.34 98992128
181 1.36 99454976
182 1.38 100122624
183 1.36 100384768
184 1.37 100900864
185 1.38 101502976
186 1.39 101834752
187 1.41 102387712
188 1.4 102780928
189 1.41 103383040
190 1.42 103882752
191 1.43 104378368
192 1.43 104738816
193 1.43 105238528
194 1.44 105910272
195 1.45 106119168
196 1.46 106655744
197 1.46 107159552
198 1.47 107622400
199 1.48 108343296
200 1.53 108818432
201 1.59 109232128
202 1.66 109752320
203 1.75 110256128
204 1.6 110641152
205 1.52 111067136
206 1.53 111714304
207 1.58 111988736
208 1.55 112697344
209 1.54 113143808
210 1.56 113446912
211 1.56 113922048
212 1.57 114388992
213 1.58 115032064
214 1.57 115572736
215 1.59 116080640
216 1.59 116314112
217 1.61 116887552
218 1.62 117465088
219 1.62 117755904
220 1.62 118468608
221 1.62 118755328
222 1.64 119353344
223 1.64 119676928
224 1.65 120184832
225 1.65 120762368
226 1.67 121274368
227 1.66 121618432
228 1.67 122109952
229 1.68 122847232
230 1.68 123088896
231 1.69 123564032
232 1.7 124026880
233 1.7 124538880
234 1.72 125231104
235 1.72 125509632
236 1.73 125952000
237 1.76 126541824
238 1.76 127102976
239 1.75 127438848
240 1.76 127905792
241 1.78 128602112
242 1.78 129089536
243 1.78 129363968
244 1.79 130183168
245 1.79 130314240
246 1.79 130781184
247 1.8 131293184
248 1.81 131760128
249 1.83 132243456
250 1.82 132714496
251 1.83 133251072
252 1.9 133931008
253 1.86 134520832
254 1.86 134909952
255 1.86 135270400
256 1.89 136138752
257 1.89 136642560
258 1.9 137256960
259 1.9 137728000
260 1.91 137990144
261 1.92 138579968
262 1.92 139046912
263 1.94 139423744
264 1.94 139968512
265 1.94 140476416
266 1.96 141217792
267 1.96 141369344
268 1.97 142028800
269 1.98 142438400
270 1.97 142815232
271 2.01 143577088
272 2.01 143978496
273 2.02 144416768
274 2.01 144941056
275 2.01 145350656
276 2.02 145735680
277 2.1 146321408
278 2.04 147042304
279 2.03 147189760
280 2.05 147894272
281 2.06 148295680
282 2.08 148750336
283 2.08 149327872
284 2.07 149704704
285 2.08 150069248
286 2.09 150642688
287 2.12 151252992
288 2.1 151523328
289 2.11 152240128
290 2.12 152576000
291 2.12 152977408
292 2.14 153726976
293 2.14 154091520
294 2.15 154603520
295 2.15 154963968
296 2.16 155553792
297 2.16 155901952
298 2.17 156434432
299 2.19 157052928
300 2.19 157626368