1 0.08 11120640
2 0.08 11653120
3 0.1 12165120
4 0.09 12546048
5 0.11 13029376
6 0.11 13684736
7 0.11 14069760
8 0.13 14487552
9 0.13 14983168
10 0.14 15544320
11 0.14 16097280
12 0.15 16658432
13 0.16 17006592
14 0.17 17514496
15 0.19 18030592
16 0.18 18456576
17 0.19 18984960
18 0.2 19525632
19 0.2 20021248
20 0.21 20439040
21 0.21 20971520
22 0.22 21430272
23 0.23 21860352
24 0.24 22425600
25 0.25 22872064
26 0.25 23314432
27 0.26 23973888
28 0.27 24465408
29 0.28 24940544
30 0.28 25366528
31 0.28 25837568
32 0.29 26365952
33 0.3 26882048
34 0.31 27328512
35 0.31 27807744
36 0.33 28307456
37 0.37 28758016
38 0.34 29396992
39 0.34 29880320
40 0.36 30404608
41 0.35 30826496
42 0.36 31289344
43 0.37 31809536
44 0.39 32272384
45 0.38 32763904
46 0.39 33255424
47 0.4 33722368
48 0.41 34205696
49 0.41 34684928
50 0.42 35143680
51 0.43 35667968
52 0.43 36151296
53 0.45 36741120
54 0.45 37101568
55 0.45 37588992
56 0.46 38031360
57 0.47 38543360
58 0.47 38973440
59 0.48 39473152
60 0.5 40116224
61 0.5 40591360
62 0.51 41017344
63 0.51 41558016
64 0.52 42168320
65 0.53 42758144
66 0.53 43143168
67 0.54 43692032
68 0.55 44109824
69 0.56 44638208
70 0.57 45072384
71 0.57 45469696
72 0.58 46067712
73 0.58 46546944
74 0.59 46948352
75 0.6 47689728
76 0.6 47960064
77 0.61 48386048
78 0.63 48951296
79 0.64 49516544
80 0.65 49975296
81 0.64 50257920
82 0.65 50855936
83 0.66 51318784
84 0.66 51814400
85 0.68 52350976
86 0.68 52748288
87 0.68 53710848
88 0.69 54181888
89 0.7 54714368
90 0.72 55177216
91 0.71 55631872
92 0.72 56156160
93 0.73 56627200
94 0.74 57319424
95 0.74 57610240
96 0.74 58085376
97 0.76 58601472
98 0.81 59072512
99 0.77 59555840
100 0.8 60018688
101 0.87 60604416
102 0.81 61079552
103 0.84 61513728
104 0.9 62132224
105 0.83 62472192
106 0.84 62967808
107 0.86 63553536
108 0.89 63942656
109 0.86 64536576
110 0.85 64823296
111 0.9 65433600
112 0.86 65765376
113 0.88 66420736
114 0.87 66703360
115 0.87 67223552
116 0.87 67698688
117 0.89 68169728
118 0.98 68812800
119 0.98 69263360
120 0.93 69779456
121 0.92 70111232
122 0.92 70590464
123 0.93 71020544
124 0.98 71610368
125 0.99 72278016
126 0.96 72753152
127 0.97 73256960
128 0.97 73740288
129 0.98 74252288
130 0.98 74694656
131 0.99 75182080
132 1.0 75665408
133 1.02 76136448
134 1.01 76546048
135 1.02 77148160
136 1.02 77582336
137 1.03 77975552
138 1.04 78630912
139 1.05 79052800
140 1.04 79523840
141 1.05 79994880
142 1.06 80461824
143 1.07 80846848
144 1.12 81510400
145 1.12 82026496
146 1.13 82423808
147 1.13 82898944
148 1.15 83619840
149 1.14 83992576
150 1.13 84443136
151 1.12 84754432
152 1.14 85233664
153 1.16 85766144
154 1.18 86499328
155 1.18 86908928
156 1.19 87183360
157 1.2 87764992
158 1.2 88190976
159 1.2 88580096
160 1.2 89149440
161 1.22 89616384
162 1.24 90099712
163 1.23 90599424
164 1.24 91303936
165 1.25 91549696
166 1.25 92012544
167 1.28 92708864
168 1.26 92987392
169 1.28 93458432
170 1.28 93937664
171 1.28 94343168
172 1.29 94822400
173 1.3 95395840
174 1.32 95862784
175 1.37 96407552
176 1.33 96972800
177 1.34 97296384
178 1.37 97800192
179 1.34 98324480
180 1.34 98697216
181 1.36 99250176
182 1.35 99811328
183 1.37 100216832
184 1.37 100683776
185 1.38 101195776
186 1.4 101728256
187 1.39 102174720
188 1.41 102825984
189 1.41 103108608
190 1.42 103636992
191 1.43 104071168
192 1.44 104534016
193 1.45 105193472
194 1.45 105512960
195 1.45 106061824
196 1.46 106467328
197 1.47 106934272
198 1.47 107433984
199 1.48 107913216
200 1.49 108408832
201 1.49 108949504
202 1.51 109359104
203 1.51 109846528
204 1.52 110321664
205 1.56 110899200
206 1.53 111276032
207 1.54 111767552
208 1.54 112250880
209 1.54 112631808
210 1.55 113197056
211 1.57 113721344
212 1.57 114176000
213 1.56 114655232
214 1.58 115134464
215 1.58 115597312
216 1.58 116006912
217 1.6 116690944
218 1.62 117194752
219 1.61 117538816
220 1.62 117927936
221 1.64 118542336
222 1.63 118915072
223 1.63 119496704
224 1.65 120197120
225 1.66 120475648
226 1.66 120938496
227 1.67 121532416
228 1.67 121876480
229 1.67 122355712
230 1.7 122990592
231 1.7 123449344
232 1.7 123777024
233 1.71 124321792
234 1.71 124772352
235 1.78 125243392
236 1.73 125706240
237 1.73 126197760
238 1.74 126672896
239 1.76 127176704
240 1.75 127631360
241 1.76 128024576
242 1.79 128901120
243 1.78 129097728
244 1.78 129486848
245 1.81 130039808
246 1.8 130510848
247 1.8 130912256
248 1.81 131489792
249 1.81 131977216
250 1.83 132435968
251 1.84 132947968
252 1.85 133505024
253 1.84 133910528
254 1.86 134369280
255 1.86 134750208
256 1.89 135884800
257 1.89 136359936
258 1.9 136785920
259 1.9 137289728
260 1.91 137773056
261 1.92 138203136
262 1.92 138756096
263 1.93 139239424
264 1.95 139702272
265 1.95 140554240
266 1.95 140693504
267 1.95 141053952
268 1.96 141783040
269 1.98 142147584
270 2.01 142643200
271 1.98 143138816
272 2.0 143659008
273 2.0 143937536
274 2.02 144744448
275 2.01 144908288
276 2.02 145428480
277 2.03 145899520
278 2.04 146509824
279 2.04 147009536
280 2.04 147476480
281 2.08 148074496
282 2.07 148537344
283 2.07 148926464
284 2.1 149393408
285 2.08 149733376
286 2.09 150343680
287 2.09 150745088
288 2.11 151400448
289 2.11 151662592
290 2.13 152522752
291 2.12 152604672
292 2.14 153354240
293 2.14 153751552
294 2.15 154324992
295 2.17 154644480
296 2.17 155226112
297 2.17 155504640
298 2.17 155992064
299 2.17 156590080
300 2.19 157171712