1 0.32 23781376
2 0.31 24092672
3 0.32 24539136
4 0.34 25563136
5 0.35 25653248
6 0.36 26112000
7 0.35 26525696
8 0.38 27197440
9 0.39 27848704
10 0.39 28160000
11 0.39 28606464
12 0.41 29650944
13 0.43 29761536
14 0.43 30187520
15 0.45 30597120
16 0.45 31404032
17 0.47 32026624
18 0.47 32415744
19 0.48 32632832
20 0.49 33181696
21 0.49 33910784
22 0.51 34164736
23 0.52 34709504
24 0.52 35287040
25 0.55 36012032
26 0.55 36442112
27 0.56 36827136
28 0.57 37314560
29 0.57 37646336
30 0.59 38543360
31 0.59 38895616
32 0.61 39206912
33 0.62 40304640
34 0.66 40185856
35 0.64 40816640
36 0.65 41140224
37 0.65 41848832
38 0.66 42246144
39 0.72 42795008
40 0.68 43167744
41 0.78 44081152
42 0.73 44568576
43 0.75 45285376
44 0.71 45395968
45 0.72 46120960
46 0.73 46329856
47 0.77 47493120
48 0.78 47579136
49 0.77 48005120
50 0.78 48410624
51 0.78 48885760
52 0.8 49303552
53 0.86 50651136
54 0.81 50282496
55 0.81 50864128
56 0.83 51576832
57 0.87 51781632
58 0.98 53231616
59 0.85 52678656
60 0.85 53280768
61 0.86 53665792
62 0.86 54177792
63 0.87 54669312
64 0.88 55136256
65 0.89 55635968
66 0.89 56147968
67 0.9 56623104
68 0.91 57270272
69 0.93 57606144
70 0.93 58097664
71 0.95 58585088
72 0.96 59281408
73 0.97 59572224
74 0.97 60063744
75 0.98 60571648
76 0.99 61059072
77 1.0 61505536
78 1.01 62201856
79 1.02 62562304
80 1.02 63021056
81 1.05 63545344
82 1.05 64032768
83 1.05 64540672
84 1.07 65036288
85 1.07 65515520
86 1.09 65998848
87 1.09 66506752
88 1.1 66977792
89 1.11 67493888
90 1.12 68120576
91 1.14 68476928
92 1.15 69120000
93 1.17 69758976
94 1.18 70156288
95 1.19 70500352
96 1.2 70975488
97 1.21 71458816
98 1.22 71938048
99 1.23 72421376
100 1.24 72949760
101 1.26 73478144
102 1.25 73908224
103 1.26 74506240
104 1.27 74960896
105 1.28 75390976
106 1.29 75952128
107 1.29 76378112
108 1.3 76861440
109 1.31 77426688
110 1.32 77840384
111 1.34 78626816
112 1.34 79044608
113 1.34 79302656
114 1.35 79699968
115 1.35 80171008
116 1.37 80646144
117 1.37 81186816
118 1.39 81666048
119 1.39 82145280
120 1.41 82739200
121 1.41 83120128
122 1.42 83587072
123 1.43 84434944
124 1.45 84701184
125 1.45 85073920
126 1.47 85790720
127 1.48 86077440
128 1.48 86560768
129 1.49 87060480
130 1.49 87543808
131 1.5 88018944
132 1.52 88539136
133 1.52 89022464
134 1.53 89649152
135 1.53 89960448
136 1.55 90509312
137 1.56 91000832
138 1.57 91480064
139 1.58 91963392
140 1.6 92479488
141 1.6 92962816
142 1.6 93450240
143 1.61 93941760
144 1.62 94629888
145 1.63 94904320
146 1.64 95436800
147 1.65 95911936
148 1.66 96387072
149 1.69 97071104
150 1.75 98619392
151 1.72 98922496
152 1.7 99651584
153 1.86 100524032
154 1.77 100560896
155 1.77 101085184
156 1.73 101388288
157 1.74 101875712
158 1.75 102596608
159 1.75 102883328
160 1.77 103460864
161 1.77 103854080
162 1.78 104382464
163 1.79 104873984
164 1.82 105512960
165 1.82 105844736
166 1.82 106344448
167 1.84 106840064
168 1.85 107454464
169 1.86 107802624
170 1.86 108302336
171 1.87 108810240
172 1.88 109584384
173 1.89 109842432
174 1.9 110280704
175 1.92 110776320
176 1.91 111239168
177 1.92 111771648
178 1.93 112197632
179 1.94 112726016
180 1.95 113213440
181 1.97 113754112
182 1.97 114278400
183 1.99 114843648
184 1.99 115245056
185 2.04 115757056
186 2.06 116518912
187 2.06 116695040
188 2.05 117219328
189 2.06 117702656
190 2.08 118177792
191 2.15 118841344
192 2.1 119181312
193 2.1 119738368
194 2.11 120094720
195 2.14 120631296
196 2.13 121114624
197 2.14 121663488
198 2.15 122241024
199 2.17 122556416
200 2.18 123084800
201 2.2 123760640
202 2.2 124108800
203 2.21 124530688
204 2.22 125067264
205 2.25 125665280
206 2.23 126062592
207 2.24 126541824
208 2.26 127016960
209 2.27 127508480
210 2.27 128286720
211 2.28 128507904
212 2.3 128995328
213 2.3 129474560
214 2.32 129986560
215 2.32 130912256
216 2.33 130932736
217 2.34 131452928
218 2.35 132128768
219 2.38 132460544
220 2.36 132939776
221 2.37 133427200
222 2.38 133902336
223 2.42 134660096
224 2.39 134840320
225 2.4 135385088
226 2.42 135864320
227 2.43 136564736
228 2.43 136822784
229 2.44 137351168
230 2.45 137834496
231 2.47 138498048
232 2.47 138858496
233 2.49 139603968
234 2.49 139780096
235 2.5 140304384
236 2.5 140845056
237 2.52 141283328
238 2.52 141733888
239 2.55 142491648
240 2.54 142761984
241 2.55 143261696
242 2.56 143818752
243 2.58 144289792
244 2.57 144707584
245 2.58 145309696
246 2.59 145793024
247 2.63 146210816
248 2.62 147005440
249 2.62 147275776
250 2.63 147685376
251 2.64 148254720
252 2.65 148688896
253 2.65 149164032
254 2.67 149741568
255 2.68 150233088
256 2.69 150622208
257 2.7 151457792
258 2.7 151609344
259 2.71 152363008
260 2.72 152662016
261 2.76 153612288
262 2.74 153714688
263 2.75 154095616
264 2.77 154738688
265 2.77 155119616
266 2.78 155672576
267 2.78 156086272
268 2.81 156839936
269 2.81 157036544
270 2.8 157528064
271 2.82 158175232
272 2.83 158625792
273 2.87 159059968
274 2.84 159506432
275 2.87 160096256
276 2.88 160604160
277 2.89 161214464
278 2.96 161861632
279 2.91 161959936
280 3.03 162549760
281 2.91 162955264
282 2.94 163491840
283 2.93 164040704
284 2.95 164663296
285 2.97 165044224
286 2.96 165531648
287 2.98 166010880
288 2.98 166449152
289 3.02 167038976
290 3.0 167514112
291 3.02 168083456
292 3.04 168648704
293 3.08 169558016
294 3.12 169820160
295 3.11 170246144
296 3.05 170422272
297 3.19 171180032
298 3.27 172163072
299 3.08 172064768
300 3.1 172785664