1 0.08 11108352
2 0.09 11673600
3 0.09 12173312
4 0.1 12795904
5 0.11 13377536
6 0.11 13955072
7 0.13 14548992
8 0.13 15200256
9 0.15 15745024
10 0.15 16297984
11 0.16 16859136
12 0.16 17367040
13 0.18 18006016
14 0.18 18509824
15 0.21 19193856
16 0.21 19742720
17 0.21 20307968
18 0.22 20819968
19 0.23 21422080
20 0.23 21929984
21 0.25 22618112
22 0.25 23257088
23 0.27 23719936
24 0.26 24379392
25 0.28 24952832
26 0.28 25448448
27 0.32 26177536
28 0.3 26648576
29 0.36 27250688
30 0.32 27742208
31 0.33 28250112
32 0.34 28893184
33 0.36 29765632
34 0.36 30130176
35 0.37 30691328
36 0.38 31268864
37 0.38 31830016
38 0.4 32370688
39 0.4 33050624
40 0.41 33525760
41 0.41 34033664
42 0.42 34586624
43 0.43 35246080
44 0.45 35778560
45 0.45 36319232
46 0.47 37089280
47 0.47 37593088
48 0.47 38092800
49 0.5 38785024
50 0.5 39333888
51 0.5 39837696
52 0.52 40402944
53 0.52 41013248
54 0.54 41496576
55 0.54 42172416
56 0.55 42897408
57 0.55 43315200
58 0.58 43892736
59 0.57 44474368
60 0.58 45109248
61 0.58 45576192
62 0.59 46141440
63 0.6 46718976
64 0.61 47271936
65 0.62 47894528
66 0.62 48427008
67 0.66 48967680
68 0.66 49512448
69 0.66 50069504
70 0.68 50790400
71 0.67 51175424
72 0.68 51761152
73 0.69 52260864
74 0.7 52899840
75 0.71 53448704
76 0.71 54005760
77 0.72 54554624
78 0.73 55255040
79 0.74 55701504
80 0.76 56352768
81 0.77 56807424
82 0.78 57528320
83 0.77 57958400
84 0.78 58621952
85 0.81 59133952
86 0.8 59666432
87 0.8 60178432
88 0.82 60784640
89 0.82 61386752
90 0.84 62025728
91 0.84 62488576
92 0.85 63025152
93 0.86 63733760
94 0.87 64151552
95 0.88 64704512
96 0.89 65478656
97 0.91 66252800
98 0.91 66850816
99 0.91 67215360
100 0.92 67731456
101 0.93 68415488
102 0.93 68915200
103 0.94 69423104
104 0.95 70029312
105 0.97 70606848
106 0.97 71299072
107 0.98 71675904
108 1.0 72314880
109 1.0 72953856
110 1.01 73519104
111 1.01 73895936
112 1.02 74489856
113 1.03 75239424
114 1.04 75677696
115 1.04 76234752
116 1.05 76898304
117 1.07 77975552
118 1.06 78458880
119 1.07 78962688
120 1.09 79646720
121 1.09 80166912
122 1.11 80941056
123 1.2 81367040
124 1.36 82030592
125 1.18 82481152
126 1.14 82976768
127 1.15 83570688
128 1.16 84107264
129 1.16 84656128
130 1.16 85221376
131 1.19 85921792
132 1.19 86441984
133 1.2 86904832
134 1.23 87547904
135 1.24 88236032
136 1.24 88588288
137 1.27 89317376
138 1.27 89886720
139 1.26 90279936
140 1.28 90955776
141 1.3 91590656
142 1.29 91889664
143 1.29 92495872
144 1.4 93167616
145 1.45 93802496
146 1.46 94400512
147 1.35 94941184
148 1.4 95543296
149 1.49 96145408
150 1.36 96485376
151 1.41 97124352
152 1.42 97808384
153 1.39 98402304
154 1.39 98816000
155 1.39 99299328
156 1.4 99991552
157 1.42 100507648
158 1.42 100990976
159 1.44 101576704
160 1.44 102268928
161 1.45 102658048
162 1.53 103424000
163 1.48 103989248
164 1.48 104566784
165 1.53 105074688
166 1.53 105660416
167 1.71 106225664
168 1.55 106831872
169 1.55 107368448
170 1.53 107880448
171 1.53 108310528
172 1.53 108879872
173 1.54 109461504
174 1.56 110104576
175 1.56 110559232
176 1.62 111239168
177 1.59 111947776
178 1.59 112328704
179 1.6 112955392
180 1.61 113377280
181 1.64 113999872
182 1.62 114671616
183 1.66 115302400
184 1.65 115625984
185 1.64 116215808
186 1.64 116781056
187 1.92 117493760
188 1.92 118042624
189 2.01 118648832
190 1.95 119316480
191 1.7 119578624
192 1.71 120315904
193 1.71 120713216
194 1.73 121339904
195 1.73 121966592
196 1.75 122945536
197 1.76 123482112
198 1.77 124096512
199 1.84 124772352
200 1.79 125472768
201 1.79 125734912
202 1.81 126275584
203 1.82 126853120
204 1.89 127500288
205 2.22 128319488
206 1.98 128716800
207 1.84 129073152
208 1.86 129765376
209 1.87 130281472
210 1.86 130748416
211 1.9 131608576
212 1.88 131895296
213 1.91 132530176
214 1.97 133177344
215 1.91 133844992
216 1.92 134152192
217 1.93 134688768
218 1.94 135401472
219 1.97 135905280
220 1.95 136519680
221 1.98 137146368
222 1.98 137641984
223 2.06 138346496
224 2.0 138788864
225 1.99 139239424
226 2.01 139931648
227 2.01 140357632
228 2.03 141144064
229 2.05 141545472
230 2.03 142057472
231 2.04 142852096
232 2.05 143200256
233 2.05 143683584
234 2.08 144343040
235 2.08 144928768
236 2.09 145592320
237 2.09 146034688
238 2.1 146608128
239 2.12 147128320
240 2.11 147587072
241 2.11 148238336
242 2.15 148844544
243 2.16 149467136
244 2.16 150081536
245 2.17 150650880
246 2.17 151031808
247 2.17 151625728
248 2.2 152338432
249 2.19 153022464
250 2.2 153325568
251 2.23 154017792
252 2.24 154525696
253 2.26 155164672
254 2.23 155525120
255 2.26 156024832
256 2.25 156696576
257 2.26 157310976
258 2.28 157847552
259 2.28 158543872
260 2.29 159002624
261 2.33 159617024
262 2.31 160264192
263 2.31 160649216
264 2.31 161263616
265 2.33 161964032
266 2.53 162365440
267 2.36 163078144
268 2.41 164638720
269 2.43 165199872
270 2.44 165650432
271 2.42 166195200
272 2.43 166764544
273 2.44 167342080
274 2.44 167878656
275 2.45 168435712
276 2.47 169025536
277 2.49 169676800
278 2.49 170123264
279 2.5 170815488
280 2.48 171294720
281 2.51 171913216
282 2.52 172548096
283 2.52 172924928
284 2.54 173678592
285 2.55 174166016
286 2.54 174600192
287 2.54 175120384
288 2.57 176062464
289 2.58 176472064
290 2.77 176914432
291 2.58 177459200
292 2.6 178237440
293 2.62 178667520
294 2.62 179339264
295 2.6 179773440
296 2.63 180604928
297 2.65 181051392
298 2.65 181436416
299 2.65 182116352
300 2.65 182591488