1 0.34 24104960
2 0.33 24440832
3 0.34 24866816
4 0.36 25120768
5 0.35 25616384
6 0.37 26345472
7 0.39 26820608
8 0.38 27652096
9 0.39 27725824
10 0.4 28184576
11 0.4 28704768
12 0.41 29446144
13 0.46 29929472
14 0.44 30556160
15 0.46 30752768
16 0.45 31346688
17 0.45 31870976
18 0.47 32169984
19 0.49 33611776
20 0.5 34058240
21 0.5 33755136
22 0.5 34291712
23 0.54 35364864
24 0.52 35913728
25 0.57 36343808
26 0.58 37203968
27 0.62 37605376
28 0.57 37335040
29 0.59 38338560
30 0.65 38608896
31 0.65 38797312
32 0.67 40009728
33 0.67 40497152
34 0.74 40333312
35 0.68 41582592
36 0.67 41975808
37 0.68 41754624
38 0.68 42352640
39 0.67 43220992
40 0.68 43163648
41 0.69 43696128
42 0.69 44380160
43 0.71 44568576
44 0.71 45203456
45 0.76 46411776
46 0.76 47169536
47 0.85 47095808
48 0.81 48308224
49 0.83 48455680
50 0.84 49143808
51 0.89 49352704
52 0.9 50212864
53 0.87 50765824
54 0.81 50610176
55 0.83 51167232
56 0.85 51720192
57 0.85 52662272
58 0.93 52420608
59 0.95 53719040
60 0.93 53977088
61 0.92 54460416
62 1.0 55132160
63 0.9 54837248
64 0.96 55451648
65 1.07 56508416
66 0.96 56549376
67 1.01 57253888
68 1.0 57470976
69 1.03 57937920
70 1.03 58454016
71 1.05 58781696
72 1.02 59412480
73 1.05 60547072
74 1.07 60866560
75 1.02 61452288
76 1.06 61415424
77 1.06 61788160
78 1.08 62861312
79 1.15 62959616
80 1.12 63250432
81 1.16 63905792
82 1.12 64782336
83 1.11 64991232
84 1.12 65290240
85 1.38 66371584
86 1.28 66801664
87 1.19 67174400
88 1.2 67612672
89 1.27 67850240
90 1.17 68476928
91 1.15 68603904
92 1.18 69099520
93 1.19 69451776
94 1.21 70246400
95 1.24 70643712
96 1.31 71290880
97 1.33 71651328
98 1.43 72683520
99 1.3 72581120
100 1.31 73007104
101 1.28 73498624
102 1.36 74153984
103 1.3 74399744
104 1.32 75292672
105 1.54 76357632
106 1.43 76148736
107 1.38 77090816
108 1.5 77664256
109 1.52 77897728
110 1.49 77963264
111 1.49 78512128
112 1.4 79052800
113 1.35 79405056
114 1.35 79802368
115 1.46 80879616
116 1.52 81084416
117 1.49 81256448
118 1.5 82350080
119 1.46 83079168
120 1.46 82743296
121 1.46 83111936
122 1.47 83693568
123 1.48 84226048
124 1.51 84692992
125 1.49 85184512
126 1.58 85999616
127 1.62 86339584
128 1.68 87490560
129 1.55 87179264
130 1.65 87678976
131 1.67 88764416
132 1.7 89174016
133 1.69 89108480
134 1.69 89612288
135 1.65 90542080
136 1.7 91246592
137 1.75 91672576
138 1.67 91660288
139 1.74 92082176
140 1.77 93175808
141 1.76 93622272
142 1.75 94396416
143 1.87 95027200
144 1.74 95358976
145 1.73 95281152
146 1.85 95866880
147 1.81 96088064
148 1.81 97112064
149 1.86 97378304
150 1.79 98959360
151 1.9 99344384
152 1.9 100270080
153 1.85 100794368
154 1.92 100556800
155 1.8 101298176
156 1.8 101605376
157 1.98 102293504
158 1.89 102707200
159 1.96 103505920
160 1.86 103743488
161 1.88 104349696
162 1.85 104620032
163 1.98 105037824
164 1.91 105828352
165 2.13 105902080
166 1.96 107044864
167 1.96 107266048
168 2.03 108163072
169 2.14 108519424
170 2.04 108773376
171 1.98 109191168
172 2.01 109572096
173 1.99 109957120
174 1.95 110419968
175 1.97 111538176
176 1.99 111587328
177 2.0 111931392
178 2.02 112463872
179 2.02 113131520
180 2.01 113520640
181 2.05 114024448
182 2.05 114671616
183 2.09 115044352
184 2.09 115687424
185 2.11 116064256
186 2.1 116334592
187 2.14 116875264
188 2.14 117497856
189 2.15 118013952
190 2.15 118280192
191 2.19 119238656
192 2.18 119279616
193 2.19 119943168
194 2.21 120463360
195 2.2 120827904
196 2.24 121159680
197 2.23 121741312
198 2.24 122675200
199 2.56 122839040
200 2.58 123875328
201 2.39 123875328
202 2.44 124416000
203 2.38 124903424
204 2.4 126050304
205 2.41 126197760
206 2.52 126459904
207 2.57 127238144
208 2.49 127684608
209 2.49 128032768
210 2.45 128733184
211 2.38 128741376
212 2.47 129241088
213 2.48 129617920
214 2.57 130154496
215 2.62 130838528
216 2.59 131579904
217 2.39 131751936
218 2.58 132255744
219 2.47 132657152
220 2.51 133783552
221 2.63 134438912
222 2.7 134852608
223 2.51 134963200
224 2.77 135458816
225 2.59 135708672
226 2.53 136470528
227 2.5 136675328
228 2.53 136978432
229 2.57 138121216
230 2.7 138342400
231 2.74 139120640
232 2.68 139587584
233 2.67 140021760
234 2.75 140234752
235 2.96 141201408
236 2.68 141680640
237 2.81 141799424
238 2.73 142131200
239 2.87 142479360
240 2.81 143175680
241 2.71 143511552
242 2.96 144474112
243 2.67 144752640
244 2.69 144908288
245 2.65 145412096
246 2.73 145993728
247 2.86 147173376
248 2.81 147181568
249 2.74 147464192
250 2.84 148131840
251 2.77 148566016
252 2.74 148992000
253 2.9 149569536
254 2.97 150020096
255 3.41 151142400
256 2.99 151425024
257 3.03 152182784
258 2.84 151932928
259 2.79 152195072
260 2.83 152932352
261 2.84 153436160
262 2.85 154079232
263 3.04 154324992
264 3.01 155504640
265 2.88 155901952
266 2.92 155815936
267 2.88 156176384
268 2.94 156839936
269 3.16 157540352
270 2.98 158179328
271 3.04 158322688
272 3.72 159387648
273 3.15 159719424
274 3.09 160161792
275 3.2 161021952
276 3.36 161103872
277 2.94 161624064
278 2.9 161865728
279 2.91 162308096
280 2.92 162738176
281 2.95 163135488
282 3.0 164229120
283 2.93 163926016
284 2.98 164773888
285 2.97 165183488
286 2.99 165646336
287 2.99 166227968
288 2.98 166600704
289 3.0 167223296
290 3.51 167702528
291 3.72 168493056
292 3.67 168693760
293 3.48 169586688
294 3.17 170221568
295 3.66 170233856
296 3.85 171372544
297 3.99 171102208
298 3.62 172019712
299 3.51 172871680
300 3.85 172998656