1 0.01 7577600
2 0.03 7753728
3 0.02 7897088
4 0.03 8134656
5 0.03 8269824
6 0.03 8441856
7 0.04 8597504
8 0.04 8740864
9 0.03 8937472
10 0.05 9076736
11 0.05 9248768
12 0.05 9453568
13 0.05 9576448
14 0.06 9715712
15 0.06 9904128
16 0.05 10047488
17 0.06 10260480
18 0.06 10428416
19 0.07 10579968
20 0.07 10739712
21 0.07 10891264
22 0.06 11075584
23 0.08 11223040
24 0.08 11456512
25 0.07 11542528
26 0.08 11685888
27 0.09 11874304
28 0.09 12050432
29 0.09 12185600
30 0.09 12369920
31 0.09 12587008
32 0.11 12804096
33 0.1 12922880
34 0.09 13008896
35 0.1 13242368
36 0.1 13385728
37 0.1 13602816
38 0.11 13697024
39 0.15 13950976
40 0.12 14016512
41 0.11 14180352
42 0.13 14340096
43 0.12 14532608
44 0.13 14737408
45 0.12 14938112
46 0.13 15065088
47 0.13 15216640
48 0.15 15519744
49 0.13 15552512
50 0.14 15724544
51 0.13 15904768
52 0.15 16056320
53 0.14 16220160
54 0.15 16371712
55 0.14 16494592
56 0.15 16691200
57 0.15 16875520
58 0.15 17084416
59 0.16 17248256
60 0.16 17395712
61 0.16 17588224
62 0.17 17731584
63 0.17 17907712
64 0.2 18096128
65 0.17 18223104
66 0.17 18374656
67 0.18 18595840
68 0.19 18681856
69 0.18 18845696
70 0.18 19021824
71 0.19 19238912
72 0.19 19476480
73 0.19 19550208
74 0.19 19722240
75 0.2 19845120
76 0.2 20004864
77 0.2 20180992
78 0.2 20328448
79 0.2 20512768
80 0.21 20606976
81 0.2 20836352
82 0.2 21024768
83 0.22 21168128
84 0.21 21344256
85 0.22 21483520
86 0.22 21749760
87 0.21 21835776
88 0.22 21970944
89 0.23 22130688
90 0.23 22286336
91 0.22 22552576
92 0.23 22605824
93 0.24 22740992
94 0.24 22913024
95 0.23 23089152
96 0.25 23289856
97 0.24 23531520
98 0.25 23756800
99 0.25 23887872
100 0.25 24051712
101 0.25 24244224
102 0.26 24358912
103 0.26 24526848
104 0.26 24784896
105 0.26 24846336
106 0.27 24997888
107 0.27 25161728
108 0.27 25337856
109 0.28 25444352
110 0.27 25628672
111 0.28 26075136
112 0.28 26251264
113 0.28 26427392
114 0.29 26566656
115 0.28 26730496
116 0.28 26902528
117 0.29 27037696
118 0.3 27205632
119 0.3 27500544
120 0.3 27660288
121 0.31 27959296
122 0.31 27897856
123 0.31 28151808
124 0.32 28336128
125 0.31 28475392
126 0.32 28737536
127 0.34 28819456
128 0.4 29065216
129 0.35 29184000
130 0.34 29335552
131 0.35 29593600
132 0.34 29667328
133 0.33 29728768
134 0.36 30015488
135 0.35 30134272
136 0.36 30273536
137 0.35 30425088
138 0.36 30748672
139 0.35 30896128
140 0.35 31027200
141 0.35 31219712
142 0.36 31309824
143 0.36 31408128
144 0.37 31686656
145 0.42 31817728
146 0.39 32030720
147 0.42 32129024
148 0.4 32366592
149 0.45 32448512
150 0.42 32620544
151 0.38 32788480
152 0.42 32980992
153 0.41 33067008
154 0.39 33128448
155 0.39 33464320
156 0.44 33583104
157 0.44 33792000
158 0.42 33972224
159 0.47 34066432
160 0.41 34213888
161 0.41 34418688
162 0.48 34545664
163 0.43 34701312
164 0.4 34783232
165 0.41 35016704
166 0.42 35233792
167 0.4 35303424
168 0.41 35442688
169 0.44 35672064
170 0.43 35852288
171 0.46 36012032
172 0.44 36110336
173 0.48 36339712
174 0.52 36519936
175 0.52 36663296
176 0.52 36777984
177 0.43 36904960
178 0.44 37085184
179 0.48 37339136
180 0.5 37482496
181 0.44 37568512
182 0.53 37863424
183 0.47 37974016
184 0.47 38137856
185 0.46 38326272
186 0.48 38494208
187 0.47 38649856
188 0.47 38821888
189 0.6 38977536
190 0.62 39120896
191 0.54 39350272
192 0.52 39555072
193 0.47 39686144
194 0.48 39849984
195 0.47 40026112
196 0.53 40181760
197 0.49 40419328
198 0.49 40439808
199 0.49 40583168
200 0.48 40755200
201 0.49 40902656
202 0.5 41074688
203 0.5 41353216
204 0.49 41537536
205 0.52 41844736
206 0.51 42012672
207 0.5 41975808
208 0.5 42250240
209 0.52 42442752
210 0.51 42516480
211 0.52 42663936
212 0.52 42967040
213 0.52 43012096
214 0.53 43139072
215 0.51 43311104
216 0.52 43409408
217 0.52 43552768
218 0.55 43892736
219 0.54 44072960
220 0.52 44158976
221 0.53 44290048
222 0.53 44466176
223 0.54 44625920
224 0.54 44756992
225 0.54 44929024
226 0.54 45158400
227 0.55 45346816
228 0.55 45944832
229 0.55 46108672
230 0.56 46272512
231 0.56 46444544
232 0.57 46772224
233 0.56 46788608
234 0.56 46931968
235 0.57 47247360
236 0.57 47214592
237 0.58 47423488
238 0.58 47570944
239 0.58 47730688
240 0.58 47906816
241 0.59 48050176
242 0.59 48234496
243 0.6 48361472
244 0.59 48537600
245 0.6 48820224
246 0.61 49012736
247 0.61 49057792
248 0.6 49147904
249 0.6 49377280
250 0.61 49451008
251 0.62 49831936
252 0.62 49905664
253 0.62 49913856
254 0.61 50167808
255 0.63 50417664
256 0.62 50532352
257 0.62 50573312
258 0.63 50876416
259 0.64 51101696
260 0.62 51159040
261 0.63 51384320
262 0.65 51593216
263 0.64 51646464
264 0.64 51806208
265 0.65 52035584
266 0.64 52133888
267 0.66 52350976
268 0.65 52453376
269 0.66 52699136
270 0.65 52703232
271 0.66 52834304
272 0.67 53284864
273 0.66 53276672
274 0.66 53350400
275 0.67 53727232
276 0.67 53784576
277 0.68 54067200
278 0.68 54054912
279 0.67 54231040
280 0.67 54398976
281 0.67 54550528
282 0.69 54796288
283 0.69 54898688
284 0.68 55029760
285 0.69 55304192
286 0.68 55382016
287 0.69 55545856
288 0.69 55697408
289 0.7 55865344
290 0.69 56029184
291 0.71 56160256
292 0.71 56377344
293 0.7 56373248
294 0.7 56655872
295 0.71 56864768
296 0.72 57057280
297 0.72 57016320
298 0.72 57315328
299 0.71 57495552
300 0.73 57532416