1 0.02 7532544
2 0.03 7741440
3 0.03 7897088
4 0.02 8073216
5 0.03 8282112
6 0.04 8458240
7 0.04 8597504
8 0.04 8761344
9 0.03 8949760
10 0.04 9089024
11 0.05 9248768
12 0.04 9412608
13 0.05 9564160
14 0.06 9715712
15 0.05 9932800
16 0.06 10055680
17 0.06 10264576
18 0.06 10407936
19 0.06 10592256
20 0.07 10747904
21 0.07 10895360
22 0.07 11067392
23 0.07 11223040
24 0.07 11395072
25 0.08 11550720
26 0.08 11714560
27 0.08 11878400
28 0.08 12058624
29 0.09 12189696
30 0.09 12394496
31 0.1 12677120
32 0.1 12759040
33 0.09 12869632
34 0.1 13066240
35 0.11 13324288
36 0.1 13385728
37 0.11 13549568
38 0.11 13709312
39 0.11 13873152
40 0.12 14069760
41 0.12 14184448
42 0.12 14340096
43 0.13 14532608
44 0.12 14737408
45 0.13 14909440
46 0.13 15060992
47 0.13 15224832
48 0.13 15532032
49 0.15 15560704
50 0.14 15736832
51 0.14 15990784
52 0.14 16068608
53 0.15 16216064
54 0.14 16359424
55 0.14 16539648
56 0.15 16687104
57 0.16 16986112
58 0.15 17051648
59 0.15 17211392
60 0.16 17448960
61 0.16 17588224
62 0.17 17813504
63 0.17 17911808
64 0.17 18063360
65 0.18 18223104
66 0.17 18411520
67 0.19 18534400
68 0.17 18694144
69 0.19 18849792
70 0.18 19087360
71 0.19 19238912
72 0.19 19398656
73 0.19 19648512
74 0.19 19714048
75 0.2 19922944
76 0.21 19996672
77 0.2 20180992
78 0.21 20410368
79 0.2 20488192
80 0.21 20656128
81 0.21 20762624
82 0.21 21016576
83 0.21 21131264
84 0.22 21336064
85 0.21 21454848
86 0.21 21667840
87 0.23 21909504
88 0.24 21942272
89 0.23 22155264
90 0.23 22269952
91 0.23 22450176
92 0.23 22609920
93 0.25 22757376
94 0.24 22913024
95 0.25 23212032
96 0.24 23261184
97 0.25 23523328
98 0.24 23678976
99 0.25 23896064
100 0.26 24072192
101 0.25 24240128
102 0.27 24363008
103 0.25 24530944
104 0.26 24752128
105 0.26 24838144
106 0.27 25010176
107 0.26 25174016
108 0.27 25333760
109 0.28 25456640
110 0.27 25608192
111 0.28 26103808
112 0.28 26234880
113 0.28 26419200
114 0.28 26550272
115 0.29 26759168
116 0.29 26886144
117 0.3 27009024
118 0.29 27271168
119 0.3 27512832
120 0.3 27664384
121 0.3 27820032
122 0.31 27983872
123 0.31 28168192
124 0.31 28336128
125 0.33 28590080
126 0.33 28618752
127 0.33 28803072
128 0.32 29003776
129 0.32 29110272
130 0.33 29253632
131 0.33 29474816
132 0.33 29573120
133 0.33 29782016
134 0.34 29908992
135 0.36 30195712
136 0.34 30257152
137 0.34 30412800
138 0.36 30613504
139 0.35 30777344
140 0.35 30941184
141 0.35 31088640
142 0.35 31248384
143 0.36 31395840
144 0.36 31629312
145 0.36 31801344
146 0.37 31948800
147 0.36 32034816
148 0.37 32325632
149 0.36 32337920
150 0.37 32509952
151 0.38 32747520
152 0.38 32849920
153 0.38 32989184
154 0.39 33226752
155 0.38 33366016
156 0.39 33472512
157 0.39 33755136
158 0.39 33902592
159 0.39 33980416
160 0.39 34115584
161 0.4 34295808
162 0.4 34451456
163 0.4 34594816
164 0.4 34791424
165 0.4 34975744
166 0.41 35188736
167 0.41 35291136
168 0.4 35446784
169 0.41 35528704
170 0.42 35766272
171 0.43 35934208
172 0.42 36098048
173 0.42 36253696
174 0.42 36401152
175 0.43 36573184
176 0.42 36810752
177 0.43 36888576
178 0.42 37093376
179 0.44 37244928
180 0.45 37449728
181 0.43 37654528
182 0.44 37728256
183 0.44 37806080
184 0.45 38047744
185 0.44 38227968
186 0.45 38371328
187 0.45 38518784
188 0.46 38682624
189 0.45 38858752
190 0.46 39010304
191 0.47 39202816
192 0.47 39481344
193 0.47 39706624
194 0.48 39796736
195 0.48 39972864
196 0.48 40128512
197 0.48 40214528
198 0.49 40439808
199 0.49 40591360
200 0.49 40747008
201 0.49 40910848
202 0.49 41062400
203 0.5 41226240
204 0.49 41603072
205 0.5 41742336
206 0.5 41824256
207 0.5 42053632
208 0.5 42262528
209 0.5 42377216
210 0.53 42516480
211 0.51 42696704
212 0.51 42909696
213 0.51 43032576
214 0.51 43147264
215 0.52 43352064
216 0.53 43454464
217 0.54 43732992
218 0.53 43917312
219 0.53 43991040
220 0.53 44163072
221 0.54 44298240
222 0.54 44482560
223 0.54 44695552
224 0.54 44675072
225 0.54 44867584
226 0.55 45088768
227 0.55 45309952
228 0.55 45916160
229 0.55 46108672
230 0.55 46305280
231 0.55 46366720
232 0.56 46657536
233 0.56 46792704
234 0.56 46940160
235 0.57 47173632
236 0.57 47239168
237 0.58 47370240
238 0.58 47562752
239 0.59 47796224
240 0.59 47996928
241 0.59 48062464
242 0.59 48136192
243 0.6 48373760
244 0.59 48537600
245 0.61 48861184
246 0.6 48893952
247 0.62 49057792
248 0.6 49201152
249 0.62 49364992
250 0.61 49537024
251 0.61 49651712
252 0.61 49758208
253 0.63 50020352
254 0.63 50282496
255 0.63 50409472
256 0.63 50487296
257 0.63 50716672
258 0.64 50778112
259 0.64 51085312
260 0.65 51269632
261 0.63 51347456
262 0.63 51552256
263 0.63 51703808
264 0.64 51806208
265 0.64 51961856
266 0.64 52162560
267 0.65 52432896
268 0.64 52416512
269 0.66 52600832
270 0.69 52887552
271 0.74 53039104
272 0.71 53256192
273 0.71 53317632
274 0.65 53436416
275 0.67 53555200
276 0.67 53780480
277 0.67 53915648
278 0.67 54120448
279 0.67 54218752
280 0.68 54386688
281 0.68 54542336
282 0.68 54714368
283 0.68 54824960
284 0.7 55017472
285 0.7 55222272
286 0.69 55382016
287 0.7 55566336
288 0.69 55603200
289 0.7 55988224
290 0.7 56197120
291 0.7 56307712
292 0.71 56344576
293 0.7 56512512
294 0.71 56729600
295 0.71 56692736
296 0.72 56975360
297 0.72 57303040
298 0.71 57184256
299 0.72 57368576
300 0.72 57782272