1 0.0455 9224192
2 0.0512 9474048
3 0.0631 9650176
4 0.0609 9887744
5 0.0665 10182656
6 0.0722 10330112
7 0.0766 10543104
8 0.0866 10883072
9 0.0893 11104256
10 0.0938 11268096
11 0.1014 11436032
12 0.1068 11771904
13 0.1145 11898880
14 0.1134 12070912
15 0.1201 12382208
16 0.1319 12607488
17 0.1344 12800000
18 0.1372 12972032
19 0.1712 13324288
20 0.1522 13418496
21 0.152 13611008
22 0.1599 13832192
23 0.1621 14069760
24 0.1662 14249984
25 0.1724 14512128
26 0.1797 14737408
27 0.1875 14970880
28 0.1916 15155200
29 0.1995 15474688
30 0.2065 15687680
31 0.2166 15892480
32 0.212 16125952
33 0.218 16302080
34 0.2229 16498688
35 0.2306 16777216
36 0.2365 16953344
37 0.242 17195008
38 0.2454 17379328
39 0.2554 17645568
40 0.2577 17842176
41 0.2614 18006016
42 0.2668 18300928
43 0.2718 18489344
44 0.2794 18702336
45 0.2814 18841600
46 0.2871 19054592
47 0.2923 19279872
48 0.2991 19427328
49 0.3062 19705856
50 0.322 20099072
51 0.3208 20049920
52 0.3272 20332544
53 0.3338 20672512
54 0.3385 20815872
55 0.3515 21340160
56 0.3523 21250048
57 0.3516 21553152
58 0.3559 21798912
59 0.3605 21975040
60 0.3654 22188032
61 0.3722 22282240
62 0.383 22704128
63 0.3882 22798336
64 0.3959 23048192
65 0.3938 23232512
66 0.4028 23560192
67 0.409 23654400
68 0.4126 24113152
69 0.4185 24133632
70 0.4347 24375296
71 0.4306 24584192
72 0.4481 24973312
73 0.4415 25141248
74 0.4433 25186304
75 0.4517 25522176
76 0.4567 25698304
77 0.4654 25784320
78 0.4653 26103808
79 0.4727 26296320
80 0.4793 26497024
81 0.4799 26722304
82 0.4869 26959872
83 0.5062 26775552
84 0.5003 27394048
85 0.5069 27127808
86 0.5069 27820032
87 0.5173 27553792
88 0.5244 27774976
89 0.526 27910144
90 0.5285 28663808
91 0.5419 28893184
92 0.555 29364224
93 0.5554 29478912
94 0.5634 29577216
95 0.5618 29274112
96 0.5775 30064640
97 0.5707 29646848
98 0.5777 30371840
99 0.5788 30060544
100 0.5926 30261248
101 0.5951 30543872
102 0.5991 30740480
103 0.6096 31027200
104 0.6104 31256576
105 0.6188 31477760
106 0.6252 31612928
107 0.6336 32694272
108 0.6459 32239616
109 0.642 32366592
110 0.6538 33239040
111 0.6644 33701888
112 0.6617 33677312
113 0.6682 33890304
114 0.6713 34062336
115 0.6749 34271232
116 0.6808 34099200
117 0.6929 34816000
118 0.6939 34451456
119 0.7043 34664448
120 0.7131 35557376
121 0.7147 36089856
122 0.7122 35328000
123 0.7216 36024320
124 0.7431 36397056
125 0.7351 35872768
126 0.7326 36143104
127 0.7352 36823040
128 0.7438 37081088
129 0.7586 36753408
130 0.7728 37560320
131 0.7703 37904384
132 0.7804 38055936
133 0.7751 38293504
134 0.7823 38477824
135 0.8173 38748160
136 0.7958 38899712
137 0.9085 38948864
138 0.815 39268352
139 0.8164 40005632
140 0.8369 40067072
141 0.8249 40235008
142 0.8344 40136704
143 0.8415 40583168
144 0.8311 40108032
145 0.848 40759296
146 0.8477 40554496
147 0.8463 41246720
148 0.868 41832448
149 0.9082 41844736
150 0.8777 42328064
151 0.8677 42053632
152 0.8837 41795584
153 0.8837 42496000
154 0.8891 42242048
155 0.9053 42831872
156 0.9013 43118592
157 0.9113 42795008
158 0.9057 43028480
159 0.9204 44134400
160 0.9217 43958272
161 0.9307 44281856
162 0.9547 43487232
163 0.9757 44228608
164 1.0884 44097536
165 0.9588 44130304
166 0.9601 44232704
167 0.9585 44478464
168 0.9748 44941312
169 0.972 45461504
170 0.9765 45166592
171 1.0303 45854720
172 0.9901 46223360
173 1.0149 45879296
174 1.0149 45961216
175 0.9983 46714880
176 1.0046 46911488
177 1.0104 46551040
178 1.0204 47321088
179 1.035 47349760
180 1.0263 47788032
181 1.0321 47923200
182 1.0426 48197632
183 1.0438 48377856
184 1.0504 48709632
185 1.0733 48852992
186 1.0627 48996352
187 1.0667 48754688
188 1.0791 49582080
189 1.089 49201152
190 1.0877 49397760
191 1.0892 49590272
192 1.0937 49790976
193 1.1055 50155520
194 1.1154 50671616
195 1.1146 50429952
196 1.1233 50626560
197 1.1406 50937856
198 1.1496 51077120
199 1.1576 51642368
200 1.1437 51499008
201 1.1599 51736576
202 1.1642 52404224
203 1.1647 52346880
204 1.1688 52375552
205 1.1942 52826112
206 1.1898 53137408
207 1.1911 53276672
208 1.1901 53825536
209 1.2003 53518336
210 1.1982 53784576
211 1.2099 53956608
212 1.2115 54165504
213 1.2296 54910976
214 1.2384 54587392
215 1.2532 55054336
216 1.2436 55025664
217 1.2394 55238656
218 1.2519 55750656
219 1.2798 56160256
220 1.2648 56614912
221 1.3071 56668160
222 1.2828 57102336
223 1.3012 57503744
224 1.3047 57368576
225 1.2899 57487360
226 1.3118 57741312
227 1.3035 57913344
228 1.3148 58093568
229 1.3182 58347520
230 1.3271 58638336
231 1.3243 58953728
232 1.3357 59133952
233 1.3422 59326464
234 1.3595 59510784
235 1.3604 59682816
236 1.355 59908096
237 1.3655 60125184
238 1.3697 60305408
239 1.3824 61087744
240 1.3843 60719104
241 1.3865 61009920
242 1.3882 61321216
243 1.3838 61337600
244 1.4244 62189568
245 1.4215 61747200
246 1.4189 61968384
247 1.4204 62611456
248 1.4259 62369792
249 1.4408 62849024
250 1.4338 63238144
251 1.4473 62984192
252 1.4491 63746048
253 1.4648 63754240
254 1.4709 64061440
255 1.4824 64241664
256 1.4772 64094208
257 1.4804 64294912
258 1.4956 64716800
259 1.4898 64720896
260 1.497 65073152
261 1.4903 65175552
262 1.5179 65617920
263 1.5155 66232320
264 1.5165 66105344
265 1.5431 66859008
266 1.5428 66539520
267 1.5353 66768896
268 1.5533 66940928
269 1.5573 67219456
270 1.5489 67391488
271 1.5583 68104192
272 1.551 67768320
273 1.5727 68218880
274 1.5631 68231168
275 1.5902 68497408
276 1.5974 68755456
277 1.6172 69410816
278 1.6023 69095424
279 1.6008 69488640
280 1.6067 69496832
281 1.6141 69709824
282 1.624 70037504
283 1.6435 70619136
284 1.6638 70705152
285 1.653 70717440
286 1.6496 70807552
287 1.6558 71032832
288 1.6603 71254016
289 1.6612 71471104
290 1.6832 71770112
291 1.6917 71888896
292 1.6744 72601600
293 1.6895 72744960
294 1.6906 72536064
295 1.6896 72744960
296 1.7009 72957952
297 1.7035 73129984
298 1.7109 73707520
299 1.711 74153984
300 1.7134 73793536