1 0.0038 6639616
2 0.0064 6696960
3 0.007 6742016
4 0.0068 6828032
5 0.0077 6877184
6 0.0102 6926336
7 0.0099 6946816
8 0.0126 7036928
9 0.0162 7106560
10 0.014 7147520
11 0.0141 7184384
12 0.0166 7262208
13 0.0166 7286784
14 0.0187 7360512
15 0.0194 7434240
16 0.0196 7495680
17 0.0205 7548928
18 0.0214 7602176
19 0.0263 7639040
20 0.0248 7729152
21 0.0246 7757824
22 0.0256 7856128
23 0.0285 7909376
24 0.0337 7995392
25 0.0297 8003584
26 0.0307 8056832
27 0.0318 8085504
28 0.0333 8142848
29 0.0338 8204288
30 0.0339 8290304
31 0.0441 8347648
32 0.0417 8417280
33 0.0414 8437760
34 0.0383 8470528
35 0.0489 8650752
36 0.0562 8732672
37 0.0538 8667136
38 0.0542 8753152
39 0.0548 8810496
40 0.0542 8867840
41 0.0592 8990720
42 0.0651 9113600
43 0.059 9138176
44 0.0617 9162752
45 0.0495 9117696
46 0.0502 9203712
47 0.0526 9252864
48 0.0526 9273344
49 0.053 9375744
50 0.0589 9396224
51 0.0649 9523200
52 0.0625 9449472
53 0.0695 9695232
54 0.0596 9547776
55 0.0638 9691136
56 0.062 9678848
57 0.0634 9732096
58 0.0655 9801728
59 0.0651 9854976
60 0.0701 9949184
61 0.0857 10162176
62 0.0894 10170368
63 0.0861 10301440
64 0.0699 10133504
65 0.0716 10235904
66 0.0749 10264576
67 0.0932 10391552
68 0.1013 10510336
69 0.0908 10608640
70 0.0779 10469376
71 0.0856 10588160
72 0.1027 10674176
73 0.0966 10731520
74 0.0872 10731520
75 0.0938 10850304
76 0.0873 10801152
77 0.0829 10842112
78 0.0915 10924032
79 0.0944 11014144
80 0.1025 11128832
81 0.0873 11059200
82 0.0887 11141120
83 0.0929 11157504
84 0.1047 11386880
85 0.1061 11276288
86 0.093 11329536
87 0.0929 11386880
88 0.0973 11419648
89 0.0955 11493376
90 0.0956 11542528
91 0.1028 11587584
92 0.099 11636736
93 0.1014 11685888
94 0.1006 11759616
95 0.1054 11804672
96 0.1036 11866112
97 0.105 11907072
98 0.1048 11997184
99 0.1053 12042240
100 0.1079 12070912
101 0.1261 12173312
102 0.11 12230656
103 0.1115 12279808
104 0.1171 12324864
105 0.1134 12369920
106 0.1138 12435456
107 0.1162 12468224
108 0.1163 12500992
109 0.1212 12582912
110 0.1182 12648448
111 0.1211 12705792
112 0.1236 12734464
113 0.1231 12804096
114 0.1279 12869632
115 0.1248 12898304
116 0.1262 12992512
117 0.1253 13017088
118 0.1278 13086720
119 0.1328 13217792
120 0.1302 13279232
121 0.1325 13316096
122 0.1324 13373440
123 0.1342 13443072
124 0.1397 13479936
125 0.1369 13533184
126 0.1363 13553664
127 0.1389 13631488
128 0.1382 13684736
129 0.1424 13737984
130 0.1444 13795328
131 0.1437 13860864
132 0.1448 13901824
133 0.1495 14020608
134 0.1469 13991936
135 0.147 14045184
136 0.1469 14176256
137 0.1523 14159872
138 0.1509 14221312
139 0.1502 14262272
140 0.1528 14311424
141 0.1538 14381056
142 0.1532 14426112
143 0.155 14479360
144 0.155 14536704
145 0.1615 14610432
146 0.1605 14663680
147 0.1642 14737408
148 0.1639 14786560
149 0.1782 14823424
150 0.1693 15003648
151 0.1746 15028224
152 0.1666 14970880
153 0.1704 15052800
154 0.1798 15118336
155 0.1737 15204352
156 0.1695 15208448
157 0.1708 15241216
158 0.1723 15302656
159 0.1779 15470592
160 0.1729 15376384
161 0.1766 15462400
162 0.1734 15478784
163 0.1763 15589376
164 0.1818 15761408
165 0.1799 15671296
166 0.1789 15740928
167 0.1812 15773696
168 0.1835 15835136
169 0.1874 16023552
170 0.1895 16109568
171 0.1846 15982592
172 0.1907 16048128
173 0.1911 16097280
174 0.19 16138240
175 0.1967 16187392
176 0.1924 16240640
177 0.19 16273408
178 0.1934 16351232
179 0.1979 16441344
180 0.1957 16465920
181 0.1976 16519168
182 0.1949 16572416
183 0.2006 16629760
184 0.1985 16683008
185 0.2019 16728064
186 0.206 16781312
187 0.2053 16879616
188 0.2036 16744448
189 0.2014 16912384
190 0.2059 16998400
191 0.2087 17104896
192 0.2099 16986112
193 0.2121 17113088
194 0.2088 17203200
195 0.2164 17289216
196 0.2126 17215488
197 0.212 17272832
198 0.2129 17326080
199 0.2222 17510400
200 0.2263 17666048
201 0.2191 17756160
202 0.2244 17567744
203 0.226 17768448
204 0.2188 17764352
205 0.2295 17866752
206 0.2301 17797120
207 0.228 17985536
208 0.2253 17866752
209 0.2325 18108416
210 0.2309 18018304
211 0.2703 18055168
212 0.2301 18116608
213 0.2292 18296832
214 0.236 18219008
215 0.2325 18399232
216 0.235 18411520
217 0.2438 18378752
218 0.2361 18554880
219 0.2465 18661376
220 0.2429 18534400
221 0.2406 18714624
222 0.2419 18649088
223 0.2441 18804736
224 0.2526 18804736
225 0.2438 18882560
226 0.2538 18833408
227 0.249 18984960
228 0.2471 19124224
229 0.2514 19111936
230 0.2495 19185664
231 0.2566 19292160
232 0.2538 19324928
233 0.2526 19398656
234 0.252 19349504
235 0.2564 19488768
236 0.2563 19554304
237 0.261 19705856
238 0.2615 19779584
239 0.2604 19722240
240 0.2621 19890176
241 0.267 19943424
242 0.2655 20004864
243 0.2657 20045824
244 0.2654 20000768
245 0.27 20164608
246 0.2715 20103168
247 0.2715 20279296
248 0.2776 20332544
249 0.27 20381696
250 0.2759 20291584
251 0.2749 20492288
252 0.2793 20533248
253 0.2761 20582400
254 0.279 20631552
255 0.2804 20692992
256 0.2868 20930560
257 0.2834 20664320
258 0.283 20832256
259 0.2842 20889600
260 0.2868 20946944
261 0.2899 21094400
262 0.2892 21204992
263 0.289 21102592
264 0.2919 21168128
265 0.2891 21073920
266 0.2906 21225472
267 0.295 21172224
268 0.3074 21442560
269 0.2961 21282816
270 0.2922 21483520
271 0.2968 21512192
272 0.2995 21450752
273 0.3035 21626880
274 0.3028 21680128
275 0.3005 21721088
276 0.2997 21655552
277 0.3023 21708800
278 0.306 21757952
279 0.3057 21942272
280 0.3084 21991424
281 0.3074 22032384
282 0.3134 22253568
283 0.3102 22142976
284 0.3098 22081536
285 0.3143 22274048
286 0.3105 22138880
287 0.3161 22355968
288 0.3162 22282240
289 0.3174 22544384
290 0.3166 22560768
291 0.3198 22560768
292 0.3183 22593536
293 0.3202 22671360
294 0.32 22597632
295 0.323 22659072
296 0.3265 22835200
297 0.3233 22904832
298 0.3322 23162880
299 0.3368 22863872
300 0.3256 23052288