1 0.0418 9166848
2 0.0498 9383936
3 0.0498 9539584
4 0.0539 9707520
5 0.0568 9887744
6 0.0607 10018816
7 0.0658 10276864
8 0.069 10469376
9 0.0723 10596352
10 0.0806 10743808
11 0.0813 10899456
12 0.0929 11067392
13 0.117 11390976
14 0.1023 11431936
15 0.0974 11595776
16 0.1 11767808
17 0.1062 11935744
18 0.1141 12156928
19 0.1132 12275712
20 0.1207 12460032
21 0.1209 12632064
22 0.1251 12795904
23 0.128 12922880
24 0.1337 13115392
25 0.1365 13291520
26 0.1442 13463552
27 0.145 13623296
28 0.1539 13828096
29 0.1527 13983744
30 0.1555 14114816
31 0.1644 14315520
32 0.1681 14565376
33 0.1697 14643200
34 0.1769 14815232
35 0.1756 14950400
36 0.1957 15175680
37 0.1887 15339520
38 0.1887 15474688
39 0.1925 15679488
40 0.1956 15826944
41 0.2098 16171008
42 0.2043 16195584
43 0.2263 16461824
44 0.2184 16547840
45 0.2158 16723968
46 0.2215 16891904
47 0.2291 17047552
48 0.2327 17207296
49 0.2341 17354752
50 0.2358 17494016
51 0.2403 17719296
52 0.2458 17903616
53 0.2498 18063360
54 0.2561 18264064
55 0.276 18472960
56 0.2709 18518016
57 0.2746 18726912
58 0.2771 19042304
59 0.3743 19120128
60 0.2921 19251200
61 0.2874 19447808
62 0.2853 19542016
63 0.2952 19902464
64 0.2952 19787776
65 0.2964 20078592
66 0.3069 20238336
67 0.3111 20287488
68 0.3144 20676608
69 0.3144 20606976
70 0.3225 20774912
71 0.3286 21012480
72 0.3279 21254144
73 0.3522 21327872
74 0.3346 21635072
75 0.3607 21774336
76 0.3473 21954560
77 0.3827 22003712
78 0.3556 22298624
79 0.3646 22384640
80 0.3577 22609920
81 0.3611 22614016
82 0.3672 22933504
83 0.3735 22982656
84 0.3745 23285760
85 0.3785 23429120
86 0.3842 23646208
87 0.3902 23785472
88 0.4417 24072192
89 0.419 24383488
90 0.4508 24387584
91 0.4326 24563712
92 0.4329 24854528
93 0.5114 24776704
94 0.4487 25001984
95 0.5247 25194496
96 0.4277 25305088
97 0.4343 25489408
98 0.488 25518080
99 0.4367 25812992
100 0.4457 26120192
101 0.4439 26017792
102 0.4498 26038272
103 0.4753 26521600
104 0.4677 26705920
105 0.4649 26333184
106 0.47 27025408
107 0.4767 27213824
108 0.4773 27373568
109 0.4833 27533312
110 0.4886 27762688
111 0.4901 27529216
112 0.4968 28184576
113 0.4963 28200960
114 0.505 27820032
115 0.5045 27967488
116 0.5312 28237824
117 0.5089 28385280
118 0.5208 29327360
119 0.5186 29229056
120 0.5282 29540352
121 0.5333 29569024
122 0.5369 29843456
123 0.5435 30142464
124 0.5419 30052352
125 0.5567 29736960
126 0.6532 30662656
127 0.5539 30167040
128 0.5601 30240768
129 0.557 30851072
130 0.5685 31248384
131 0.5756 31227904
132 0.5811 30871552
133 0.5786 31014912
134 0.5848 31182848
135 0.583 31850496
136 0.5872 31526912
137 0.5917 32206848
138 0.597 32382976
139 0.6021 32567296
140 0.6086 32190464
141 0.605 32854016
142 0.6116 33062912
143 0.6147 33226752
144 0.6282 33480704
145 0.6211 32980992
146 0.6324 33193984
147 0.6418 34025472
148 0.6468 34304000
149 0.6544 33861632
150 0.6488 34516992
151 0.6516 34680832
152 0.6544 34840576
153 0.6596 35004416
154 0.6657 34668544
155 0.6746 34816000
156 0.677 34975744
157 0.6783 35667968
158 0.6762 35790848
159 0.6831 35467264
160 0.6898 35631104
161 0.6943 36290560
162 0.6971 36474880
163 0.7026 36298752
164 0.7084 36290560
165 0.7028 36986880
166 0.7099 37163008
167 0.719 37310464
168 0.7282 37494784
169 0.7254 37130240
170 0.7355 37924864
171 0.7319 37445632
172 0.7365 37568512
173 0.7404 37797888
174 0.7454 38592512
175 0.754 38969344
176 0.7748 38453248
177 0.7718 38711296
178 0.7647 39342080
179 0.7708 38957056
180 0.7725 39653376
181 0.7757 39284736
182 0.7802 39469056
183 0.7898 40235008
184 0.7867 40308736
185 0.7961 40665088
186 0.7987 40595456
187 0.8089 40230912
188 0.8109 40914944
189 0.8152 41377792
190 0.8162 40718336
191 0.8176 40878080
192 0.8258 42024960
193 0.8374 41660416
194 0.8287 41897984
195 0.8315 42098688
196 0.8356 42229760
197 0.8446 41873408
198 0.8468 42332160
199 0.8547 42999808
200 0.869 42364928
201 0.8631 43384832
202 0.8626 43237376
203 0.8661 43372544
204 0.8742 43692032
205 0.8798 43835392
206 0.8891 44003328
207 0.8985 43986944
208 0.8879 44269568
209 0.8947 43954176
210 0.9037 44113920
211 0.9055 44711936
212 0.9063 45101056
213 0.9125 44724224
214 0.9369 44986368
215 0.9346 45105152
216 0.9217 45137920
217 0.9276 45293568
218 0.9314 44929024
219 0.9384 45101056
220 0.9475 45780992
221 0.9657 45780992
222 0.9583 46120960
223 0.9512 46292992
224 0.9613 46415872
225 0.9717 46350336
226 0.9619 46264320
227 0.97 46530560
228 0.9741 46579712
229 0.9732 47284224
230 0.976 47443968
231 0.9974 47710208
232 0.9848 47882240
233 0.9954 48021504
234 1.0042 47661056
235 1.0249 48611328
236 0.9997 47964160
237 1.0195 49070080
238 1.0162 48807936
239 1.0206 48529408
240 1.0293 48840704
241 1.0451 49119232
242 1.029 48955392
243 1.0482 49823744
244 1.0366 49831936
245 1.0445 49971200
246 1.0499 50196480
247 1.0474 50302976
248 1.0562 50470912
249 1.0541 50651136
250 1.06 50831360
251 1.063 51044352
252 1.078 50778112
253 1.0852 51347456
254 1.0723 50991104
255 1.0903 51204096
256 1.0812 51302400
257 1.0943 51462144
258 1.0926 51617792
259 1.0951 51830784
260 1.0968 51957760
261 1.1072 52494336
262 1.1093 52285440
263 1.1042 52498432
264 1.1208 52588544
265 1.1254 52797440
266 1.127 52932608
267 1.1354 53108736
268 1.13 53272576
269 1.1312 53432320
270 1.1338 53612544
271 1.1438 53739520
272 1.1422 53948416
273 1.1586 54104064
274 1.153 54804480
275 1.1711 54489088
276 1.1766 54583296
277 1.1619 54767616
278 1.1798 54919168
279 1.1807 55087104
280 1.1831 55500800
281 1.182 55431168
282 1.1855 55627776
283 1.1963 55742464
284 1.1921 55914496
285 1.1988 56078336
286 1.2194 56250368
287 1.2457 56524800
288 1.5474 56651776
289 1.4952 57180160
290 1.3021 56963072
291 1.3499 57114624
292 1.458 57462784
293 1.4915 57446400
294 1.4396 57614336
295 1.3719 58220544
296 1.2648 58179584
297 1.2747 58351616
298 1.2582 58486784
299 1.2712 59224064
300 1.2624 58851328