1 0.0038 6664192
2 0.0061 6746112
3 0.0059 6815744
4 0.007 6848512
5 0.0097 6946816
6 0.0135 7016448
7 0.0152 7090176
8 0.0136 7159808
9 0.0149 7233536
10 0.0193 7323648
11 0.0173 7360512
12 0.0217 7446528
13 0.0202 7512064
14 0.0214 7585792
15 0.0215 7684096
16 0.0271 7733248
17 0.024 7819264
18 0.0269 7876608
19 0.028 7970816
20 0.0331 8015872
21 0.0291 8089600
22 0.0322 8134656
23 0.0371 8302592
24 0.0374 8282112
25 0.0386 8359936
26 0.0356 8429568
27 0.039 8491008
28 0.0387 8568832
29 0.0442 8654848
30 0.0426 8716288
31 0.0431 8761344
32 0.045 8855552
33 0.0448 8904704
34 0.0468 8974336
35 0.0476 9035776
36 0.053 9150464
37 0.0511 9207808
38 0.0515 9359360
39 0.0543 9367552
40 0.058 9420800
41 0.0596 9490432
42 0.0625 9621504
43 0.0619 9625600
44 0.0611 9687040
45 0.0653 9781248
46 0.0666 9826304
47 0.0682 9900032
48 0.0673 9961472
49 0.0679 10031104
50 0.0667 10121216
51 0.0695 10153984
52 0.0713 10264576
53 0.0716 10338304
54 0.0735 10403840
55 0.0751 10469376
56 0.0797 10530816
57 0.0807 10596352
58 0.0803 10690560
59 0.0793 10764288
60 0.0823 10829824
61 0.0841 10878976
62 0.0838 10936320
63 0.0862 11022336
64 0.088 11108352
65 0.0887 11177984
66 0.0917 11247616
67 0.0918 11321344
68 0.0936 11390976
69 0.1232 11452416
70 0.0953 11522048
71 0.0976 11616256
72 0.0992 11681792
73 0.0997 11722752
74 0.1015 11812864
75 0.1034 11874304
76 0.1047 11939840
77 0.1038 11993088
78 0.1049 12091392
79 0.1107 12152832
80 0.1092 12210176
81 0.1108 12279808
82 0.1149 12357632
83 0.1167 12414976
84 0.1151 12484608
85 0.1159 12550144
86 0.1197 12615680
87 0.1186 12681216
88 0.1188 12750848
89 0.1242 12820480
90 0.1219 12886016
91 0.1222 12996608
92 0.1232 13021184
93 0.136 13082624
94 0.1309 13144064
95 0.1279 13217792
96 0.1339 13295616
97 0.1353 13352960
98 0.1324 13455360
99 0.1344 13504512
100 0.1341 13578240
101 0.1357 13643776
102 0.1429 13725696
103 0.1463 13807616
104 0.1458 13869056
105 0.1449 13963264
106 0.1676 14184448
107 0.1457 14098432
108 0.1493 14151680
109 0.1487 14225408
110 0.1493 14303232
111 0.1512 14327808
112 0.154 14430208
113 0.1575 14491648
114 0.1565 14553088
115 0.1576 14630912
116 0.1564 14700544
117 0.1575 14815232
118 0.1605 14893056
119 0.162 14917632
120 0.1623 15020032
121 0.1678 15073280
122 0.165 15142912
123 0.1664 15179776
124 0.1662 15278080
125 0.1736 15413248
126 0.1723 15388672
127 0.1725 15470592
128 0.1781 15560704
129 0.186 15630336
130 0.1813 15802368
131 0.182 15761408
132 0.1794 15851520
133 0.1813 15908864
134 0.1806 15994880
135 0.1858 16044032
136 0.1901 16199680
137 0.1851 16183296
138 0.186 16261120
139 0.1887 16318464
140 0.1908 16375808
141 0.1937 16437248
142 0.2 16580608
143 0.2001 16646144
144 0.2 16715776
145 0.2 16781312
146 0.2016 16859136
147 0.2008 16818176
148 0.2037 16871424
149 0.2069 17043456
150 0.208 17133568
151 0.2061 17186816
152 0.211 17317888
153 0.2073 17350656
154 0.2128 17379328
155 0.212 17473536
156 0.2114 17276928
157 0.2145 17596416
158 0.2151 17661952
159 0.2169 17727488
160 0.2208 17518592
161 0.2215 17600512
162 0.2223 17674240
163 0.2227 17989632
164 0.2229 18022400
165 0.2247 17870848
166 0.2249 18194432
167 0.2272 18006016
168 0.2271 18030592
169 0.2298 18137088
170 0.2306 18210816
171 0.2384 18583552
172 0.2341 18571264
173 0.2352 18653184
174 0.2387 18722816
175 0.2443 18624512
176 0.2395 18841600
177 0.2459 18927616
178 0.2419 19013632
179 0.2418 19070976
180 0.2439 18878464
181 0.2442 19193856
182 0.2484 19255296
183 0.2483 19038208
184 0.2501 19406848
185 0.253 19456000
186 0.2594 19628032
187 0.2558 19611648
188 0.2594 19415040
189 0.2567 19767296
190 0.2602 19525632
191 0.2619 19873792
192 0.2654 19947520
193 0.2607 19972096
194 0.2644 20078592
195 0.2653 20193280
196 0.2721 20230144
197 0.2766 20426752
198 0.2717 20361216
199 0.2703 20185088
200 0.2742 20516864
201 0.275 20553728
202 0.2801 20381696
203 0.2752 20705280
204 0.2782 20529152
205 0.2892 21045248
206 0.2851 20934656
207 0.293 21155840
208 0.2931 21094400
209 0.2856 20893696
210 0.2936 21229568
211 0.3031 21032960
212 0.2961 21544960
213 0.3 21213184
214 0.3004 21245952
215 0.3 21585920
216 0.2984 21348352
217 0.2963 21708800
218 0.2985 21766144
219 0.3012 21557248
220 0.3082 21901312
221 0.313 21970944
222 0.3077 22204416
223 0.3057 22097920
224 0.3058 21925888
225 0.3112 21991424
226 0.31 22048768
227 0.3102 22106112
228 0.3112 22446080
229 0.3131 22241280
230 0.318 22573056
231 0.3141 22478848
232 0.3178 22765568
233 0.3241 22872064
234 0.3248 22646784
235 0.3257 22704128
236 0.331 23040000
237 0.3268 23117824
238 0.3308 23175168
239 0.3298 23244800
240 0.3287 23052288
241 0.3313 23109632
242 0.3306 23482368
243 0.3363 23265280
244 0.3372 23314432
245 0.3345 23650304
246 0.3352 23719936
247 0.3369 23773184
248 0.3408 23859200
249 0.3476 24084480
250 0.344 23998464
251 0.3474 23945216
252 0.3501 24317952
253 0.364 23916544
254 0.4149 24489984
255 0.4383 24428544
256 0.435 24322048
257 0.3575 24530944
258 0.3656 24334336
259 0.38 24358912
260 0.3614 24694784
261 0.3619 24805376
262 0.3675 25059328
263 0.3601 24662016
264 0.3612 24948736
265 0.3633 25038848
266 0.3645 25116672
267 0.3629 25178112
268 0.3673 25251840
269 0.377 25489408
270 0.3752 25395200
271 0.3727 25186304
272 0.3785 25505792
273 0.3756 25583616
274 0.3729 25616384
275 0.3799 25903104
276 0.3804 25509888
277 0.377 25591808
278 0.3961 26144768
279 0.381 25718784
280 0.3863 26034176
281 0.3842 25870336
282 0.3868 26189824
283 0.3981 26259456
284 0.4064 26390528
285 0.3926 26378240
286 0.3988 26603520
287 0.4054 26673152
288 0.4003 26591232
289 0.4045 26656768
290 0.4061 26894336
291 0.3985 26783744
292 0.4055 27013120
293 0.4093 27086848
294 0.4035 26857472
295 0.4021 27029504
296 0.4139 27144192
297 0.427 27377664
298 0.4112 27271168
299 0.4164 27336704
300 0.4125 27271168