1 0.0418 9166848
2 0.0478 9363456
3 0.0525 9568256
4 0.0561 9805824
5 0.0654 10067968
6 0.0674 10268672
7 0.0727 10432512
8 0.0781 10633216
9 0.0823 10842112
10 0.0918 11173888
11 0.0925 11272192
12 0.1008 11472896
13 0.1029 11689984
14 0.1111 11907072
15 0.1123 12095488
16 0.1188 12333056
17 0.1264 12533760
18 0.1271 12705792
19 0.1349 12926976
20 0.1487 13193216
21 0.1476 13393920
22 0.1527 13561856
23 0.1538 13807616
24 0.1606 13975552
25 0.1643 14209024
26 0.1747 14417920
27 0.1768 14655488
28 0.1805 14823424
29 0.1904 15106048
30 0.2294 15470592
31 0.1958 15458304
32 0.2011 15704064
33 0.2059 15872000
34 0.2167 16191488
35 0.2156 16314368
36 0.2275 16494592
37 0.2277 16715776
38 0.2329 16920576
39 0.2408 17129472
40 0.2454 17330176
41 0.2467 17518592
42 0.2962 17883136
43 0.266 17973248
44 0.2804 18219008
45 0.282 18391040
46 0.3452 18624512
47 0.37 18698240
48 0.3561 18931712
49 0.3497 19357696
50 0.3664 19587072
51 0.3443 19771392
52 0.3181 19763200
53 0.3458 20213760
54 0.398 20369408
55 0.3956 20533248
56 0.4121 20664320
57 0.412 21045248
58 0.4381 21237760
59 0.4003 21688320
60 0.3615 21516288
61 0.4182 21995520
62 0.3657 21954560
63 0.3874 22249472
64 0.3789 22642688
65 0.3769 22679552
66 0.3863 22970368
67 0.3908 23179264
68 0.4043 23285760
69 0.3993 23302144
70 0.4116 23744512
71 0.418 23969792
72 0.4197 24027136
73 0.4165 24281088
74 0.4255 24485888
75 0.4338 24559616
76 0.4394 25124864
77 0.4397 24965120
78 0.4451 25292800
79 0.4489 25378816
80 0.4577 25706496
81 0.4613 25378816
82 0.4657 26140672
83 0.4698 26312704
84 0.4751 26521600
85 0.4808 26189824
86 0.4881 26894336
87 0.4959 27136000
88 0.5111 27361280
89 0.5002 27529216
90 0.5087 27197440
91 0.5216 27447296
92 0.54 27623424
93 0.5355 28049408
94 0.5393 28651520
95 0.5451 28327936
96 0.5363 28995584
97 0.5475 29179904
98 0.552 28860416
99 0.5593 29052928
100 0.5625 29941760
101 0.5748 30126080
102 0.5752 30388224
103 0.5885 30003200
104 0.5977 31014912
105 0.5912 30900224
106 0.6021 31125504
107 0.6076 31059968
108 0.6089 31531008
109 0.6231 31825920
110 0.6243 31952896
111 0.6425 32342016
112 0.6378 31825920
113 0.638 32256000
114 0.6474 32231424
115 0.6572 32563200
116 0.6625 33361920
117 0.6602 33669120
118 0.6735 33677312
119 0.6768 33583104
120 0.6908 33738752
121 0.6845 34480128
122 0.6843 34111488
123 0.6895 34885632
124 0.6977 35049472
125 0.7141 35524608
126 0.7154 34942976
127 0.7176 35684352
128 0.7223 35909632
129 0.7215 35581952
130 0.7287 36282368
131 0.7344 36499456
132 0.7477 37064704
133 0.7418 36405248
134 0.7509 37122048
135 0.7653 37658624
136 0.7639 37904384
137 0.7644 37720064
138 0.784 38330368
139 0.7753 38084608
140 0.787 38690816
141 0.7941 38969344
142 0.8175 38375424
143 0.7921 38416384
144 0.8054 39124992
145 0.8074 39378944
146 0.8188 39280640
147 0.8172 39710720
148 0.8284 39903232
149 0.8315 40112128
150 0.844 40767488
151 0.8372 40943616
152 0.8446 40849408
153 0.8553 40927232
154 0.862 41299968
155 0.8567 41336832
156 0.8661 41549824
157 0.8712 41230336
158 0.8797 42106880
159 0.888 41656320
160 0.8814 42369024
161 0.8914 42569728
162 0.8915 42749952
163 0.902 42958848
164 0.9045 43122688
165 0.9187 43106304
166 0.915 43114496
167 0.926 42799104
168 0.9299 44019712
169 0.9285 43732992
170 0.9379 43933696
171 0.944 44142592
172 0.9542 44359680
173 0.9538 44257280
174 0.9558 44744704
175 0.9649 44916736
176 0.9728 44634112
177 0.97 45375488
178 0.9823 45027328
179 0.9847 45760512
180 0.9936 45449216
181 0.9921 46170112
182 1.0074 46370816
183 1.0069 46817280
184 1.0143 46243840
185 1.0143 46465024
186 1.0247 47169536
187 1.0391 47443968
188 1.0352 47583232
189 1.0389 47284224
190 1.0435 47521792
191 1.0592 48254976
192 1.0586 48467968
193 1.0603 48664576
194 1.0683 48857088
195 1.0744 49074176
196 1.0773 48750592
197 1.0765 48943104
198 1.0823 49205248
199 1.0952 49442816
200 1.0999 50057216
201 1.1167 49803264
202 1.1207 50053120
203 1.1229 50483200
204 1.126 50733056
205 1.1368 50950144
206 1.1392 51159040
207 1.1483 51347456
208 1.1529 51531776
209 1.1719 52088832
210 1.1721 52166656
211 1.1793 52137984
212 1.1729 52350976
213 1.1756 52568064
214 1.1836 52752384
215 1.1951 52944896
216 1.1963 53174272
217 1.2137 53694464
218 1.2137 53694464
219 1.2087 53788672
220 1.2175 53968896
221 1.2152 54198272
222 1.2226 54382592
223 1.2297 54587392
224 1.2374 54796288
225 1.2505 55230464
226 1.2463 55214080
227 1.2527 55406592
228 1.2594 55631872
229 1.261 55836672
230 1.2729 56283136
231 1.2713 56631296
232 1.2917 57274368
233 1.3101 56995840
234 1.2962 57466880
235 1.3063 57659392
236 1.3167 57913344
237 1.3313 58249216
238 1.3322 58281984
239 1.3253 58482688
240 1.3536 58662912
241 1.3467 59396096
242 1.3454 59203584
243 1.3523 59281408
244 1.3485 59727872
245 1.36 59719680
246 1.3678 60293120
247 1.3794 60579840
248 1.3731 60317696
249 1.3887 60514304
250 1.3881 60710912
251 1.3883 60940288
252 1.3987 61145088
253 1.3903 61353984
254 1.4102 61501440
255 1.4201 61976576
256 1.4214 61947904
257 1.4659 62148608
258 1.4344 62296064
259 1.433 62558208
260 1.4411 62697472
261 1.4563 62939136
262 1.4423 63156224
263 1.4567 63340544
264 1.4524 63553536
265 1.4536 63746048
266 1.4784 64323584
267 1.4649 64167936
268 1.472 64364544
269 1.4945 64679936
270 1.4897 64770048
271 1.5008 64983040
272 1.501 65187840
273 1.5082 65372160
274 1.5103 66023424
275 1.5231 66195456
276 1.5193 66383872
277 1.5517 66375680
278 1.5341 66875392
279 1.5364 66646016
280 1.5492 66859008
281 1.552 67055616
282 1.5467 67530752
283 1.5652 67411968
284 1.5603 68091904
285 1.5733 67846144
286 1.5753 68014080
287 1.5822 68243456
288 1.593 68407296
289 1.5779 68681728
290 1.5904 69255168
291 1.5925 69066752
292 1.5971 69292032
293 1.6249 70004736
294 1.6378 69914624
295 1.6227 69890048
296 1.625 70090752
297 1.6339 70332416
298 1.6328 70717440
299 1.6538 70955008
300 1.647 70914048