1 0.1462 18231296
2 0.1633 18444288
3 0.1614 18583552
4 0.1715 18952192
5 0.1719 19070976
6 0.1947 19496960
7 0.1899 19365888
8 0.1914 19562496
9 0.19 19685376
10 0.2194 19988480
11 0.2046 20320256
12 0.2025 20361216
13 0.2135 20578304
14 0.2023 20754432
15 0.2214 20971520
16 0.224 21274624
17 0.2263 21463040
18 0.2195 21684224
19 0.2402 21716992
20 0.2312 21929984
21 0.2437 22044672
22 0.2346 22310912
23 0.2601 22376448
24 0.2711 22691840
25 0.2504 22835200
26 0.2694 23048192
27 0.2692 23306240
28 0.2729 23306240
29 0.2852 23896064
30 0.2907 23773184
31 0.2949 24281088
32 0.2947 24539136
33 0.3054 24707072
34 0.3096 24735744
35 0.3023 24825856
36 0.3101 24887296
37 0.3165 25112576
38 0.3126 25382912
39 0.3263 25600000
40 0.3189 25796608
41 0.3312 25952256
42 0.3376 26173440
43 0.3303 26329088
44 0.3486 26640384
45 0.3544 26718208
46 0.3484 26968064
47 0.3567 27103232
48 0.3592 27504640
49 0.3693 27508736
50 0.3737 27709440
51 0.3782 28008448
52 0.4018 28069888
53 0.377 28311552
54 0.4015 28561408
55 0.3975 28762112
56 0.407 28745728
57 0.4091 29196288
58 0.4179 29544448
59 0.4236 29462528
60 0.4069 29675520
61 0.4319 29904896
62 0.4196 29925376
63 0.439 30146560
64 0.4305 30474240
65 0.4557 30924800
66 0.4424 30851072
67 0.4549 30994432
68 0.4563 31113216
69 0.4727 31350784
70 0.467 31465472
71 0.4669 31776768
72 0.4723 32137216
73 0.4829 32276480
74 0.4744 32370688
75 0.4943 32780288
76 0.4823 32702464
77 0.5058 32755712
78 0.4931 33337344
79 0.511 33488896
80 0.5125 33792000
81 0.5162 33906688
82 0.5211 33988608
83 0.5283 34213888
84 0.5609 34222080
85 0.5311 34500608
86 0.5717 34746368
87 0.5427 34865152
88 0.5429 34938880
89 0.5567 35115008
90 0.5474 35352576
91 0.5644 35676160
92 0.5681 35926016
93 0.5742 36282368
94 0.573 36012032
95 0.5651 36261888
96 0.5871 36466688
97 0.5908 37167104
98 0.587 36962304
99 0.5985 37351424
100 0.5985 37343232
101 0.6097 37617664
102 0.6173 37986304
103 0.6357 37920768
104 0.6764 38121472
105 0.6632 38440960
106 0.705 38506496
107 0.6701 38846464
108 0.6855 38907904
109 0.7299 39063552
110 0.6439 39284736
111 0.6666 39534592
112 0.7178 39649280
113 0.6569 39829504
114 0.6652 39809024
115 0.6765 40235008
116 0.683 40628224
117 0.6786 40738816
118 0.6808 40882176
119 0.697 41340928
120 0.7017 41160704
121 0.7018 41357312
122 0.7265 41652224
123 0.7337 41889792
124 0.719 41775104
125 0.7169 42086400
126 0.7211 42340352
127 0.7518 42438656
128 0.7524 42864640
129 0.7357 43151360
130 0.7461 43220992
131 0.7398 43544576
132 0.761 43749376
133 0.7594 43794432
134 0.7537 44077056
135 0.7904 44261376
136 0.7773 44531712
137 0.7792 44630016
138 0.7862 44806144
139 0.7868 45268992
140 0.7897 45113344
141 0.8015 45264896
142 0.8034 45858816
143 0.8223 45613056
144 0.8104 46043136
145 0.8231 46276608
146 0.823 46297088
147 0.8414 46546944
148 0.8335 46821376
149 0.8257 46759936
150 0.8366 47034368
151 0.841 47050752
152 0.8397 47497216
153 0.8603 47452160
154 0.8579 47792128
155 0.8664 48074752
156 0.8605 48214016
157 0.8764 48340992
158 0.8859 48889856
159 0.8932 48906240
160 0.8802 49020928
161 0.88 48967680
162 0.8991 49422336
163 0.904 49377280
164 0.9059 49627136
165 0.9054 49958912
166 0.9193 50270208
167 0.9176 50290688
168 0.9203 50376704
169 0.9295 50769920
170 0.933 51204096
171 0.9403 51187712
172 0.9443 50884608
173 0.9325 51339264
174 0.9393 50995200
175 0.9448 51101696
176 0.9525 51474432
177 0.9483 52023296
178 0.9606 51863552
179 0.9606 52039680
180 0.967 52699136
181 0.9876 52232192
182 0.9776 52420608
183 0.9894 52584448
184 0.9805 52813824
185 0.9945 53100544
186 1.0008 53215232
187 1.008 53637120
188 1.0188 53497856
189 1.0166 53846016
190 1.0184 54149120
191 1.0233 54153216
192 1.032 54497280
193 1.0421 54820864
194 1.0403 54976512
195 1.0555 55037952
196 1.0457 55521280
197 1.0657 55271424
198 1.0546 55562240
199 1.0764 56057856
200 1.0692 55914496
201 1.0586 56098816
202 1.0811 56102912
203 1.0826 56438784
204 1.0942 56492032
205 1.1043 56934400
206 1.1051 57593856
207 1.1058 57782272
208 1.1256 57499648
209 1.1194 57577472
210 1.1247 57905152
211 1.1372 58150912
212 1.1155 58277888
213 1.1284 58253312
214 1.1323 58646528
215 1.1389 58793984
216 1.1604 58990592
217 1.1456 59277312
218 1.1672 59408384
219 1.1636 59719680
220 1.1576 59813888
221 1.1778 59904000
222 1.1747 60416000
223 1.1829 60346368
224 1.1948 60628992
225 1.1996 60686336
226 1.1839 60915712
227 1.1931 61005824
228 1.2034 61206528
229 1.2113 61091840
230 1.2003 61292544
231 1.2181 61718528
232 1.2229 61399040
233 1.2361 61677568
234 1.216 61980672
235 1.237 62300160
236 1.22 62246912
237 1.2426 62464000
238 1.2289 62660608
239 1.2557 62980096
240 1.2636 63389696
241 1.2415 63127552
242 1.2812 63664128
243 1.2776 63569920
244 1.2615 63705088
245 1.3016 64290816
246 1.287 64188416
247 1.2872 64417792
248 1.2977 64811008
249 1.3249 65097728
250 1.2958 65290240
251 1.3061 65490944
252 1.3138 65458176
253 1.3384 65617920
254 1.3162 65720320
255 1.3276 66166784
256 1.3328 66486272
257 1.3529 66154496
258 1.3315 66441216
259 1.3445 66535424
260 1.3506 67166208
261 1.3502 67375104
262 1.3605 67170304
263 1.3755 67817472
264 1.3795 67813376
265 1.3675 68411392
266 1.3666 68182016
267 1.4103 68308992
268 1.3977 68812800
269 1.3949 69128192
270 1.3983 69169152
271 1.3989 69353472
272 1.3942 69619712
273 1.4276 69615616
274 1.4023 70000640
275 1.4625 70606848
276 1.4486 70193152
277 1.4645 70537216
278 1.4572 70647808
279 1.4488 71258112
280 1.4442 71376896
281 1.4523 71430144
282 1.4541 71774208
283 1.4815 71757824
284 1.4691 72331264
285 1.4703 72441856
286 1.4727 72441856
287 1.4669 72470528
288 1.4756 72536064
289 1.4847 72912896
290 1.5016 72962048
291 1.5079 73605120
292 1.5067 73658368
293 1.5264 73916416
294 1.5376 73986048
295 1.5139 73801728
296 1.5175 74133504
297 1.518 74485760
298 1.5387 74547200
299 1.5331 75051008
300 1.5317 75345920