1 0.0236 6127616
2 0.0242 6086656
3 0.0262 6144000
4 0.0246 6123520
5 0.0248 6201344
6 0.0273 6246400
7 0.0252 6217728
8 0.0292 6287360
9 0.0257 6336512
10 0.0294 6307840
11 0.0258 6316032
12 0.0273 6402048
13 0.0268 6389760
14 0.0268 6492160
15 0.0272 6500352
16 0.0283 6512640
17 0.0276 6504448
18 0.0298 6606848
19 0.0276 6635520
20 0.0328 6635520
21 0.028 6696960
22 0.029 6742016
23 0.0308 6746112
24 0.0289 6729728
25 0.0294 6758400
26 0.0417 6844416
27 0.0363 6823936
28 0.0304 6852608
29 0.0305 6946816
30 0.0311 6934528
31 0.033 6991872
32 0.0313 6995968
33 0.0317 7028736
34 0.0316 7065600
35 0.0325 7163904
36 0.0325 7208960
37 0.0336 7196672
38 0.033 7237632
39 0.0334 7327744
40 0.0334 7311360
41 0.0385 7405568
42 0.04 7454720
43 0.0357 7434240
44 0.0407 7491584
45 0.0375 7548928
46 0.0353 7565312
47 0.0355 7614464
48 0.0374 7692288
49 0.0382 7692288
50 0.0374 7761920
51 0.0423 7782400
52 0.0378 7839744
53 0.0394 7876608
54 0.0376 7905280
55 0.0386 7946240
56 0.0395 8019968
57 0.043 8081408
58 0.0408 8097792
59 0.0397 8130560
60 0.0467 8228864
61 0.0435 8421376
62 0.0432 8372224
63 0.0445 8421376
64 0.0453 8515584
65 0.0454 8585216
66 0.0492 8568832
67 0.0443 8572928
68 0.0422 8593408
69 0.0438 8708096
70 0.0427 8683520
71 0.0457 8740864
72 0.0452 8871936
73 0.0484 8933376
74 0.0469 8986624
75 0.0484 9048064
76 0.0481 9089024
77 0.0509 9146368
78 0.0472 9216000
79 0.0477 9265152
80 0.0482 9269248
81 0.0485 9334784
82 0.0486 9359360
83 0.0547 9453568
84 0.0494 9551872
85 0.0501 9613312
86 0.0504 9592832
87 0.0521 9666560
88 0.0516 9732096
89 0.0512 9789440
90 0.0515 9850880
91 0.0582 9895936
92 0.0566 10027008
93 0.0532 10022912
94 0.0535 10092544
95 0.0545 10182656
96 0.0553 10317824
97 0.0531 10317824
98 0.0562 10338304
99 0.0581 10510336
100 0.0557 10473472
101 0.0554 10539008
102 0.0582 10620928
103 0.0555 10633216
104 0.0629 10743808
105 0.0577 10805248
106 0.0582 10948608
107 0.0581 10915840
108 0.0594 11010048
109 0.0591 11087872
110 0.0615 11128832
111 0.0616 11190272
112 0.0607 11259904
113 0.0679 11337728
114 0.0599 11362304
115 0.067 11579392
116 0.0689 11526144
117 0.0621 11620352
118 0.0704 11673600
119 0.067 11739136
120 0.0666 11890688
121 0.0634 11874304
122 0.0617 11923456
123 0.0661 12029952
124 0.0645 12107776
125 0.0662 12161024
126 0.0703 12263424
127 0.0714 12300288
128 0.0685 12394496
129 0.0756 12484608
130 0.0719 12574720
131 0.0717 12713984
132 0.0682 12668928
133 0.0732 12824576
134 0.0693 12836864
135 0.0698 12910592
136 0.0729 13037568
137 0.0768 13168640
138 0.0756 13193216
139 0.0713 13217792
140 0.0783 13336576
141 0.0739 13430784
142 0.0749 13520896
143 0.0783 13574144
144 0.0823 13647872
145 0.0759 13729792
146 0.0756 13963264
147 0.079 13918208
148 0.0791 14151680
149 0.0795 14094336
150 0.0792 14192640
151 0.08 14307328
152 0.0803 14372864
153 0.0838 14569472
154 0.087 14663680
155 0.0796 14643200
156 0.0845 14921728
157 0.0803 14811136
158 0.0809 14868480
159 0.0809 14942208
160 0.0995 15155200
161 0.0827 15106048
162 0.0846 15220736
163 0.0829 15294464
164 0.0869 15503360
165 0.0858 15458304
166 0.0864 15691776
167 0.0868 15712256
168 0.0912 15790080
169 0.0882 15851520
170 0.0882 15929344
171 0.0897 16023552
172 0.0905 16138240
173 0.0906 16224256
174 0.0939 16310272
175 0.093 16388096
176 0.0929 16486400
177 0.1027 16580608
178 0.0958 16687104
179 0.0975 16764928
180 0.096 16871424
181 0.1002 16994304
182 0.097 16990208
183 0.1054 17199104
184 0.0994 17252352
185 0.0981 17367040
186 0.1003 17461248
187 0.1027 17543168
188 0.1025 17645568
189 0.0998 17678336
190 0.1077 17854464
191 0.1009 17879040
192 0.1041 18087936
193 0.1024 18083840
194 0.1085 18264064
195 0.1057 18345984
196 0.1118 18509824
197 0.1086 18481152
198 0.1068 18644992
199 0.1073 18739200
200 0.1163 18837504
201 0.1091 18939904
202 0.1109 18956288
203 0.1087 19193856
204 0.1118 19132416
205 0.1113 19259392
206 0.1174 19382272
207 0.1163 19415040
208 0.1136 19607552
209 0.1158 19632128
210 0.1147 19775488
211 0.1151 19886080
212 0.1157 19992576
213 0.1189 20066304
214 0.119 20205568
215 0.1186 20320256
216 0.121 20525056
217 0.1182 20586496
218 0.1201 20623360
219 0.1219 20774912
220 0.119 20799488
221 0.1213 20959232
222 0.1209 21106688
223 0.1233 21192704
224 0.1238 21323776
225 0.1233 21405696
226 0.126 21528576
227 0.1247 21782528
228 0.1338 21852160
229 0.1279 21852160
230 0.1271 21975040
231 0.1267 21954560
232 0.1276 22089728
233 0.1281 22188032
234 0.1372 22454272
235 0.1332 22597632
236 0.1324 22691840
237 0.1296 22646784
238 0.1377 22900736
239 0.1321 22941696
240 0.1367 22990848
241 0.1365 23314432
242 0.1349 23363584
243 0.1341 23330816
244 0.1382 23547904
245 0.136 23535616
246 0.1369 23728128
247 0.1454 23941120
248 0.1395 23912448
249 0.139 24154112
250 0.1406 24141824
251 0.1431 24334336
252 0.1467 24563712
253 0.1457 24551424
254 0.1474 24834048