1 0.0017 3493888
2 0.0209 3522560
3 0.0016 3526656
4 0.0018 3551232
5 0.0017 3567616
6 0.0171 3604480
7 0.0019 3608576
8 0.002 3637248
9 0.002 3653632
10 0.0022 3674112
11 0.0021 3706880
12 0.0026 3710976
13 0.0022 3731456
14 0.0027 3764224
15 0.0027 3780608
16 0.0024 3801088
17 0.0025 3821568
18 0.0218 3862528
19 0.0244 3895296
20 0.0027 3887104
21 0.0029 3911680
22 0.0037 3948544
23 0.1391 3973120
24 0.0207 3997696
25 0.0263 4030464
26 0.0033 4022272
27 0.0035 4050944
28 0.0037 4067328
29 0.0039 4100096
30 0.0036 4116480
31 0.0037 4161536
32 0.0038 4182016
33 0.0046 4202496
34 0.004 4227072
35 0.0041 4247552
36 0.0042 4276224
37 0.0045 4304896
38 0.0043 4329472
39 0.0046 4349952
40 0.0046 4382720
41 0.0048 4407296
42 0.0047 4431872
43 0.0049 4452352
44 0.005 4493312
45 0.0051 4521984
46 0.0052 4558848
47 0.0055 4583424
48 0.0054 4608000
49 0.0056 4632576
50 0.0058 4673536
51 0.0058 4698112
52 0.0059 4734976
53 0.0061 4751360
54 0.0061 4775936
55 0.0062 4816896
56 0.0066 4845568
57 0.0065 4866048
58 0.0066 4902912
59 0.007 4956160
60 0.0076 4964352
61 0.0069 4993024
62 0.0074 5074944
63 0.0073 5079040
64 0.0081 5140480
65 0.0077 5185536
66 0.0079 5206016
67 0.009 5246976
68 0.0082 5255168
69 0.0082 5287936
70 0.0083 5316608
71 0.0083 5353472
72 0.0085 5378048
73 0.0095 5414912
74 0.0087 5447680
75 0.0088 5488640
76 0.0094 5599232
77 0.0092 5554176
78 0.0094 5595136
79 0.0096 5627904
80 0.0097 5672960
81 0.0097 5709824
82 0.0099 5746688
83 0.0123 5853184
84 0.0109 5824512
85 0.0132 5943296
86 0.0118 5963776
87 0.011 5939200
88 0.0109 5980160
89 0.014 6086656
90 0.0112 6139904
91 0.0113 6115328
92 0.0116 6164480
93 0.0146 6266880
94 0.0152 6311936
95 0.0128 6287360
96 0.0124 6397952
97 0.0125 6377472
98 0.0126 6418432
99 0.0127 6455296
100 0.0128 6492160
101 0.0175 6676480
102 0.0134 6582272
103 0.0136 6615040
104 0.0136 6725632
105 0.0139 6701056
106 0.0181 6815744
107 0.0142 6795264
108 0.0146 6840320
109 0.0147 6860800
110 0.0146 6905856
111 0.0158 6942720
112 0.0152 7053312
113 0.0156 7081984
114 0.0154 7045120
115 0.0161 7172096
116 0.016 7135232
117 0.0165 7188480
118 0.0164 7233536
119 0.0167 7290880
120 0.017 7344128
121 0.0211 7442432
122 0.0172 7409664
123 0.0187 7458816
124 0.0177 7528448
125 0.018 7561216
126 0.0184 7688192
127 0.0183 7671808