1 0.0019 3526656
2 0.0021 3534848
3 0.0021 3538944
4 0.0021 3543040
5 0.0027 3584000
6 0.0031 3596288
7 0.0021 3616768
8 0.0023 3620864
9 0.0214 3637248
10 0.0819 3649536
11 0.048 3674112
12 0.0466 3710976
13 0.0126 3715072
14 0.0727 3727360
15 0.0486 3727360
16 0.0307 3760128
17 0.0234 3776512
18 0.2182 3805184
19 0.0509 3833856
20 0.0033 3809280
21 0.0238 3825664
22 0.0029 3842048
23 0.003 3846144
24 0.003 3874816
25 0.0035 3895296
26 0.0031 3907584
27 0.0032 3919872
28 0.0031 3932160
29 0.0032 3944448
30 0.0039 3964928
31 0.0033 3989504
32 0.0041 3993600
33 0.0033 4009984
34 0.0034 4026368
35 0.0037 4042752
36 0.0035 4067328
37 0.0037 4075520
38 0.0037 4100096
39 0.0037 4112384
40 0.0041 4136960
41 0.0038 4145152
42 0.004 4165632
43 0.0043 4177920
44 0.0039 4190208
45 0.004 4198400
46 0.004 4214784
47 0.0043 4231168
48 0.0042 4259840
49 0.0044 4272128
50 0.0042 4288512
51 0.0044 4304896
52 0.0044 4317184
53 0.0044 4325376
54 0.0045 4354048
55 0.0045 4366336
56 0.0047 4403200
57 0.0054 4395008
58 0.0047 4411392
59 0.0054 4431872
60 0.0049 4452352
61 0.0048 4464640
62 0.005 4476928
63 0.005 4497408
64 0.0051 4513792
65 0.0051 4526080
66 0.0052 4558848
67 0.0053 4583424
68 0.0054 4595712
69 0.0053 4612096
70 0.0054 4624384
71 0.0054 4640768
72 0.0057 4665344
73 0.025 4718592
74 0.0071 4718592
75 0.0057 4706304
76 0.0057 4739072
77 0.0058 4743168
78 0.0059 4767744
79 0.0059 4784128
80 0.0061 4800512
81 0.0061 4808704
82 0.0061 4833280
83 0.0063 4853760
84 0.0064 4878336
85 0.0064 4907008
86 0.0064 4927488
87 0.0064 4943872
88 0.0065 4964352
89 0.0065 4980736
90 0.0074 5005312
91 0.0067 5017600
92 0.0067 5033984
93 0.0068 5054464
94 0.0068 5074944
95 0.0322 5107712
96 0.0069 5107712
97 0.007 5132288
98 0.0077 5148672
99 0.0072 5169152
100 0.0071 5185536
101 0.0075 5226496
102 0.0078 5234688
103 0.0076 5238784
104 0.0074 5259264
105 0.0083 5275648
106 0.0075 5283840
107 0.0085 5328896
108 0.0085 5337088
109 0.0103 5353472
110 0.0095 5419008
111 0.0079 5398528
112 0.008 5419008
113 0.008 5431296
114 0.0081 5439488
115 0.0084 5492736
116 0.0083 5480448
117 0.0083 5500928
118 0.0083 5517312
119 0.0102 5591040
120 0.0085 5554176
121 0.0087 5570560
122 0.0105 5656576
123 0.0294 5611520
124 0.0089 5636096
125 0.0105 5705728
126 0.0108 5726208
127 0.009 5701632
128 0.0092 5718016
129 0.0092 5742592
130 0.0094 5754880
131 0.0116 5881856
132 0.0095 5824512
133 0.0096 5849088
134 0.012 5959680
135 0.0106 5935104
136 0.01 5980160
137 0.0096 5906432
138 0.0121 6033408
139 0.01 5963776
140 0.0101 5984256
141 0.0101 6000640
142 0.0101 6021120
143 0.0103 6041600
144 0.0103 6070272
145 0.0104 6090752
146 0.0103 6111232
147 0.0105 6131712
148 0.0108 6213632
149 0.0107 6164480
150 0.0108 6197248
151 0.0109 6201344
152 0.0109 6230016
153 0.011 6238208
154 0.0114 6332416
155 0.0112 6283264
156 0.014 6344704
157 0.0113 6320128
158 0.0114 6332416
159 0.0143 6389760
160 0.0115 6361088
161 0.0144 6434816
162 0.0123 6418432
163 0.0191 6467584
164 0.0371 6549504
165 0.0151 6533120
166 0.0119 6483968
167 0.0149 6561792
168 0.0157 6594560
169 0.0125 6549504
170 0.0126 6565888
171 0.0159 6627328
172 0.0128 6598656
173 0.0131 6627328
174 0.0134 6651904
175 0.0133 6733824
176 0.0129 6688768
177 0.0165 6774784
178 0.0132 6709248
179 0.0133 6733824
180 0.0142 6881280
181 0.013 6823936
182 0.0131 6844416
183 0.0133 6852608
184 0.017 6930432
185 0.0137 6893568
186 0.0146 6979584
187 0.0143 7000064
188 0.0138 6946816
189 0.0142 6983680
190 0.0142 6995968
191 0.0148 7045120
192 0.014 7041024
193 0.0141 7053312
194 0.0142 7061504
195 0.0145 7073792
196 0.0144 7106560
197 0.0183 7180288
198 0.0156 7143424
199 0.0145 7135232
200 0.0149 7237632
201 0.0166 7262208
202 0.015 7204864
203 0.0151 7307264
204 0.0254 7270400
205 0.015 7266304
206 0.015 7274496
207 0.0197 7368704
208 0.0197 7397376
209 0.0204 7434240
210 0.0161 7376896
211 0.0163 7393280
212 0.0163 7393280
213 0.0158 7413760
214 0.0159 7446528
215 0.0163 7475200
216 0.0162 7512064
217 0.0163 7516160
218 0.0162 7532544
219 0.0163 7573504