1 0.0232 6045696
2 0.0233 6062080
3 0.0277 6127616
4 0.0283 6180864
5 0.0239 6135808
6 0.0243 6168576
7 0.0315 6234112
8 0.0293 6266880
9 0.027 6254592
10 0.0258 6279168
11 0.0255 6381568
12 0.0308 6397952
13 0.0299 6459392
14 0.0267 6422528
15 0.0319 6504448
16 0.0273 6545408
17 0.0269 6529024
18 0.0285 6606848
19 0.0325 6639616
20 0.0327 6668288
21 0.0288 6717440
22 0.029 6746112
23 0.0291 6721536
24 0.0302 6795264
25 0.0307 6791168
26 0.0306 6840320
27 0.0346 6918144
28 0.034 7008256
29 0.0307 6959104
30 0.0315 7053312
31 0.0368 7081984
32 0.0324 7073792
33 0.0372 7176192
34 0.0322 7155712
35 0.0329 7196672
36 0.0333 7229440
37 0.0333 7327744
38 0.0381 7360512
39 0.0355 7385088
40 0.0402 7450624
41 0.0351 7462912
42 0.0368 7548928
43 0.0366 7544832
44 0.0431 7639040
45 0.0371 7626752
46 0.0416 7700480
47 0.0398 7733248
48 0.039 7790592
49 0.0379 7811072
50 0.0414 7876608
51 0.0389 7901184
52 0.0403 8065024
53 0.04 8085504
54 0.0463 8130560
55 0.0415 8192000
56 0.0408 8204288
57 0.041 8204288
58 0.0461 8331264
59 0.0424 8290304
60 0.0432 8454144
61 0.0441 8515584
62 0.0461 8503296
63 0.0434 8491008
64 0.0446 8548352
65 0.0451 8663040
66 0.0459 8691712
67 0.0463 8720384
68 0.0465 8769536
69 0.0464 8839168
70 0.0471 8912896
71 0.0485 9035776
72 0.0483 9076736
73 0.0493 9150464
74 0.0614 9277440
75 0.0511 9248768
76 0.0506 9449472
77 0.0521 9359360
78 0.053 9502720
79 0.0523 9428992
80 0.0517 9515008
81 0.0527 9572352
82 0.0533 9633792
83 0.0535 9658368
84 0.0604 9752576
85 0.057 9818112
86 0.0541 9863168
87 0.0563 9932800
88 0.0551 10055680
89 0.0563 10047488
90 0.0628 10100736
91 0.0556 10137600
92 0.0572 10260480
93 0.0588 10313728
94 0.0614 10371072
95 0.0631 10473472
96 0.0617 10571776
97 0.06 10530816
98 0.0613 10588160
99 0.0613 10772480
100 0.0644 10780672
101 0.0608 10928128
102 0.0612 10870784
103 0.0636 10973184
104 0.0628 11083776
105 0.0635 11132928
106 0.0643 11227136
107 0.0652 11268096
108 0.073 11325440
109 0.0652 11390976
110 0.0737 11464704
111 0.0723 11558912
112 0.0679 11628544
113 0.0671 11673600
114 0.0673 11771904
115 0.0693 11837440
116 0.072 11894784
117 0.0684 11935744
118 0.0692 12038144
119 0.071 12091392
120 0.0704 12185600
121 0.07 12222464
122 0.0753 12406784
123 0.0714 12357632
124 0.0733 12492800
125 0.072 12591104
126 0.0733 12652544
127 0.0796 12800000
128 0.0769 12824576
129 0.0767 12902400
130 0.0775 12980224
131 0.0819 13053952
132 0.0768 13156352
133 0.0849 13221888
134 0.078 13299712
135 0.0788 13414400
136 0.0798 13508608
137 0.0809 13721600
138 0.0826 13680640
139 0.0875 13778944
140 0.0835 13811712
141 0.082 13881344
142 0.0839 13991936
143 0.0853 14049280
144 0.0874 14159872
145 0.0905 14360576
146 0.0854 14352384
147 0.0865 14454784
148 0.0874 14544896
149 0.0879 14606336
150 0.0879 14667776
151 0.0881 14770176
152 0.0896 14897152
153 0.0904 14950400
154 0.0911 15077376
155 0.0997 15126528
156 0.0924 15249408
157 0.0935 15298560
158 0.0923 15388672
159 0.0936 15532032
160 0.0938 15515648
161 0.0942 15646720
162 0.096 15843328
163 0.0953 15863808
164 0.0949 15896576
165 0.0972 16048128
166 0.0972 16121856
167 0.1004 16314368
168 0.0987 16347136
169 0.0991 16293888
170 0.1088 16515072
171 0.1019 16470016
172 0.1018 16568320
173 0.1051 16674816
174 0.1015 16666624
175 0.1047 16793600
176 0.1041 16936960
177 0.1054 16941056
178 0.1173 17317888
179 0.1128 17285120
180 0.1157 17395712
181 0.1072 17412096
182 0.1087 17494016
183 0.1078 17588224
184 0.1089 17698816
185 0.1104 17776640
186 0.1105 17879040
187 0.1181 17977344
188 0.1113 18083840
189 0.1112 18108416
190 0.1196 18276352
191 0.1133 18419712
192 0.1213 18518016
193 0.1142 18624512
194 0.1228 18698240
195 0.1156 18763776
196 0.1167 18915328
197 0.1241 18980864
198 0.119 19111936
199 0.1188 19193856
200 0.1196 19275776
201 0.1288 19378176
202 0.1213 19488768
203 0.1208 19607552
204 0.1201 19648512
205 0.1219 19828736
206 0.1217 19849216
207 0.1235 19963904
208 0.1231 20045824
209 0.1315 20226048
210 0.1245 20283392
211 0.1257 20385792
212 0.1363 20598784
213 0.1274 20619264
214 0.1281 20733952
215 0.1321 20893696
216 0.1377 21004288
217 0.1395 21286912
218 0.1363 21204992
219 0.1402 21544960
220 0.1331 21393408
221 0.1349 21774336
222 0.1423 21696512
223 0.137 21827584
224 0.1394 21909504
225 0.1373 21962752
226 0.1417 22159360
227 0.1413 22282240
228 0.1465 22413312
229 0.1407 22478848
230 0.1477 22716416
231 0.1435 22749184
232 0.144 22999040
233 0.1436 22872064
234 0.1467 23105536
235 0.1453 23330816
236 0.1495 23351296
237 0.1477 23580672
238 0.1484 23617536
239 0.1549 23732224
240 0.1487 23781376
241 0.1511 23961600
242 0.1572 24031232
243 0.1531 24231936
244 0.1553 24305664
245 0.1621 24559616
246 0.1562 24596480
247 0.1554 24686592
248 0.159 24846336
249 0.1576 24977408
250 0.1594 25059328
251 0.1659 25251840