1 0.0242 6107136
2 0.0247 6131712
3 0.0299 6209536
4 0.0293 6221824
5 0.0273 6246400
6 0.0257 6238208
7 0.0311 6324224
8 0.0267 6373376
9 0.0317 6393856
10 0.028 6389760
11 0.0317 6463488
12 0.0278 6434816
13 0.0295 6504448
14 0.0293 6602752
15 0.0288 6574080
16 0.0295 6602752
17 0.0344 6701056
18 0.0297 6672384
19 0.0356 6782976
20 0.031 6828032
21 0.0381 6934528
22 0.0415 6914048
23 0.0358 6926336
24 0.034 6946816
25 0.0386 7028736
26 0.0333 7041024
27 0.0341 7041024
28 0.0382 7135232
29 0.0349 7131136
30 0.0352 7188480
31 0.035 7274496
32 0.0377 7294976
33 0.0366 7340032
34 0.0362 7348224
35 0.0358 7442432
36 0.0363 7421952
37 0.0385 7524352
38 0.0374 7528448
39 0.0404 7626752
40 0.0427 7667712
41 0.0396 7700480
42 0.0393 7700480
43 0.042 7872512
44 0.0433 7970816
45 0.0403 7921664
46 0.0461 7946240
47 0.0477 7974912
48 0.0422 8097792
49 0.0426 8175616
50 0.0429 8146944
51 0.0477 8200192
52 0.0479 8318976
53 0.0431 8253440
54 0.0455 8351744
55 0.0452 8376320
56 0.0492 8572928
57 0.0471 8511488
58 0.046 8564736
59 0.0545 8589312
60 0.0466 8658944
61 0.054 8843264
62 0.0485 8876032
63 0.0488 8863744
64 0.054 8953856
65 0.0495 9023488
66 0.0493 8978432
67 0.0504 9105408
68 0.0584 9216000
69 0.0508 9170944
70 0.0552 9269248
71 0.0543 9318400
72 0.0517 9375744
73 0.0561 9465856
74 0.0533 9523200
75 0.061 9560064
76 0.054 9625600
77 0.0557 9678848
78 0.0554 9752576
79 0.0559 9809920
80 0.0565 9924608
81 0.0565 9969664
82 0.0598 10178560
83 0.0584 10092544
84 0.0647 10125312
85 0.0644 10190848
86 0.0589 10276864
87 0.0618 10354688
88 0.0587 10424320
89 0.0616 10473472
90 0.0644 10588160
91 0.0731 10682368
92 0.0609 10645504
93 0.0636 10850304
94 0.0679 10821632
95 0.0627 10838016
96 0.0634 10969088
97 0.063 11038720
98 0.0656 11108352
99 0.0671 11157504
100 0.0718 11427840
101 0.0673 11309056
102 0.0747 11366400
103 0.0672 11464704
104 0.0687 11501568
105 0.0686 11603968
106 0.0764 11665408
107 0.0682 11763712
108 0.0696 11816960
109 0.0711 11886592
110 0.0717 11980800
111 0.0717 12050432
112 0.0788 12136448
113 0.0748 12197888
114 0.0732 12275712
115 0.0799 12369920
116 0.0792 12623872
117 0.0744 12492800
118 0.0754 12587008
119 0.0778 12738560
120 0.0823 12918784
121 0.0786 12996608
122 0.081 12939264
123 0.0778 12984320
124 0.0863 13058048
125 0.0817 13185024
126 0.0792 13262848
127 0.0783 13361152
128 0.0831 13533184
129 0.0807 13488128
130 0.0837 13611008
131 0.0836 13713408
132 0.0831 13795328
133 0.0896 13852672
134 0.0848 13979648
135 0.09 14180352
136 0.0857 14131200
137 0.0892 14225408
138 0.0894 14299136
139 0.0875 14405632
140 0.0907 14503936
141 0.089 14524416
142 0.0933 14630912
143 0.0952 14741504
144 0.095 14868480
145 0.0915 14966784
146 0.0997 15040512
147 0.0934 15081472
148 0.1005 15200256
149 0.0974 15294464
150 0.0964 15474688
151 0.0951 15491072
152 0.0973 15577088
153 0.097 15691776
154 0.1023 15761408
155 0.1067 15921152
156 0.1041 15925248
157 0.1044 16142336
158 0.1005 16068608
159 0.1017 16195584
160 0.1008 16338944
161 0.1017 16388096
162 0.1088 16437248
163 0.102 16420864
164 0.102 16519168
165 0.1044 16723968
166 0.1039 16744448
167 0.103 16871424
168 0.1057 17006592
169 0.107 17096704
170 0.1062 17170432
171 0.1109 17285120
172 0.1118 17362944
173 0.1104 17596416
174 0.1114 17543168
175 0.118 17780736
176 0.1117 17747968
177 0.1162 17973248
178 0.1165 18055168
179 0.1201 18059264
180 0.1736 18038784
181 0.1154 18223104
182 0.1162 18333696
183 0.1193 18427904
184 0.1179 18481152
185 0.1167 18608128
186 0.1252 18710528
187 0.1195 18845696
188 0.1252 18960384
189 0.1301 19116032
190 0.1201 19161088
191 0.1282 19238912
192 0.1214 19312640
193 0.1243 19476480
194 0.1235 19591168
195 0.1235 19623936
196 0.1259 19861504
197 0.133 19890176
198 0.133 20000768
199 0.1349 20123648
200 0.1316 20217856
201 0.137 20328448
202 0.1312 20410368
203 0.1278 20471808
204 0.1315 20553728
205 0.1323 20742144
206 0.135 20852736
207 0.1357 21000192
208 0.1346 21032960
209 0.1352 21200896
210 0.1353 21286912
211 0.1369 21430272
212 0.1385 21528576
213 0.1371 21610496
214 0.1399 21753856
215 0.1396 21897216
216 0.1392 21958656
217 0.1444 22274048
218 0.14 22200320
219 0.145 22478848
220 0.1427 22478848
221 0.1431 22581248
222 0.1504 22728704
223 0.1514 22872064
224 0.1471 22933504
225 0.1577 23236608
226 0.1464 23388160
227 0.155 23285760
228 0.1499 23392256
229 0.1503 23531520
230 0.1492 23658496
231 0.1494 23674880
232 0.1528 23900160
233 0.1528 24006656
234 0.1527 24154112
235 0.1564 24317952
236 0.1562 24649728
237 0.1604 24465408
238 0.156 24629248
239 0.1627 24825856
240 0.1624 24813568
241 0.1614 25133056
242 0.159 25137152
243 0.162 25296896
244 0.1612 25366528
245 0.1614 25493504
246 0.1624 25616384
247 0.163 25776128
248 0.1717 25923584
249 0.1667 25993216
250 0.1653 26177536
251 0.1722 26439680
252 0.1688 26378240
253 0.1848 26628096
254 0.1753 26689536