1 0.1269 16056320
2 0.1307 16662528
3 0.1305 16076800
4 0.1376 16928768
5 0.1421 16535552
6 0.1327 16707584
7 0.1511 16568320
8 0.1321 16375808
9 0.1333 16769024
10 0.1308 16220160
11 0.1354 16773120
12 0.1364 16785408
13 0.1416 17043456
14 0.1413 17018880
15 0.1396 16936960
16 0.1332 17227776
17 0.1339 16629760
18 0.135 17031168
19 0.1336 17010688
20 0.1402 17035264
21 0.1371 16830464
22 0.1446 17543168
23 0.1372 17170432
24 0.1364 16687104
25 0.1377 17219584
26 0.1369 16736256
27 0.1374 17190912
28 0.1366 16769024
29 0.1377 17235968
30 0.1373 17670144
31 0.1409 17063936
32 0.1418 17477632
33 0.1457 17928192
34 0.1426 17309696
35 0.1479 17752064
36 0.1437 18186240
37 0.1413 17616896
38 0.1446 17592320
39 0.1507 17743872
40 0.1434 17846272
41 0.1454 18026496
42 0.1449 18018304
43 0.1473 18128896
44 0.1452 18096128
45 0.1521 18092032
46 0.1498 18128896
47 0.1465 18042880
48 0.1475 18173952
49 0.1459 18202624
50 0.1527 18825216
51 0.1544 18505728
52 0.1461 18251776
53 0.146 17797120
54 0.1478 18522112
55 0.1495 18141184
56 0.1468 18264064
57 0.1461 17907712
58 0.1475 17903616
59 0.1473 17715200
60 0.1469 17911808
61 0.1477 18272256
62 0.1484 18583552
63 0.1455 17719296
64 0.1478 17903616
65 0.1487 18231296
66 0.1469 17907712
67 0.1586 18436096
68 0.1463 17743872
69 0.1479 18079744
70 0.1478 18149376
71 0.146 18735104
72 0.1557 18747392
73 0.1491 18432000
74 0.1482 18132992
75 0.1473 18124800
76 0.1465 18243584
77 0.1578 17719296
78 0.1455 17707008
79 0.1449 17711104
80 0.1449 17707008
81 0.1463 18169856
82 0.1468 18165760
83 0.1452 18128896
84 0.1494 18214912
85 0.1454 17690624
86 0.1478 18104320
87 0.1472 18288640
88 0.1446 17678336
89 0.1449 17686528
90 0.147 18198528
91 0.1443 17674240
92 0.1444 17678336
93 0.147 18169856
94 0.1461 18219008
95 0.1497 17661952
96 0.1461 18219008
97 0.1466 18227200
98 0.1479 18223104
99 0.1531 18190336
100 0.1437 17649664
101 0.1455 18071552
102 0.1455 17653760
103 0.1481 18161664
104 0.147 18264064
105 0.1469 18186240
106 0.1465 18321408
107 0.1508 18296832
108 0.1461 17682432
109 0.1468 17686528
110 0.147 18227200
111 0.1501 18530304
112 0.1486 18120704
113 0.1472 18141184
114 0.1482 18235392
115 0.1488 18104320
116 0.1484 18452480
117 0.1482 17915904
118 0.1497 18264064
119 0.1503 17948672
120 0.1475 18116608
121 0.1563 18505728
122 0.1494 18292736
123 0.1476 17768448
124 0.1545 18788352
125 0.1466 18341888
126 0.147 18472960
127 0.1482 18227200
128 0.1495 18010112
129 0.1487 18829312
130 0.1554 18477056
131 0.1457 18345984
132 0.1467 18264064
133 0.1538 18747392
134 0.1484 18022400
135 0.1468 17842176
136 0.1477 18599936
137 0.1477 17854464
138 0.1486 18358272
139 0.1482 17866752
140 0.1458 17874944
141 0.1503 18403328
142 0.1506 18415616
143 0.1459 17899520
144 0.1465 18440192
145 0.1463 17907712
146 0.1509 18620416
147 0.1469 17915904
148 0.1544 18558976
149 0.1549 18554880
150 0.1516 18128896
151 0.1483 18149376
152 0.1475 18608128
153 0.1542 18489344
154 0.1535 18612224
155 0.15 18620416
156 0.1494 17977344
157 0.1477 18518016
158 0.1605 18325504
159 0.1487 18509824
160 0.1493 18407424
161 0.1554 18538496
162 0.1542 18526208
163 0.146 18440192
164 0.1466 18690048
165 0.1544 18661376
166 0.1498 18579456
167 0.1477 18640896
168 0.1482 18034688
169 0.1495 18579456
170 0.1494 18632704
171 0.1486 18051072
172 0.1491 18477056
173 0.1492 18677760
174 0.1493 18255872
175 0.1495 18640896
176 0.1475 18079744
177 0.1488 18608128
178 0.1511 18518016
179 0.151 18182144
180 0.1565 18739200
181 0.1493 18624512
182 0.1481 18542592
183 0.1553 18788352
184 0.1475 18128896
185 0.1505 18903040
186 0.1579 18812928
187 0.1537 18939904
188 0.151 18239488
189 0.1495 18677760
190 0.1491 19181568
191 0.149 18845696
192 0.1552 18702336
193 0.1481 18169856
194 0.1555 18739200
195 0.1564 19206144
196 0.1505 18784256
197 0.1537 18325504
198 0.1516 18710528
199 0.1501 18210816
200 0.1495 18944000
201 0.1532 18423808
202 0.1532 18886656
203 0.1495 18247680
204 0.1504 18673664
205 0.1503 18690048
206 0.157 19275776
207 0.1493 19156992
208 0.1549 18698240
209 0.1522 18808832
210 0.1527 18812928
211 0.1507 18292736
212 0.1496 18833408
213 0.1573 19259392
214 0.1548 19103744
215 0.15 18866176
216 0.15 18792448
217 0.1543 18980864
218 0.1503 18767872
219 0.1501 18341888
220 0.1503 18780160
221 0.1477 18345984
222 0.1484 18354176
223 0.1516 18362368
224 0.1488 18362368
225 0.149 18374656
226 0.1483 18378752
227 0.1525 18915328
228 0.1514 18972672
229 0.1494 18395136
230 0.1513 18931712
231 0.149 18407424
232 0.1535 18944000
233 0.1598 19136512
234 0.1527 18956288
235 0.15 18976768
236 0.1582 18812928
237 0.1494 19091456
238 0.1503 18956288
239 0.1514 18464768
240 0.1516 19013632
241 0.1509 19398656
242 0.1499 18468864
243 0.1517 19079168
244 0.159 19116032
245 0.1509 19509248
246 0.1516 18923520
247 0.1591 19042304
248 0.1559 19349504
249 0.1578 19648512
250 0.1509 19259392
251 0.157 19046400
252 0.1538 19083264
253 0.1515 19070976
254 0.1513 19361792
255 0.1528 18550784
256 0.1543 19066880
257 0.1518 19312640
258 0.1515 19181568
259 0.1528 19648512
260 0.1591 19529728
261 0.1534 19111936
262 0.1538 18784256
263 0.1553 19116032
264 0.1528 18599936
265 0.1512 19140608
266 0.1511 19087360
267 0.1586 18993152
268 0.161 19644416
269 0.154 19185664
270 0.1527 19214336
271 0.1577 19218432
272 0.153 19292160
273 0.1526 19206144
274 0.1586 19296256
275 0.156 18661376
276 0.1567 19316736
277 0.1569 19161088
278 0.1525 19329024
279 0.1596 19480576
280 0.1517 19087360
281 0.1504 19206144
282 0.1536 19210240
283 0.151 19243008
284 0.1525 19148800
285 0.1521 19263488
286 0.1575 19365888
287 0.1591 19517440
288 0.1565 19496960
289 0.1583 19357696
290 0.1567 18825216
291 0.1528 19406848
292 0.162 19259392
293 0.1559 19574784
294 0.1541 19308544
295 0.157 19546112
296 0.1576 19365888
297 0.1577 19431424
298 0.1536 18984960
299 0.1522 19357696
300 0.1522 19374080
301 0.1543 19230720
302 0.1605 19456000
303 0.1599 19857408
304 0.1602 19468288
305 0.1514 18829312
306 0.1541 19378176
307 0.1531 18841600
308 0.155 19275776
309 0.1541 19394560
310 0.153 19251200
311 0.1537 18870272
312 0.1543 19484672
313 0.1534 18890752
314 0.155 19542016
315 0.1527 18903040
316 0.1521 19456000
317 0.1533 19333120
318 0.1541 19329024
319 0.1556 19582976
320 0.1566 19140608
321 0.1538 19447808
322 0.1532 19361792
323 0.1525 19378176
324 0.1531 19484672
325 0.1543 19144704
326 0.1577 19521536
327 0.1605 19181568
328 0.1508 18972672
329 0.1533 19406848
330 0.1536 19554304
331 0.1725 19623936
332 0.1555 19402752
333 0.1638 19714048
334 0.1536 19693568
335 0.1597 19648512
336 0.156 19562496
337 0.1608 19660800
338 0.1565 19431424
339 0.155 19476480
340 0.1543 19542016
341 0.1601 19628032
342 0.1573 19419136
343 0.1545 19521536
344 0.153 19517440
345 0.1621 19648512
346 0.155 19537920
347 0.155 19529728
348 0.1531 19558400
349 0.1562 19542016
350 0.1619 19210240
351 0.1537 19025920
352 0.1537 19103744
353 0.1533 19034112
354 0.1551 20107264
355 0.1588 19517440
356 0.1564 19230720
357 0.1572 19259392
358 0.1529 19054592
359 0.1545 19230720
360 0.1551 19251200
361 0.1581 19349504
362 0.1537 19144704
363 0.1544 19169280
364 0.1542 19152896
365 0.1666 19460096
366 0.1567 19415040
367 0.1544 19116032
368 0.1614 19410944
369 0.1552 19161088
370 0.1552 19365888
371 0.166 19386368
372 0.1575 19279872
373 0.1554 19304448
374 0.1669 19423232
375 0.1558 19189760
376 0.1563 19337216
377 0.1575 19525632
378 0.1618 19324928
379 0.1547 19226624
380 0.1582 19222528
381 0.154 19140608
382 0.1629 19337216
383 0.1562 19374080
384 0.1552 19189760
385 0.1616 19480576
386 0.1579 19341312
387 0.1548 19402752
388 0.1562 19329024
389 0.1562 19357696
390 0.1559 19210240
391 0.1613 19349504
392 0.1551 19259392
393 0.1619 19480576
394 0.1556 19189760
395 0.1599 19390464
396 0.1554 19202048
397 0.1577 19410944
398 0.1572 19402752
399 0.156 19394560
400 0.1572 19435520
401 0.157 19410944
402 0.1562 19329024
403 0.1565 19402752
404 0.1571 19304448
405 0.1572 19668992
406 0.1558 19337216
407 0.1583 19292160
408 0.158 19525632
409 0.1568 19259392
410 0.1596 19628032
411 0.1664 19587072
412 0.1582 19460096
413 0.1637 20500480
414 0.1568 19369984
415 0.1678 19529728
416 0.1585 19333120
417 0.1583 19304448
418 0.1598 19496960
419 0.1568 19554304
420 0.1549 19329024
421 0.1611 19795968
422 0.1559 19529728
423 0.1608 19521536
424 0.1643 20434944
425 0.1563 19542016
426 0.1565 19542016
427 0.1588 19554304
428 0.157 19636224
429 0.1572 19447808
430 0.1556 19668992
431 0.1608 19566592
432 0.1598 19849216
433 0.1667 19505152
434 0.1601 19509248
435 0.1569 19517440
436 0.1576 19648512
437 0.1586 19738624
438 0.1577 19509248
439 0.1601 19791872
440 0.155 19640320
441 0.1569 19640320
442 0.1636 19738624
443 0.1582 19644416
444 0.1571 19656704
445 0.1594 19644416
446 0.1549 19472384
447 0.1573 19484672
448 0.156 19488768
449 0.1607 19652608
450 0.1571 19673088
451 0.1575 19677184
452 0.1587 19595264
453 0.1571 19607552
454 0.158 19566592
455 0.1589 19718144
456 0.1636 19742720
457 0.1577 19546112
458 0.1597 19611648
459 0.1625 19906560
460 0.1574 19566592
461 0.1556 19738624
462 0.1669 19767296
463 0.1579 19742720
464 0.1589 19652608
465 0.1628 20049920
466 0.1582 19668992
467 0.1641 19836928
468 0.1582 19685376
469 0.1617 19898368
470 0.1578 19705856
471 0.162 20058112
472 0.1577 19804160
473 0.1635 19955712
474 0.1626 19828736
475 0.1616 19857408
476 0.1619 19750912
477 0.1585 19828736
478 0.158 19714048
479 0.1595 19849216
480 0.1589 19849216
481 0.158 19771392
482 0.1589 19857408
483 0.1582 19767296
484 0.159 19873792
485 0.1584 19791872
486 0.1611 19869696
487 0.1618 19996672
488 0.1566 19722240
489 0.1713 20086784
490 0.1595 19894272
491 0.1583 19746816
492 0.1646 19812352
493 0.1595 19836928
494 0.1781 19980288
495 0.1604 19939328
496 0.1587 19988480
497 0.1593 19959808
498 0.1603 19804160
499 0.1588 19968000
500 0.1626 19972096
501 0.1583 19836928
502 0.1609 20082688
503 0.1608 19816448
504 0.1598 19980288
505 0.164 20127744
506 0.1612 20066304
507 0.1611 19836928
508 0.1623 20045824
509 0.1612 20013056
510 0.1608 19861504
511 0.1624 19865600
512 0.1618 20025344
513 0.1583 19914752
514 0.16 19906560
515 0.1603 20054016
516 0.1604 20062208
517 0.1581 19906560
518 0.1629 20066304
519 0.1614 20123648
520 0.1601 20086784
521 0.1681 20193280
522 0.1603 19922944
523 0.1604 20082688
524 0.1596 20115456
525 0.1626 20201472
526 0.1587 19951616
527 0.1771 20258816
528 0.1637 20107264
529 0.1596 20119552
530 0.1636 20213760
531 0.1633 20221952
532 0.1616 20176896
533 0.1628 20193280
534 0.1596 20176896
535 0.1636 20312064
536 0.1677 20312064
537 0.1668 20529152
538 0.1656 20049920
539 0.1611 20230144
540 0.16 20119552
541 0.1652 20246528
542 0.1604 20131840
543 0.1586 20049920
544 0.1599 20058112
545 0.1601 20074496
546 0.1612 20094976
547 0.1587 20082688
548 0.1585 20086784
549 0.1611 20250624
550 0.1584 20099072
551 0.1596 20099072
552 0.1642 20418560
553 0.1614 20533248
554 0.1596 20205568
555 0.1596 20299776
556 0.1625 20320256
557 0.1646 20307968
558 0.1624 20312064
559 0.1605 20295680
560 0.1626 20533248
561 0.1604 20484096
562 0.1626 20316160
563 0.1656 20492288
564 0.1614 20754432
565 0.1607 20512768
566 0.1611 20578304
567 0.1617 20357120
568 0.1628 20602880
569 0.1641 20389888
570 0.1655 20566016
571 0.1654 20594688
572 0.1661 20459520
573 0.164 20541440
574 0.1605 20512768
575 0.1617 20566016
576 0.1675 20611072
577 0.1621 20443136
578 0.1603 20414464
579 0.1607 20418560
580 0.1603 20422656
581 0.161 20434944
582 0.161 20451328
583 0.166 20475904
584 0.1623 20459520
585 0.1598 20529152
586 0.1634 20631552
587 0.1694 20996096
588 0.1604 20590592
589 0.1622 20578304
590 0.1624 20574208
591 0.1649 20660224
592 0.1635 20664320
593 0.1641 20533248
594 0.1607 20692992
595 0.1615 20791296
596 0.1642 20684800
597 0.1677 20697088
598 0.1685 20746240
599 0.1613 20652032
600 0.1638 20705280
601 0.1641 20635648
602 0.1655 20791296
603 0.1627 20762624
604 0.1624 20770816
605 0.1622 20770816
606 0.1691 20717568
607 0.1617 20590592
608 0.1665 20684800
609 0.1745 20824064
610 0.1665 20643840
611 0.1709 20885504
612 0.1657 20791296
613 0.1697 20652032
614 0.1698 20832256
615 0.1649 20889600
616 0.1627 20918272
617 0.1644 20824064
618 0.1659 20660224
619 0.1671 20951040
620 0.1666 20856832
621 0.1627 20758528
622 0.1631 20860928
623 0.1684 20942848
624 0.1694 20893696
625 0.1608 20692992
626 0.1636 20893696
627 0.1623 20889600
628 0.1623 20807680
629 0.1634 20754432
630 0.1665 20930560
631 0.162 20914176
632 0.1633 20910080
633 0.1615 20840448
634 0.1662 20836352
635 0.168 20996096
636 0.1701 20799488
637 0.1641 21004288
638 0.1675 20799488
639 0.1643 20848640
640 0.1625 20959232
641 0.1684 20844544
642 0.1682 20836352
643 0.1627 20975616
644 0.1629 20983808
645 0.1683 20967424
646 0.1643 20987904
647 0.1662 21004288
648 0.1726 20987904
649 0.1721 21848064
650 0.1611 20889600
651 0.1635 20885504
652 0.1632 20897792
653 0.1659 20963328
654 0.1686 21037056
655 0.1619 21000192
656 0.1662 21274624
657 0.1697 21331968
658 0.1654 21217280
659 0.1643 20979712
660 0.1645 21069824
661 0.1675 21078016
662 0.1689 21008384
663 0.1641 21155840
664 0.1644 20967424
665 0.1625 21037056
666 0.166 21233664
667 0.169 21159936
668 0.1654 21127168
669 0.1636 21127168
670 0.1651 20967424
671 0.1634 21159936
672 0.166 21393408
673 0.1644 21147648
674 0.1697 21286912
675 0.1637 21000192
676 0.1648 22159360
677 0.1654 21209088
678 0.1674 21274624
679 0.1632 21196800
680 0.1638 21127168
681 0.1634 21200896
682 0.1648 21217280
683 0.1696 21069824
684 0.1663 21049344
685 0.1682 21135360
686 0.1686 21229568
687 0.1641 21254144
688 0.1719 21221376
689 0.1628 21184512
690 0.167 21258240
691 0.1698 21315584
692 0.1705 21241856
693 0.1681 21143552
694 0.1656 21196800
695 0.1672 21151744
696 0.174 21213184
697 0.1638 21221376
698 0.1679 21225472
699 0.1645 21323776
700 0.1651 21139456
701 0.1647 21307392
702 0.1668 21430272
703 0.1646 21164032
704 0.1641 21164032
705 0.1679 21291008
706 0.1662 21176320
707 0.1642 21188608
708 0.1664 21245952
709 0.1633 21315584
710 0.1658 21368832
711 0.1649 21299200
712 0.1674 21385216
713 0.1698 21295104
714 0.1664 21401600
715 0.1674 21422080
716 0.1873 21348352
717 0.1769 21299200
718 0.1653 21430272
719 0.1665 21442560
720 0.1664 21422080
721 0.1664 21278720
722 0.1699 21389312
723 0.1653 21458944
724 0.166 21483520
725 0.1646 21397504
726 0.1693 21319680
727 0.1649 21504000
728 0.1668 21504000
729 0.1694 21430272
730 0.1657 21372928
731 0.1663 21504000
732 0.1689 21532672
733 0.1652 21528576
734 0.1658 21512192
735 0.1699 21446656
736 0.1681 21528576
737 0.1679 21528576
738 0.1658 21573632
739 0.1648 21475328
740 0.169 21737472
741 0.1671 21561344
742 0.1657 21508096
743 0.1698 21483520
744 0.1688 21581824
745 0.1651 21590016
746 0.1704 21626880
747 0.165 21434368
748 0.1678 21651456
749 0.1653 21553152
750 0.1718 21499904
751 0.1665 21553152
752 0.1656 21463040
753 0.1678 21635072
754 0.1696 21655552
755 0.1672 21667840
756 0.1695 21573632
757 0.1674 21495808
758 0.1658 21635072
759 0.1664 21671936
760 0.1659 21684224
761 0.1762 21803008
762 0.1696 21680128
763 0.1658 21659648
764 0.1661 21651456
765 0.1667 21540864
766 0.1749 21966848
767 0.1672 21856256
768 0.1652 21671936
769 0.1728 21897216
770 0.168 21725184
771 0.1729 21737472
772 0.1687 21782528
773 0.1667 21585920
774 0.1665 21590016
775 0.1745 21729280
776 0.1758 21938176
777 0.1708 21782528
778 0.167 21721088
779 0.1723 21807104
780 0.1743 21975040
781 0.1708 21794816
782 0.1663 21753856
783 0.1686 21831680
784 0.1692 21807104
785 0.1651 21823488
786 0.1712 21700608
787 0.17 21692416
788 0.1677 21831680
789 0.1721 22102016
790 0.1743 21725184
791 0.1929 21901312
792 0.1675 21811200
793 0.1744 22110208
794 0.1672 21876736
795 0.1694 21876736
796 0.1683 21897216
797 0.1722 22188032
798 0.1699 21901312
799 0.1702 21774336
800 0.1693 21778432