1 0.0254 6258688
2 0.0309 6479872
3 0.0288 6590464
4 0.0303 6758400
5 0.0364 6971392
6 0.034 7086080
7 0.04 7360512
8 0.0422 7532544
9 0.04 7598080
10 0.0415 7761920
11 0.0433 7925760
12 0.0493 8138752
13 0.0476 8249344
14 0.049 8495104
15 0.0548 8646656
16 0.0524 8757248
17 0.0548 8929280
18 0.057 9097216
19 0.0582 9256960
20 0.0602 9420800
21 0.062 9588736
22 0.0639 9756672
23 0.0707 9977856
24 0.0682 10080256
25 0.0734 10297344
26 0.072 10473472
27 0.0743 10629120
28 0.0761 10797056
29 0.0774 10911744
30 0.0791 11075584
31 0.0853 11284480
32 0.0826 11395072
33 0.0847 11567104
34 0.0867 11714560
35 0.0889 11939840
36 0.0945 12128256
37 0.093 12238848
38 0.0941 12398592
39 0.0964 12558336
40 0.0983 12738560
41 0.1005 12898304
42 0.1029 13058048
43 0.114 13402112
44 0.1076 13406208
45 0.1091 13565952
46 0.1116 13725696
47 0.112 13885440
48 0.1171 13967360
49 0.1165 14069760
50 0.1184 14282752
51 0.1241 14450688
52 0.1232 14573568
53 0.1252 14798848
54 0.127 14897152
55 0.129 15060992
56 0.1352 15278080
57 0.1402 15486976
58 0.1347 15585280
59 0.1364 15798272
60 0.1392 15781888
61 0.14 15994880
62 0.1499 16171008
63 0.151 16388096
64 0.1457 16416768
65 0.1473 16584704
66 0.1498 16740352
67 0.1561 16957440
68 0.1537 17063936
69 0.1556 17223680
70 0.158 17383424
71 0.1595 17600512
72 0.161 17694720
73 0.1634 17920000
74 0.1662 18083840
75 0.1693 18235392
76 0.188 18403328
77 0.174 18620416
78 0.1765 18726912
79 0.18 18952192
80 0.1811 19062784
81 0.1828 19206144
82 0.184 19357696
83 0.1868 19591168
84 0.1903 19685376
85 0.2102 19951616
86 0.1905 20054016
87 0.1936 20271104
88 0.1957 20418560
89 0.1971 20561920
90 0.2001 20705280
91 0.2019 20856832
92 0.204 21020672
93 0.2077 21180416
94 0.2068 21336064
95 0.2102 21495808
96 0.218 21737472
97 0.2129 21815296
98 0.2191 22040576
99 0.217 22142976
100 0.2187 22306816
101 0.2246 22614016
102 0.223 22646784
103 0.2278 22843392
104 0.2301 22847488
105 0.2344 23085056
106 0.2329 23064576
107 0.2393 23285760
108 0.2378 23388160
109 0.2392 23543808
110 0.2411 23715840
111 0.2462 24023040
112 0.2445 24039424
113 0.2466 24203264
114 0.2486 24363008
115 0.2505 24522752
116 0.2579 24801280
117 0.2542 24911872
118 0.2681 25059328
119 0.2579 25210880
120 0.2615 25374720
121 0.271 25542656
122 0.2677 25726976
123 0.2797 26030080
124 0.2722 26140672
125 0.2733 26206208
126 0.2713 26329088
127 0.2736 26492928
128 0.2749 26660864
129 0.2813 26931200
130 0.2793 27013120
131 0.281 27136000
132 0.2863 27312128
133 0.2839 27455488
134 0.2914 27787264
135 0.2895 27787264
136 0.2899 27947008
137 0.2981 28368896
138 0.298 28278784
139 0.3004 28483584
140 0.3309 28667904
141 0.2998 28766208
142 0.3016 28921856
143 0.3088 29126656
144 0.3055 29241344
145 0.3114 29442048
146 0.3083 29564928
147 0.3153 29855744
148 0.3155 30068736
149 0.318 30171136
150 0.3257 30330880
151 0.326 30584832
152 0.3239 30654464
153 0.3272 30814208
154 0.3272 31051776
155 0.3296 31141888
156 0.3391 31584256
157 0.3328 31465472
158 0.3359 31621120
159 0.3365 31789056
160 0.3392 31944704
161 0.3455 32157696
162 0.3433 32280576
163 0.345 32444416
164 0.3554 32636928
165 0.3494 32759808
166 0.3565 33038336
167 0.3587 33165312
168 0.3546 33247232
169 0.3566 33402880
170 0.3603 33562624
171 0.3612 33775616
172 0.3705 33964032
173 0.3641 34017280
174 0.3801 34353152
175 0.3729 34525184
176 0.3861 34791424
177 0.3787 34910208
178 0.3803 35110912
179 0.387 35250176
180 0.3921 35364864
181 0.387 35504128
182 0.3917 35713024
183 0.4009 36114432
184 0.3928 36028416
185 0.405 36270080
186 0.3959 36270080
187 0.3975 36413440
188 0.4007 36569088
189 0.4082 36888576
190 0.4041 36896768
191 0.406 37048320
192 0.4075 37220352
193 0.4151 37425152
194 0.4114 37539840
195 0.4238 38051840
196 0.4145 37859328
197 0.4189 38019072
198 0.4192 38174720
199 0.4208 38338560
200 0.4422 38584320
201 0.425 38658048
202 0.4299 38830080
203 0.4296 38977536
204 0.4311 39145472
205 0.4416 39456768
206 0.4458 39624704
207 0.4435 39714816
208 0.444 39862272
209 0.4483 40022016
210 0.4486 40185856
211 0.4574 40374272
212 0.4517 40501248
213 0.4547 40693760
214 0.4557 40849408
215 0.4587 40869888
216 0.463 40869888
217 0.4624 40865792
218 0.4647 40972288
219 0.4655 41123840
220 0.4665 41295872
221 0.4777 41451520
222 0.4723 41607168
223 0.4788 41832448
224 0.4819 42303488
225 0.4855 42536960
226 0.4833 42283008
227 0.4812 42409984
228 0.4865 42627072
229 0.4854 42733568
230 0.4877 42885120
231 0.4881 43155456
232 0.4962 43384832
233 0.4932 43532288
234 0.4972 43683840
235 0.5007 43929600
236 0.5047 43999232
237 0.5008 44093440
238 0.5066 44310528
239 0.5034 44482560
240 0.5223 44953600
241 0.5082 44732416
242 0.5159 44949504
243 0.5152 45113344
244 0.5287 45756416
245 0.5153 45379584
246 0.5174 45539328
247 0.5242 45948928
248 0.5222 45858816
249 0.529 46071808
250 0.5272 46178304
251 0.532 46358528
252 0.5307 46501888
253 0.5308 46661632
254 0.5379 46874624
255 0.5348 46977024
256 0.537 47153152
257 0.5454 47378432
258 0.5474 47923200
259 0.5504 47624192
260 0.5702 48324608
261 0.5505 48009216
262 0.5568 48107520
263 0.5606 48308224
264 0.5555 48435200
265 0.5556 48594944
266 0.5556 48750592
267 0.5622 48951296
268 0.5622 49102848
269 0.5614 49229824
270 0.5656 49393664
271 0.5703 49586176
272 0.576 49856512
273 0.5743 49913856
274 0.5768 50077696
275 0.588 50737152
276 0.5843 50466816
277 0.5772 50515968
278 0.58 50675712
279 0.5806 50835456
280 0.5825 50991104
281 0.5847 51154944
282 0.5913 51388416
283 0.5885 51470336
284 0.595 51900416
285 0.5907 51798016
286 0.5965 51953664
287 0.5979 52113408
288 0.6046 52334592
289 0.6001 52457472
290 0.6077 52678656
291 0.6098 52793344
292 0.6067 52940800
293 0.6094 53104640
294 0.6107 53264384
295 0.6206 53743616
296 0.6256 54349824
297 0.626 54013952
298 0.6275 54595584
299 0.63 54403072
300 0.6315 54521856