1 0.0247 6234112
2 0.027 6451200
3 0.0293 6651904
4 0.0319 6873088
5 0.0383 7118848
6 0.0366 7335936
7 0.0392 7495680
8 0.0414 7692288
9 0.044 7897088
10 0.0504 8167424
11 0.0486 8298496
12 0.0509 8503296
13 0.0536 8716288
14 0.0561 8937472
15 0.0585 9146368
16 0.0615 9412608
17 0.0646 9543680
18 0.0659 9740288
19 0.068 9945088
20 0.0729 10186752
21 0.0729 10416128
22 0.0762 10551296
23 0.0779 10780672
24 0.0847 11034624
25 0.0837 11177984
26 0.0903 11448320
27 0.0885 11583488
28 0.0922 11890688
29 0.0944 12062720
30 0.1052 12386304
31 0.0996 12455936
32 0.1057 12709888
33 0.109 12922880
34 0.1068 13115392
35 0.1137 13307904
36 0.1121 13459456
37 0.1145 13660160
38 0.1213 13778944
39 0.1231 13946880
40 0.1396 14180352
41 0.1236 14319616
42 0.1265 14520320
43 0.1359 14827520
44 0.1332 14917632
45 0.1337 15110144
46 0.1411 15380480
47 0.1451 15470592
48 0.1465 15659008
49 0.1458 15855616
50 0.1522 16113664
51 0.1512 16257024
52 0.1593 16510976
53 0.157 16650240
54 0.1636 16908288
55 0.1663 17154048
56 0.1648 17313792
57 0.1679 17510400
58 0.1751 17801216
59 0.1749 17989632
60 0.1771 18178048
61 0.1801 18374656
62 0.1823 18571264
63 0.1844 18771968
64 0.1869 18964480
65 0.1895 19177472
66 0.1933 19374080
67 0.1955 19660800
68 0.197 19771392
69 0.1988 19963904
70 0.2053 20209664
71 0.2063 20361216
72 0.2119 20623360
73 0.2124 20787200
74 0.211 20963328
75 0.2139 21229568
76 0.2164 21360640
77 0.2231 21610496
78 0.2218 21757952
79 0.2241 21958656
80 0.2269 22155264
81 0.2286 22118400
82 0.2321 22290432
83 0.2383 22548480
84 0.2378 22691840
85 0.2398 22892544
86 0.246 23138304
87 0.2447 23293952
88 0.269 23609344
89 0.254 23740416
90 0.2566 23920640
91 0.2616 24256512
92 0.2571 24268800
93 0.2631 24518656
94 0.2623 24674304
95 0.2662 24899584
96 0.2725 25145344
97 0.2716 25296896
98 0.2733 25559040
99 0.2756 25694208
100 0.2804 26025984
101 0.2841 26214400
102 0.2964 26480640
103 0.292 26619904
104 0.2952 26796032
105 0.2979 26992640
106 0.2994 27189248
107 0.3067 27643904
108 0.3042 27594752
109 0.3125 27824128
110 0.3094 28000256
111 0.3119 28270592
112 0.3194 28418048
113 0.3204 28647424
114 0.3233 28839936
115 0.3256 29118464
116 0.3317 29462528
117 0.3371 29847552
118 0.3399 29929472
119 0.343 30347264
120 0.3401 30257152
121 0.3517 30511104
122 0.3498 30683136
123 0.3477 30851072
124 0.3508 31051776
125 0.357 31301632
126 0.3591 31748096
127 0.3589 31645696
128 0.3642 31903744
129 0.3627 32043008
130 0.3705 32391168
131 0.3754 32845824
132 0.3719 32669696
133 0.3743 32854016
134 0.3798 33255424
135 0.3822 33296384
136 0.3814 33419264
137 0.3848 33607680
138 0.3897 33861632
139 0.3929 34058240
140 0.3992 34500608
141 0.3969 34652160
142 0.3967 34594816
143 0.4014 34856960
144 0.4079 35024896
145 0.4032 35180544
146 0.4088 35381248
147 0.425 36114432
148 0.4156 35823616
149 0.4176 36036608
150 0.4152 36179968
151 0.4289 36601856
152 0.4204 36581376
153 0.4268 36835328
154 0.4261 36978688
155 0.4326 37216256
156 0.4356 37666816
157 0.4358 37568512
158 0.4401 37793792
159 0.4372 38031360
160 0.4535 38330368
161 0.444 38432768
162 0.45 38617088
163 0.4532 38821888
164 0.4521 39030784
165 0.4585 39399424
166 0.4633 39473152
167 0.4646 39378944
168 0.4661 39370752
169 0.4692 40067072
170 0.4674 39690240
171 0.4703 39890944
172 0.4738 40169472
173 0.4746 40296448
174 0.4803 40493056
175 0.489 40742912
176 0.4923 40886272
177 0.4886 41082880
178 0.4936 41340928
179 0.4902 41529344
180 0.4977 41746432
181 0.5001 41971712
182 0.4969 42139648
183 0.5031 42336256
184 0.5082 42528768
185 0.5109 42704896
186 0.5145 42950656
187 0.5118 43053056
188 0.5137 43253760
189 0.5161 43507712
190 0.5192 43704320
191 0.5221 43909120
192 0.5249 44105728
193 0.5316 44371968
194 0.5302 44580864
195 0.5432 45260800
196 0.5367 44908544
197 0.5425 45281280
198 0.5453 45363200
199 0.5514 45531136
200 0.5496 46153728
201 0.5536 45957120
202 0.5601 46206976
203 0.5676 46772224
204 0.5755 46919680
205 0.5749 47091712
206 0.5785 47382528
207 0.5816 47517696
208 0.5789 47648768
209 0.5843 47894528
210 0.5884 48062464
211 0.5854 48238592
212 0.5886 48435200
213 0.5912 48635904
214 0.5951 48828416
215 0.5967 49033216
216 0.6015 49229824
217 0.6065 49496064
218 0.6041 49627136
219 0.609 49831936
220 0.622 50044928
221 0.6116 50233344
222 0.6184 50585600
223 0.6168 50630656
224 0.6256 51146752
225 0.6221 51023872
226 0.6269 51220480
227 0.6334 51634176
228 0.6336 51642368
229 0.6337 51818496
230 0.6415 52281344
231 0.6437 52637696
232 0.6511 52961280
233 0.6491 53010432
234 0.6563 53460992
235 0.6679 53780480
236 0.6684 54181888
237 0.6683 54505472
238 0.6804 54218752
239 0.6695 54435840
240 0.6727 54628352
241 0.6775 55103488
242 0.684 55513088
243 0.6792 55226368
244 0.6825 55422976
245 0.6885 55676928
246 0.6865 55820288
247 0.6899 56025088
248 0.6929 56221696
249 0.7066 56934400
250 0.7228 56668160
251 0.7113 56832000
252 0.7099 57524224
253 0.704 57212928
254 0.7082 57409536
255 0.7105 57606144
256 0.7213 57868288
257 0.7149 57991168
258 0.7161 58257408
259 0.7244 58437632
260 0.7276 58650624
261 0.7243 58777600
262 0.7415 59117568
263 0.7375 59281408
264 0.7382 59756544
265 0.7337 59576320
266 0.739 60219392
267 0.7394 59969536
268 0.7469 60706816
269 0.7496 60391424
270 0.7469 60575744
271 0.7503 60768256
272 0.7559 61431808
273 0.7593 61460480
274 0.7606 61423616
275 0.7642 61558784
276 0.7675 61779968
277 0.7681 62050304
278 0.7716 62251008
279 0.7733 62492672
280 0.7787 62582784
281 0.7785 62840832
282 0.7845 63012864
283 0.7928 63176704
284 0.7982 63688704
285 0.791 63774720
286 0.7927 63836160
287 0.7935 64012288
288 0.8052 64581632
289 0.7992 64372736
290 0.8012 64638976
291 0.8003 64770048
292 0.808 65339392
293 0.8082 65363968
294 0.8075 65363968
295 0.8113 65650688
296 0.8181 65835008
297 0.8148 66048000
298 0.8212 66215936
299 0.8375 66449408
300 0.825 66576384