1 0.0024 3809280
2 0.0028 3850240
3 0.0031 3891200
4 0.0035 3928064
5 0.0038 3969024
6 0.0054 4038656
7 0.0074 4071424
8 0.0054 4112384
9 0.0078 4165632
10 0.0057 4182016
11 0.0061 4227072
12 0.0064 4288512
13 0.0075 4337664
14 0.0074 4378624
15 0.0076 4399104
16 0.0189 4444160
17 0.0083 4476928
18 0.0097 4554752
19 0.0091 4567040
20 0.0095 4644864
21 0.0119 4673536
22 0.01 4673536
23 0.0105 4718592
24 0.0419 4775936
25 0.0256 4857856
26 0.0117 4845568
27 0.0127 4931584
28 0.0126 4919296
29 0.0166 4976640
30 0.0134 5005312
31 0.0134 5046272
32 0.0178 5165056
33 0.0141 5128192
34 0.0189 5255168
35 0.015 5210112
36 0.016 5292032
37 0.0191 5312512
38 0.0161 5337088
39 0.0209 5455872
40 0.017 5410816
41 0.0172 5451776
42 0.0176 5488640
43 0.0179 5525504
44 0.0183 5570560
45 0.0187 5615616
46 0.0191 5660672
47 0.0195 5701632
48 0.0199 5734400
49 0.02 5771264
50 0.0208 5898240
51 0.021 5914624
52 0.0215 6008832
53 0.022 5931008
54 0.0277 6115328
55 0.0227 6111232
56 0.0271 6139904
57 0.0232 6082560
58 0.0236 6139904
59 0.0238 6176768
60 0.0246 6213632
61 0.0246 6254592
62 0.0251 6287360
63 0.0253 6324224
64 0.0258 6365184
65 0.0263 6512640
66 0.0268 6447104
67 0.0267 6479872
68 0.0271 6524928
69 0.0277 6660096
70 0.028 6602752
71 0.0289 6696960
72 0.0332 6766592
73 0.0341 6807552
74 0.0338 6844416
75 0.0298 6791168
76 0.0348 6959104
77 0.0306 6914048
78 0.0312 6946816
79 0.0315 6983680
80 0.0365 7135232
81 0.0325 7061504
82 0.0326 7098368
83 0.0371 7229440
84 0.0337 7176192
85 0.0336 7213056
86 0.0384 7344128
87 0.0392 7393280
88 0.035 7434240
89 0.0377 7372800
90 0.0359 7409664
91 0.0362 7450624
92 0.0407 7577600
93 0.0376 7536640
94 0.038 7639040
95 0.0417 7684096
96 0.0384 7655424
97 0.0382 7696384
98 0.0434 7831552
99 0.0391 7774208
100 0.0398 7815168
101 0.0403 7942144
102 0.0402 7901184
103 0.041 7946240
104 0.0416 7983104
105 0.0433 8077312
106 0.0424 8056832
107 0.047 8179712
108 0.0431 8134656
109 0.0437 8171520
110 0.0486 8351744
111 0.0439 8257536
112 0.0444 8294400
113 0.045 8339456
114 0.0496 8458240
115 0.05 8495104
116 0.0506 8560640
117 0.0471 8511488
118 0.0468 8548352
119 0.0473 8683520
120 0.052 8720384
121 0.0482 8663040
122 0.0482 8699904
123 0.0528 8830976
124 0.0495 8777728
125 0.0545 8900608
126 0.0542 8949760
127 0.0503 8892416
128 0.0508 8933376
129 0.0512 8970240
130 0.0511 9011200
131 0.0515 9048064
132 0.0524 9084928
133 0.0526 9220096
134 0.0584 9363456
135 0.0536 9199616
136 0.0537 9236480
137 0.0586 9367552
138 0.0546 9314304
139 0.0547 9359360
140 0.0553 9396224
141 0.0558 9535488
142 0.0559 9564160
143 0.057 9510912
144 0.0566 9547776
145 0.0573 9588736
146 0.0618 9719808
147 0.0587 9666560
148 0.0586 9703424
149 0.0629 9830400
150 0.0629 9875456
151 0.0597 9818112
152 0.0609 9936896
153 0.0613 10076160
154 0.0617 10010624
155 0.0617 10051584
156 0.0623 10190848
157 0.0622 10129408
158 0.0822 10276864
159 0.0636 10207232
160 0.0696 10375168
161 0.0648 10289152
162 0.0641 10326016
163 0.0657 10362880
164 0.0656 10399744
165 0.0656 10440704
166 0.0654 10481664
167 0.0666 10518528
168 0.0679 10555392
169 0.0667 10698752
170 0.0674 10633216
171 0.069 10670080
172 0.0684 10715136
173 0.0685 10752000
174 0.0734 10878976
175 0.0702 10829824
176 0.0705 10866688
177 0.0743 10997760
178 0.07 10940416
179 0.0714 11087872
180 0.076 11112448
181 0.0772 11268096
182 0.0774 11304960
183 0.0728 11153408
184 0.0774 11284480
185 0.0732 11227136
186 0.0749 11304960
187 0.075 11333632
188 0.0749 11374592
189 0.075 11411456
190 0.0783 11448320
191 0.0758 11489280
192 0.0811 11673600
193 0.0811 11653120
194 0.0816 11689984
195 0.0825 11735040
196 0.0873 11956224
197 0.0801 11726848
198 0.0794 11759616
199 0.0796 11792384
200 0.0795 11833344
201 0.0804 11870208
202 0.0808 11907072
203 0.0806 11943936
204 0.0813 11976704
205 0.0831 12058624
206 0.0828 12091392
207 0.0844 12128256
208 0.0853 12070912
209 0.0841 12075008
210 0.0849 12111872
211 0.0848 12255232
212 0.0858 12197888
213 0.0867 12234752
214 0.0862 12275712
215 0.0867 12312576
216 0.0872 12349440
217 0.0912 12468224
218 0.0924 12566528
219 0.0882 12464128
220 0.0928 12578816
221 0.0886 12541952
222 0.0944 12668928
223 0.0895 12709888
224 0.0947 12734464
225 0.0946 12771328
226 0.0915 12730368
227 0.0922 12767232
228 0.0914 12808192
229 0.0921 12840960
230 0.0921 12881920
231 0.0932 12959744
232 0.0934 12996608
233 0.0969 13033472
234 0.104 13086720
235 0.0943 13111296
236 0.0947 13144064
237 0.0991 13279232
238 0.0996 13312000
239 0.0963 13262848
240 0.0954 13303808
241 0.097 13340672
242 0.097 13377536
243 0.0969 13418496
244 0.1023 13553664
245 0.0988 13598720
246 0.0995 13594624
247 0.0987 13574144
248 0.0997 13606912
249 0.1107 13705216
250 0.1048 13750272
251 0.1055 13819904
252 0.1005 13762560
253 0.1058 13869056
254 0.102 13778944
255 0.1024 13778944
256 0.1068 13930496
257 0.1074 13959168
258 0.108 14000128
259 0.1045 14000128
260 0.1042 13946880
261 0.1049 13979648
262 0.1056 14016512
263 0.1057 14057472
264 0.1105 14188544
265 0.1056 14131200
266 0.1114 14270464
267 0.1081 14209024
268 0.1096 14254080
269 0.109 14381056
270 0.1081 14323712
271 0.1089 14360576
272 0.1087 14397440
273 0.1136 14520320
274 0.1138 14557184
275 0.1107 14606336
276 0.1152 14614528
277 0.1162 14721024
278 0.1154 14716928
279 0.112 14663680
280 0.1124 14700544
281 0.114 14737408
282 0.1146 14778368
283 0.1127 14815232
284 0.1151 14856192
285 0.1137 14888960
286 0.1192 15032320
287 0.1193 15110144
288 0.1156 15020032
289 0.1152 15056896
290 0.1156 15097856
291 0.116 15130624
292 0.116 15167488
293 0.1172 15212544
294 0.1172 15249408
295 0.1225 15372288
296 0.1224 15413248
297 0.1239 15622144
298 0.119 15405056
299 0.1239 15536128
300 0.1201 15581184