1 0.0023 3575808
2 0.0031 3633152
3 0.0031 3678208
4 0.0045 3731456
5 0.0038 3788800
6 0.0047 3842048
7 0.0054 3895296
8 0.0052 3948544
9 0.0056 3993600
10 0.0059 4067328
11 0.0072 4116480
12 0.0068 4173824
13 0.0076 4218880
14 0.0077 4263936
15 0.0082 4321280
16 0.0088 4407296
17 0.0091 4415488
18 0.01 4464640
19 0.0098 4517888
20 0.0103 4562944
21 0.012 4648960
22 0.015 4702208
23 0.0115 4755456
24 0.0119 4792320
25 0.0126 4837376
26 0.0127 4878336
27 0.0133 4923392
28 0.0138 4972544
29 0.0181 5091328
30 0.0189 5165056
31 0.0151 5144576
32 0.0156 5189632
33 0.0159 5246976
34 0.0169 5287936
35 0.0166 5337088
36 0.0215 5459968
37 0.0217 5505024
38 0.0179 5488640
39 0.0188 5533696
40 0.0189 5578752
41 0.0194 5718016
42 0.0198 5824512
43 0.0201 5791744
44 0.0205 5844992
45 0.0253 5967872
46 0.0217 5939200
47 0.0216 5992448
48 0.0224 6037504
49 0.0269 6168576
50 0.0231 6107136
51 0.0236 6221824
52 0.0284 6254592
53 0.0244 6225920
54 0.0295 6352896
55 0.0258 6336512
56 0.0257 6381568
57 0.0266 6430720
58 0.0266 6492160
59 0.027 6541312
60 0.0319 6696960
61 0.0285 6672384
62 0.0287 6807552
63 0.0288 6762496
64 0.0295 6811648
65 0.03 6856704
66 0.0348 6991872
67 0.035 6975488
68 0.031 7004160
69 0.0316 7053312
70 0.0363 7172096
71 0.0326 7151616
72 0.0336 7258112
73 0.0338 7340032
74 0.034 7299072
75 0.039 7426048
76 0.0351 7475200
77 0.0396 7524352
78 0.0358 7491584
79 0.0359 7540736
80 0.0368 7585792
81 0.041 7700480
82 0.0373 7680000
83 0.0381 7815168
84 0.0382 7876608
85 0.0385 7827456
86 0.0434 7962624
87 0.0396 7942144
88 0.0397 7983104
89 0.045 8118272
90 0.0409 8077312
91 0.0458 8208384
92 0.0464 8257536
93 0.0464 8298496
94 0.047 8343552
95 0.0471 8404992
96 0.0435 8372224
97 0.0435 8421376
98 0.0452 8568832
99 0.0449 8527872
100 0.0451 8581120
101 0.0457 8634368
102 0.0471 8777728
103 0.0472 8753152
104 0.0502 8794112
105 0.0479 8843264
106 0.0484 8970240
107 0.0492 8937472
108 0.0495 8990720
109 0.05 9035776
110 0.0501 9084928
111 0.0512 9138176
112 0.0511 9187328
113 0.0558 9314304
114 0.0568 9363456
115 0.0529 9330688
116 0.0534 9404416
117 0.0794 9527296
118 0.0585 9646080
119 0.059 9748480
120 0.0564 9744384
121 0.0566 9711616
122 0.0615 9834496
123 0.0592 10047488
124 0.0584 9854976
125 0.0584 9900032
126 0.0595 9949184
127 0.059 9998336
128 0.0644 10117120
129 0.0619 10211328
130 0.0614 10231808
131 0.0615 10190848
132 0.0613 10240000
133 0.0643 10420224
134 0.0624 10330112
135 0.0624 10461184
136 0.063 10428416
137 0.0669 10477568
138 0.0721 10571776
139 0.0636 10571776
140 0.0655 10702848
141 0.065 10670080
142 0.069 10784768
143 0.0655 10768384
144 0.0665 10850304
145 0.0673 10899456
146 0.0673 10944512
147 0.0729 11063296
148 0.0684 11042816
149 0.0694 11091968
150 0.0688 11132928
151 0.0703 11276288
152 0.0702 11231232
153 0.0753 11415552
154 0.0745 11411456
155 0.0716 11378688
156 0.0716 11427840
157 0.0763 11616256
158 0.0731 11526144
159 0.0732 11571200
160 0.0783 11788288
161 0.078 11739136
162 0.0749 11710464
163 0.0789 11833344
164 0.0805 11882496
165 0.0762 11862016
166 0.0774 11919360
167 0.0767 11964416
168 0.0818 12070912
169 0.0778 11968512
170 0.0792 11976704
171 0.0782 12021760
172 0.0839 12140544
173 0.0791 12115968
174 0.0804 12251136
175 0.0804 12214272
176 0.0824 12263424
177 0.0855 12382208
178 0.0837 12509184
179 0.0816 12406784
180 0.0823 12546048
181 0.0827 12509184
182 0.0829 12562432
183 0.0839 12611584
184 0.0882 12734464
185 0.0931 12853248
186 0.0854 12759040
187 0.0859 12804096
188 0.0902 12926976
189 0.0861 12902400
190 0.0868 12951552
191 0.087 13004800
192 0.0876 13049856
193 0.088 13103104
194 0.089 13144064
195 0.0902 13307904
196 0.0895 13352960
197 0.09 13324288
198 0.0902 13377536
199 0.0927 13463552
200 0.0927 13504512
201 0.092 13471744
202 0.0925 13475840
203 0.0935 13479936
204 0.1018 13639680
205 0.0962 13611008
206 0.0965 13660160
207 0.0987 13709312
208 0.0981 13836288
209 0.0984 13807616
210 0.0984 13848576
211 0.0985 13893632
212 0.1008 13946880
213 0.0996 13991936
214 0.0999 14045184
215 0.1004 14086144
216 0.1048 14204928
217 0.1053 14258176
218 0.1019 14327808
219 0.108 14356480
220 0.1085 14413824
221 0.103 14376960
222 0.1032 14426112
223 0.1035 14475264
224 0.1047 14520320
225 0.1103 14569472
226 0.105 14614528
227 0.1075 14753792
228 0.1162 14757888
229 0.1065 14761984
230 0.1084 14868480
231 0.108 14897152
232 0.1081 15028224
233 0.1092 14995456
234 0.1085 15044608
235 0.1098 15089664
236 0.1158 15171584
237 0.1096 15183872
238 0.1167 15437824
239 0.1141 15417344
240 0.1189 15540224
241 0.1188 15593472
242 0.1149 15556608
243 0.1148 15605760
244 0.1161 15659008
245 0.1173 15798272
246 0.1172 15753216
247 0.117 15798272
248 0.1217 15994880
249 0.1174 15896576
250 0.1224 16023552
251 0.123 16080896
252 0.1249 16121856
253 0.1194 16171008
254 0.1203 16146432
255 0.1204 16195584
256 0.1212 16314368
257 0.1262 16379904
258 0.1274 16416768
259 0.122 16384000
260 0.1238 16576512
261 0.1237 16547840
262 0.1239 16539648
263 0.1241 16572416
264 0.1246 16617472
265 0.126 16670720
266 0.1253 16711680
267 0.1259 16764928
268 0.1333 16908288
269 0.1266 16859136
270 0.1326 17035264
271 0.1277 16961536
272 0.1298 17002496
273 0.1282 17051648
274 0.1291 17100800
275 0.1304 17149952
276 0.1303 17199104
277 0.1307 17240064
278 0.1318 17293312
279 0.1321 17338368
280 0.1326 17383424
281 0.1327 17436672
282 0.1332 17477632
283 0.1326 17530880
284 0.1378 17653760
285 0.1353 17625088
286 0.1343 17674240
287 0.1347 17719296
288 0.1396 17846272
289 0.1353 17813504
290 0.1404 17928192
291 0.138 17981440
292 0.1469 18051072
293 0.1389 18071552
294 0.1394 18120704
295 0.1398 18169856
296 0.1403 18223104
297 0.1447 18345984
298 0.1471 18624512
299 0.1413 18366464
300 0.1423 18505728