1 0.002 3588096
2 0.0025 3649536
3 0.003 3715072
4 0.0037 3776512
5 0.0042 3858432
6 0.0048 3911680
7 0.0053 3985408
8 0.006 4046848
9 0.0065 4120576
10 0.0073 4222976
11 0.0085 4288512
12 0.0097 4354048
13 0.0089 4386816
14 0.0096 4497408
15 0.0101 4575232
16 0.0137 4632576
17 0.0142 4685824
18 0.0118 4722688
19 0.0124 4775936
20 0.0128 4874240
21 0.0171 4988928
22 0.0146 4968448
23 0.0144 5033984
24 0.0152 5091328
25 0.0201 5255168
26 0.0163 5246976
27 0.0169 5308416
28 0.0175 5373952
29 0.0223 5521408
30 0.0188 5537792
31 0.0235 5656576
32 0.0242 5722112
33 0.0208 5730304
34 0.0255 5853184
35 0.0258 5910528
36 0.0256 5931008
37 0.0277 6078464
38 0.0244 6029312
39 0.0249 6090752
40 0.0265 6270976
41 0.0262 6307840
42 0.0267 6279168
43 0.0272 6459392
44 0.0277 6410240
45 0.028 6471680
46 0.0292 6533120
47 0.0302 6606848
48 0.0302 6668288
49 0.0304 6746112
50 0.0312 6803456
51 0.0327 6934528
52 0.0376 7036928
53 0.0513 7135232
54 0.0397 7266304
55 0.0349 7229440
56 0.0398 7294976
57 0.0419 7294976
58 0.0381 7385088
59 0.0374 7393280
60 0.0386 7462912
61 0.038 7524352
62 0.0424 7659520
63 0.0387 7655424
64 0.0394 7733248
65 0.0408 7794688
66 0.0446 7938048
67 0.0427 8052736
68 0.0584 8077312
69 0.0459 8122368
70 0.0433 8196096
71 0.0434 8196096
72 0.0497 8343552
73 0.0498 8404992
74 0.0649 8450048
75 0.0678 8568832
76 0.0495 8527872
77 0.0563 8617984
78 0.0636 8802304
79 0.0657 8798208
80 0.0549 8806400
81 0.0584 8933376
82 0.0627 8986624
83 0.0604 9117696
84 0.0665 9097216
85 0.0562 9101312
86 0.0573 9203712
87 0.0593 9334784
88 0.0533 9359360
89 0.0541 9420800
90 0.0544 9482240
91 0.0554 9453568
92 0.0615 9584640
93 0.0571 9580544
94 0.0579 9641984
95 0.0576 9707520
96 0.0627 9826304
97 0.063 9912320
98 0.0601 9908224
99 0.065 10035200
100 0.0679 10088448
101 0.0642 10096640
102 0.0632 10174464
103 0.0682 10321920
104 0.0695 10407936
105 0.0685 10436608
106 0.0666 10444800
107 0.0666 10592256
108 0.0669 10567680
109 0.0731 10682368
110 0.0834 10817536
111 0.0879 10891264
112 0.0747 11001856
113 0.0786 10940416
114 0.0697 10952704
115 0.0749 11100160
116 0.0715 11100160
117 0.073 11165696
118 0.0762 11313152
119 0.0767 11378688
120 0.074 11399168
121 0.0787 11501568
122 0.0741 11526144
123 0.0785 11538432
124 0.0786 11657216
125 0.0836 11800576
126 0.0865 11825152
127 0.0837 11837440
128 0.0872 12021760
129 0.0808 12042240
130 0.0893 12087296
131 0.1167 12214272
132 0.109 12242944
133 0.09 12361728
134 0.0901 12263424
135 0.0916 12386304
136 0.0853 12386304
137 0.0877 12451840
138 0.0845 12521472
139 0.0891 12648448
140 0.0855 12640256
141 0.0905 12779520
142 0.0875 12922880
143 0.0928 12976128
144 0.0895 13045760
145 0.0926 13131776
146 0.0971 13258752
147 0.0952 13144064
148 0.0931 13213696
149 0.102 13393920
150 0.1339 13475840
151 0.1083 13541376
152 0.0971 13455360
153 0.1141 13688832
154 0.1207 13635584
155 0.117 13668352
156 0.1126 13725696
157 0.0984 13754368
158 0.1061 13787136
159 0.1206 13860864
160 0.1195 13979648
161 0.1211 13860864
162 0.1192 13926400
163 0.1154 13996032
164 0.1119 14016512
165 0.1155 14131200
166 0.1358 14221312
167 0.1263 14282752
168 0.1239 14274560
169 0.1205 14303232
170 0.1209 14434304
171 0.1065 14385152
172 0.1063 14446592
173 0.1281 14651392
174 0.1188 14770176
175 0.1077 14635008
176 0.1091 14700544
177 0.1133 14835712
178 0.1094 14823424
179 0.1098 14888960
180 0.1097 14950400
181 0.1114 15011840
182 0.1157 15142912
183 0.1163 15212544
184 0.1133 15196160
185 0.1137 15261696
186 0.1138 15323136
187 0.115 15400960
188 0.1243 15671296
189 0.117 15523840
190 0.1178 15585280
191 0.1179 15650816
192 0.1185 15794176
193 0.1187 15773696
194 0.1194 15835136
195 0.1212 15933440
196 0.1213 15994880
197 0.122 16056320
198 0.1237 16121856
199 0.1274 16257024
200 0.1282 16314368
201 0.1296 16396288
202 0.1297 16441344
203 0.1252 16429056
204 0.1261 16486400
205 0.1327 16662528
206 0.1303 16646144
207 0.1303 16707584
208 0.1356 16846848
209 0.1308 16830464
210 0.1319 16908288
211 0.1369 17047552
212 0.1348 17031168
213 0.1334 17096704
214 0.1383 17268736
215 0.135 17219584
216 0.1356 17375232
217 0.1372 17350656
218 0.1371 17416192
219 0.1371 17563648
220 0.1426 17616896
221 0.1458 17678336
222 0.1388 17657856
223 0.1401 17723392
224 0.1395 17780736
225 0.1465 17948672
226 0.1412 17911808
227 0.1423 18059264
228 0.1424 18087936
229 0.1472 18173952
230 0.1434 18153472
231 0.148 18345984
232 0.1562 18407424
233 0.1451 18382848
234 0.1465 18444288
235 0.1467 18505728
236 0.1519 18649088
237 0.1525 18681856
238 0.152 18800640
239 0.1494 18763776
240 0.154 18903040
241 0.1503 18886656
242 0.151 18948096
243 0.1511 19013632
244 0.1523 19075072
245 0.1522 19136512
246 0.153 19202048
247 0.1539 19267584
248 0.1542 19333120
249 0.1567 19394560
250 0.1552 19509248
251 0.1565 19517440
252 0.1563 19578880
253 0.158 19644416
254 0.1586 19709952
255 0.1603 19771392
256 0.1609 19902464
257 0.1616 19963904
258 0.1608 20025344
259 0.1625 20168704
260 0.1632 20152320
261 0.1851 20328448
262 0.1966 20402176
263 0.1655 20340736
264 0.1719 20443136
265 0.1802 20688896
266 0.1726 20676608
267 0.1683 20594688
268 0.1779 20672512
269 0.1678 20721664
270 0.1731 20848640
271 0.1692 20848640
272 0.1704 20910080
273 0.1703 21041152
274 0.1709 21037056
275 0.1726 21102592
276 0.173 21164032
277 0.1733 21225472
278 0.1742 21286912
279 0.1797 21405696
280 0.1749 21409792
281 0.1762 21471232
282 0.1773 21532672
283 0.1839 21811200
284 0.1799 21794816
285 0.18 21856256
286 0.1806 21921792
287 0.1815 21979136
288 0.1816 22040576
289 0.1836 22110208
290 0.1838 22196224
291 0.1836 22237184
292 0.1933 22540288
293 0.185 22355968
294 0.1859 22487040
295 0.1909 22540288
296 0.1908 22806528
297 0.1913 22777856
298 0.1969 22925312
299 0.1885 22736896
300 0.1934 22966272