1 0.0263 6344704
2 0.0333 6635520
3 0.032 6844416
4 0.035 7098368
5 0.0377 7417856
6 0.0409 7614464
7 0.0437 7925760
8 0.0508 8192000
9 0.0499 8388608
10 0.0526 8642560
11 0.056 8957952
12 0.0589 9158656
13 0.0664 9478144
14 0.0653 9682944
15 0.0684 9949184
16 0.0753 10256384
17 0.0857 10625024
18 0.0836 10838016
19 0.0812 10977280
20 0.0875 11280384
21 0.0869 11468800
22 0.0893 11718656
23 0.0926 11964416
24 0.0966 12214272
25 0.0991 12472320
26 0.1071 12820480
27 0.1106 13086720
28 0.1138 13336576
29 0.1128 13545472
30 0.1158 13791232
31 0.1185 13975552
32 0.1226 14184448
33 0.1264 14430208
34 0.1335 14729216
35 0.1357 14979072
36 0.1394 15237120
37 0.1384 15429632
38 0.1409 15638528
39 0.145 15855616
40 0.1485 16084992
41 0.1524 16334848
42 0.1542 16588800
43 0.1573 16838656
44 0.1605 17141760
45 0.1678 17408000
46 0.1669 17584128
47 0.1745 17883136
48 0.1738 18075648
49 0.1802 18378752
50 0.1803 18628608
51 0.1831 18825216
52 0.1886 19091456
53 0.1958 19529728
54 0.1946 19628032
55 0.1986 19939328
56 0.2022 20189184
57 0.2057 20439040
58 0.2087 20774912
59 0.2118 21020672
60 0.215 21209088
61 0.2174 21524480
62 0.2209 21704704
63 0.2233 21950464
64 0.2265 22208512
65 0.2291 22466560
66 0.238 22773760
67 0.2369 22810624
68 0.24 22937600
69 0.2421 23261184
70 0.2458 23449600
71 0.2485 23699456
72 0.2557 24002560
73 0.2598 24301568
74 0.2584 24498176
75 0.2705 24788992
76 0.2686 25063424
77 0.2677 25243648
78 0.2723 25563136
79 0.2831 25935872
80 0.2889 26378240
81 0.2886 26406912
82 0.2876 26669056
83 0.2948 26882048
84 0.3013 27426816
85 0.3003 27361280
86 0.3002 27602944
87 0.3032 27791360
88 0.3105 28082176
89 0.3091 28286976
90 0.3195 28577792
91 0.3163 28786688
92 0.3174 29028352
93 0.3212 29335552
94 0.325 29536256
95 0.333 29777920
96 0.3318 30031872
97 0.3341 30339072
98 0.3368 30527488
99 0.3406 30773248
100 0.3416 31035392
101 0.3459 31285248
102 0.3494 31551488
103 0.3599 31899648
104 0.3595 32149504
105 0.3622 32342016
106 0.3718 32776192
107 0.3708 32964608
108 0.375 33214464
109 0.3798 33591296
110 0.3827 33816576
111 0.3943 34340864
112 0.3902 34279424
113 0.3979 34570240
114 0.4006 34824192
115 0.3992 35065856
116 0.4058 35500032
117 0.4048 35540992
118 0.409 35782656
119 0.4172 36065280
120 0.4161 36319232
121 0.4184 36528128
122 0.424 37064704
123 0.424 37085184
124 0.4327 37318656
125 0.4299 37523456
126 0.4334 37769216
127 0.4417 38068224
128 0.4401 38277120
129 0.4483 38973440
130 0.4463 38776832
131 0.45 39047168
132 0.4531 39292928
133 0.4563 39546880
134 0.4636 40062976
135 0.4616 40054784
136 0.4647 40300544
137 0.4673 40591360
138 0.4817 40824832
139 0.4784 40693760
140 0.478 40771584
141 0.4847 41041920
142 0.4918 41279488
143 0.486 41521152
144 0.4894 41762816
145 0.4929 42016768
146 0.4995 42299392
147 0.4995 42508288
148 0.5029 42754048
149 0.5098 43053056
150 0.5124 43307008
151 0.5154 43544576
152 0.5136 43753472
153 0.518 43999232
154 0.5222 44314624
155 0.5263 44683264
156 0.5346 44916736
157 0.5477 45162496
158 0.5406 45424640
159 0.545 45674496
160 0.5483 45916160
161 0.5453 46116864
162 0.5536 46526464
163 0.5585 46878720
164 0.5624 47136768
165 0.5658 47382528
166 0.5724 47669248
167 0.5755 47919104
168 0.5751 48164864
169 0.5777 48373760
170 0.5849 48664576
171 0.5897 48906240
172 0.5916 49446912
173 0.5903 49336320
174 0.5928 49586176
175 0.5965 49881088
176 0.5999 50081792
177 0.6082 50348032
178 0.6065 50630656
179 0.609 50819072
180 0.613 51077120
181 0.6151 51318784
182 0.6221 51994624
183 0.6216 51822592
184 0.6245 52129792
185 0.6372 52326400
186 0.6425 53026816
187 0.6381 52895744
188 0.6424 53129216
189 0.6462 53383168
190 0.6464 53583872
191 0.6586 54030336
192 0.6519 54087680
193 0.654 54386688
194 0.657 54632448
195 0.6642 54870016
196 0.6626 55078912
197 0.6673 55320576
198 0.6731 55599104
199 0.6792 55869440
200 0.6767 56070144
201 0.6785 56315904
202 0.685 56590336
203 0.6905 57339904
204 0.6928 57110528
205 0.7059 57487360
206 0.7123 57839616
207 0.7075 57909248
208 0.7143 58204160
209 0.7176 58728448
210 0.7206 58716160
211 0.7226 58933248
212 0.7277 59482112
213 0.7307 59686912
214 0.7331 59928576
215 0.736 60174336
216 0.7443 60477440
217 0.7476 60727296
218 0.7478 61243392
219 0.7547 61448192
220 0.758 61747200
221 0.7594 61939712
222 0.7686 62693376
223 0.7667 62513152
224 0.7738 62717952
225 0.7751 62984192
226 0.7802 63229952
227 0.7793 63426560
228 0.7878 63746048
229 0.7925 64016384
230 0.794 64233472
231 0.7972 64815104
232 0.7959 64790528
233 0.8063 65060864
234 0.8023 65273856
235 0.8139 65716224
236 0.81 65810432
237 0.8137 66015232
238 0.8141 66265088
239 0.8167 66523136
240 0.819 66760704
241 0.8273 67026944
242 0.8273 67276800
243 0.8306 67522560
244 0.8369 67813376
245 0.8473 68616192
246 0.8378 68268032
247 0.8475 68657152
248 0.8483 68825088
249 0.8523 69087232
250 0.8526 69263360
251 0.8587 69558272
252 0.8592 69808128
253 0.8637 70062080
254 0.8638 70254592
255 0.8666 70504448
256 0.8731 70942720
257 0.8729 71004160
258 0.8798 71798784
259 0.878 71499776
260 0.8874 71815168
261 0.8937 72265728
262 0.8911 72286208
263 0.8997 72609792
264 0.8981 72806400
265 0.9011 73056256
266 0.9093 73342976
267 0.9095 73588736
268 0.9136 73846784
269 0.9127 74035200
270 0.9162 74379264
271 0.9264 74592256
272 0.9242 74784768
273 0.9337 75059200
274 0.9413 75304960
275 0.934 75522048
276 0.9359 75780096
277 0.9379 76021760
278 0.9411 76275712
279 0.9506 76984320
280 0.952 76816384
281 0.9557 76787712
282 0.9543 76734464
283 0.9604 76787712
284 0.959 76738560
285 0.9631 76984320
286 0.9655 77266944
287 0.9716 77484032
288 0.9773 77758464
289 0.9811 78172160
290 0.9855 78790656
291 0.9882 78524416
292 0.9831 78733312
293 0.99 78999552
294 0.9923 79241216
295 0.9949 79470592
296 0.9958 79728640
297 1.0057 80027648
298 1.0103 80523264
299 1.008 80527360
300 1.0104 80719872