1 0.1286 16736256
2 0.1377 16932864
3 0.1424 16605184
4 0.1443 17690624
5 0.1458 17584128
6 0.1471 17657856
7 0.1433 17502208
8 0.1466 17960960
9 0.1472 18542592
10 0.149 18280448
11 0.1506 18432000
12 0.1555 19320832
13 0.1541 18247680
14 0.1555 18423808
15 0.1594 18833408
16 0.1624 18812928
17 0.165 19202048
18 0.167 19390464
19 0.1688 19918848
20 0.1697 19636224
21 0.1712 19734528
22 0.1746 19918848
23 0.1744 20631552
24 0.1789 20754432
25 0.1784 20504576
26 0.1837 21311488
27 0.1874 21491712
28 0.1939 21786624
29 0.1897 21860352
30 0.19 21913600
31 0.1911 21614592
32 0.196 22290432
33 0.1958 22577152
34 0.1975 22654976
35 0.1984 22937600
36 0.208 22732800
37 0.2127 23429120
38 0.2068 23478272
39 0.211 23519232
40 0.2077 23863296
41 0.2103 23941120
42 0.2131 24137728
43 0.2136 24317952
44 0.2193 24686592
45 0.2222 24334336
46 0.2192 24424448
47 0.2221 24592384
48 0.2283 25747456
49 0.231 25567232
50 0.2315 25722880
51 0.2314 25882624
52 0.2362 26075136
53 0.2442 26349568
54 0.2383 26374144
55 0.2628 26546176
56 0.2418 26841088
57 0.2431 26468352
58 0.2482 27373568
59 0.2507 27406336
60 0.2575 27373568
61 0.2617 27717632
62 0.2556 28049408
63 0.2585 28241920
64 0.2615 27856896
65 0.2655 28274688
66 0.2707 28815360
67 0.2741 28565504
68 0.3572 29093888
69 0.2973 29216768
70 0.2808 29499392
71 0.2786 29147136
72 0.2784 29347840
73 0.2829 30138368
74 0.2812 30158848
75 0.2861 30482432
76 0.2858 30633984
77 0.2914 30384128
78 0.2883 30945280
79 0.29 31088640
80 0.2928 31371264
81 0.294 31539200
82 0.2956 31371264
83 0.2982 32038912
84 0.2999 32088064
85 0.3087 32571392
86 0.3038 32370688
87 0.3105 32346112
88 0.3065 32370688
89 0.3084 33005568
90 0.3142 33161216
91 0.3129 33398784
92 0.3248 33308672
93 0.3245 33341440
94 0.3194 33673216
95 0.3221 33722368
96 0.3322 33959936
97 0.3274 34066432
98 0.3358 34754560
99 0.3413 34611200
100 0.3358 34615296
101 0.3381 34967552
102 0.3435 35180544
103 0.3483 35471360
104 0.3483 35495936
105 0.3493 35508224
106 0.3502 35876864
107 0.3519 36028416
108 0.3576 36085760
109 0.3554 36315136
110 0.3628 36737024
111 0.3628 36798464
112 0.3744 37277696
113 0.3653 36958208
114 0.3654 37142528
115 0.3674 37552128
116 0.374 37756928
117 0.3709 37744640
118 0.3761 38338560
119 0.3748 38268928
120 0.3771 38285312
121 0.385 38731776
122 0.381 38735872
123 0.3838 38924288
124 0.3929 39215104
125 0.3881 39280640
126 0.3893 39583744
127 0.3889 39575552
128 0.3951 39927808
129 0.3995 40120320
130 0.4002 40292352
131 0.4045 40607744
132 0.4101 41046016
133 0.4154 41250816
134 0.4126 41263104
135 0.4165 41578496
136 0.4159 41533440
137 0.4198 41775104
138 0.4528 42033152
139 0.4267 42287104
140 0.4488 42233856
141 0.435 42553344
142 0.447 42688512
143 0.4441 42885120
144 0.4456 42950656
145 0.4441 43511808
146 0.5139 43606016
147 0.451 43667456
148 0.4536 43900928
149 0.4883 43855872
150 0.5097 44388352
151 0.454 44380160
152 0.4461 44371968
153 0.4486 44642304
154 0.455 44941312
155 0.4577 45350912
156 0.4617 45350912
157 0.4555 45293568
158 0.4659 45559808
159 0.4636 45748224
160 0.4652 45920256
161 0.4646 46133248
162 0.4745 46309376
163 0.4718 46825472
164 0.4826 47058944
165 0.4767 46878720
166 0.4807 47165440
167 0.4771 47226880
168 0.4792 47411200
169 0.4833 47382528
170 0.4945 47292416
171 0.4957 47599616
172 0.5152 47677440
173 0.4922 47898624
174 0.5085 48209920
175 0.5026 48353280
176 0.4978 48332800
177 0.506 48738304
178 0.5063 48693248
179 0.5029 48910336
180 0.508 49278976
181 0.5034 49291264
182 0.509 49553408
183 0.5119 49676288
184 0.5259 49848320
185 0.528 49950720
186 0.5233 50536448
187 0.5204 50483200
188 0.522 50511872
189 0.5328 50835456
190 0.5232 50839552
191 0.529 51040256
192 0.5358 51486720
193 0.5383 51511296
194 0.5528 51867648
195 0.5603 52289536
196 0.5558 52129792
197 0.5447 52240384
198 0.5483 52473856
199 0.552 52858880
200 0.5563 53403648
201 0.5579 53137408
202 0.5608 53612544
203 0.5611 53473280
204 0.5612 53698560
205 0.5707 53813248
206 0.5693 54194176
207 0.5738 54321152
208 0.5737 54603776
209 0.5747 54677504
210 0.5844 54816768
211 0.5759 54878208
212 0.5893 55373824
213 0.587 55693312
214 0.5884 55422976
215 0.6043 55697408
216 0.657 55910400
217 0.5961 56000512
218 0.5996 56303616
219 0.5952 56721408
220 0.5974 56688640
221 0.609 57380864
222 0.611 56905728
223 0.6284 57384960
224 0.6051 57327616
225 0.6095 57180160
226 0.6228 57475072
227 0.6133 58257408
228 0.6177 58191872
229 0.6133 57917440
230 0.6211 58757120
231 0.6195 58990592
232 0.6336 59084800
233 0.621 59236352
234 0.6238 59424768
235 0.6277 59580416
236 0.6268 59789312
237 0.6312 60035072
238 0.6338 60370944
239 0.6397 60272640
240 0.6451 60588032
241 0.6495 60841984
242 0.6438 60379136
243 0.6629 60616704
244 0.6515 61444096
245 0.6523 61587456
246 0.6518 61669376
247 0.6534 61943808
248 0.658 62058496
249 0.6609 62504960
250 0.6655 62619648
251 0.6691 62599168
252 0.6639 63000576
253 0.6685 62980096
254 0.666 63270912
255 0.6688 63361024
256 0.6733 63442944
257 0.6856 63655936
258 0.6855 63606784
259 0.6819 63946752
260 0.6803 63688704
261 0.6939 64380928
262 0.6893 64688128
263 0.6961 64667648
264 0.6998 65011712
265 0.7083 65331200
266 0.6962 65490944
267 0.701 65769472
268 0.7191 66560000
269 0.7274 66777088
270 0.7432 66605056
271 0.7169 66781184
272 0.7212 66428928
273 0.7191 67047424
274 0.716 67227648
275 0.7261 67239936
276 0.7264 67665920
277 0.7213 67903488
278 0.7362 68231168
279 0.729 67702784
280 0.7346 68472832
281 0.7384 68796416
282 0.745 68997120
283 0.7388 69025792
284 0.7388 69206016
285 0.7489 69685248
286 0.7665 69758976
287 0.7518 69505024
288 0.7529 70180864
289 0.7489 70184960
290 0.7516 70307840
291 0.7601 69971968
292 0.7591 70254592
293 0.7581 70934528
294 0.7674 71237632
295 0.7665 71626752
296 0.7679 71454720
297 0.7686 71581696
298 0.7688 71958528
299 0.7659 72019968
300 0.7836 72060928