1 0.0022 3645440
2 0.0027 3690496
3 0.0032 3743744
4 0.0035 3817472
5 0.0046 3858432
6 0.006 3903488
7 0.0062 3977216
8 0.0057 4018176
9 0.0061 4075520
10 0.0063 4149248
11 0.007 4194304
12 0.0069 4247552
13 0.0095 4341760
14 0.0089 4382720
15 0.0101 4435968
16 0.0089 4497408
17 0.012 4554752
18 0.0096 4558848
19 0.0102 4665344
20 0.0107 4665344
21 0.0116 4784128
22 0.0114 4804608
23 0.0131 4853760
24 0.0156 4947968
25 0.0126 4952064
26 0.0146 5070848
27 0.0137 5038080
28 0.0163 5087232
29 0.0147 5156864
30 0.0162 5210112
31 0.0154 5263360
32 0.0159 5398528
33 0.0163 5439488
34 0.0166 5414912
35 0.0188 5525504
36 0.0245 5607424
37 0.0268 5689344
38 0.0192 5644288
39 0.0225 5722112
40 0.0242 5820416
41 0.0205 5795840
42 0.0208 5840896
43 0.022 6049792
44 0.0219 6012928
45 0.0224 6144000
46 0.0271 6246400
47 0.0233 6164480
48 0.0265 6254592
49 0.0244 6266880
50 0.0245 6389760
51 0.0305 6451200
52 0.0261 6393856
53 0.0334 6529024
54 0.0271 6569984
55 0.027 6623232
56 0.0283 6680576
57 0.0288 6643712
58 0.0289 6717440
59 0.0359 6844416
60 0.0317 6897664
61 0.0303 6938624
62 0.0365 6975488
63 0.0404 7053312
64 0.0354 7196672
65 0.0354 7118848
66 0.0333 7114752
67 0.0399 7237632
68 0.0359 7213056
69 0.0421 7303168
70 0.0341 7311360
71 0.036 7467008
72 0.0373 7471104
73 0.0385 7565312
74 0.0384 7569408
75 0.0391 7671808
76 0.0395 7761920
77 0.0421 7729152
78 0.0402 7774208
79 0.0402 7831552
80 0.043 7917568
81 0.0483 7974912
82 0.0425 8024064
83 0.0484 8159232
84 0.0419 8077312
85 0.0441 8130560
86 0.0447 8224768
87 0.0515 8290304
88 0.0456 8310784
89 0.0464 8470528
90 0.0485 8429568
91 0.046 8462336
92 0.0529 8519680
93 0.0471 8536064
94 0.0492 8626176
95 0.0531 8671232
96 0.0541 8720384
97 0.0497 8798208
98 0.0499 8826880
99 0.0508 8871936
100 0.0595 8929280
101 0.053 9023488
102 0.0519 9064448
103 0.0619 9101312
104 0.054 9154560
105 0.0559 9191424
106 0.0546 9252864
107 0.0585 9342976
108 0.0557 9326592
109 0.0564 9404416
110 0.0636 9457664
111 0.0595 9519104
112 0.0572 9560064
113 0.0565 9580544
114 0.0584 9641984
115 0.0656 9703424
116 0.0597 9932800
117 0.0653 10047488
118 0.0633 9953280
119 0.0696 9953280
120 0.0612 10035200
121 0.0613 10076160
122 0.0639 10166272
123 0.0628 10153984
124 0.062 10170368
125 0.0642 10256384
126 0.0634 10313728
127 0.0708 10342400
128 0.0759 10395648
129 0.0687 10448896
130 0.0685 10555392
131 0.0673 10555392
132 0.0662 10579968
133 0.0667 10657792
134 0.0741 10719232
135 0.076 10784768
136 0.0748 10813440
137 0.0719 10854400
138 0.0694 10911744
139 0.0705 10964992
140 0.0688 10981376
141 0.0706 11067392
142 0.0752 11153408
143 0.0724 11132928
144 0.0734 11214848
145 0.0728 11296768
146 0.0802 11354112
147 0.0763 11497472
148 0.0732 11468800
149 0.0746 11505664
150 0.0753 11522048
151 0.0751 11640832
152 0.0763 11755520
153 0.0774 11849728
154 0.0769 11878400
155 0.0791 11878400
156 0.0796 11972608
157 0.079 11980800
158 0.0795 12038144
159 0.0861 12124160
160 0.0882 12148736
161 0.0814 12181504
162 0.0822 12259328
163 0.0888 12304384
164 0.0916 12390400
165 0.084 12414976
166 0.0845 12447744
167 0.085 12492800
168 0.0857 12550144
169 0.0844 12587008
170 0.0917 12677120
171 0.0862 12705792
172 0.0843 12701696
173 0.0951 12808192
174 0.0858 12918784
175 0.0967 12849152
176 0.0926 12836864
177 0.0956 12886016
178 0.0922 12955648
179 0.09 13086720
180 0.0962 13041664
181 0.0892 13107200
182 0.0922 13185024
183 0.0906 13213696
184 0.0907 13209600
185 0.0939 13316096
186 0.0943 13373440
187 0.0933 13377536
188 0.0993 13463552
189 0.0955 13488128
190 0.0957 13557760
191 0.0959 13594624
192 0.0942 13643776
193 0.097 13582336
194 0.1039 13619200
195 0.1051 13721600
196 0.0969 13684736
197 0.0997 13774848
198 0.1106 13991936
199 0.1126 13987840
200 0.1005 13942784
201 0.1014 13996032
202 0.1006 13991936
203 0.1075 14086144
204 0.1093 14131200
205 0.1127 14274560
206 0.107 14286848
207 0.1052 14385152
208 0.1082 14426112
209 0.1067 14458880
210 0.1222 14491648
211 0.1114 14573568
212 0.1192 14778368
213 0.1112 14786560
214 0.1138 14880768
215 0.1115 14794752
216 0.115 14802944
217 0.1169 14901248
218 0.1129 14893056
219 0.1176 14970880
220 0.132 15163392
221 0.1147 15081472
222 0.1175 15224832
223 0.1192 15327232
224 0.1134 15220736
225 0.114 15216640
226 0.122 15441920
227 0.1147 15310848
228 0.1164 15421440
229 0.1191 15626240
230 0.1209 15519744
231 0.1175 15634432
232 0.126 15687680
233 0.1181 15925248
234 0.1179 15724544
235 0.1222 15892480
236 0.1223 15884288
237 0.1265 15941632
238 0.1191 15925248
239 0.1213 16031744
240 0.1203 16076800
241 0.1223 16244736
242 0.1237 16171008
243 0.1378 16424960
244 0.1226 16302080
245 0.1229 16351232
246 0.1235 16396288
247 0.1246 16457728
248 0.1268 16527360
249 0.1309 16678912
250 0.1458 16703488
251 0.1444 16789504
252 0.1338 16691200
253 0.127 16752640
254 0.1288 16826368
255 0.1275 16809984
256 0.1271 16904192
257 0.13 16936960
258 0.1284 16945152
259 0.1291 17059840
260 0.1368 17231872
261 0.138 17121280
262 0.1307 17195008
263 0.1335 17252352
264 0.1331 17240064
265 0.1335 17387520
266 0.1405 17551360
267 0.1359 17436672
268 0.1341 17453056
269 0.1372 17522688
270 0.1413 17596416
271 0.1342 17653760
272 0.1369 17727488
273 0.137 17694720
274 0.1369 17797120
275 0.1408 17846272
276 0.1409 17891328
277 0.1388 17907712
278 0.1503 17965056
279 0.1526 18120704
280 0.1393 18108416
281 0.1396 18153472
282 0.138 18157568
283 0.1408 18239488
284 0.1428 18276352
285 0.1431 18345984
286 0.1467 18403328
287 0.1421 18415616
288 0.1433 18526208
289 0.1517 18505728
290 0.1443 18595840
291 0.1509 18800640
292 0.1512 18776064
293 0.1464 18763776
294 0.1457 18812928
295 0.1503 19025920
296 0.1471 18968576
297 0.1536 19148800
298 0.1514 19197952
299 0.1503 19079168
300 0.1499 19177472