1 0.0023 3637248
2 0.0027 3690496
3 0.0049 3817472
4 0.0034 3796992
5 0.0048 3850240
6 0.0047 3911680
7 0.0052 3964928
8 0.0052 4018176
9 0.0062 4063232
10 0.0061 4157440
11 0.0085 4231168
12 0.0072 4276224
13 0.0084 4329472
14 0.0089 4382720
15 0.009 4399104
16 0.0087 4448256
17 0.0101 4505600
18 0.0098 4558848
19 0.0119 4669440
20 0.0105 4665344
21 0.0133 4792320
22 0.0119 4804608
23 0.0143 4931584
24 0.0128 4902912
25 0.0144 4960256
26 0.0132 4997120
27 0.016 5038080
28 0.0142 5087232
29 0.0159 5206016
30 0.0161 5226496
31 0.0154 5287936
32 0.0189 5337088
33 0.0208 5439488
34 0.0237 5513216
35 0.0285 5472256
36 0.0176 5529600
37 0.0184 5611520
38 0.0277 5734400
39 0.024 5767168
40 0.0203 5828608
41 0.0202 5795840
42 0.027 5922816
43 0.0212 5963776
44 0.0217 6012928
45 0.0242 6103040
46 0.0229 6111232
47 0.0232 6164480
48 0.0293 6291456
49 0.0248 6266880
50 0.0303 6389760
51 0.0253 6373376
52 0.0278 6475776
53 0.0326 6516736
54 0.0271 6492160
55 0.0323 6623232
56 0.0284 6680576
57 0.0308 6696960
58 0.0337 6803456
59 0.0368 6946816
60 0.0314 6807552
61 0.0367 6959104
62 0.0319 6950912
63 0.041 7041024
64 0.0329 7041024
65 0.0333 7098368
66 0.0396 7147520
67 0.0352 7159808
68 0.0361 7258112
69 0.0338 7340032
70 0.0395 7426048
71 0.0366 7380992
72 0.0433 7647232
73 0.0362 7479296
74 0.0397 7544832
75 0.0455 7708672
76 0.0393 7680000
77 0.0389 7729152
78 0.0394 7774208
79 0.045 8044544
80 0.0453 8060928
81 0.0404 7925760
82 0.0426 7979008
83 0.0424 8024064
84 0.0452 8105984
85 0.048 8200192
86 0.0444 8208384
87 0.0541 8269824
88 0.0457 8314880
89 0.0542 8364032
90 0.0491 8409088
91 0.0484 8519680
92 0.0506 8601600
93 0.0531 8593408
94 0.0484 8634368
95 0.0503 8687616
96 0.0627 8876032
97 0.0522 8798208
98 0.0549 9007104
99 0.0519 8876032
100 0.0544 8933376
101 0.0583 9183232
102 0.0529 9035776
103 0.056 9248768
104 0.055 9158656
105 0.0633 9412608
106 0.0555 9228288
107 0.0566 9379840
108 0.0644 9510912
109 0.058 9379840
110 0.0575 9428992
111 0.0589 9506816
112 0.059 9547776
113 0.0606 9732096
114 0.0639 9650176
115 0.0582 9740288
116 0.062 9797632
117 0.0614 9871360
118 0.0683 9900032
119 0.0662 9998336
120 0.0642 10096640
121 0.0621 10055680
122 0.0636 10100736
123 0.0648 10260480
124 0.0668 10203136
125 0.0708 10256384
126 0.0731 10293248
127 0.0621 10428416
128 0.0721 10432512
129 0.0792 10674176
130 0.0619 10481664
131 0.0687 10608640
132 0.0702 10629120
133 0.0755 10850304
134 0.0647 10678272
135 0.0702 10780672
136 0.0708 10825728
137 0.0668 10829824
138 0.0655 10878976
139 0.0694 10985472
140 0.0709 11055104
141 0.0705 11112448
142 0.0721 11161600
143 0.0705 11132928
144 0.0766 11345920
145 0.0755 11300864
146 0.0705 11317248
147 0.0768 11444224
148 0.0764 11509760
149 0.0712 11468800
150 0.0885 11681792
151 0.0865 11735040
152 0.0811 11816960
153 0.1016 11882496
154 0.1245 11898880
155 0.0987 11968512
156 0.0829 11976704
157 0.0922 12120064
158 0.0775 12070912
159 0.0764 12042240
160 0.0815 12173312
161 0.0777 12148736
162 0.0868 12304384
163 0.1142 12390400
164 0.1289 12419072
165 0.0997 12509184
166 0.0918 12562432
167 0.0902 12558336
168 0.1184 12693504
169 0.0977 12652544
170 0.1035 12619776
171 0.1109 12746752
172 0.1218 12840960
173 0.0991 12906496
174 0.1247 13012992
175 0.1199 12943360
176 0.106 12881920
177 0.0862 12828672
178 0.0863 12881920
179 0.0923 13008896
180 0.1199 13103104
181 0.1145 13238272
182 0.0973 13250560
183 0.0995 13180928
184 0.0923 13242368
185 0.0895 13258752
186 0.0967 13352960
187 0.122 13520896
188 0.1308 13529088
189 0.1075 13537280
190 0.1028 13598720
191 0.104 13742080
192 0.1079 13766656
193 0.1052 13787136
194 0.11 13672448
195 0.1096 13766656
196 0.111 13795328
197 0.1072 13860864
198 0.1079 13918208
199 0.1008 13852672
200 0.1007 13942784
201 0.1022 13950976
202 0.1117 14102528
203 0.1043 14073856
204 0.1051 14094336
205 0.1164 14254080
206 0.1106 14397440
207 0.1262 14446592
208 0.1055 14364672
209 0.1106 14585856
210 0.1118 14532608
211 0.1223 14725120
212 0.1266 14700544
213 0.1317 14757888
214 0.1087 14790656
215 0.1161 14884864
216 0.1261 14921728
217 0.1215 14929920
218 0.1236 14934016
219 0.1348 15048704
220 0.1165 15130624
221 0.1389 15249408
222 0.1415 15241216
223 0.132 15224832
224 0.1227 15171584
225 0.1235 15331328
226 0.1219 15429632
227 0.1152 15413248
228 0.1153 15368192
229 0.1331 15527936
230 0.1145 15470592
231 0.1163 15577088
232 0.1439 15712256
233 0.1369 15872000
234 0.1253 15839232
235 0.1376 15986688
236 0.1573 16072704
237 0.1239 15888384
238 0.1285 15925248
239 0.1414 16216064
240 0.1264 16068608
241 0.1259 16248832
242 0.1362 16236544
243 0.1245 16175104
244 0.1397 16347136
245 0.1308 16343040
246 0.1251 16392192
247 0.1219 16396288
248 0.1432 16633856
249 0.1726 16674816
250 0.1335 16691200
251 0.1304 16650240
252 0.1298 16830464
253 0.1309 16752640
254 0.1336 16891904
255 0.128 16797696
256 0.1336 17080320
257 0.136 17084416
258 0.1318 16990208
259 0.1326 17051648
260 0.1292 17096704
261 0.1374 17244160
262 0.1359 17195008
263 0.1293 17195008
264 0.1328 17285120
265 0.1325 17342464
266 0.1389 17457152
267 0.1358 17436672
268 0.1382 17600512
269 0.1423 17731584
270 0.1325 17539072
271 0.1352 17633280
272 0.1372 17698816
273 0.1434 17764352
274 0.1384 17801216
275 0.1352 17793024
276 0.1424 17891328
277 0.1401 18083840
278 0.1463 17993728
279 0.1388 17997824
280 0.1477 18104320
281 0.1399 18186240
282 0.1431 18202624
283 0.1412 18251776
284 0.1482 18300928
285 0.1406 18309120
286 0.1418 18399232
287 0.1435 18391040
288 0.1475 18477056
289 0.1419 18493440
290 0.1455 18587648
291 0.1528 18923520
292 0.1527 18833408
293 0.1464 18812928
294 0.1528 18923520
295 0.1462 18878464
296 0.1513 18964480
297 0.1499 19021824
298 0.1496 19099648
299 0.1518 19132416
300 0.1531 19251200