1 0.0042 8650752
2 0.0043 8704000
3 0.0058 8740864
4 0.0065 8773632
5 0.0095 8814592
6 0.0071 8847360
7 0.0081 8888320
8 0.0094 8953856
9 0.0102 8982528
10 0.0141 9019392
11 0.011 9072640
12 0.0159 9121792
13 0.0166 9158656
14 0.0143 9207808
15 0.0139 9236480
16 0.0153 9265152
17 0.0162 9302016
18 0.0168 9351168
19 0.0175 9392128
20 0.0179 9461760
21 0.0192 9465856
22 0.0195 9490432
23 0.0208 9560064
24 0.0214 9588736
25 0.0215 9646080
26 0.0222 9687040
27 0.0271 9715712
28 0.0239 9760768
29 0.0243 9818112
30 0.0254 9834496
31 0.027 9871360
32 0.0273 9912320
33 0.0321 9965568
34 0.0324 10002432
35 0.0292 10055680
36 0.033 10080256
37 0.0315 10121216
38 0.0317 10178560
39 0.0359 10215424
40 0.0336 10260480
41 0.0333 10321920
42 0.0352 10379264
43 0.0348 10342400
44 0.036 10407936
45 0.0372 10444800
46 0.0378 10498048
47 0.0395 10543104
48 0.0394 10567680
49 0.0402 10604544
50 0.0494 10665984
51 0.0414 10756096
52 0.0424 10768384
53 0.0427 10780672
54 0.0449 10813440
55 0.049 10858496
56 0.0456 10887168
57 0.0469 10915840
58 0.0461 10997760
59 0.0512 11022336
60 0.0522 11063296
61 0.05 11108352
62 0.0544 11173888
63 0.0504 11161600
64 0.0518 11198464
65 0.0514 11259904
66 0.0529 11288576
67 0.0541 11317248
68 0.0542 11358208
69 0.08 11427840
70 0.0595 11440128
71 0.0566 11489280
72 0.0564 11517952
73 0.0585 11550720
74 0.0586 11599872
75 0.0597 11624448
76 0.0646 11706368
77 0.0652 11743232
78 0.0624 11784192
79 0.0656 11816960
80 0.0678 11853824
81 0.0685 11898880
82 0.0655 11927552
83 0.0701 11976704
84 0.0678 12009472
85 0.0676 12046336
86 0.0684 12148736
87 0.0695 12120064
88 0.0729 12177408
89 0.0709 12206080
90 0.07 12263424
91 0.0722 12288000
92 0.0727 12320768
93 0.0737 12431360
94 0.0739 12423168
95 0.0797 12460032
96 0.0767 12484608
97 0.0776 12537856
98 0.0812 12570624
99 0.0772 12619776
100 0.0798 12644352
101 0.0837 12685312
102 0.0815 12730368
103 0.0853 12779520
104 0.0835 12816384
105 0.0873 12849152
106 0.0845 12902400
107 0.0884 12939264
108 0.0927 13029376
109 0.1079 13033472
110 0.0863 13053952
111 0.0935 13230080
112 0.0887 13111296
113 0.0984 13172736
114 0.0894 13213696
115 0.0916 13238272
116 0.0962 13307904
117 0.0919 13352960
118 0.0933 13377536
119 0.0959 13430784
120 0.0932 13471744
121 0.1003 13500416
122 0.0961 13545472
123 0.0987 13570048
124 0.0981 13606912
125 0.1019 13774848
126 0.1008 13688832
127 0.1028 13729792
128 0.1009 13762560
129 0.1019 13803520
130 0.1013 13844480
131 0.1032 13873152
132 0.1032 13918208
133 0.1086 13950976
134 0.1071 13991936
135 0.105 14032896
136 0.1058 14073856
137 0.1129 14102528
138 0.1085 14147584
139 0.1127 14188544
140 0.1126 14229504
141 0.112 14340096
142 0.1111 14303232
143 0.1129 14356480
144 0.1176 14536704
145 0.1186 14426112
146 0.1136 14479360
147 0.1198 14573568
148 0.117 14532608
149 0.1213 14581760
150 0.1181 14618624
151 0.118 14651392
152 0.1196 14749696
153 0.1202 14798848
154 0.1268 14839808
155 0.1224 14884864
156 0.124 14917632
157 0.1221 14962688
158 0.1255 14995456
159 0.1235 15015936
160 0.1263 15069184
161 0.1322 15114240
162 0.128 15151104
163 0.1268 15200256
164 0.1279 15241216
165 0.1278 15253504
166 0.1327 15331328
167 0.1311 15364096
168 0.1322 15433728
169 0.132 15437824
170 0.1331 15466496
171 0.1385 15577088
172 0.1345 15523840
173 0.1406 15589376
174 0.1365 15618048
175 0.1375 15679488
176 0.1436 15855616
177 0.1388 15749120
178 0.1406 15790080
179 0.1434 15945728
180 0.1415 15876096
181 0.143 15892480
182 0.1429 15941632
183 0.1486 15986688
184 0.1473 16121856
185 0.1484 16064512
186 0.1501 16211968
187 0.1514 16171008
188 0.1504 16199680
189 0.1513 16240640
190 0.152 16281600
191 0.1514 16326656
192 0.1508 16359424
193 0.1524 16404480
194 0.1538 16429056
195 0.1529 16482304
196 0.1544 16523264
197 0.1545 16543744
198 0.1576 16596992
199 0.1557 16625664
200 0.1549 16674816
201 0.1602 16703488
202 0.1622 16748544
203 0.1624 16777216
204 0.1605 16814080
205 0.1625 16883712
206 0.167 16924672
207 0.1648 16949248
208 0.1658 16998400
209 0.168 17027072
210 0.1673 17121280
211 0.1666 17117184
212 0.1688 17154048
213 0.1732 17190912
214 0.1692 17240064
215 0.1715 17268736
216 0.1703 17313792
217 0.1716 17346560
218 0.1737 17391616
219 0.1727 17424384
220 0.1749 17457152
221 0.1752 17502208
222 0.1791 17530880
223 0.18 17567744
224 0.1775 17629184
225 0.1847 17645568
226 0.1819 17801216
227 0.1881 17727488
228 0.1844 17768448
229 0.1828 17813504
230 0.1797 17850368
231 0.1819 17936384
232 0.2036 18116608
233 0.1902 18186240
234 0.1983 18173952
235 0.1921 18202624
236 0.2155 18169856
237 0.2044 18358272
238 0.193 18227200
239 0.1955 18235392
240 0.2433 18374656
241 0.1894 18300928
242 0.2004 18391040
243 0.1937 18386944
244 0.1968 18427904
245 0.1929 18464768
246 0.1992 18493440
247 0.2001 18579456
248 0.1937 18579456
249 0.1991 18726912
250 0.1965 18649088
251 0.2016 18690048
252 0.1981 18731008
253 0.2056 18755584
254 0.1998 18800640
255 0.2021 18743296
256 0.2017 18874368
257 0.2025 18923520
258 0.2028 18960384
259 0.2077 18870272
260 0.204 18903040
261 0.206 19066880
262 0.2063 19111936
263 0.2059 19148800
264 0.2087 19193856
265 0.208 19099648
266 0.2136 19263488
267 0.2111 19296256
268 0.2138 19202048
269 0.2124 19378176
270 0.2105 19406848
271 0.2143 19460096
272 0.2133 19501056
273 0.2148 19537920
274 0.2188 19566592
275 0.2158 19603456
276 0.2232 19787776
277 0.2191 19681280
278 0.2184 19718144
279 0.2203 19750912
280 0.2175 19800064
281 0.2289 19881984
282 0.2225 19742720
283 0.2208 19890176
284 0.222 19947520
285 0.2225 19963904
286 0.2245 20041728
287 0.2268 20176896
288 0.227 20029440
289 0.2291 20144128
290 0.232 20180992
291 0.2268 20221952
292 0.2348 20254720
293 0.2281 20156416
294 0.2295 20340736
295 0.2317 20369408
296 0.2314 20471808
297 0.2331 20459520
298 0.2358 20492288
299 0.2335 20541440
300 0.2366 20578304