1 0.041 11038720
2 0.0445 11210752
3 0.0534 11403264
4 0.0576 11612160
5 0.0594 11808768
6 0.0636 12066816
7 0.0691 12251136
8 0.0725 12390400
9 0.0817 12632064
10 0.0821 12828672
11 0.0871 13021184
12 0.0919 13209600
13 0.0953 13398016
14 0.1012 13611008
15 0.1061 13864960
16 0.1133 14045184
17 0.115 14229504
18 0.1195 14467072
19 0.126 14614528
20 0.1352 14868480
21 0.1353 15007744
22 0.1372 15183872
23 0.1429 15437824
24 0.1603 15749120
25 0.1556 15822848
26 0.1648 16019456
27 0.1786 16265216
28 0.1717 16437248
29 0.1738 16629760
30 0.1763 16855040
31 0.1822 17059840
32 0.1866 17256448
33 0.1897 17424384
34 0.1953 17625088
35 0.1999 17813504
36 0.2097 18038784
37 0.2098 18243584
38 0.2157 18403328
39 0.2239 18632704
40 0.2291 18825216
41 0.2341 19030016
42 0.238 19218432
43 0.2412 19402752
44 0.2427 19611648
45 0.2473 19783680
46 0.2576 19976192
47 0.2579 20205568
48 0.2622 20369408
49 0.2681 20582400
50 0.2766 20836352
51 0.2803 21053440
52 0.2831 21225472
53 0.2903 21422080
54 0.2961 21618688
55 0.2982 21680128
56 0.3068 22044672
57 0.314 22224896
58 0.3143 22437888
59 0.3173 22630400
60 0.3224 22704128
61 0.3314 23101440
62 0.3316 23150592
63 0.339 23527424
64 0.3473 23719936
65 0.4189 23932928
66 0.3549 24076288
67 0.5119 24281088
68 0.3658 24383488
69 0.3751 24662016
70 0.3792 24956928
71 0.3734 25022464
72 0.3859 25268224
73 0.3833 25407488
74 0.3926 25595904
75 0.3963 25690112
76 0.3974 26021888
77 0.4062 26226688
78 0.4112 26615808
79 0.4085 26607616
80 0.4287 26787840
81 0.4227 26959872
82 0.4275 27070464
83 0.4339 27561984
84 0.4498 27643904
85 0.4505 27774976
86 0.4458 27951104
87 0.4508 28164096
88 0.4554 28344320
89 0.4604 28528640
90 0.4673 28725248
91 0.4758 28921856
92 0.4741 28577792
93 0.4798 28753920
94 0.4854 28991488
95 0.4908 29315072
96 0.4971 29888512
97 0.5062 30392320
98 0.509 30314496
99 0.5082 30699520
100 0.5124 30715904
101 0.5195 30863360
102 0.5338 31223808
103 0.5375 31440896
104 0.5455 31084544
105 0.5536 31916032
106 0.553 31993856
107 0.5517 31637504
108 0.5751 32374784
109 0.5684 32559104
110 0.573 32198656
111 0.5745 32948224
112 0.5771 32612352
113 0.5778 33337344
114 0.5834 33529856
115 0.5898 33722368
116 0.6004 33968128
117 0.6047 34185216
118 0.6107 33865728
119 0.6245 34562048
120 0.6149 34787328
121 0.6344 35229696
122 0.6336 35266560
123 0.6367 35479552
124 0.6447 35663872
125 0.6413 35868672
126 0.6783 36196352
127 0.6568 36368384
128 0.6625 36548608
129 0.6767 36802560
130 0.6735 36405248
131 0.6799 36548608
132 0.7078 37285888
133 0.6901 37511168
134 0.7026 37687296
135 0.7027 37863424
136 0.7057 37552128
137 0.7065 38387712
138 0.7042 37896192
139 0.7392 38920192
140 0.7225 38289408
141 0.7482 39034880
142 0.7535 39231488
143 0.7297 39391232
144 0.7474 39600128
145 0.7651 39792640
146 0.7699 39989248
147 0.7731 40538112
148 0.7722 40419328
149 0.7781 40583168
150 0.7695 40747008
151 0.7769 40837120
152 0.7758 41148416
153 0.8019 41713664
154 0.8093 41791488
155 0.7994 42184704
156 0.8098 42176512
157 0.8011 42110976
158 0.8261 41938944
159 0.8444 42491904
160 0.8566 42692608
161 0.8538 42414080
162 0.8347 43204608
163 0.837 42942464
164 0.8644 43012096
165 0.8515 43728896
166 0.8727 43917312
167 0.8541 44064768
168 0.8622 44298240
169 0.9086 44888064
170 0.895 44843008
171 0.8721 44888064
172 0.8742 45084672
173 0.8952 45056000
174 0.8864 44969984
175 0.923 45342720
176 0.9022 45387776
177 0.9231 45555712
178 0.9244 45953024
179 0.9489 45424640
180 0.9241 46137344
181 0.9214 45764608
182 0.9667 46587904
183 0.9879 46739456
184 0.941 46895104
185 0.9461 47071232
186 0.9639 47419392
187 0.9533 47448064
188 0.9538 47632384
189 0.958 47820800
190 0.9665 48017408
191 0.9721 48123904
192 0.9817 48398336
193 0.9904 48607232
194 1.0049 48873472
195 1.0134 49045504
196 1.0011 49246208
197 1.0017 48914432
198 1.0021 49119232
199 1.0179 49840128
200 1.0222 49496064
201 1.0309 50053120
202 1.0643 50642944
203 1.0588 50659328
204 1.0402 50302976
205 1.1077 51081216
206 1.1216 51216384
207 1.0879 51367936
208 1.1189 51863552
209 1.105 51953664
210 1.1758 51818496
211 1.1729 52215808
212 1.1791 52355072
213 1.3263 52412416
214 1.3414 52604928
215 1.2584 52781056
216 1.3494 53030912
217 1.1518 53198848
218 1.1781 53379072
219 1.3343 53555200
220 1.3167 53760000
221 1.1923 54079488
222 1.3548 54349824
223 1.2055 54349824
224 1.2071 54542336
225 1.3956 54730752
226 1.3628 54906880
227 1.3545 55123968
228 1.3574 55660544
229 1.2725 55492608
230 1.1837 55676928
231 1.216 56008704
232 1.2493 56205312
233 1.1929 56340480
234 1.2043 56700928
235 1.2114 57241600
236 1.2037 56934400
237 1.2502 57430016
238 1.2543 57655296
239 1.251 57536512
240 1.2107 57679872
241 1.2394 58056704
242 1.2778 58146816
243 1.2563 58535936
244 1.2824 58929152
245 1.2931 59232256
246 1.2537 59154432
247 1.2622 59334656
248 1.2438 59498496
249 1.2526 59785216
250 1.2542 59920384
251 1.2661 60076032
252 1.2722 60645376
253 1.2817 60755968
254 1.2769 60928000
255 1.2943 61591552
256 1.2935 61337600
257 1.3133 61534208
258 1.2943 61739008
259 1.3105 61931520
260 1.3142 62431232
261 1.3231 62324736
262 1.3128 62509056
263 1.3327 62951424
264 1.3312 63066112
265 1.3345 63082496
266 1.3339 63782912
267 1.3456 63823872
268 1.3974 64008192
269 1.3599 63856640
270 1.3573 64094208
271 1.3643 64237568
272 1.3634 64454656
273 1.3803 64675840
274 1.371 64864256
275 1.3739 65048576
276 1.3796 65212416
277 1.376 65409024
278 1.4057 65601536
279 1.4017 65875968
280 1.3887 66019328
281 1.4153 66183168
282 1.4357 66371584
283 1.4253 66711552
284 1.4401 66793472
285 1.4236 66957312
286 1.4349 67637248
287 1.4349 67379200
288 1.4691 68136960
289 1.4452 67731456
290 1.4555 67956736
291 1.4576 68517888
292 1.4515 68800512
293 1.4602 68509696
294 1.4703 68730880
295 1.4656 68898816
296 1.4817 69120000
297 1.5084 69337088
298 1.4936 69480448
299 1.4845 69677056
300 1.4965 69894144