1 0.0416 11046912
2 0.0446 11227136
3 0.0481 11403264
4 0.0529 11530240
5 0.0559 11702272
6 0.0583 11894784
7 0.0658 12103680
8 0.066 12263424
9 0.0695 12382208
10 0.077 12611584
11 0.0775 12705792
12 0.0805 12865536
13 0.0876 13033472
14 0.0882 13185024
15 0.0907 13357056
16 0.0953 13516800
17 0.0995 13697024
18 0.1012 13824000
19 0.1057 14143488
20 0.116 14180352
21 0.122 14397440
22 0.1162 14544896
23 0.1199 14671872
24 0.1242 14802944
25 0.1279 14974976
26 0.1314 15134720
27 0.1341 15327232
28 0.1373 15446016
29 0.1458 15659008
30 0.1451 15790080
31 0.1524 15970304
32 0.1523 16142336
33 0.1557 16297984
34 0.1608 16457728
35 0.164 16592896
36 0.1684 16773120
37 0.1711 16941056
38 0.176 17092608
39 0.1794 17231872
40 0.1856 17444864
41 0.1874 17633280
42 0.1895 17784832
43 0.1965 17944576
44 0.1974 18132992
45 0.2066 18395136
46 0.2031 18411520
47 0.2091 18604032
48 0.2089 18771968
49 0.2136 18903040
50 0.2177 19054592
51 0.2227 19230720
52 0.2316 19410944
53 0.2314 19562496
54 0.2326 19705856
55 0.2365 19886080
56 0.2476 20164608
57 0.247 20217856
58 0.2467 20447232
59 0.2517 20578304
60 0.2558 20721664
61 0.259 20893696
62 0.263 20885504
63 0.2698 21200896
64 0.2695 21360640
65 0.2747 21528576
66 0.2916 21786624
67 0.3535 21843968
68 0.2866 21999616
69 0.2983 22192128
70 0.3743 22306816
71 0.2997 22474752
72 0.3048 22642688
73 0.3001 22794240
74 0.3134 22962176
75 0.3138 23126016
76 0.3158 23330816
77 0.3153 23425024
78 0.3212 23592960
79 0.3254 23736320
80 0.3299 23973888
81 0.3305 24002560
82 0.3355 24272896
83 0.3432 24453120
84 0.344 24645632
85 0.3485 24821760
86 0.3514 24854528
87 0.3589 25116672
88 0.363 25182208
89 0.3611 25464832
90 0.3691 25477120
91 0.3766 25911296
92 0.3774 25923584
93 0.3784 26087424
94 0.3837 26247168
95 0.3861 26394624
96 0.3891 26443776
97 0.3958 26734592
98 0.3963 26853376
99 0.4018 27090944
100 0.401 27209728
101 0.4094 27336704
102 0.4164 27680768
103 0.4145 27734016
104 0.4302 27885568
105 0.4252 28041216
106 0.431 28221440
107 0.4347 28372992
108 0.4398 27992064
109 0.4452 28688384
110 0.4464 28852224
111 0.4506 28483584
112 0.4491 29171712
113 0.4558 29339648
114 0.4628 29470720
115 0.4699 29642752
116 0.4668 29863936
117 0.4808 30015488
118 0.4816 30326784
119 0.48 29790208
120 0.4797 30498816
121 0.479 30642176
122 0.4915 30277632
123 0.4914 30937088
124 0.5002 30605312
125 0.4979 31297536
126 0.499 30937088
127 0.5064 31604736
128 0.5065 31748096
129 0.513 31924224
130 0.5279 32071680
131 0.5199 32239616
132 0.52 32395264
133 0.5297 32559104
134 0.5292 32702464
135 0.5351 32878592
136 0.5438 33038336
137 0.5413 33181696
138 0.5421 33353728
139 0.5534 33513472
140 0.5488 33665024
141 0.5535 33845248
142 0.5591 33992704
143 0.5658 34160640
144 0.5681 34308096
145 0.5713 34455552
146 0.5726 34615296
147 0.5737 34779136
148 0.5808 34934784
149 0.5924 35250176
150 0.5915 34746368
151 0.5962 35053568
152 0.5975 35590144
153 0.5998 35741696
154 0.6002 35893248
155 0.6049 35545088
156 0.6074 36237312
157 0.6182 36392960
158 0.6135 36036608
159 0.6275 36696064
160 0.6249 36868096
161 0.6341 36646912
162 0.6392 37318656
163 0.6448 37556224
164 0.651 37752832
165 0.6494 37801984
166 0.6515 37425152
167 0.6532 37572608
168 0.6543 38256640
169 0.6675 38473728
170 0.6619 38055936
171 0.6686 38727680
172 0.6729 38350848
173 0.6726 39030784
174 0.6758 39211008
175 0.6854 39362560
176 0.6888 39776256
177 0.6948 39964672
178 0.7094 39538688
179 0.7088 40202240
180 0.7078 40378368
181 0.7293 40267776
182 0.7168 40652800
183 0.7286 41050112
184 0.7275 40996864
185 0.7338 41148416
186 0.7361 41025536
187 0.7388 41459712
188 0.7343 41611264
189 0.7352 41766912
190 0.747 41877504
191 0.746 42041344
192 0.7597 41684992
193 0.7651 42602496
194 0.7673 42532864
195 0.7669 42692608
196 0.761 42881024
197 0.7707 42995712
198 0.778 43171840
199 0.777 43634688
200 0.7802 43474944
201 0.7812 43626496
202 0.7859 43786240
203 0.7952 43962368
204 0.7951 44122112
205 0.804 43859968
206 0.822 44548096
207 0.8235 44687360
208 0.8149 44851200
209 0.822 44990464
210 0.8185 45162496
211 0.8263 44793856
212 0.8281 44949504
213 0.8427 45158400
214 0.844 45821952
215 0.8366 45453312
216 0.8453 45596672
217 0.8577 46297088
218 0.8623 46473216
219 0.8614 46485504
220 0.8588 45965312
221 0.8782 46645248
222 0.8824 46858240
223 0.8678 46723072
224 0.8673 46866432
225 0.8758 47030272
226 0.8784 47206400
227 0.892 47357952
228 0.8908 47517696
229 0.9197 47734784
230 0.937 48254976
231 0.9244 48111616
232 0.9154 48263168
233 0.9079 48398336
234 0.9103 48054272
235 0.9217 48496640
236 0.92 48836608
237 0.9178 48500736
238 0.93 48656384
239 0.9278 49340416
240 0.9428 49508352
241 0.9299 49664000
242 0.9382 49790976
243 0.9508 50270208
244 0.947 49881088
245 0.9612 50286592
246 0.9509 50393088
247 0.9496 50552832
248 0.9602 50278400
249 0.959 50921472
250 1.0252 51548160
251 1.0155 51290112
252 0.9677 51404800
253 0.9722 51552256
254 0.973 51720192
255 0.9902 51605504
256 0.9872 52039680
257 0.9964 52199424
258 0.9913 52330496
259 1.0191 52514816
260 1.0068 52674560
261 1.011 52764672
262 1.0142 52772864
263 1.0267 52604928
264 1.0255 52781056
265 1.0309 53264384
266 1.0865 53116928
267 1.0444 53239808
268 1.0281 53420032
269 1.0559 53972992
270 1.0362 53755904
271 1.0485 54460416
272 1.0383 54067200
273 1.0481 54730752
274 1.0643 54378496
275 1.0589 54530048
276 1.0645 54722560
277 1.0595 54849536
278 1.0761 54996992
279 1.0725 55246848
280 1.0791 55328768
281 1.1021 55803904
282 1.0886 55648256
283 1.091 55816192
284 1.0911 55959552
285 1.1095 56619008
286 1.0955 56291328
287 1.1021 56934400
288 1.1183 56819712
289 1.101 56791040
290 1.1149 56930304
291 1.1149 57061376
292 1.1176 57262080
293 1.1355 57376768
294 1.1364 57577472
295 1.1305 57741312
296 1.1394 57835520
297 1.1341 57999360
298 1.1442 58216448
299 1.1473 58363904
300 1.1459 58531840