1 0.0499 11083776
2 0.0515 11333632
3 0.0535 11599872
4 0.0635 11845632
5 0.0647 12075008
6 0.0721 12349440
7 0.0801 12615680
8 0.083 12877824
9 0.0912 13139968
10 0.0978 13410304
11 0.1009 13651968
12 0.1088 13910016
13 0.1169 14204928
14 0.133 14581760
15 0.1252 14688256
16 0.1342 15060992
17 0.1443 15249408
18 0.1424 15470592
19 0.148 15712256
20 0.1568 15990784
21 0.1603 16211968
22 0.1691 16482304
23 0.1687 16719872
24 0.1741 16965632
25 0.1863 17203200
26 0.1886 17485824
27 0.1964 17784832
28 0.2 18026496
29 0.2078 18280448
30 0.2144 18518016
31 0.2298 18915328
32 0.2238 19066880
33 0.2294 19308544
34 0.2408 19550208
35 0.246 19783680
36 0.2516 20045824
37 0.259 20307968
38 0.2608 20504576
39 0.27 20942848
40 0.2758 21106688
41 0.2798 21323776
42 0.2935 21688320
43 0.2921 21712896
44 0.2958 22102016
45 0.304 22335488
46 0.3095 22601728
47 0.3119 22716416
48 0.329 23138304
49 0.3319 23343104
50 0.3305 23437312
51 0.3479 23969792
52 0.3461 23982080
53 0.3582 24547328
54 0.365 24498176
55 0.3646 24973312
56 0.374 25206784
57 0.3774 25313280
58 0.3847 25595904
59 0.3897 25960448
60 0.3935 26218496
61 0.4018 26460160
62 0.4093 26701824
63 0.4144 26959872
64 0.4172 27246592
65 0.4265 27467776
66 0.4299 27697152
67 0.437 27979776
68 0.4392 28209152
69 0.4534 28471296
70 0.4622 28893184
71 0.4644 28962816
72 0.4714 29401088
73 0.4749 29507584
74 0.4905 29945856
75 0.4919 30203904
76 0.4904 30257152
77 0.5011 30511104
78 0.4998 30752768
79 0.5192 31129600
80 0.5202 31395840
81 0.5267 31719424
82 0.529 31879168
83 0.5338 32096256
84 0.5467 32354304
85 0.5546 32112640
86 0.5586 32825344
87 0.5641 33058816
88 0.5715 33525760
89 0.5709 33562624
90 0.5794 33284096
91 0.5819 34222080
92 0.5901 34287616
93 0.5989 34537472
94 0.6005 34799616
95 0.6049 35049472
96 0.619 35307520
97 0.6272 35606528
98 0.626 35803136
99 0.6298 36061184
100 0.6352 36290560
101 0.6403 36016128
102 0.6525 36823040
103 0.6596 37138432
104 0.6621 37359616
105 0.6777 37908480
106 0.6877 38199296
107 0.6846 38260736
108 0.6835 38477824
109 0.7006 38346752
110 0.7196 39092224
111 0.7091 38776832
112 0.7171 39559168
113 0.7293 39800832
114 0.7238 39538688
115 0.7421 40267776
116 0.7485 40071168
117 0.7498 40804352
118 0.7832 41353216
119 0.7669 41299968
120 0.7634 41529344
121 0.7677 41263104
122 0.7773 42033152
123 0.7807 41758720
124 0.7895 42532864
125 0.7917 42823680
126 0.8016 43053056
127 0.8011 43282432
128 0.8115 43552768
129 0.8286 44171264
130 0.834 44052480
131 0.8386 43773952
132 0.8425 44556288
133 0.8393 44888064
134 0.8468 45113344
135 0.8571 45289472
136 0.8568 45543424
137 0.8588 45809664
138 0.8788 45359104
139 0.8839 45883392
140 0.8859 46313472
141 0.8821 46301184
142 0.9018 46538752
143 0.8955 46768128
144 0.9153 46673920
145 0.9104 47341568
146 0.9219 47525888
147 0.9273 47779840
148 0.9304 48017408
149 0.9356 47751168
150 0.9448 48508928
151 0.9585 48631808
152 0.9643 49168384
153 0.9648 49266688
154 0.9661 49512448
155 0.973 49889280
156 0.9908 50409472
157 0.9895 50380800
158 0.9994 50814976
159 0.996 50892800
160 1.0134 51126272
161 1.013 50896896
162 1.028 51621888
163 1.0299 51851264
164 1.0325 52125696
165 1.0442 52375552
166 1.0551 52600832
167 1.058 52887552
168 1.0647 53104640
169 1.0694 53383168
170 1.0762 53608448
171 1.0672 53628928
172 1.0817 53837824
173 1.0982 54321152
174 1.114 55037952
175 1.1099 54845440
176 1.0984 55087104
177 1.1065 55336960
178 1.1268 55660544
179 1.1336 55848960
180 1.1362 56217600
181 1.145 56311808
182 1.1434 56582144
183 1.1499 56889344
184 1.1524 57090048
185 1.1569 57323520
186 1.1585 57290752
187 1.1808 57827328
188 1.193 58081280
189 1.2025 58691584
190 1.1962 58601472
191 1.2023 58818560
192 1.198 59097088
193 1.2088 59068416
194 1.2133 59576320
195 1.2264 59576320
196 1.5097 60149760
197 1.3736 60551168
198 1.398 60370944
199 1.5125 60956672
200 1.4943 61259776
201 1.6626 61394944
202 1.4462 61603840
203 1.572 61882368
204 1.4301 62173184
205 1.5705 62599168
206 1.5949 62828544
207 1.546 63111168
208 1.5453 63250432
209 1.5686 63537152
210 1.3473 64126976
211 1.4601 64192512
212 1.3911 64958464
213 1.4756 64786432
214 1.5877 65191936
215 1.4196 65458176
216 1.3479 65171456
217 1.6654 65908736
218 1.5707 65720320
219 1.6161 66293760
220 1.5848 66908160
221 1.4167 67231744
222 1.5401 67117056
223 1.6477 67411968
224 1.6858 67764224
225 1.6112 68124672
226 1.6094 68202496
227 1.5317 68501504
228 1.553 68775936
229 1.9513 69009408
230 2.1737 69230592
231 1.9615 69758976
232 1.5691 69943296
233 2.1212 69984256
234 1.6734 70565888
235 1.4835 70819840
236 1.6818 70971392
237 1.5945 71307264
238 1.5758 71602176
239 1.54 71950336
240 1.7612 71843840
241 1.7992 71868416
242 1.7869 72470528
243 1.7938 72667136
244 1.5817 73089024
245 1.5342 73191424
246 1.5585 73273344
247 1.5751 73256960
248 1.5638 74051584
249 1.5615 73826304
250 1.5824 74235904
251 1.5898 74977280
252 1.584 75169792
253 1.6048 74739712
254 1.621 75669504
255 1.6178 75792384
256 1.6249 75853824
257 1.6165 76025856
258 1.7154 76079104
259 2.0071 76357632
260 2.7056 76959744
261 2.0536 77148160
262 1.718 77275136
263 1.6699 78012416
264 1.6705 78065664
265 1.6863 78381056
266 1.6935 78753792
267 1.7788 78737408
268 1.7266 78635008
269 1.6793 78786560
270 1.6919 79781888
271 1.7214 79900672
272 1.7136 80130048
273 1.7172 80060416
274 1.7317 80277504
275 1.7156 80617472
276 1.7444 81010688
277 1.751 81059840
278 1.7576 81371136
279 1.7494 81252352
280 1.751 81784832
281 1.7734 81735680
282 1.7597 82173952
283 1.7739 82034688
284 1.8436 81432576
285 1.7941 82432000
286 1.7793 82210816
287 1.8129 82870272
288 1.816 82882560
289 1.8219 82984960
290 1.8096 83226624
291 1.8184 83517440
292 1.8435 84144128
293 1.8815 84467712
294 1.8355 83955712
295 1.8731 84684800
296 1.826 84738048
297 1.8449 84992000
298 1.8594 85622784
299 1.8835 85610496
300 1.8564 85745664