1 0.1878 21671936
2 0.1975 21811200
3 0.1984 22110208
4 0.2021 22265856
5 0.2279 22511616
6 0.2079 22564864
7 0.2089 22654976
8 0.2135 23085056
9 0.222 23330816
10 0.222 23433216
11 0.2282 23498752
12 0.2291 23818240
13 0.2307 23900160
14 0.2412 24170496
15 0.2423 24260608
16 0.2484 24485888
17 0.2523 24612864
18 0.2563 24838144
19 0.2575 25120768
20 0.2641 25587712
21 0.2638 25382912
22 0.2685 25563136
23 0.2731 25698304
24 0.2803 26066944
25 0.2865 26165248
26 0.2857 26275840
27 0.2905 26513408
28 0.2993 26750976
29 0.2961 27115520
30 0.3022 27107328
31 0.3026 27287552
32 0.3078 27598848
33 0.3208 27934720
34 0.3242 27971584
35 0.3241 28160000
36 0.3307 28364800
37 0.3255 28545024
38 0.3349 28774400
39 0.3351 28774400
40 0.3341 29016064
41 0.345 29216768
42 0.3519 29696000
43 0.3492 29667328
44 0.3687 29749248
45 0.3567 29831168
46 0.3616 30105600
47 0.3676 30220288
48 0.3776 30511104
49 0.3863 30867456
50 0.3797 30900224
51 0.3869 31002624
52 0.3944 31502336
53 0.391 31514624
54 0.3957 31551488
55 0.4254 31952896
56 0.4003 31944704
57 0.4096 32227328
58 0.4143 32514048
59 0.4146 32583680
60 0.4126 32690176
61 0.4224 32886784
62 0.4291 33198080
63 0.4251 33361920
64 0.4342 33427456
65 0.4435 33861632
66 0.448 33890304
67 0.45 34168832
68 0.4499 34344960
69 0.4664 34693120
70 0.4726 34656256
71 0.4773 34852864
72 0.4686 35037184
73 0.469 35287040
74 0.4767 35348480
75 0.4839 35536896
76 0.4876 35848192
77 0.4905 35971072
78 0.49 36114432
79 0.4919 36409344
80 0.5012 36605952
81 0.4985 36737024
82 0.5078 36982784
83 0.5113 36945920
84 0.5152 37130240
85 0.5196 37347328
86 0.521 37494784
87 0.528 37724160
88 0.5243 38043648
89 0.5384 38199296
90 0.542 38281216
91 0.5382 38535168
92 0.5495 38805504
93 0.5465 38969344
94 0.5523 39034880
95 0.5567 39383040
96 0.5633 39473152
97 0.5596 39710720
98 0.5747 39981056
99 0.5751 40161280
100 0.5707 40181760
101 0.5881 40734720
102 0.5798 40636416
103 0.5984 40886272
104 0.5915 41070592
105 0.6031 41242624
106 0.6038 41250816
107 0.6083 41578496
108 0.6119 41828352
109 0.6143 42065920
110 0.619 42004480
111 0.6267 42274816
112 0.6265 42512384
113 0.6259 42520576
114 0.6386 42848256
115 0.6484 43180032
116 0.643 43233280
117 0.6455 43520000
118 0.6528 43589632
119 0.6485 43671552
120 0.6685 44257280
121 0.656 44134400
122 0.6623 44392448
123 0.6833 44793856
124 0.6758 44941312
125 0.6788 44920832
126 0.6857 45154304
127 0.7133 45490176
128 0.6917 45522944
129 0.6965 45760512
130 0.7168 46243840
131 0.7081 46288896
132 0.7206 46350336
133 0.7152 46653440
134 0.725 47091712
135 0.7237 46895104
136 0.7282 47185920
137 0.7293 47337472
138 0.7338 47407104
139 0.7436 47591424
140 0.7427 47865856
141 0.7504 48054272
142 0.7584 48291840
143 0.753 48267264
144 0.7624 48553984
145 0.7622 48742400
146 0.7672 49082368
147 0.7752 49078272
148 0.7703 49364992
149 0.7835 49463296
150 0.793 49704960
151 0.8069 50532352
152 0.7938 50057216
153 0.7979 50196480
154 0.7905 50434048
155 0.807 50921472
156 0.8065 51273728
157 0.8127 51032064
158 0.8172 51240960
159 0.8244 51568640
160 0.8251 51613696
161 0.8319 52113408
162 0.8366 51924992
163 0.8338 52187136
164 0.8374 52305920
165 0.8373 52486144
166 0.8446 52637696
167 0.8456 52838400
168 0.8482 52817920
169 0.8562 52887552
170 0.8651 53239808
171 0.8731 53133312
172 0.8784 53272576
173 0.8924 53358592
174 0.8677 53690368
175 0.9006 53895168
176 0.8929 54136832
177 0.9016 54038528
178 0.8976 54362112
179 0.8927 54616064
180 0.8995 54767616
181 0.9037 54829056
182 0.9175 55136256
183 0.9094 55246848
184 0.925 55635968
185 0.9213 55660544
186 0.9217 55885824
187 0.9236 55918592
188 0.9343 56115200
189 0.9345 56238080
190 0.9401 56745984
191 0.946 56655872
192 0.9466 56950784
193 0.9541 56999936
194 0.9576 57192448
195 0.9605 57372672
196 0.9799 57729024
197 0.9642 57675776
198 0.9849 58105856
199 0.9803 58232832
200 0.9793 58384384
201 0.9785 58417152
202 0.9967 58736640
203 0.9991 59133952
204 0.9945 59105280
205 1.0171 59334656
206 1.0256 60047360
207 1.021 59772928
208 1.0223 59838464
209 1.0417 59998208
210 1.2202 60268544
211 1.3564 60506112
212 1.1977 60710912
213 1.17 61075456
214 1.1536 61001728
215 1.1782 61116416
216 1.507 61349888
217 1.1398 61550592
218 1.1708 61779968
219 1.3065 61923328
220 1.2122 62083072
221 1.3385 62271488
222 1.3686 62509056
223 1.4056 62644224
224 1.2347 62865408
225 1.2488 62959616
226 1.1162 63070208
227 1.1793 63479808
228 1.3572 63549440
229 1.1162 63561728
230 1.2618 63524864
231 1.1885 63938560
232 1.1328 63782912
233 1.2946 64262144
234 1.1256 64094208
235 1.1299 64425984
236 1.1185 64479232
237 1.1754 64905216
238 1.1501 65155072
239 1.4322 65040384
240 1.3686 65630208
241 1.2294 65613824
242 1.1839 65974272
243 1.1659 65867776
244 1.1518 66052096
245 1.1637 66117632
246 1.1832 66412544
247 1.1922 66600960
248 1.2243 66936832
249 1.2058 67051520
250 1.2362 67174400
251 1.1942 67334144
252 1.1962 67395584
253 1.1918 67588096
254 1.1976 67887104
255 1.2188 68259840
256 1.2082 68259840
257 1.2367 68509696
258 1.2515 68833280
259 1.2358 68808704
260 1.2453 69386240
261 1.2313 69390336
262 1.237 69595136
263 1.245 70017024
264 1.2512 69881856
265 1.2452 70455296
266 1.2547 70795264
267 1.2687 70578176
268 1.3039 71122944
269 1.2847 71041024
270 1.305 71299072
271 1.3201 71880704
272 1.2869 71753728
273 1.2752 71815168
274 1.3166 72458240
275 1.2924 72290304
276 1.4879 72437760
277 1.4249 72593408
278 1.3282 73117696
279 1.3327 72904704
280 1.3274 73510912
281 1.4443 73412608
282 1.4277 73535488
283 1.5755 73658368
284 1.4336 74424320
285 1.5212 74031104
286 1.4658 74338304
287 1.5556 74407936
288 1.566 74842112
289 1.3745 75128832
290 1.3487 75108352
291 1.3617 75223040
292 1.368 75354112
293 1.3784 75653120
294 1.3786 76087296
295 1.4332 76115968
296 1.4063 76623872
297 1.4295 76517376
298 1.4772 76693504
299 1.4494 76759040
300 1.3999 76836864