1 0.0399 10973184
2 0.0445 11186176
3 0.0492 11366400
4 0.0586 11575296
5 0.0685 11776000
6 0.064 12025856
7 0.0708 12189696
8 0.0718 12386304
9 0.0803 12591104
10 0.081 12775424
11 0.0903 13008896
12 0.0902 13185024
13 0.0946 13373440
14 0.0993 13619200
15 0.106 13819904
16 0.1096 14008320
17 0.1139 14229504
18 0.1181 14397440
19 0.1239 14598144
20 0.1402 14958592
21 0.1368 14999552
22 0.1412 15204352
23 0.1458 15425536
24 0.1467 15609856
25 0.1512 15822848
26 0.1605 16031744
27 0.1631 16228352
28 0.1668 16400384
29 0.1702 16625664
30 0.1802 16924672
31 0.1811 17076224
32 0.1908 17264640
33 0.196 17469440
34 0.1955 17649664
35 0.2036 17879040
36 0.2131 18165760
37 0.211 18247680
38 0.218 18444288
39 0.2248 18644992
40 0.2326 18923520
41 0.2349 19136512
42 0.236 19230720
43 0.2413 19431424
44 0.2411 19619840
45 0.2689 19828736
46 0.2567 20037632
47 0.2566 20201472
48 0.2651 20422656
49 0.2938 20619264
50 0.2717 20738048
51 0.281 21065728
52 0.2873 21254144
53 0.2906 21446656
54 0.2924 21676032
55 0.3028 21876736
56 0.3078 22044672
57 0.3155 22241280
58 0.3116 22482944
59 0.3257 22720512
60 0.3275 22990848
61 0.3266 23175168
62 0.3325 23355392
63 0.3405 23543808
64 0.3434 23736320
65 0.3487 23822336
66 0.3553 24145920
67 0.3549 24219648
68 0.3631 24530944
69 0.3701 24588288
70 0.3743 24932352
71 0.3753 24977408
72 0.3867 25305088
73 0.3846 25370624
74 0.3867 25694208
75 0.3992 25755648
76 0.4039 26112000
77 0.4131 26447872
78 0.4103 26492928
79 0.423 26685440
80 0.422 26918912
81 0.4241 27054080
82 0.4279 27267072
83 0.439 27471872
84 0.4346 27648000
85 0.439 27312128
86 0.4456 28053504
87 0.4518 28246016
88 0.4616 28463104
89 0.4608 28680192
90 0.4704 28815360
91 0.472 29126656
92 0.4767 29339648
93 0.4791 28880896
94 0.484 29601792
95 0.4903 29798400
96 0.4994 29986816
97 0.5061 30494720
98 0.5053 30420992
99 0.5099 30609408
100 0.5186 30846976
101 0.5197 30470144
102 0.5245 30777344
103 0.5366 31096832
104 0.5439 31813632
105 0.5639 32055296
106 0.5456 32096256
107 0.5612 32296960
108 0.5601 32493568
109 0.5712 32673792
110 0.5723 32944128
111 0.5704 33075200
112 0.5708 33288192
113 0.5847 33452032
114 0.5843 33140736
115 0.6014 33861632
116 0.6017 34365440
117 0.6018 34443264
118 0.609 34635776
119 0.6083 34320384
120 0.6157 35028992
121 0.6286 35360768
122 0.6286 35528704
123 0.6305 35184640
124 0.6489 36077568
125 0.6478 36098048
126 0.6529 36282368
127 0.6544 36474880
128 0.6542 36651008
129 0.662 36302848
130 0.6698 37060608
131 0.6736 36720640
132 0.686 37285888
133 0.6868 37146624
134 0.6812 37326848
135 0.6955 38027264
136 0.6959 37707776
137 0.7022 38404096
138 0.7115 38617088
139 0.7101 38801408
140 0.7124 39002112
141 0.7197 39157760
142 0.7336 39358464
143 0.7415 40001536
144 0.7342 39751680
145 0.7285 39976960
146 0.7473 40140800
147 0.7497 40370176
148 0.7516 40009728
149 0.7523 40738816
150 0.7653 40857600
151 0.7704 41148416
152 0.7632 41324544
153 0.7715 41525248
154 0.7844 41717760
155 0.7859 41394176
156 0.7926 41967616
157 0.7901 41799680
158 0.8048 41984000
159 0.7989 42692608
160 0.8132 42950656
161 0.8069 42610688
162 0.8187 43274240
163 0.8382 43491328
164 0.8294 43696128
165 0.8292 43945984
166 0.8481 44285952
167 0.8484 44302336
168 0.8518 44531712
169 0.8564 44724224
170 0.8575 44675072
171 0.8679 44666880
172 0.8704 45125632
173 0.8798 44978176
174 0.8815 45162496
175 0.9032 45412352
176 0.8811 45547520
177 0.8915 45801472
178 0.9055 46219264
179 0.8991 46120960
180 0.9175 46333952
181 0.9172 46952448
182 0.9215 46735360
183 0.9279 47075328
184 0.9166 47095808
185 0.9359 47304704
186 0.9315 47964160
187 0.9343 47714304
188 0.9489 47874048
189 0.9479 48218112
190 0.9519 48291840
191 0.9568 48541696
192 0.9696 48676864
193 0.9809 48869376
194 0.9764 49135616
195 0.9853 48791552
196 0.9846 49340416
197 0.9951 49872896
198 0.9924 49410048
199 0.9926 49582080
200 0.9967 49770496
201 1.0099 50405376
202 1.0287 50683904
203 1.0182 50864128
204 1.0204 50929664
205 1.0413 51167232
206 1.0374 51118080
207 1.059 51511296
208 1.0585 51683328
209 1.0622 51863552
210 1.0638 52080640
211 1.0721 52277248
212 1.0738 52465664
213 1.0972 52658176
214 1.0922 52858880
215 1.081 53047296
216 1.1104 53313536
217 1.0931 53452800
218 1.097 53649408
219 1.1149 53829632
220 1.1152 54018048
221 1.1136 54214656
222 1.1184 54423552
223 1.1293 54677504
224 1.1318 54796288
225 1.1335 55009280
226 1.1309 55205888
227 1.1417 55398400
228 1.1699 55705600
229 1.1499 55791616
230 1.1588 55984128
231 1.17 56811520
232 1.1732 56492032
233 1.175 56684544
234 1.181 56872960
235 1.173 57315328
236 1.29 57688064
237 1.3715 57933824
238 1.227 57958400
239 1.2296 58589184
240 1.2237 58769408
241 1.2224 58761216
242 1.2351 59113472
243 1.234 59174912
244 1.2417 59498496
245 1.2608 59805696
246 1.2608 59908096
247 1.2657 60153856
248 1.2667 60141568
249 1.2739 60518400
250 1.2733 60518400
251 1.2948 60981248
252 1.2995 61349888
253 1.2958 61353984
254 1.2862 61308928
255 1.6278 62009344
256 1.3069 61685760
257 1.3222 61890560
258 1.3095 62341120
259 1.3103 62451712
260 1.3375 62488576
261 1.3369 62697472
262 1.3372 63315968
263 1.3239 63053824
264 1.3509 63746048
265 1.3471 63447040
266 1.3447 63668224
267 1.3671 64270336
268 1.3659 64040960
269 1.3693 64585728
270 1.3769 64466944
271 1.3708 65097728
272 1.3914 64880640
273 1.3816 65048576
274 1.3867 65232896
275 1.384 65425408
276 1.4122 66170880
277 1.4146 65867776
278 1.4005 65990656
279 1.4132 66195456
280 1.4617 66674688
281 1.4122 66547712
282 1.4166 66801664
283 1.4139 66990080
284 1.4397 67387392
285 1.432 67395584
286 1.427 67624960
287 1.4484 67776512
288 1.4363 67977216
289 1.4522 68194304
290 1.4774 68370432
291 1.4676 68640768
292 1.4528 68739072
293 1.4842 68943872
294 1.462 69177344
295 1.4905 69472256
296 1.4989 69541888
297 1.4915 69726208
298 1.5159 70152192
299 1.4861 70410240
300 1.5233 70885376