1 0.1835 21680128
2 0.1939 22110208
3 0.1986 22183936
4 0.1961 22233088
5 0.2105 22433792
6 0.2047 22646784
7 0.2135 22708224
8 0.2121 22974464
9 0.2227 23257088
10 0.2244 23482368
11 0.2249 23445504
12 0.2318 23642112
13 0.2367 24051712
14 0.2342 24137728
15 0.2445 24207360
16 0.2461 24592384
17 0.2455 24559616
18 0.2498 24764416
19 0.255 24952832
20 0.2601 25251840
21 0.2666 25571328
22 0.2649 25591808
23 0.2743 25677824
24 0.2747 25886720
25 0.2831 26275840
26 0.2849 26382336
27 0.2892 26451968
28 0.2951 26767360
29 0.2975 27103232
30 0.2947 27164672
31 0.3113 27271168
32 0.3051 27418624
33 0.3097 27623424
34 0.3321 28209152
35 0.3212 28102656
36 0.3224 28303360
37 0.3256 28352512
38 0.3333 28569600
39 0.3323 28848128
40 0.3377 28905472
41 0.3393 29089792
42 0.3418 29392896
43 0.3499 29614080
44 0.3489 29802496
45 0.3699 29872128
46 0.3602 30134272
47 0.3623 30179328
48 0.3709 30552064
49 0.377 30613504
50 0.3741 30797824
51 0.3837 30973952
52 0.3873 31162368
53 0.3963 31559680
54 0.3904 31490048
55 0.3988 31694848
56 0.4107 31866880
57 0.403 32063488
58 0.4085 32276480
59 0.4091 32591872
60 0.4311 32870400
61 0.42 32886784
62 0.4256 33218560
63 0.436 33558528
64 0.4345 33419264
65 0.443 34013184
66 0.4439 34045952
67 0.4531 34103296
68 0.449 34189312
69 0.4557 34402304
70 0.4591 34541568
71 0.4637 34729984
72 0.4741 35164160
73 0.4705 35110912
74 0.4755 35418112
75 0.475 35471360
76 0.4806 35778560
77 0.4885 36020224
78 0.4836 36012032
79 0.4908 36306944
80 0.4997 36646912
81 0.4944 36585472
82 0.5366 37060608
83 0.5215 37056512
84 0.5115 37199872
85 0.5209 37318656
86 0.5196 37490688
87 0.5282 37818368
88 0.5289 37863424
89 0.5387 38305792
90 0.5405 38236160
91 0.5565 38457344
92 0.5625 38944768
93 0.582 39104512
94 0.591 39084032
95 0.6009 39313408
96 0.6927 39567360
97 0.654 39735296
98 0.5696 39825408
99 0.5726 40128512
100 0.5809 40263680
101 0.5844 40595456
102 0.5917 40751104
103 0.6039 41078784
104 0.6087 41082880
105 0.604 41369600
106 0.6105 41422848
107 0.6087 41480192
108 0.6146 41975808
109 0.6293 41934848
110 0.6171 41992192
111 0.6266 42348544
112 0.6363 42643456
113 0.6234 42577920
114 0.645 42856448
115 0.6406 43188224
116 0.6445 43380736
117 0.6497 43339776
118 0.6594 43630592
119 0.653 43700224
120 0.6626 43892736
121 0.6653 44097536
122 0.6722 44244992
123 0.6747 44773376
124 0.6731 44670976
125 0.7181 44990464
126 0.7846 45252608
127 0.7023 45355008
128 0.7004 45400064
129 0.7168 45985792
130 0.7046 45948928
131 0.7187 46186496
132 0.7363 46755840
133 0.7295 46755840
134 0.7184 46829568
135 0.7301 46841856
136 0.7369 47058944
137 0.745 47546368
138 0.7403 47382528
139 0.7606 47611904
140 0.7525 47919104
141 0.7479 48029696
142 0.7628 48676864
143 0.7542 48406528
144 0.7727 48705536
145 0.7729 48959488
146 0.7732 49307648
147 0.775 49025024
148 0.7672 49283072
149 0.7771 49446912
150 0.7964 50065408
151 0.7917 49909760
152 0.787 50130944
153 0.8021 50749440
154 0.8044 50794496
155 0.8013 50753536
156 0.8108 50839552
157 0.8122 51073024
158 0.82 51666944
159 0.8289 51707904
160 0.8181 51408896
161 0.8309 51675136
162 0.826 51802112
163 0.8438 52400128
164 0.8487 52408320
165 0.8423 52805632
166 0.858 52588544
167 0.8502 52690944
168 0.8636 52764672
169 0.8623 52871168
170 0.8614 53022720
171 0.8961 53239808
172 0.8741 53665792
173 0.8687 53501952
174 0.8832 53657600
175 0.8842 53825536
176 0.8926 53923840
177 0.8912 54034432
178 0.8943 54345728
179 0.9055 54444032
180 0.9006 54566912
181 0.9115 55005184
182 0.9127 55107584
183 0.914 55169024
184 0.9243 55898112
185 0.9294 56090624
186 0.9261 55771136
187 0.9244 55939072
188 0.928 56225792
189 0.9409 56430592
190 0.9462 56500224
191 0.9554 56745984
192 0.9746 56946688
193 0.965 57135104
194 0.9661 57257984
195 0.9687 57634816
196 0.9687 57921536
197 0.9789 57966592
198 0.9742 58236928
199 0.9885 58208256
200 0.9837 58417152
201 0.9873 58437632
202 1.0093 59019264
203 1.0014 58974208
204 1.0284 59289600
205 1.0107 59367424
206 1.0407 59613184
207 1.0724 59736064
208 1.0285 59813888
209 1.0348 60039168
210 1.0731 60825600
211 1.0343 60473344
212 1.0361 60710912
213 1.054 60846080
214 1.0529 61362176
215 1.044 61173760
216 1.0423 61399040
217 1.1624 61689856
218 1.1333 61923328
219 1.1277 62021632
220 1.0951 62132224
221 1.1346 62316544
222 1.0902 62484480
223 1.0947 63074304
224 1.0868 62889984
225 1.1047 63045632
226 1.0957 63299584
227 1.0934 63418368
228 1.1109 63610880
229 1.1068 63643648
230 1.1194 63508480
231 1.1085 63684608
232 1.1523 64049152
233 1.1307 64360448
234 1.1519 64307200
235 1.1296 64430080
236 1.1275 64466944
237 1.1685 64770048
238 1.1382 64937984
239 1.1376 65126400
240 1.1412 65347584
241 1.1547 65417216
242 1.1641 65908736
243 1.1594 65769472
244 1.174 66023424
245 1.1638 66248704
246 1.1673 66437120
247 1.1742 66637824
248 1.1869 67153920
249 1.1983 66994176
250 1.2254 67485696
251 1.2029 67571712
252 1.1999 67436544
253 1.1958 67731456
254 1.2157 68308992
255 1.222 68341760
256 1.2088 68263936
257 1.2139 68472832
258 1.229 68673536
259 1.2152 68829184
260 1.2362 69451776
261 1.2403 69345280
262 1.2322 69308416
263 1.2692 69967872
264 1.2588 70492160
265 1.2588 70451200
266 1.2872 70782976
267 1.2581 70504448
268 1.2939 70889472
269 1.2963 71499776
270 1.2882 71532544
271 1.2796 71467008
272 1.2836 71700480
273 1.291 72372224
274 1.3118 72499200
275 1.3018 72265728
276 1.3066 72486912
277 1.3194 72675328
278 1.308 72794112
279 1.3228 73080832
280 1.3355 73392128
281 1.3241 73379840
282 1.3307 73535488
283 1.3334 73728000
284 1.3359 74330112
285 1.3435 74027008
286 1.3404 74293248
287 1.3644 74694656
288 1.3761 75104256
289 1.3592 74936320
290 1.3591 75091968
291 1.3747 75210752
292 1.3724 75567104
293 1.3739 75653120
294 1.376 76169216
295 1.3677 76034048
296 1.392 76111872
297 1.4012 76410880
298 1.3819 76562432
299 1.4223 76910592
300 1.4041 77238272