1 0.0032 8454144
2 0.0051 8515584
3 0.0077 8572928
4 0.0067 8622080
5 0.0067 8687616
6 0.0085 8732672
7 0.0126 8773632
8 0.0107 8814592
9 0.013 8859648
10 0.0162 8916992
11 0.014 8998912
12 0.0136 9027584
13 0.0151 9097216
14 0.0156 9117696
15 0.0165 9162752
16 0.0169 9203712
17 0.0179 9265152
18 0.023 9322496
19 0.0212 9379840
20 0.0262 9412608
21 0.0221 9437184
22 0.0248 9539584
23 0.0321 9596928
24 0.0271 9637888
25 0.0308 9699328
26 0.0303 9707520
27 0.0274 9740288
28 0.0332 9801728
29 0.032 9904128
30 0.0356 9961472
31 0.0319 9957376
32 0.0325 9994240
33 0.0333 10055680
34 0.0336 10076160
35 0.0376 10145792
36 0.0382 10199040
37 0.0358 10280960
38 0.039 10309632
39 0.0385 10358784
40 0.0412 10416128
41 0.0437 10485760
42 0.0534 10534912
43 0.0501 10629120
44 0.0443 10592256
45 0.0545 10723328
46 0.0496 10772480
47 0.0532 10891264
48 0.0584 10903552
49 0.0492 10956800
50 0.0486 10940416
51 0.0525 11030528
52 0.0493 11067392
53 0.0617 11038720
54 0.0569 11161600
55 0.0573 11235328
56 0.0607 11304960
57 0.0651 11218944
58 0.0615 11288576
59 0.0622 11403264
60 0.0564 11444224
61 0.0559 11423744
62 0.0629 11550720
63 0.0668 11575296
64 0.0651 11640832
65 0.0683 11685888
66 0.0642 11718656
67 0.0633 11706368
68 0.0727 11743232
69 0.0713 11878400
70 0.0712 11923456
71 0.0669 12001280
72 0.0728 11997184
73 0.0791 12103680
74 0.0773 12189696
75 0.0769 12206080
76 0.0725 12242944
77 0.0882 12283904
78 0.0732 12214272
79 0.0794 12316672
80 0.0766 12386304
81 0.0841 12464128
82 0.0804 12435456
83 0.0827 12468224
84 0.0831 12554240
85 0.0802 12627968
86 0.088 12640256
87 0.0863 12742656
88 0.0809 12759040
89 0.0829 12828672
90 0.0882 12877824
91 0.0917 12910592
92 0.0943 12972032
93 0.0951 12984320
94 0.1162 13144064
95 0.1001 13119488
96 0.0996 13111296
97 0.1043 13160448
98 0.1031 13316096
99 0.1239 13238272
100 0.1074 13398016
101 0.1022 13492224
102 0.1003 13520896
103 0.1001 13422592
104 0.1033 13574144
105 0.1122 13680640
106 0.1076 13692928
107 0.128 13762560
108 0.1102 13668352
109 0.1124 13889536
110 0.1142 13930496
111 0.1102 13946880
112 0.1128 13889536
113 0.1033 13918208
114 0.1168 13967360
115 0.1577 14094336
116 0.1302 14147584
117 0.1179 14303232
118 0.1261 14290944
119 0.117 14274560
120 0.1279 14360576
121 0.1185 14503936
122 0.1234 14499840
123 0.129 14430208
124 0.1163 14520320
125 0.1225 14540800
126 0.1405 14647296
127 0.1194 14581760
128 0.1266 14663680
129 0.1324 14716928
130 0.1369 14905344
131 0.1303 14970880
132 0.1326 14925824
133 0.1339 14958592
134 0.1376 15081472
135 0.135 15052800
136 0.135 15212544
137 0.1397 15183872
138 0.1368 15265792
139 0.1346 15319040
140 0.1336 15437824
141 0.1402 15388672
142 0.1332 15388672
143 0.1466 15511552
144 0.1424 15613952
145 0.1357 15609856
146 0.1401 15597568
147 0.1547 15695872
148 0.1482 15855616
149 0.1618 15925248
150 0.141 15785984
151 0.149 15900672
152 0.1532 15953920
153 0.1467 15904768
154 0.1572 16060416
155 0.1442 16052224
156 0.1442 16146432
157 0.1501 16130048
158 0.1516 16125952
159 0.1506 16220160
160 0.1602 16252928
161 0.1971 16420864
162 0.1921 16429056
163 0.1688 16478208
164 0.177 16461824
165 0.1615 16560128
166 0.1522 16510976
167 0.1802 16617472
168 0.1641 16703488
169 0.2091 16801792
170 0.202 16748544
171 0.2081 16826368
172 0.2089 16850944
173 0.1826 16904192
174 0.1736 17006592
175 0.1709 17035264
176 0.1795 17195008
177 0.1868 17072128
178 0.1858 17166336
179 0.1609 17203200
180 0.2006 17235968
181 0.2121 17293312
182 0.1834 17297408
183 0.1879 17473536
184 0.1782 17391616
185 0.1809 17514496
186 0.1848 17625088
187 0.2106 17580032
188 0.1752 17575936
189 0.1814 17764352
190 0.1945 17846272
191 0.1822 17735680
192 0.172 17731584
193 0.1861 17973248
194 0.1804 17924096
195 0.189 17891328
196 0.1849 17969152
197 0.1862 17993728
198 0.1932 18079744
199 0.1906 18116608
200 0.1863 18153472
201 0.1787 18141184
202 0.1908 18219008
203 0.2202 18354176
204 0.2007 18456576
205 0.1936 18509824
206 0.2 18481152
207 0.2003 18563072
208 0.2048 18739200
209 0.1896 18681856
210 0.2125 18628608
211 0.1967 18735104
212 0.2081 18784256
213 0.1962 18874368
214 0.2035 18833408
215 0.2017 18907136
216 0.2189 18960384
217 0.2047 18960384
218 0.217 19009536
219 0.2071 19144704
220 0.215 18980864
221 0.2062 19263488
222 0.2111 19202048
223 0.2095 19259392
224 0.2143 19148800
225 0.2028 19361792
226 0.227 19415040
227 0.2171 19546112
228 0.2159 19464192
229 0.2182 19550208
230 0.2324 19742720
231 0.2208 19644416
232 0.2177 19787776
233 0.2119 19804160
234 0.2472 19853312
235 0.2444 19881984
236 0.2286 19886080
237 0.2568 20168704
238 0.2427 20033536
239 0.2289 20082688
240 0.2344 20201472
241 0.3023 20180992
242 0.2867 20328448
243 0.2938 20398080
244 0.2944 20348928
245 0.2814 20340736
246 0.2352 20357120
247 0.2516 20553728
248 0.2424 20418560
249 0.2536 20631552
250 0.2555 20582400
251 0.245 20652032
252 0.2618 20799488
253 0.2461 20746240
254 0.2553 20709376
255 0.252 20869120
256 0.2584 20934656
257 0.2488 20930560
258 0.3237 21000192
259 0.2418 21098496
260 0.2992 21098496
261 0.2624 21159936
262 0.2582 21364736
263 0.2615 21200896
264 0.2713 21102592
265 0.2643 21319680
266 0.2558 21344256
267 0.2542 21389312
268 0.2656 21303296
269 0.2543 21471232
270 0.2679 21483520
271 0.2612 21561344
272 0.2534 21553152
273 0.3151 21729280
274 0.2907 21561344
275 0.2896 21794816
276 0.2714 21766144
277 0.2905 21942272
278 0.2785 22069248
279 0.3493 22097920
280 0.2793 22147072
281 0.2595 22130688
282 0.3425 22183936
283 0.2871 22196224
284 0.2657 22241280
285 0.3439 22470656
286 0.3346 22462464
287 0.3236 22450176
288 0.2938 22548480
289 0.3066 22568960
290 0.3306 22585344
291 0.2925 22482944
292 0.2886 22855680
293 0.3403 22749184
294 0.3245 22896640
295 0.3358 22843392
296 0.295 22933504
297 0.3031 22966272
298 0.2962 23105536
299 0.3163 23183360
300 0.2976 22933504