1 0.0785 11087872
2 0.0681 11255808
3 0.0564 11378688
4 0.0654 11616256
5 0.0644 11726848
6 0.0741 11919360
7 0.1053 12140544
8 0.0754 12320768
9 0.1162 12468224
10 0.0852 12664832
11 0.1036 12804096
12 0.1041 12959744
13 0.1143 13058048
14 0.1116 13336576
15 0.1151 13398016
16 0.1476 13574144
17 0.1148 13717504
18 0.1334 13905920
19 0.1255 14143488
20 0.1323 14225408
21 0.1382 14499840
22 0.1291 14483456
23 0.1205 14680064
24 0.1226 14843904
25 0.1323 14987264
26 0.1479 15155200
27 0.1368 15331328
28 0.1382 15474688
29 0.1462 15683584
30 0.1527 15806464
31 0.154 16076800
32 0.1571 16269312
33 0.1558 16314368
34 0.164 16535552
35 0.1683 16719872
36 0.1681 16826368
37 0.2058 17051648
38 0.1837 17190912
39 0.1792 17313792
40 0.1832 17481728
41 0.1867 17661952
42 0.1917 17817600
43 0.1948 18006016
44 0.1969 18169856
45 0.2057 18321408
46 0.211 18489344
47 0.2092 18628608
48 0.2102 18812928
49 0.2215 18952192
50 0.2349 19279872
51 0.2254 19279872
52 0.2282 19468288
53 0.2332 19611648
54 0.2339 19820544
55 0.2495 20021248
56 0.2417 20090880
57 0.2487 20279296
58 0.2509 20611072
59 0.2584 20639744
60 0.2576 20795392
61 0.2586 20803584
62 0.2742 21258240
63 0.2668 21123072
64 0.2755 21438464
65 0.2884 21614592
66 0.2907 21860352
67 0.287 21905408
68 0.2891 22097920
69 0.2924 22208512
70 0.296 22413312
71 0.3027 22564864
72 0.2995 22732800
73 0.3023 22953984
74 0.307 22990848
75 0.3172 23261184
76 0.3128 23433216
77 0.3212 23564288
78 0.357 23748608
79 0.3296 23896064
80 0.341 24186880
81 0.3373 24219648
82 0.3375 24260608
83 0.3523 24674304
84 0.3425 24715264
85 0.3503 24866816
86 0.3537 25063424
87 0.3665 25296896
88 0.3656 25423872
89 0.3656 25550848
90 0.3689 25710592
91 0.3738 25862144
92 0.3772 26021888
93 0.3877 26365952
94 0.3839 26349568
95 0.3861 26517504
96 0.3922 26681344
97 0.3932 26832896
98 0.4108 27131904
99 0.409 27164672
100 0.4103 27475968
101 0.4148 27488256
102 0.4224 27840512
103 0.4215 27844608
104 0.4431 28205056
105 0.4965 28360704
106 0.4397 28483584
107 0.4546 28704768
108 0.4632 28766208
109 0.4756 28848128
110 0.5327 29188096
111 0.4585 29143040
112 0.4554 29319168
113 0.4541 29470720
114 0.4625 29114368
115 0.4674 29818880
116 0.472 30031872
117 0.4811 30244864
118 0.476 30326784
119 0.4835 30486528
120 0.4871 30642176
121 0.5358 30806016
122 0.4879 30445568
123 0.4983 31318016
124 0.504 30937088
125 0.4985 31453184
126 0.5035 31600640
127 0.5119 31502336
128 0.5231 32112640
129 0.5189 32108544
130 0.5261 32272384
131 0.5188 32403456
132 0.5259 32591872
133 0.5344 32743424
134 0.5332 32358400
135 0.5346 33067008
136 0.5438 33374208
137 0.5441 33390592
138 0.5927 33062912
139 0.5823 33275904
140 0.5683 33669120
141 0.5606 34054144
142 0.5605 34217984
143 0.5636 34349056
144 0.5683 33996800
145 0.5713 34684928
146 0.576 34832384
147 0.5857 35205120
148 0.5835 35295232
149 0.5942 35454976
150 0.5951 35618816
151 0.5973 35237888
152 0.603 35414016
153 0.6035 35577856
154 0.615 36392960
155 0.6181 36425728
156 0.6369 36347904
157 0.6262 36753408
158 0.6239 36937728
159 0.6306 36646912
160 0.6357 37253120
161 0.6322 37400576
162 0.6458 37036032
163 0.6452 37707776
164 0.6429 37347328
165 0.6498 38035456
166 0.6568 37666816
167 0.6582 37888000
168 0.6636 38502400
169 0.6789 38699008
170 0.6759 38879232
171 0.6864 39120896
172 0.6841 39141376
173 0.6795 39301120
174 0.6909 39718912
175 0.6878 39886848
176 0.6941 39419904
177 0.7024 40202240
178 0.7113 40341504
179 0.7126 40497152
180 0.725 40685568
181 0.7108 40296448
182 0.7277 40947712
183 0.7228 41115648
184 0.7332 41553920
185 0.7355 41119744
186 0.7309 41549824
187 0.7348 41701376
188 0.7478 41365504
189 0.7452 42016768
190 0.7491 42172416
191 0.7509 42356736
192 0.7511 42500096
193 0.7654 42651648
194 0.7731 43110400
195 0.7736 43151360
196 0.7639 42606592
197 0.7833 43294720
198 0.7832 43454464
199 0.7753 43589632
200 0.785 43778048
201 0.7807 43945984
202 0.7898 44109824
203 0.7907 44249088
204 0.8105 44625920
205 0.8184 44871680
206 0.8116 44969984
207 0.8137 44994560
208 0.8301 45223936
209 0.833 45301760
210 0.8384 45633536
211 0.8368 45629440
212 0.8417 45760512
213 0.8395 46002176
214 0.8501 46153728
215 0.844 45584384
216 0.8517 45584384
217 0.8587 46112768
218 0.8601 45830144
219 0.8701 46407680
220 0.8871 46563328
221 0.8687 46739456
222 0.8736 46374912
223 0.8827 47210496
224 0.887 46866432
225 0.8814 47374336
226 0.8868 47525888
227 0.8865 47706112
228 0.893 47841280
229 0.9246 48041984
230 0.9063 48168960
231 0.907 48447488
232 0.902 48599040
233 0.9104 48709632
234 0.913 48885760
235 0.9236 49045504
236 0.9229 49201152
237 0.9346 48840704
238 0.9263 49524736
239 0.9446 49696768
240 0.9484 49344512
241 0.9649 50413568
242 0.9528 50663424
243 0.9586 50323456
244 0.9557 49967104
245 0.9654 50872320
246 0.9703 50827264
247 0.9693 51007488
248 0.977 51146752
249 0.9747 50765824
250 0.9672 50974720
251 0.997 52109312
252 0.9792 51912704
253 0.9941 51953664
254 0.9879 52076544
255 1.004 52637696
256 0.9965 52629504
257 0.9935 52408320
258 0.9994 52711424
259 1.0097 52477952
260 1.0268 52547584
261 1.0256 52707328
262 1.0273 53063680
263 1.0282 53039104
264 1.0214 53186560
265 1.0267 53366784
266 1.0379 53747712
267 1.0414 53751808
268 1.0403 53837824
269 1.0587 54005760
270 1.0687 54210560
271 1.0659 54317056
272 1.061 54505472
273 1.0567 54640640
274 1.0543 54808576
275 1.0924 55033856
276 1.0842 55255040
277 1.0689 55283712
278 1.0838 55439360
279 1.0851 55623680
280 1.0768 55783424
281 1.1004 55930880
282 1.0913 56090624
283 1.0874 56229888
284 1.0966 56397824
285 1.1167 56934400
286 1.104 56733696
287 1.105 56893440
288 1.115 57040896
289 1.1236 57737216
290 1.1359 57356288
291 1.1236 57507840
292 1.1403 57700352
293 1.1295 57843712
294 1.1386 57970688
295 1.1387 58454016
296 1.1825 58978304
297 1.1573 58748928
298 1.1682 59408384
299 1.1687 59584512
300 1.1642 59260928