1 0.1847 21544960
2 0.1921 21872640
3 0.1944 21942272
4 0.202 22257664
5 0.2158 22310912
6 0.2184 22507520
7 0.2136 22691840
8 0.2151 23019520
9 0.2295 23289856
10 0.2334 23531520
11 0.2326 23920640
12 0.2357 23830528
13 0.2366 23891968
14 0.2473 24121344
15 0.2432 24260608
16 0.2475 24465408
17 0.2463 24625152
18 0.2554 24997888
19 0.2563 25014272
20 0.2612 25247744
21 0.2655 25346048
22 0.2685 25620480
23 0.2717 25714688
24 0.2811 26226688
25 0.2863 26284032
26 0.2848 26271744
27 0.2954 26599424
28 0.2973 26648576
29 0.2996 26963968
30 0.3024 27238400
31 0.3092 27459584
32 0.3153 27549696
33 0.3144 27758592
34 0.3168 27836416
35 0.3349 28332032
36 0.3334 28180480
37 0.3349 28336128
38 0.3328 28721152
39 0.338 28717056
40 0.3426 29020160
41 0.346 29188096
42 0.3492 29405184
43 0.3551 29523968
44 0.3571 29638656
45 0.3603 29818880
46 0.3628 30035968
47 0.3691 30183424
48 0.3707 30457856
49 0.3748 30842880
50 0.3768 30834688
51 0.3831 31092736
52 0.3888 31268864
53 0.3888 31490048
54 0.4002 31703040
55 0.402 31690752
56 0.4182 32096256
57 0.4045 32235520
58 0.423 32284672
59 0.4092 32497664
60 0.4262 32768000
61 0.426 32940032
62 0.4316 33308672
63 0.4363 33308672
64 0.4376 33439744
65 0.4407 33726464
66 0.4432 33923072
67 0.4509 34283520
68 0.454 34263040
69 0.4557 34373632
70 0.4604 34729984
71 0.461 34881536
72 0.4694 35217408
73 0.4703 35155968
74 0.479 35348480
75 0.4833 35631104
76 0.4837 35909632
77 0.4847 35926016
78 0.4933 36237312
79 0.5221 36388864
80 0.5056 36663296
81 0.5085 36728832
82 0.5121 36868096
83 0.5193 37056512
84 0.5171 37187584
85 0.5194 37462016
86 0.5241 37699584
87 0.5266 37724160
88 0.5255 38019072
89 0.5363 38023168
90 0.5332 38354944
91 0.5452 38432768
92 0.546 38735872
93 0.5489 38928384
94 0.5522 39084032
95 0.5587 39358464
96 0.5644 39510016
97 0.566 39825408
98 0.5695 39825408
99 0.5726 40251392
100 0.5819 40206336
101 0.5794 40439808
102 0.5804 40734720
103 0.5957 40906752
104 0.6008 40968192
105 0.6029 41201664
106 0.6145 41574400
107 0.613 41619456
108 0.6168 41627648
109 0.6154 41992192
110 0.6247 42180608
111 0.6247 42274816
112 0.6315 42803200
113 0.6349 42631168
114 0.6389 43065344
115 0.6407 43241472
116 0.644 43331584
117 0.6434 43343872
118 0.6494 43675648
119 0.6572 43814912
120 0.6599 43982848
121 0.6582 44195840
122 0.6767 44318720
123 0.6914 44638208
124 0.6809 44658688
125 0.6829 44949504
126 0.6802 44990464
127 0.6953 45285376
128 0.7182 45727744
129 0.7027 45895680
130 0.71 46325760
131 0.7359 46465024
132 0.7633 46452736
133 0.7997 46751744
134 0.7452 46960640
135 0.7473 47177728
136 0.7293 47325184
137 0.7394 47382528
138 0.7459 47738880
139 0.7404 47689728
140 0.7387 47886336
141 0.8955 48037888
142 0.8804 48242688
143 0.8275 48726016
144 0.8664 48726016
145 0.8056 48836608
146 0.8052 49131520
147 0.9484 49405952
148 1.2485 49393664
149 1.2361 49537024
150 1.309 49733632
151 1.2287 49897472
152 1.0515 50073600
153 0.8658 50302976
154 0.9086 50401280
155 0.8276 50659328
156 0.8531 50831360
157 0.8905 51167232
158 0.8654 51367936
159 0.8257 51314688
160 0.9142 51556352
161 0.985 51675136
162 1.1305 51879936
163 0.977 52420608
164 0.889 52502528
165 0.9669 52854784
166 0.8937 52703232
167 0.8921 52862976
168 0.8792 52920320
169 0.8807 52785152
170 0.8797 52899840
171 0.8919 53153792
172 0.892 53436416
173 0.9098 53485568
174 0.9042 54030336
175 0.9087 54083584
176 0.9048 53903360
177 0.927 54198272
178 0.9836 54644736
179 1.0504 54611968
180 0.9442 54702080
181 0.9361 54886400
182 0.9363 55398400
183 0.9461 55439360
184 0.9367 55386112
185 0.9555 55853056
186 0.9495 55881728
187 0.9636 55955456
188 0.9684 56365056
189 0.9798 56414208
190 0.9764 56459264
191 0.9833 56668160
192 0.9794 56832000
193 1.0051 57102336
194 1.0004 57221120
195 1.0068 57675776
196 1.0042 57548800
197 1.0036 57966592
198 1.0114 57901056
199 1.0334 58478592
200 1.0135 58253312
201 1.0252 58556416
202 1.028 58728448
203 1.0264 59015168
204 1.0296 59338752
205 1.0503 59432960
206 1.0477 59707392
207 1.0734 59867136
208 1.0907 59957248
209 1.0897 60157952
210 1.092 60203008
211 1.1752 60682240
212 1.0637 60678144
213 1.0752 60887040
214 1.0907 61034496
215 1.0673 61194240
216 1.0918 61702144
217 1.0928 61599744
218 1.1569 61669376
219 1.1182 61968384
220 1.1048 62554112
221 1.105 62275584
222 1.1377 62824448
223 1.1184 63066112
224 1.1293 62722048
225 1.1295 63291392
226 1.1523 63160320
227 1.134 63389696
228 1.1516 63942656
229 1.1471 63508480
230 1.1413 63533056
231 1.1542 64008192
232 1.163 64049152
233 1.1665 63938560
234 1.1595 64389120
235 1.1674 64700416
236 1.1655 64548864
237 1.1833 64749568
238 1.1716 65073152
239 1.2034 65175552
240 1.1948 65458176
241 1.2106 65732608
242 1.2143 65814528
243 1.1965 66203648
244 1.2021 65941504
245 1.1995 66355200
246 1.2181 66297856
247 1.2098 66834432
248 1.2279 66732032
249 1.2432 66981888
250 1.2268 67346432
251 1.2518 67665920
252 1.2259 67510272
253 1.2416 67624960
254 1.2418 67813376
255 1.261 67993600
256 1.2854 68407296
257 1.3347 68575232
258 1.2936 68706304
259 1.3082 68812800
260 1.3266 69234688
261 1.4576 69091328
262 1.664 69386240
263 1.4697 69804032
264 1.3904 69971968
265 1.3826 70254592
266 1.3618 70467584
267 1.4551 70483968
268 1.4831 71106560
269 1.4645 71442432
270 1.3535 71684096
271 1.4174 71671808
272 1.5874 71651328
273 1.3145 72179712
274 1.5039 72310784
275 1.4056 72495104
276 1.309 72593408
277 1.3185 72757248
278 1.4231 72802304
279 1.5582 72949760
280 1.4062 73125888
281 1.4904 73367552
282 1.4318 73637888
283 1.3533 74317824
284 1.3539 74301440
285 1.3426 74113024
286 1.356 74588160
287 1.3602 74559488
288 1.4673 74698752
289 1.5375 74985472
290 1.4717 75051008
291 1.4483 75366400
292 1.3695 75460608
293 1.3891 75534336
294 1.3655 75796480
295 1.3914 76075008
296 1.397 76079104
297 1.3971 76382208
298 1.389 76558336
299 1.3855 76763136
300 1.4103 77402112