1 0.05 9224192
2 0.04 9170944
3 0.05 9216000
4 0.05 9232384
5 0.05 9220096
6 0.05 9170944
7 0.04 9175040
8 0.05 9220096
9 0.05 9228288
10 0.05 9240576
11 0.05 9236480
12 0.05 9277440
13 0.05 9224192
14 0.05 9224192
15 0.07 9293824
16 0.06 9248768
17 0.06 9289728
18 0.06 9293824
19 0.06 9256960
20 0.07 9289728
21 0.06 9318400
22 0.06 9265152
23 0.05 9236480
24 0.05 9228288
25 0.05 9302016
26 0.05 9236480
27 0.05 9302016
28 0.05 9228288
29 0.05 9261056
30 0.05 9240576
31 0.05 9261056
32 0.05 9244672
33 0.04 9187328
34 0.05 9187328
35 0.04 9244672
36 0.05 9240576
37 0.05 9187328
38 0.05 9240576
39 0.04 9236480
40 0.05 9236480
41 0.05 9244672
42 0.05 9191424
43 0.05 9240576
44 0.04 9203712
45 0.06 9244672
46 0.06 9252864
47 0.05 9191424
48 0.05 9236480
49 0.05 9244672
50 0.05 9191424
51 0.05 9302016
52 0.04 9248768
53 0.06 9232384
54 0.05 9240576
55 0.05 9252864
56 0.05 9244672
57 0.05 9244672
58 0.05 9248768
59 0.06 9289728
60 0.05 9248768
61 0.06 9334784
62 0.05 9347072
63 0.06 9330688
64 0.05 9338880
65 0.05 9240576
66 0.05 9265152
67 0.05 9265152
68 0.05 9338880
69 0.04 9256960
70 0.05 9211904
71 0.06 9310208
72 0.06 9269248
73 0.06 9256960
74 0.05 9277440
75 0.05 9265152
76 0.05 9265152
77 0.06 9256960
78 0.05 9269248
79 0.04 9265152
80 0.05 9285632
81 0.06 9244672
82 0.05 9256960
83 0.05 9265152
84 0.05 9256960
85 0.05 9211904
86 0.05 9293824
87 0.07 9273344
88 0.06 9310208
89 0.05 9269248
90 0.05 9265152
91 0.05 9256960
92 0.04 9265152
93 0.06 9261056
94 0.05 9244672
95 0.05 9261056
96 0.05 9261056
97 0.06 9273344
98 0.06 9289728
99 0.04 9269248
100 0.06 9216000
101 0.06 9261056
102 0.06 9273344
103 0.05 9216000
104 0.05 9281536
105 0.04 9216000
106 0.06 9252864
107 0.05 9273344
108 0.05 9269248
109 0.05 9261056
110 0.05 9261056
111 0.05 9261056
112 0.05 9269248
113 0.05 9216000
114 0.06 9265152
115 0.05 9261056
116 0.06 9318400
117 0.05 9269248
118 0.05 9269248
119 0.07 9342976
120 0.05 9273344
121 0.05 9216000
122 0.06 9306112
123 0.06 9265152
124 0.05 9216000
125 0.05 9261056
126 0.05 9355264
127 0.05 9236480
128 0.05 9302016
129 0.05 9306112
130 0.05 9289728
131 0.05 9240576
132 0.06 9342976
133 0.06 9289728
134 0.05 9314304
135 0.05 9285632
136 0.05 9297920
137 0.05 9244672
138 0.05 9244672
139 0.05 9293824
140 0.05 9248768
141 0.04 9248768
142 0.04 9248768
143 0.05 9302016
144 0.05 9314304
145 0.04 9314304
146 0.05 9338880
147 0.06 9371648
148 0.05 9302016
149 0.05 9293824
150 0.06 9342976
151 0.04 9302016
152 0.06 9293824
153 0.06 9293824
154 0.06 9306112
155 0.05 9297920
156 0.06 9310208
157 0.05 9302016
158 0.05 9277440
159 0.06 9355264
160 0.06 9347072
161 0.05 9248768
162 0.05 9297920
163 0.05 9302016
164 0.05 9248768
165 0.04 9293824
166 0.06 9342976
167 0.06 9347072
168 0.05 9302016
169 0.04 9293824
170 0.05 9314304
171 0.05 9302016
172 0.05 9248768
173 0.06 9293824
174 0.06 9375744
175 0.05 9379840
176 0.05 9297920
177 0.06 9302016
178 0.05 9302016
179 0.05 9302016
180 0.05 9310208
181 0.05 9310208
182 0.06 9310208
183 0.06 9302016
184 0.05 9326592
185 0.05 9252864
186 0.05 9302016
187 0.05 9334784
188 0.06 9302016
189 0.05 9310208
190 0.05 9252864
191 0.05 9314304
192 0.05 9302016
193 0.06 9302016
194 0.06 9302016
195 0.06 9302016
196 0.06 9355264
197 0.05 9302016
198 0.05 9252864
199 0.05 9310208
200 0.05 9310208
201 0.06 9302016
202 0.06 9359360
203 0.05 9302016
204 0.05 9310208
205 0.05 9302016
206 0.05 9252864
207 0.05 9252864
208 0.06 9302016
209 0.05 9318400
210 0.05 9310208
211 0.05 9322496
212 0.05 9302016
213 0.05 9310208
214 0.06 9379840
215 0.05 9310208
216 0.06 9302016
217 0.05 9310208
218 0.05 9302016
219 0.04 9310208
220 0.04 9252864
221 0.05 9252864
222 0.06 9363456
223 0.05 9306112
224 0.05 9314304
225 0.05 9318400
226 0.05 9310208
227 0.05 9310208
228 0.05 9318400
229 0.06 9326592
230 0.05 9310208
231 0.05 9310208
232 0.05 9310208
233 0.05 9277440
234 0.05 9330688
235 0.05 9408512
236 0.05 9326592
237 0.06 9297920
238 0.05 9314304
239 0.05 9285632
240 0.06 9359360
241 0.05 9322496
242 0.05 9322496
243 0.05 9265152
244 0.05 9302016
245 0.06 9371648
246 0.06 9396224
247 0.05 9330688
248 0.05 9265152
249 0.06 9314304
250 0.06 9351168
251 0.05 9326592
252 0.06 9314304
253 0.05 9322496
254 0.05 9383936
255 0.04 9371648
256 0.05 9314304
257 0.06 9383936
258 0.05 9363456
259 0.05 9363456
260 0.06 9363456
261 0.05 9367552
262 0.05 9363456
263 0.05 9375744
264 0.06 9469952
265 0.05 9375744
266 0.05 9318400
267 0.05 9379840
268 0.05 9363456
269 0.06 9367552
270 0.05 9375744
271 0.05 9392128
272 0.05 9375744
273 0.05 9375744
274 0.05 9367552
275 0.05 9367552
276 0.05 9367552
277 0.06 9367552
278 0.05 9379840
279 0.05 9375744
280 0.05 9367552
281 0.05 9318400
282 0.05 9367552
283 0.05 9318400
284 0.05 9375744
285 0.05 9375744
286 0.05 9367552
287 0.05 9375744
288 0.05 9338880
289 0.05 9388032
290 0.05 9367552
291 0.06 9428992
292 0.05 9371648
293 0.06 9363456
294 0.05 9388032
295 0.06 9363456
296 0.05 9375744
297 0.05 9318400
298 0.05 9367552
299 0.05 9375744
300 0.06 9474048
301 0.06 9367552
302 0.05 9318400
303 0.05 9367552
304 0.05 9367552
305 0.06 9367552
306 0.06 9482240
307 0.06 9371648
308 0.05 9383936
309 0.06 9371648
310 0.05 9379840
311 0.06 9396224
312 0.05 9375744
313 0.05 9383936
314 0.05 9404416
315 0.06 9375744
316 0.06 9375744
317 0.05 9449472
318 0.06 9367552
319 0.05 9465856
320 0.05 9326592
321 0.09 9388032
322 0.05 9375744
323 0.06 9408512
324 0.05 9326592
325 0.05 9383936
326 0.05 9326592
327 0.05 9379840
328 0.06 9428992
329 0.06 9375744
330 0.05 9375744
331 0.05 9338880
332 0.05 9383936
333 0.06 9396224
334 0.05 9396224
335 0.05 9408512
336 0.06 9330688
337 0.06 9433088
338 0.06 9388032
339 0.05 9330688
340 0.05 9400320
341 0.05 9379840
342 0.05 9396224
343 0.05 9379840
344 0.06 9392128
345 0.06 9379840
346 0.05 9330688
347 0.05 9379840
348 0.05 9330688
349 0.05 9379840
350 0.06 9445376
351 0.05 9334784
352 0.05 9392128
353 0.05 9383936
354 0.05 9383936
355 0.05 9334784
356 0.05 9408512
357 0.06 9383936
358 0.05 9408512
359 0.05 9392128
360 0.05 9400320
361 0.05 9424896
362 0.06 9400320
363 0.05 9334784
364 0.05 9392128
365 0.05 9392128
366 0.05 9383936
367 0.05 9383936
368 0.06 9519104
369 0.05 9392128
370 0.05 9416704
371 0.05 9383936
372 0.05 9396224
373 0.06 9396224
374 0.05 9392128
375 0.05 9379840
376 0.05 9383936
377 0.06 9383936
378 0.05 9347072
379 0.06 9433088
380 0.06 9392128
381 0.05 9383936
382 0.05 9383936
383 0.06 9363456
384 0.05 9334784
385 0.06 9388032
386 0.05 9383936
387 0.05 9392128
388 0.05 9424896
389 0.05 9392128
390 0.06 9445376
391 0.06 9498624
392 0.05 9334784
393 0.06 9396224
394 0.05 9416704
395 0.06 9482240
396 0.05 9392128
397 0.06 9383936
398 0.06 9465856
399 0.05 9400320
400 0.05 9347072
401 0.05 9404416
402 0.06 9506816
403 0.05 9392128
404 0.05 9347072
405 0.05 9400320
406 0.06 9396224
407 0.06 9404416
408 0.05 9392128
409 0.05 9433088
410 0.05 9400320
411 0.06 9424896
412 0.06 9445376
413 0.05 9408512
414 0.05 9400320
415 0.06 9392128
416 0.05 9400320
417 0.05 9433088
418 0.06 9515008
419 0.05 9400320
420 0.06 9469952
421 0.05 9392128
422 0.06 9515008
423 0.05 9392128
424 0.05 9396224
425 0.05 9347072
426 0.06 9392128
427 0.05 9392128
428 0.05 9347072
429 0.06 9461760
430 0.05 9392128
431 0.05 9400320
432 0.05 9400320
433 0.05 9400320
434 0.05 9396224
435 0.06 9469952
436 0.05 9396224
437 0.06 9420800
438 0.05 9408512
439 0.05 9355264
440 0.05 9408512
441 0.06 9355264
442 0.05 9408512
443 0.06 9420800
444 0.05 9408512
445 0.05 9424896
446 0.06 9408512
447 0.05 9424896
448 0.07 9465856
449 0.08 9433088
450 0.05 9412608
451 0.05 9408512
452 0.05 9355264
453 0.05 9400320
454 0.06 9400320
455 0.06 9441280
456 0.05 9400320
457 0.05 9420800
458 0.05 9408512
459 0.06 9498624
460 0.05 9449472
461 0.06 9465856
462 0.08 9445376
463 0.06 9416704
464 0.05 9408512
465 0.06 9400320
466 0.05 9408512
467 0.05 9408512
468 0.06 9408512
469 0.05 9400320
470 0.06 9404416
471 0.05 9408512
472 0.05 9404416
473 0.06 9400320
474 0.05 9412608
475 0.06 9428992
476 0.05 9408512
477 0.05 9355264
478 0.05 9445376
479 0.07 9465856
480 0.05 9404416
481 0.05 9408512
482 0.06 9408512
483 0.05 9408512
484 0.06 9437184
485 0.05 9416704
486 0.07 9502720
487 0.08 9469952
488 0.06 9412608
489 0.05 9408512
490 0.06 9420800
491 0.06 9498624
492 0.06 9408512
493 0.07 9445376
494 0.06 9420800
495 0.06 9408512
496 0.06 9408512
497 0.06 9408512
498 0.06 9519104
499 0.05 9412608
500 0.05 9363456
501 0.05 9428992
502 0.06 9363456
503 0.07 9433088
504 0.06 9363456
505 0.06 9449472
506 0.05 9363456
507 0.05 9363456
508 0.06 9408512
509 0.06 9416704
510 0.05 9515008
511 0.05 9469952
512 0.06 9621504
513 0.05 9510912
514 0.06 9515008
515 0.05 9457664
516 0.06 9523200
517 0.05 9502720
518 0.06 9547776
519 0.05 9531392
520 0.06 9502720
521 0.05 9519104
522 0.06 9461760
523 0.05 9543680
524 0.06 9506816
525 0.06 9510912
526 0.05 9506816
527 0.06 9510912
528 0.05 9515008
529 0.06 9510912
530 0.06 9617408
531 0.06 9609216
532 0.05 9519104
533 0.06 9506816
534 0.06 9506816
535 0.05 9510912
536 0.06 9515008
537 0.07 9625600
538 0.07 9539584
539 0.07 9531392
540 0.06 9510912
541 0.06 9584640
542 0.05 9539584
543 0.06 9613312
544 0.05 9510912
545 0.06 9519104
546 0.06 9523200
547 0.06 9605120
548 0.05 9482240
549 0.06 9510912
550 0.06 9588736
551 0.05 9523200
552 0.06 9523200
553 0.07 9580544
554 0.07 9576448
555 0.07 9605120
556 0.05 9637888
557 0.06 9633792
558 0.06 9523200
559 0.06 9633792
560 0.05 9510912
561 0.06 9621504
562 0.05 9527296
563 0.06 9527296
564 0.06 9527296
565 0.06 9469952
566 0.06 9551872
567 0.06 9474048
568 0.06 9523200
569 0.06 9523200
570 0.05 9531392
571 0.06 9519104
572 0.06 9531392
573 0.05 9474048
574 0.06 9486336
575 0.06 9580544
576 0.06 9555968
577 0.05 9527296
578 0.06 9588736
579 0.06 9531392
580 0.06 9613312
581 0.06 9523200
582 0.05 9564160
583 0.05 9551872
584 0.06 9584640
585 0.05 9527296
586 0.06 9506816
587 0.05 9564160
588 0.06 9551872
589 0.06 9519104
590 0.06 9580544
591 0.05 9572352
592 0.06 9551872
593 0.05 9547776
594 0.06 9592832
595 0.06 9551872
596 0.06 9519104
597 0.06 9527296
598 0.06 9519104
599 0.06 9560064
600 0.06 9519104
601 0.05 9519104
602 0.06 9523200
603 0.06 9564160
604 0.05 9568256
605 0.06 9519104
606 0.08 9588736
607 0.08 9596928
608 0.05 9531392
609 0.05 9531392
610 0.05 9572352
611 0.06 9478144
612 0.06 9601024
613 0.06 9596928
614 0.07 9637888
615 0.05 9531392
616 0.05 9535488
617 0.05 9478144
618 0.07 9584640
619 0.06 9527296
620 0.06 9662464
621 0.06 9609216
622 0.06 9535488
623 0.06 9478144
624 0.05 9531392
625 0.05 9535488
626 0.06 9601024
627 0.07 9617408
628 0.05 9523200
629 0.06 9531392
630 0.06 9523200
631 0.06 9605120
632 0.06 9625600
633 0.06 9527296
634 0.06 9621504
635 0.06 9531392
636 0.06 9523200
637 0.06 9551872
638 0.06 9523200
639 0.08 9617408
640 0.06 9584640
641 0.06 9531392
642 0.06 9551872
643 0.06 9605120
644 0.05 9535488
645 0.06 9535488
646 0.05 9535488
647 0.05 9535488
648 0.06 9539584
649 0.05 9531392
650 0.06 9531392
651 0.06 9617408
652 0.06 9539584
653 0.05 9547776
654 0.06 9547776
655 0.06 9490432
656 0.05 9547776
657 0.05 9560064
658 0.06 9621504
659 0.06 9535488
660 0.06 9543680
661 0.05 9543680
662 0.06 9490432
663 0.06 9535488
664 0.06 9539584
665 0.05 9547776
666 0.06 9551872
667 0.07 9617408
668 0.06 9539584
669 0.05 9539584
670 0.06 9539584
671 0.06 9535488
672 0.05 9543680
673 0.06 9535488
674 0.07 9654272
675 0.05 9490432
676 0.07 9564160
677 0.06 9539584
678 0.06 9572352
679 0.06 9539584
680 0.06 9535488
681 0.05 9592832
682 0.06 9547776
683 0.06 9539584
684 0.06 9535488
685 0.07 9596928
686 0.06 9535488
687 0.06 9543680
688 0.05 9543680
689 0.06 9674752
690 0.06 9658368
691 0.06 9539584
692 0.05 9560064
693 0.06 9543680
694 0.05 9543680
695 0.06 9641984
696 0.06 9551872
697 0.05 9494528
698 0.06 9547776
699 0.05 9547776
700 0.06 9650176
701 0.05 9547776
702 0.05 9605120
703 0.05 9568256
704 0.06 9551872
705 0.05 9547776
706 0.05 9539584
707 0.07 9564160
708 0.07 9654272
709 0.06 9523200
710 0.06 9666560
711 0.07 9551872
712 0.07 9629696
713 0.06 9650176
714 0.05 9543680
715 0.06 9539584
716 0.06 9547776
717 0.05 9547776
718 0.05 9551872
719 0.06 9531392
720 0.05 9564160
721 0.07 9654272
722 0.06 9547776
723 0.06 9551872
724 0.06 9539584
725 0.07 9637888
726 0.08 9617408
727 0.08 9633792
728 0.07 9641984
729 0.07 9666560
730 0.07 9543680
731 0.06 9629696
732 0.09 9654272
733 0.06 9543680
734 0.06 9572352
735 0.06 9596928
736 0.06 9498624
737 0.07 9547776
738 0.05 9502720
739 0.08 9674752
740 0.07 9621504
741 0.08 9658368
742 0.07 9584640
743 0.08 9662464
744 0.08 9629696
745 0.07 9666560
746 0.07 9613312
747 0.06 9551872
748 0.06 9551872
749 0.06 9621504
750 0.07 9601024
751 0.05 9560064
752 0.06 9670656
753 0.06 9560064
754 0.07 9592832
755 0.05 9560064
756 0.06 9543680
757 0.07 9572352
758 0.05 9576448
759 0.06 9551872
760 0.06 9560064
761 0.06 9555968
762 0.06 9555968
763 0.05 9506816
764 0.06 9572352
765 0.08 9637888
766 0.07 9646080
767 0.12 9670656
768 0.08 9637888
769 0.09 9641984
770 0.07 9617408
771 0.05 9564160
772 0.06 9560064
773 0.06 9555968
774 0.07 9711616
775 0.06 9568256
776 0.06 9650176
777 0.06 9564160
778 0.06 9560064
779 0.06 9510912
780 0.06 9605120
781 0.06 9682944
782 0.07 9572352
783 0.06 9560064
784 0.06 9564160
785 0.06 9560064
786 0.07 9682944
787 0.06 9695232
788 0.06 9560064
789 0.06 9560064
790 0.07 9576448
791 0.07 9682944
792 0.07 9576448
793 0.06 9711616
794 0.07 9629696
795 0.05 9572352
796 0.06 9568256
797 0.06 9678848
798 0.06 9551872
799 0.07 9682944
800 0.06 9568256
801 0.06 9576448
802 0.07 9650176
803 0.05 9629696
804 0.06 9555968
805 0.06 9568256
806 0.06 9650176
807 0.06 9605120
808 0.06 9510912
809 0.06 9568256
810 0.07 9572352
811 0.05 9641984
812 0.06 9568256
813 0.05 9560064
814 0.06 9580544
815 0.09 9572352
816 0.06 9568256
817 0.05 9510912
818 0.09 9682944
819 0.06 9674752
820 0.06 9682944
821 0.07 9539584
822 0.06 9564160
823 0.06 9568256
824 0.06 9519104
825 0.06 9596928
826 0.07 9601024
827 0.06 9576448
828 0.06 9646080
829 0.06 9576448
830 0.07 9703424
831 0.07 9592832
832 0.06 9592832
833 0.07 9695232
834 0.06 9596928
835 0.07 9654272
836 0.07 9662464
837 0.06 9617408
838 0.06 9576448
839 0.06 9588736
840 0.06 9633792
841 0.05 9576448
842 0.06 9568256
843 0.07 9580544
844 0.07 9621504
845 0.06 9555968
846 0.07 9691136
847 0.06 9572352
848 0.06 9572352
849 0.06 9576448
850 0.06 9641984
851 0.06 9523200
852 0.06 9637888
853 0.06 9719808
854 0.06 9588736
855 0.07 9572352
856 0.07 9662464
857 0.06 9523200
858 0.05 9523200
859 0.07 9629696
860 0.07 9572352
861 0.07 9719808
862 0.06 9576448
863 0.06 9580544
864 0.06 9580544
865 0.06 9527296
866 0.07 9605120
867 0.06 9584640
868 0.06 9527296
869 0.07 9584640
870 0.07 9670656
871 0.06 9641984
872 0.06 9596928
873 0.06 9588736
874 0.07 9617408
875 0.06 9527296
876 0.07 9711616
877 0.06 9584640
878 0.05 9527296
879 0.07 9584640
880 0.05 9527296
881 0.07 9629696
882 0.06 9596928
883 0.06 9527296
884 0.06 9605120
885 0.05 9592832
886 0.07 9625600
887 0.07 9601024
888 0.06 9588736
889 0.06 9592832
890 0.06 9584640
891 0.05 9527296
892 0.06 9584640
893 0.06 9646080
894 0.06 9596928
895 0.06 9605120
896 0.06 9584640
897 0.06 9527296
898 0.05 9592832
899 0.07 9646080
900 0.06 9596928
901 0.08 9588736
902 0.06 9613312
903 0.06 9592832
904 0.06 9687040
905 0.06 9588736
906 0.06 9592832
907 0.06 9605120
908 0.06 9605120
909 0.07 9637888
910 0.07 9728000
911 0.07 9641984
912 0.07 9654272
913 0.07 9658368
914 0.07 9687040
915 0.06 9592832
916 0.07 9588736
917 0.06 9601024
918 0.07 9666560
919 0.07 9613312
920 0.06 9613312
921 0.06 9592832
922 0.06 9670656
923 0.06 9601024
924 0.06 9605120
925 0.06 9601024
926 0.06 9654272
927 0.05 9592832
928 0.07 9715712
929 0.06 9605120
930 0.07 9592832
931 0.05 9592832
932 0.05 9605120
933 0.06 9596928
934 0.07 9621504
935 0.06 9592832
936 0.06 9601024
937 0.06 9601024
938 0.06 9592832
939 0.06 9601024
940 0.08 9605120
941 0.07 9588736
942 0.06 9535488
943 0.06 9535488
944 0.06 9605120
945 0.07 9637888
946 0.06 9601024
947 0.06 9601024
948 0.07 9695232
949 0.05 9547776
950 0.06 9695232
951 0.06 9547776
952 0.06 9609216
953 0.06 9662464
954 0.06 9609216
955 0.05 9547776
956 0.07 9613312
957 0.05 9609216
958 0.06 9609216
959 0.07 9670656
960 0.06 9601024
961 0.06 9605120
962 0.06 9547776
963 0.05 9560064
964 0.07 9658368
965 0.07 9682944
966 0.06 9613312
967 0.07 9650176
968 0.09 9670656
969 0.08 9707520
970 0.07 9609216
971 0.06 9695232
972 0.07 9601024
973 0.07 9699328
974 0.07 9678848
975 0.08 9678848
976 0.07 9719808
977 0.07 9580544
978 0.07 9547776
979 0.06 9601024
980 0.06 9601024
981 0.06 9609216
982 0.06 9609216
983 0.07 9707520
984 0.05 9609216
985 0.07 9601024
986 0.06 9551872
987 0.06 9564160
988 0.09 9605120
989 0.08 9764864
990 0.09 9691136
991 0.07 9719808
992 0.07 9633792
993 0.07 9613312
994 0.07 9662464
995 0.06 9678848
996 0.07 9654272
997 0.06 9609216
998 0.07 9621504
999 0.07 9715712
1000 0.06 9654272