1 0.05 9240576
2 0.05 9240576
3 0.04 9248768
4 0.05 9195520
5 0.05 9252864
6 0.05 9195520
7 0.05 9265152
8 0.05 9240576
9 0.04 9248768
10 0.05 9199616
11 0.05 9248768
12 0.05 9240576
13 0.05 9244672
14 0.05 9252864
15 0.04 9244672
16 0.05 9252864
17 0.05 9252864
18 0.05 9248768
19 0.05 9265152
20 0.06 9244672
21 0.05 9248768
22 0.05 9248768
23 0.05 9203712
24 0.05 9240576
25 0.05 9256960
26 0.05 9256960
27 0.04 9248768
28 0.05 9248768
29 0.05 9256960
30 0.05 9261056
31 0.05 9252864
32 0.05 9207808
33 0.05 9207808
34 0.04 9261056
35 0.05 9252864
36 0.06 9252864
37 0.05 9256960
38 0.05 9252864
39 0.05 9261056
40 0.04 9265152
41 0.06 9269248
42 0.05 9269248
43 0.05 9211904
44 0.04 9265152
45 0.05 9265152
46 0.05 9265152
47 0.05 9273344
48 0.05 9261056
49 0.05 9265152
50 0.05 9256960
51 0.05 9334784
52 0.05 9256960
53 0.05 9265152
54 0.05 9273344
55 0.05 9318400
56 0.05 9211904
57 0.05 9322496
58 0.05 9265152
59 0.05 9211904
60 0.05 9277440
61 0.05 9273344
62 0.05 9220096
63 0.04 9220096
64 0.05 9273344
65 0.05 9285632
66 0.04 9273344
67 0.06 9265152
68 0.05 9273344
69 0.05 9265152
70 0.06 9330688
71 0.05 9351168
72 0.06 9297920
73 0.05 9256960
74 0.05 9273344
75 0.05 9220096
76 0.05 9326592
77 0.05 9330688
78 0.05 9273344
79 0.04 9220096
80 0.05 9273344
81 0.05 9220096
82 0.05 9285632
83 0.05 9273344
84 0.05 9326592
85 0.06 9310208
86 0.05 9277440
87 0.04 9220096
88 0.05 9220096
89 0.05 9310208
90 0.05 9277440
91 0.05 9281536
92 0.05 9269248
93 0.05 9277440
94 0.06 9359360
95 0.05 9277440
96 0.05 9277440
97 0.06 9269248
98 0.06 9269248
99 0.06 9281536
100 0.04 9269248
101 0.05 9351168
102 0.05 9261056
103 0.05 9338880
104 0.06 9269248
105 0.06 9277440
106 0.05 9273344
107 0.05 9273344
108 0.04 9281536
109 0.05 9285632
110 0.05 9232384
111 0.05 9334784
112 0.05 9285632
113 0.06 9285632
114 0.05 9285632
115 0.05 9285632
116 0.06 9281536
117 0.05 9232384
118 0.05 9277440
119 0.04 9277440
120 0.05 9322496
121 0.05 9277440
122 0.05 9285632
123 0.05 9289728
124 0.05 9293824
125 0.05 9232384
126 0.05 9244672
127 0.06 9297920
128 0.05 9289728
129 0.05 9289728
130 0.05 9297920
131 0.05 9244672
132 0.05 9355264
133 0.05 9289728
134 0.06 9355264
135 0.04 9244672
136 0.05 9318400
137 0.06 9347072
138 0.06 9289728
139 0.05 9297920
140 0.06 9289728
141 0.06 9306112
142 0.05 9318400
143 0.05 9318400
144 0.06 9326592
145 0.04 9248768
146 0.06 9293824
147 0.06 9293824
148 0.06 9293824
149 0.06 9289728
150 0.06 9281536
151 0.05 9293824
152 0.05 9248768
153 0.05 9289728
154 0.05 9248768
155 0.06 9289728
156 0.05 9248768
157 0.05 9297920
158 0.05 9302016
159 0.05 9293824
160 0.05 9293824
161 0.05 9293824
162 0.05 9310208
163 0.05 9293824
164 0.05 9293824
165 0.05 9314304
166 0.05 9302016
167 0.05 9293824
168 0.05 9293824
169 0.05 9293824
170 0.06 9338880
171 0.05 9302016
172 0.05 9392128
173 0.04 9273344
174 0.06 9293824
175 0.05 9248768
176 0.05 9293824
177 0.05 9293824
178 0.05 9297920
179 0.05 9306112
180 0.06 9302016
181 0.06 9297920
182 0.05 9248768
183 0.06 9375744
184 0.06 9310208
185 0.05 9297920
186 0.05 9297920
187 0.06 9302016
188 0.05 9248768
189 0.06 9297920
190 0.06 9297920
191 0.05 9252864
192 0.05 9256960
193 0.06 9314304
194 0.06 9310208
195 0.05 9306112
196 0.05 9306112
197 0.05 9318400
198 0.05 9314304
199 0.05 9306112
200 0.05 9306112
201 0.06 9392128
202 0.05 9306112
203 0.05 9306112
204 0.06 9306112
205 0.06 9306112
206 0.04 9314304
207 0.04 9306112
208 0.06 9306112
209 0.05 9318400
210 0.05 9314304
211 0.05 9306112
212 0.05 9306112
213 0.05 9310208
214 0.05 9306112
215 0.04 9314304
216 0.05 9326592
217 0.05 9306112
218 0.06 9363456
219 0.05 9342976
220 0.05 9388032
221 0.05 9256960
222 0.05 9256960
223 0.05 9314304
224 0.05 9256960
225 0.05 9318400
226 0.06 9306112
227 0.06 9371648
228 0.05 9306112
229 0.05 9314304
230 0.06 9306112
231 0.06 9306112
232 0.05 9318400
233 0.05 9306112
234 0.05 9363456
235 0.05 9306112
236 0.05 9314304
237 0.05 9412608
238 0.05 9318400
239 0.05 9310208
240 0.05 9310208
241 0.04 9261056
242 0.05 9363456
243 0.05 9338880
244 0.05 9314304
245 0.05 9265152
246 0.06 9342976
247 0.05 9265152
248 0.06 9334784
249 0.05 9322496
250 0.05 9265152
251 0.06 9367552
252 0.05 9322496
253 0.05 9322496
254 0.05 9351168
255 0.06 9351168
256 0.06 9351168
257 0.05 9379840
258 0.05 9359360
259 0.05 9359360
260 0.05 9359360
261 0.05 9359360
262 0.05 9359360
263 0.05 9351168
264 0.05 9359360
265 0.05 9359360
266 0.05 9359360
267 0.04 9302016
268 0.06 9371648
269 0.05 9302016
270 0.08 9371648
271 0.05 9420800
272 0.05 9359360
273 0.05 9302016
274 0.05 9371648
275 0.05 9363456
276 0.05 9306112
277 0.05 9355264
278 0.05 9375744
279 0.06 9412608
280 0.05 9355264
281 0.05 9306112
282 0.05 9306112
283 0.05 9355264
284 0.05 9355264
285 0.05 9355264
286 0.05 9367552
287 0.05 9355264
288 0.05 9363456
289 0.05 9306112
290 0.05 9363456
291 0.05 9363456
292 0.06 9355264
293 0.05 9355264
294 0.05 9367552
295 0.05 9359360
296 0.05 9359360
297 0.05 9359360
298 0.05 9359360
299 0.06 9359360
300 0.06 9379840
301 0.05 9359360
302 0.05 9359360
303 0.06 9359360
304 0.05 9367552
305 0.05 9359360
306 0.05 9359360
307 0.05 9367552
308 0.05 9367552
309 0.05 9433088
310 0.05 9310208
311 0.06 9359360
312 0.06 9359360
313 0.05 9310208
314 0.05 9367552
315 0.05 9359360
316 0.05 9359360
317 0.05 9310208
318 0.05 9310208
319 0.05 9310208
320 0.05 9359360
321 0.05 9359360
322 0.06 9424896
323 0.05 9367552
324 0.06 9359360
325 0.05 9359360
326 0.05 9310208
327 0.06 9359360
328 0.05 9359360
329 0.06 9359360
330 0.06 9371648
331 0.06 9379840
332 0.06 9359360
333 0.06 9371648
334 0.05 9433088
335 0.05 9359360
336 0.05 9359360
337 0.06 9359360
338 0.05 9310208
339 0.05 9367552
340 0.05 9367552
341 0.05 9428992
342 0.06 9359360
343 0.06 9433088
344 0.05 9437184
345 0.06 9441280
346 0.05 9314304
347 0.05 9441280
348 0.05 9392128
349 0.06 9363456
350 0.05 9371648
351 0.05 9367552
352 0.06 9363456
353 0.05 9371648
354 0.05 9433088
355 0.06 9396224
356 0.05 9363456
357 0.05 9367552
358 0.05 9371648
359 0.05 9314304
360 0.06 9404416
361 0.05 9314304
362 0.06 9379840
363 0.05 9375744
364 0.05 9371648
365 0.06 9322496
366 0.05 9379840
367 0.06 9371648
368 0.05 9404416
369 0.06 9371648
370 0.06 9371648
371 0.05 9371648
372 0.05 9371648
373 0.06 9441280
374 0.06 9433088
375 0.05 9412608
376 0.05 9392128
377 0.05 9375744
378 0.06 9371648
379 0.05 9371648
380 0.06 9379840
381 0.05 9371648
382 0.06 9408512
383 0.05 9322496
384 0.05 9371648
385 0.06 9371648
386 0.05 9379840
387 0.05 9433088
388 0.05 9379840
389 0.05 9322496
390 0.05 9379840
391 0.06 9371648
392 0.05 9371648
393 0.05 9379840
394 0.06 9371648
395 0.05 9371648
396 0.05 9392128
397 0.06 9375744
398 0.05 9375744
399 0.05 9375744
400 0.05 9375744
401 0.05 9330688
402 0.05 9375744
403 0.05 9469952
404 0.06 9437184
405 0.05 9330688
406 0.05 9379840
407 0.05 9383936
408 0.05 9330688
409 0.05 9379840
410 0.05 9400320
411 0.06 9388032
412 0.05 9383936
413 0.05 9383936
414 0.05 9383936
415 0.05 9330688
416 0.06 9375744
417 0.05 9330688
418 0.05 9375744
419 0.06 9461760
420 0.05 9330688
421 0.05 9330688
422 0.05 9379840
423 0.06 9379840
424 0.06 9449472
425 0.05 9428992
426 0.05 9383936
427 0.05 9428992
428 0.06 9375744
429 0.05 9375744
430 0.06 9433088
431 0.05 9330688
432 0.06 9375744
433 0.05 9383936
434 0.05 9383936
435 0.06 9474048
436 0.05 9375744
437 0.05 9383936
438 0.06 9375744
439 0.05 9375744
440 0.06 9375744
441 0.05 9388032
442 0.06 9375744
443 0.05 9375744
444 0.06 9449472
445 0.05 9383936
446 0.05 9375744
447 0.06 9383936
448 0.05 9474048
449 0.05 9383936
450 0.06 9420800
451 0.05 9383936
452 0.05 9383936
453 0.06 9383936
454 0.05 9338880
455 0.05 9392128
456 0.05 9383936
457 0.05 9392128
458 0.05 9338880
459 0.05 9338880
460 0.05 9383936
461 0.06 9383936
462 0.05 9392128
463 0.06 9453568
464 0.05 9392128
465 0.05 9408512
466 0.06 9388032
467 0.06 9383936
468 0.06 9383936
469 0.05 9338880
470 0.05 9392128
471 0.06 9383936
472 0.05 9338880
473 0.05 9506816
474 0.05 9338880
475 0.06 9383936
476 0.05 9383936
477 0.05 9383936
478 0.06 9383936
479 0.05 9383936
480 0.06 9392128
481 0.05 9338880
482 0.05 9383936
483 0.06 9383936
484 0.05 9383936
485 0.05 9428992
486 0.06 9457664
487 0.06 9392128
488 0.06 9383936
489 0.05 9338880
490 0.06 9383936
491 0.05 9383936
492 0.06 9383936
493 0.05 9424896
494 0.05 9342976
495 0.05 9388032
496 0.06 9388032
497 0.05 9342976
498 0.05 9400320
499 0.06 9486336
500 0.06 9392128
501 0.05 9400320
502 0.05 9400320
503 0.05 9347072
504 0.05 9392128
505 0.06 9392128
506 0.05 9392128
507 0.06 9392128
508 0.05 9392128
509 0.06 9433088
510 0.06 9461760
511 0.05 9412608
512 0.06 9412608
513 0.05 9457664
514 0.06 9457664
515 0.05 9412608
516 0.06 9465856
517 0.06 9457664
518 0.05 9457664
519 0.06 9412608
520 0.05 9527296
521 0.06 9465856
522 0.05 9412608
523 0.05 9412608
524 0.06 9457664
525 0.06 9469952
526 0.06 9531392
527 0.06 9560064
528 0.05 9412608
529 0.06 9461760
530 0.05 9412608
531 0.05 9457664
532 0.06 9469952
533 0.05 9502720
534 0.06 9461760
535 0.06 9457664
536 0.06 9506816
537 0.05 9416704
538 0.05 9461760
539 0.06 9568256
540 0.06 9461760
541 0.05 9461760
542 0.06 9461760
543 0.05 9461760
544 0.05 9469952
545 0.05 9465856
546 0.05 9543680
547 0.06 9469952
548 0.05 9416704
549 0.06 9465856
550 0.06 9474048
551 0.05 9420800
552 0.05 9474048
553 0.05 9420800
554 0.06 9465856
555 0.06 9465856
556 0.05 9465856
557 0.06 9474048
558 0.05 9420800
559 0.06 9465856
560 0.06 9465856
561 0.05 9474048
562 0.05 9420800
563 0.06 9465856
564 0.06 9506816
565 0.05 9420800
566 0.06 9465856
567 0.06 9478144
568 0.05 9465856
569 0.05 9420800
570 0.05 9420800
571 0.06 9469952
572 0.06 9465856
573 0.06 9494528
574 0.05 9474048
575 0.06 9515008
576 0.06 9465856
577 0.05 9420800
578 0.05 9420800
579 0.06 9531392
580 0.06 9469952
581 0.05 9474048
582 0.06 9465856
583 0.06 9474048
584 0.07 9498624
585 0.05 9465856
586 0.05 9465856
587 0.06 9469952
588 0.05 9474048
589 0.06 9420800
590 0.06 9420800
591 0.05 9465856
592 0.06 9465856
593 0.06 9465856
594 0.05 9465856
595 0.06 9502720
596 0.06 9465856
597 0.05 9420800
598 0.06 9580544
599 0.06 9420800
600 0.05 9424896
601 0.05 9424896
602 0.05 9424896
603 0.05 9510912
604 0.06 9469952
605 0.06 9469952
606 0.05 9474048
607 0.06 9469952
608 0.06 9469952
609 0.06 9478144
610 0.05 9424896
611 0.06 9469952
612 0.06 9469952
613 0.06 9469952
614 0.06 9482240
615 0.05 9527296
616 0.06 9469952
617 0.05 9482240
618 0.06 9588736
619 0.06 9482240
620 0.06 9547776
621 0.06 9527296
622 0.05 9478144
623 0.06 9478144
624 0.05 9478144
625 0.06 9609216
626 0.06 9433088
627 0.05 9502720
628 0.06 9486336
629 0.05 9433088
630 0.06 9482240
631 0.05 9433088
632 0.06 9478144
633 0.06 9486336
634 0.05 9486336
635 0.05 9433088
636 0.06 9478144
637 0.06 9478144
638 0.06 9478144
639 0.06 9478144
640 0.06 9551872
641 0.05 9486336
642 0.05 9433088
643 0.05 9433088
644 0.06 9478144
645 0.06 9482240
646 0.06 9457664
647 0.06 9490432
648 0.05 9535488
649 0.05 9478144
650 0.06 9478144
651 0.05 9490432
652 0.06 9482240
653 0.05 9490432
654 0.06 9523200
655 0.06 9482240
656 0.05 9482240
657 0.06 9482240
658 0.06 9482240
659 0.06 9482240
660 0.05 9437184
661 0.06 9490432
662 0.06 9547776
663 0.05 9437184
664 0.06 9527296
665 0.05 9437184
666 0.06 9482240
667 0.06 9482240
668 0.05 9490432
669 0.06 9437184
670 0.06 9482240
671 0.06 9482240
672 0.05 9482240
673 0.06 9486336
674 0.06 9482240
675 0.07 9494528
676 0.05 9490432
677 0.06 9564160
678 0.06 9596928
679 0.06 9482240
680 0.06 9482240
681 0.06 9494528
682 0.06 9482240
683 0.06 9494528
684 0.06 9437184
685 0.05 9490432
686 0.06 9482240
687 0.06 9609216
688 0.06 9510912
689 0.05 9490432
690 0.06 9490432
691 0.06 9482240
692 0.06 9482240
693 0.06 9568256
694 0.06 9482240
695 0.05 9490432
696 0.06 9506816
697 0.06 9568256
698 0.06 9490432
699 0.05 9437184
700 0.06 9490432
701 0.05 9482240
702 0.06 9490432
703 0.05 9498624
704 0.06 9490432
705 0.06 9490432
706 0.06 9535488
707 0.05 9490432
708 0.06 9490432
709 0.06 9490432
710 0.06 9568256
711 0.06 9498624
712 0.05 9547776
713 0.05 9498624
714 0.06 9490432
715 0.06 9490432
716 0.07 9576448
717 0.05 9445376
718 0.05 9498624
719 0.06 9584640
720 0.05 9498624
721 0.05 9445376
722 0.06 9490432
723 0.06 9551872
724 0.05 9445376
725 0.05 9506816
726 0.06 9490432
727 0.06 9490432
728 0.06 9490432
729 0.05 9498624
730 0.06 9498624
731 0.05 9445376
732 0.06 9490432
733 0.06 9490432
734 0.06 9490432
735 0.07 9535488
736 0.07 9596928
737 0.05 9510912
738 0.06 9490432
739 0.05 9498624
740 0.06 9498624
741 0.05 9498624
742 0.06 9498624
743 0.06 9490432
744 0.06 9490432
745 0.06 9490432
746 0.06 9547776
747 0.06 9445376
748 0.06 9498624
749 0.06 9568256
750 0.05 9502720
751 0.07 9576448
752 0.06 9494528
753 0.06 9498624
754 0.06 9453568
755 0.05 9506816
756 0.06 9506816
757 0.06 9506816
758 0.06 9453568
759 0.05 9506816
760 0.06 9453568
761 0.06 9510912
762 0.06 9498624
763 0.06 9502720
764 0.06 9515008
765 0.06 9560064
766 0.05 9633792
767 0.06 9568256
768 0.07 9609216
769 0.06 9502720
770 0.06 9502720
771 0.06 9502720
772 0.06 9519104
773 0.05 9502720
774 0.06 9502720
775 0.06 9453568
776 0.06 9502720
777 0.05 9510912
778 0.06 9510912
779 0.06 9502720
780 0.05 9510912
781 0.06 9510912
782 0.06 9621504
783 0.05 9510912
784 0.06 9510912
785 0.06 9510912
786 0.06 9502720
787 0.05 9510912
788 0.06 9457664
789 0.06 9613312
790 0.06 9547776
791 0.05 9572352
792 0.07 9531392
793 0.05 9457664
794 0.06 9515008
795 0.05 9515008
796 0.06 9621504
797 0.06 9506816
798 0.06 9506816
799 0.06 9506816
800 0.06 9515008
801 0.06 9515008
802 0.06 9506816
803 0.06 9506816
804 0.06 9510912
805 0.06 9510912
806 0.06 9515008
807 0.06 9519104
808 0.06 9523200
809 0.06 9621504
810 0.05 9555968
811 0.06 9613312
812 0.06 9502720
813 0.06 9519104
814 0.05 9461760
815 0.06 9523200
816 0.06 9510912
817 0.06 9572352
818 0.05 9461760
819 0.06 9510912
820 0.06 9510912
821 0.05 9519104
822 0.05 9510912
823 0.06 9621504
824 0.06 9523200
825 0.07 9531392
826 0.05 9461760
827 0.06 9461760
828 0.06 9510912
829 0.06 9519104
830 0.06 9461760
831 0.06 9510912
832 0.05 9461760
833 0.06 9576448
834 0.05 9461760
835 0.06 9519104
836 0.06 9510912
837 0.06 9510912
838 0.06 9519104
839 0.05 9519104
840 0.06 9519104
841 0.06 9539584
842 0.05 9519104
843 0.06 9461760
844 0.06 9510912
845 0.05 9461760
846 0.06 9510912
847 0.06 9510912
848 0.06 9461760
849 0.06 9474048
850 0.06 9510912
851 0.05 9461760
852 0.06 9510912
853 0.06 9506816
854 0.05 9519104
855 0.06 9465856
856 0.06 9515008
857 0.06 9641984
858 0.06 9465856
859 0.06 9519104
860 0.06 9515008
861 0.06 9465856
862 0.05 9523200
863 0.06 9539584
864 0.06 9523200
865 0.05 9523200
866 0.06 9523200
867 0.05 9465856
868 0.06 9515008
869 0.06 9465856
870 0.06 9650176
871 0.06 9523200
872 0.05 9465856
873 0.06 9515008
874 0.06 9469952
875 0.06 9519104
876 0.06 9519104
877 0.06 9523200
878 0.07 9523200
879 0.06 9633792
880 0.06 9596928
881 0.05 9531392
882 0.06 9523200
883 0.06 9523200
884 0.06 9523200
885 0.06 9523200
886 0.06 9523200
887 0.06 9474048
888 0.05 9531392
889 0.06 9523200
890 0.06 9605120
891 0.06 9474048
892 0.06 9523200
893 0.06 9523200
894 0.06 9523200
895 0.05 9523200
896 0.06 9474048
897 0.06 9474048
898 0.06 9531392
899 0.05 9531392
900 0.06 9523200
901 0.06 9523200
902 0.06 9523200
903 0.07 9613312
904 0.05 9531392
905 0.05 9474048
906 0.06 9478144
907 0.06 9478144
908 0.06 9527296
909 0.05 9535488
910 0.06 9490432
911 0.06 9592832
912 0.06 9527296
913 0.06 9527296
914 0.06 9539584
915 0.06 9490432
916 0.05 9490432
917 0.06 9527296
918 0.06 9527296
919 0.06 9490432
920 0.06 9527296
921 0.06 9535488
922 0.05 9490432
923 0.06 9527296
924 0.06 9596928
925 0.06 9658368
926 0.06 9535488
927 0.06 9490432
928 0.05 9535488
929 0.06 9490432
930 0.06 9547776
931 0.06 9527296
932 0.06 9527296
933 0.06 9527296
934 0.06 9613312
935 0.05 9490432
936 0.06 9539584
937 0.06 9490432
938 0.06 9592832
939 0.06 9535488
940 0.06 9527296
941 0.06 9527296
942 0.06 9535488
943 0.06 9527296
944 0.06 9490432
945 0.06 9535488
946 0.06 9535488
947 0.05 9490432
948 0.06 9543680
949 0.05 9490432
950 0.05 9490432
951 0.05 9490432
952 0.06 9527296
953 0.06 9527296
954 0.06 9527296
955 0.07 9674752
956 0.07 9605120
957 0.06 9539584
958 0.06 9531392
959 0.06 9539584
960 0.06 9535488
961 0.06 9539584
962 0.07 9535488
963 0.06 9539584
964 0.06 9572352
965 0.06 9543680
966 0.06 9654272
967 0.05 9609216
968 0.06 9543680
969 0.06 9687040
970 0.07 9625600
971 0.06 9535488
972 0.06 9535488
973 0.06 9535488
974 0.06 9543680
975 0.06 9543680
976 0.06 9633792
977 0.06 9543680
978 0.06 9535488
979 0.06 9547776
980 0.06 9535488
981 0.06 9625600
982 0.05 9555968
983 0.06 9498624
984 0.06 9678848
985 0.06 9535488
986 0.06 9641984
987 0.06 9543680
988 0.06 9543680
989 0.06 9498624
990 0.06 9510912
991 0.05 9498624
992 0.05 9498624
993 0.06 9498624
994 0.06 9560064
995 0.06 9551872
996 0.06 9543680
997 0.06 9543680
998 0.06 9543680
999 0.06 9543680
1000 0.06 9543680