1 0.05 9216000
2 0.06 9216000
3 0.05 9203712
4 0.06 9232384
5 0.05 9175040
6 0.04 9220096
7 0.05 9175040
8 0.05 9216000
9 0.05 9220096
10 0.05 9314304
11 0.05 9220096
12 0.05 9220096
13 0.05 9224192
14 0.05 9224192
15 0.05 9224192
16 0.05 9236480
17 0.05 9211904
18 0.04 9232384
19 0.06 9285632
20 0.04 9179136
21 0.05 9228288
22 0.05 9236480
23 0.05 9183232
24 0.05 9228288
25 0.05 9228288
26 0.04 9228288
27 0.05 9183232
28 0.04 9236480
29 0.05 9232384
30 0.13 9285632
31 0.05 9232384
32 0.05 9285632
33 0.05 9187328
34 0.04 9240576
35 0.05 9232384
36 0.08 9285632
37 0.05 9281536
38 0.05 9187328
39 0.05 9281536
40 0.05 9191424
41 0.05 9277440
42 0.05 9248768
43 0.05 9261056
44 0.05 9244672
45 0.04 9191424
46 0.05 9191424
47 0.06 9240576
48 0.06 9302016
49 0.06 9244672
50 0.05 9236480
51 0.05 9195520
52 0.05 9248768
53 0.05 9244672
54 0.05 9195520
55 0.07 9318400
56 0.06 9281536
57 0.05 9240576
58 0.05 9256960
59 0.05 9289728
60 0.06 9244672
61 0.05 9269248
62 0.05 9306112
63 0.05 9281536
64 0.05 9211904
65 0.04 9265152
66 0.06 9273344
67 0.05 9285632
68 0.05 9256960
69 0.05 9240576
70 0.05 9211904
71 0.07 9322496
72 0.06 9265152
73 0.05 9256960
74 0.06 9314304
75 0.06 9240576
76 0.04 9261056
77 0.05 9289728
78 0.07 9261056
79 0.05 9265152
80 0.05 9211904
81 0.05 9211904
82 0.05 9256960
83 0.05 9265152
84 0.05 9265152
85 0.05 9256960
86 0.06 9211904
87 0.04 9265152
88 0.06 9310208
89 0.05 9265152
90 0.05 9211904
91 0.05 9261056
92 0.05 9265152
93 0.05 9265152
94 0.04 9269248
95 0.06 9261056
96 0.04 9216000
97 0.05 9269248
98 0.05 9306112
99 0.05 9216000
100 0.05 9261056
101 0.05 9261056
102 0.05 9269248
103 0.07 9322496
104 0.06 9265152
105 0.06 9273344
106 0.05 9216000
107 0.05 9261056
108 0.06 9306112
109 0.05 9216000
110 0.05 9261056
111 0.05 9273344
112 0.05 9261056
113 0.05 9216000
114 0.06 9351168
115 0.04 9269248
116 0.05 9273344
117 0.05 9261056
118 0.05 9261056
119 0.05 9216000
120 0.06 9261056
121 0.05 9261056
122 0.05 9289728
123 0.05 9269248
124 0.05 9261056
125 0.05 9289728
126 0.05 9281536
127 0.05 9281536
128 0.06 9236480
129 0.05 9285632
130 0.05 9281536
131 0.05 9289728
132 0.05 9285632
133 0.05 9240576
134 0.05 9297920
135 0.05 9293824
136 0.05 9285632
137 0.05 9244672
138 0.04 9289728
139 0.05 9244672
140 0.06 9359360
141 0.06 9293824
142 0.04 9302016
143 0.06 9297920
144 0.05 9306112
145 0.05 9306112
146 0.05 9355264
147 0.05 9310208
148 0.05 9302016
149 0.05 9293824
150 0.05 9293824
151 0.05 9277440
152 0.05 9248768
153 0.05 9306112
154 0.05 9248768
155 0.05 9314304
156 0.05 9248768
157 0.05 9318400
158 0.04 9322496
159 0.05 9289728
160 0.05 9383936
161 0.05 9338880
162 0.06 9281536
163 0.06 9318400
164 0.05 9375744
165 0.05 9302016
166 0.05 9293824
167 0.05 9302016
168 0.06 9355264
169 0.05 9314304
170 0.05 9314304
171 0.05 9261056
172 0.05 9355264
173 0.05 9371648
174 0.05 9318400
175 0.06 9293824
176 0.05 9306112
177 0.05 9306112
178 0.05 9306112
179 0.05 9310208
180 0.06 9302016
181 0.05 9302016
182 0.04 9252864
183 0.07 9383936
184 0.05 9351168
185 0.06 9396224
186 0.06 9371648
187 0.06 9363456
188 0.06 9306112
189 0.05 9310208
190 0.05 9293824
191 0.05 9277440
192 0.06 9371648
193 0.05 9252864
194 0.04 9302016
195 0.05 9252864
196 0.05 9302016
197 0.05 9310208
198 0.06 9355264
199 0.05 9322496
200 0.05 9314304
201 0.05 9310208
202 0.05 9302016
203 0.05 9302016
204 0.05 9302016
205 0.05 9318400
206 0.05 9310208
207 0.05 9314304
208 0.04 9310208
209 0.05 9310208
210 0.06 9355264
211 0.05 9252864
212 0.06 9388032
213 0.05 9302016
214 0.05 9318400
215 0.05 9310208
216 0.05 9302016
217 0.05 9302016
218 0.05 9310208
219 0.05 9310208
220 0.05 9302016
221 0.05 9297920
222 0.06 9314304
223 0.06 9404416
224 0.05 9314304
225 0.05 9363456
226 0.07 9310208
227 0.07 9330688
228 0.08 9342976
229 0.05 9318400
230 0.06 9310208
231 0.08 9261056
232 0.06 9342976
233 0.05 9265152
234 0.05 9322496
235 0.05 9383936
236 0.06 9330688
237 0.06 9326592
238 0.06 9367552
239 0.06 9310208
240 0.05 9412608
241 0.06 9322496
242 0.05 9326592
243 0.05 9322496
244 0.06 9392128
245 0.05 9265152
246 0.05 9322496
247 0.06 9355264
248 0.06 9379840
249 0.05 9265152
250 0.05 9322496
251 0.05 9314304
252 0.05 9375744
253 0.06 9330688
254 0.06 9363456
255 0.06 9469952
256 0.05 9383936
257 0.05 9367552
258 0.06 9375744
259 0.06 9363456
260 0.06 9428992
261 0.05 9371648
262 0.06 9363456
263 0.06 9363456
264 0.05 9363456
265 0.06 9482240
266 0.05 9388032
267 0.05 9318400
268 0.05 9318400
269 0.06 9437184
270 0.05 9375744
271 0.05 9371648
272 0.05 9375744
273 0.06 9367552
274 0.05 9318400
275 0.05 9367552
276 0.05 9318400
277 0.06 9367552
278 0.06 9404416
279 0.05 9478144
280 0.05 9318400
281 0.06 9318400
282 0.05 9375744
283 0.05 9367552
284 0.05 9375744
285 0.05 9375744
286 0.06 9396224
287 0.05 9392128
288 0.05 9367552
289 0.06 9433088
290 0.05 9367552
291 0.05 9375744
292 0.05 9367552
293 0.06 9371648
294 0.06 9367552
295 0.05 9330688
296 0.05 9367552
297 0.05 9379840
298 0.05 9318400
299 0.05 9375744
300 0.06 9433088
301 0.05 9318400
302 0.06 9375744
303 0.06 9416704
304 0.05 9379840
305 0.05 9367552
306 0.06 9375744
307 0.05 9379840
308 0.05 9379840
309 0.06 9322496
310 0.06 9363456
311 0.06 9416704
312 0.07 9437184
313 0.06 9400320
314 0.06 9457664
315 0.05 9375744
316 0.05 9375744
317 0.05 9383936
318 0.05 9383936
319 0.05 9375744
320 0.05 9375744
321 0.06 9482240
322 0.06 9433088
323 0.06 9396224
324 0.05 9383936
325 0.06 9375744
326 0.06 9449472
327 0.06 9433088
328 0.06 9388032
329 0.06 9441280
330 0.07 9420800
331 0.05 9375744
332 0.05 9326592
333 0.05 9326592
334 0.05 9375744
335 0.06 9420800
336 0.07 9449472
337 0.06 9465856
338 0.06 9449472
339 0.06 9453568
340 0.07 9465856
341 0.06 9392128
342 0.06 9363456
343 0.06 9404416
344 0.06 9383936
345 0.06 9457664
346 0.06 9388032
347 0.05 9330688
348 0.05 9330688
349 0.06 9441280
350 0.06 9383936
351 0.05 9457664
352 0.06 9383936
353 0.05 9453568
354 0.05 9334784
355 0.05 9392128
356 0.06 9383936
357 0.05 9383936
358 0.06 9433088
359 0.06 9392128
360 0.06 9392128
361 0.05 9441280
362 0.05 9383936
363 0.05 9383936
364 0.06 9392128
365 0.06 9396224
366 0.06 9428992
367 0.06 9383936
368 0.05 9392128
369 0.05 9392128
370 0.05 9388032
371 0.06 9383936
372 0.06 9388032
373 0.05 9334784
374 0.05 9412608
375 0.05 9334784
376 0.05 9400320
377 0.05 9383936
378 0.06 9408512
379 0.06 9457664
380 0.06 9383936
381 0.05 9392128
382 0.05 9404416
383 0.06 9383936
384 0.05 9396224
385 0.06 9400320
386 0.05 9347072
387 0.05 9396224
388 0.05 9334784
389 0.06 9388032
390 0.05 9392128
391 0.06 9404416
392 0.05 9449472
393 0.06 9383936
394 0.06 9388032
395 0.05 9388032
396 0.05 9392128
397 0.05 9392128
398 0.05 9367552
399 0.07 9461760
400 0.06 9412608
401 0.05 9416704
402 0.05 9428992
403 0.06 9424896
404 0.06 9375744
405 0.06 9347072
406 0.05 9392128
407 0.06 9412608
408 0.05 9375744
409 0.06 9416704
410 0.06 9359360
411 0.05 9347072
412 0.05 9400320
413 0.06 9424896
414 0.06 9400320
415 0.05 9400320
416 0.05 9392128
417 0.06 9392128
418 0.05 9396224
419 0.05 9396224
420 0.06 9396224
421 0.05 9433088
422 0.05 9367552
423 0.06 9347072
424 0.06 9404416
425 0.06 9437184
426 0.07 9469952
427 0.05 9359360
428 0.05 9392128
429 0.06 9474048
430 0.06 9433088
431 0.05 9392128
432 0.07 9347072
433 0.07 9396224
434 0.06 9474048
435 0.05 9441280
436 0.06 9400320
437 0.06 9404416
438 0.06 9469952
439 0.06 9355264
440 0.06 9433088
441 0.06 9412608
442 0.05 9441280
443 0.05 9408512
444 0.05 9490432
445 0.07 9404416
446 0.05 9355264
447 0.07 9482240
448 0.05 9408512
449 0.05 9355264
450 0.06 9453568
451 0.05 9412608
452 0.06 9461760
453 0.05 9412608
454 0.06 9502720
455 0.06 9400320
456 0.06 9474048
457 0.07 9404416
458 0.05 9408512
459 0.07 9416704
460 0.06 9412608
461 0.05 9408512
462 0.06 9396224
463 0.06 9408512
464 0.05 9424896
465 0.05 9400320
466 0.06 9404416
467 0.05 9408512
468 0.05 9404416
469 0.14 9412608
470 0.05 9355264
471 0.05 9355264
472 0.05 9400320
473 0.05 9408512
474 0.07 9416704
475 0.06 9474048
476 0.06 9355264
477 0.06 9490432
478 0.06 9404416
479 0.06 9412608
480 0.06 9469952
481 0.07 9424896
482 0.05 9412608
483 0.05 9412608
484 0.05 9408512
485 0.06 9416704
486 0.06 9469952
487 0.06 9486336
488 0.06 9412608
489 0.06 9412608
490 0.06 9482240
491 0.05 9363456
492 0.09 9469952
493 0.05 9363456
494 0.06 9408512
495 0.05 9506816
496 0.05 9408512
497 0.06 9412608
498 0.06 9408512
499 0.05 9416704
500 0.07 9490432
501 0.05 9420800
502 0.06 9449472
503 0.06 9433088
504 0.05 9408512
505 0.06 9408512
506 0.06 9416704
507 0.06 9441280
508 0.06 9420800
509 0.05 9408512
510 0.06 9515008
511 0.05 9486336
512 0.05 9527296
513 0.06 9457664
514 0.06 9539584
515 0.05 9515008
516 0.06 9510912
517 0.05 9502720
518 0.06 9457664
519 0.06 9564160
520 0.05 9515008
521 0.05 9461760
522 0.06 9564160
523 0.06 9510912
524 0.05 9515008
525 0.05 9543680
526 0.06 9531392
527 0.06 9482240
528 0.06 9519104
529 0.05 9461760
530 0.06 9535488
531 0.06 9506816
532 0.06 9568256
533 0.05 9515008
534 0.06 9506816
535 0.06 9519104
536 0.05 9461760
537 0.06 9592832
538 0.05 9519104
539 0.05 9465856
540 0.06 9519104
541 0.06 9519104
542 0.06 9519104
543 0.06 9519104
544 0.05 9519104
545 0.05 9515008
546 0.06 9510912
547 0.05 9465856
548 0.05 9465856
549 0.06 9510912
550 0.05 9519104
551 0.06 9510912
552 0.06 9605120
553 0.06 9523200
554 0.06 9584640
555 0.05 9515008
556 0.05 9519104
557 0.06 9527296
558 0.06 9465856
559 0.06 9519104
560 0.06 9527296
561 0.05 9510912
562 0.06 9523200
563 0.05 9523200
564 0.05 9523200
565 0.06 9523200
566 0.06 9535488
567 0.06 9519104
568 0.05 9519104
569 0.06 9519104
570 0.05 9474048
571 0.06 9519104
572 0.06 9519104
573 0.05 9523200
574 0.07 9601024
575 0.06 9510912
576 0.05 9527296
577 0.06 9523200
578 0.05 9474048
579 0.07 9609216
580 0.06 9560064
581 0.05 9474048
582 0.05 9474048
583 0.05 9568256
584 0.07 9560064
585 0.06 9519104
586 0.06 9539584
587 0.06 9519104
588 0.06 9519104
589 0.06 9527296
590 0.05 9527296
591 0.06 9564160
592 0.05 9519104
593 0.06 9543680
594 0.06 9519104
595 0.05 9519104
596 0.06 9519104
597 0.06 9519104
598 0.07 9560064
599 0.05 9519104
600 0.06 9592832
601 0.06 9527296
602 0.06 9531392
603 0.06 9523200
604 0.06 9535488
605 0.06 9560064
606 0.07 9551872
607 0.06 9523200
608 0.06 9527296
609 0.07 9625600
610 0.07 9539584
611 0.07 9564160
612 0.06 9527296
613 0.06 9510912
614 0.05 9478144
615 0.06 9523200
616 0.05 9478144
617 0.06 9629696
618 0.06 9572352
619 0.06 9523200
620 0.05 9478144
621 0.05 9531392
622 0.06 9523200
623 0.05 9531392
624 0.06 9478144
625 0.05 9531392
626 0.05 9531392
627 0.06 9531392
628 0.06 9478144
629 0.05 9523200
630 0.06 9531392
631 0.05 9527296
632 0.06 9478144
633 0.06 9551872
634 0.06 9555968
635 0.06 9551872
636 0.05 9531392
637 0.05 9531392
638 0.05 9531392
639 0.05 9531392
640 0.06 9506816
641 0.06 9584640
642 0.05 9482240
643 0.06 9482240
644 0.07 9527296
645 0.06 9527296
646 0.06 9482240
647 0.06 9527296
648 0.06 9568256
649 0.06 9486336
650 0.05 9486336
651 0.06 9572352
652 0.06 9519104
653 0.06 9592832
654 0.05 9535488
655 0.06 9543680
656 0.05 9490432
657 0.05 9490432
658 0.06 9555968
659 0.06 9490432
660 0.06 9535488
661 0.06 9539584
662 0.06 9535488
663 0.07 9629696
664 0.06 9535488
665 0.07 9596928
666 0.05 9535488
667 0.07 9601024
668 0.05 9490432
669 0.06 9535488
670 0.06 9605120
671 0.05 9490432
672 0.05 9490432
673 0.06 9662464
674 0.06 9543680
675 0.06 9543680
676 0.05 9535488
677 0.06 9605120
678 0.06 9519104
679 0.06 9490432
680 0.06 9547776
681 0.05 9535488
682 0.06 9490432
683 0.06 9535488
684 0.07 9609216
685 0.05 9543680
686 0.06 9547776
687 0.05 9543680
688 0.06 9539584
689 0.05 9592832
690 0.06 9543680
691 0.06 9568256
692 0.05 9551872
693 0.06 9605120
694 0.06 9547776
695 0.05 9494528
696 0.06 9580544
697 0.06 9551872
698 0.06 9560064
699 0.06 9551872
700 0.06 9539584
701 0.06 9547776
702 0.05 9494528
703 0.06 9494528
704 0.06 9539584
705 0.06 9543680
706 0.06 9539584
707 0.06 9551872
708 0.07 9633792
709 0.05 9547776
710 0.06 9633792
711 0.06 9650176
712 0.05 9621504
713 0.06 9547776
714 0.05 9551872
715 0.06 9551872
716 0.06 9539584
717 0.06 9646080
718 0.06 9555968
719 0.05 9539584
720 0.06 9539584
721 0.06 9539584
722 0.06 9539584
723 0.06 9494528
724 0.06 9605120
725 0.06 9543680
726 0.05 9547776
727 0.06 9494528
728 0.06 9662464
729 0.06 9551872
730 0.06 9539584
731 0.06 9637888
732 0.06 9539584
733 0.05 9547776
734 0.06 9633792
735 0.05 9498624
736 0.06 9547776
737 0.06 9502720
738 0.05 9560064
739 0.05 9555968
740 0.05 9555968
741 0.06 9560064
742 0.06 9584640
743 0.05 9555968
744 0.06 9572352
745 0.06 9551872
746 0.05 9605120
747 0.06 9519104
748 0.05 9551872
749 0.06 9576448
750 0.06 9564160
751 0.06 9555968
752 0.06 9543680
753 0.06 9629696
754 0.06 9568256
755 0.06 9564160
756 0.05 9564160
757 0.06 9560064
758 0.05 9560064
759 0.06 9670656
760 0.05 9535488
761 0.06 9568256
762 0.05 9555968
763 0.06 9613312
764 0.06 9560064
765 0.06 9506816
766 0.06 9555968
767 0.05 9519104
768 0.06 9564160
769 0.05 9568256
770 0.06 9555968
771 0.06 9506816
772 0.06 9613312
773 0.06 9613312
774 0.05 9564160
775 0.06 9555968
776 0.06 9560064
777 0.06 9560064
778 0.06 9621504
779 0.06 9568256
780 0.07 9711616
781 0.05 9560064
782 0.06 9560064
783 0.06 9568256
784 0.06 9568256
785 0.05 9510912
786 0.06 9560064
787 0.06 9572352
788 0.06 9572352
789 0.06 9510912
790 0.05 9568256
791 0.05 9568256
792 0.06 9572352
793 0.06 9560064
794 0.06 9568256
795 0.05 9510912
796 0.06 9510912
797 0.05 9510912
798 0.05 9568256
799 0.06 9510912
800 0.06 9560064
801 0.06 9633792
802 0.06 9580544
803 0.06 9560064
804 0.05 9568256
805 0.05 9568256
806 0.06 9641984
807 0.06 9510912
808 0.06 9609216
809 0.05 9572352
810 0.06 9568256
811 0.06 9641984
812 0.05 9510912
813 0.06 9568256
814 0.05 9568256
815 0.06 9560064
816 0.06 9650176
817 0.06 9560064
818 0.05 9510912
819 0.06 9695232
820 0.06 9515008
821 0.05 9576448
822 0.06 9572352
823 0.05 9519104
824 0.06 9568256
825 0.06 9568256
826 0.06 9633792
827 0.06 9580544
828 0.06 9568256
829 0.06 9633792
830 0.06 9568256
831 0.06 9637888
832 0.06 9572352
833 0.05 9678848
834 0.06 9572352
835 0.06 9519104
836 0.06 9580544
837 0.06 9568256
838 0.05 9568256
839 0.06 9572352
840 0.06 9572352
841 0.06 9576448
842 0.05 9519104
843 0.06 9576448
844 0.06 9519104
845 0.06 9637888
846 0.05 9523200
847 0.06 9637888
848 0.06 9572352
849 0.06 9674752
850 0.06 9703424
851 0.06 9572352
852 0.05 9572352
853 0.07 9609216
854 0.07 9658368
855 0.05 9592832
856 0.06 9592832
857 0.06 9584640
858 0.06 9523200
859 0.06 9580544
860 0.06 9580544
861 0.07 9572352
862 0.05 9588736
863 0.06 9617408
864 0.07 9687040
865 0.06 9732096
866 0.06 9588736
867 0.05 9584640
868 0.07 9691136
869 0.06 9691136
870 0.06 9596928
871 0.06 9527296
872 0.08 9687040
873 0.07 9588736
874 0.06 9584640
875 0.05 9605120
876 0.06 9596928
877 0.06 9584640
878 0.06 9584640
879 0.06 9596928
880 0.06 9650176
881 0.08 9601024
882 0.13 9674752
883 0.06 9625600
884 0.07 9617408
885 0.05 9596928
886 0.06 9527296
887 0.06 9592832
888 0.06 9625600
889 0.06 9658368
890 0.06 9584640
891 0.06 9584640
892 0.05 9592832
893 0.06 9596928
894 0.06 9592832
895 0.05 9695232
896 0.05 9588736
897 0.06 9592832
898 0.05 9592832
899 0.06 9584640
900 0.06 9584640
901 0.06 9584640
902 0.06 9588736
903 0.06 9592832
904 0.06 9682944
905 0.05 9609216
906 0.06 9658368
907 0.06 9596928
908 0.06 9596928
909 0.06 9555968
910 0.06 9670656
911 0.08 9666560
912 0.06 9535488
913 0.06 9535488
914 0.06 9592832
915 0.06 9535488
916 0.06 9654272
917 0.05 9596928
918 0.07 9641984
919 0.06 9601024
920 0.06 9592832
921 0.06 9605120
922 0.05 9535488
923 0.06 9535488
924 0.06 9592832
925 0.06 9617408
926 0.06 9621504
927 0.06 9601024
928 0.06 9535488
929 0.06 9535488
930 0.05 9588736
931 0.06 9592832
932 0.07 9629696
933 0.06 9609216
934 0.06 9592832
935 0.06 9535488
936 0.07 9617408
937 0.07 9682944
938 0.08 9687040
939 0.07 9621504
940 0.08 9662464
941 0.06 9535488
942 0.07 9625600
943 0.06 9535488
944 0.07 9605120
945 0.07 9654272
946 0.05 9621504
947 0.06 9543680
948 0.06 9678848
949 0.06 9592832
950 0.07 9633792
951 0.06 9613312
952 0.06 9609216
953 0.06 9687040
954 0.06 9629696
955 0.07 9666560
956 0.06 9637888
957 0.06 9547776
958 0.06 9609216
959 0.06 9629696
960 0.06 9601024
961 0.05 9605120
962 0.06 9601024
963 0.07 9625600
964 0.06 9596928
965 0.06 9601024
966 0.06 9601024
967 0.06 9609216
968 0.06 9609216
969 0.06 9723904
970 0.05 9605120
971 0.06 9609216
972 0.06 9609216
973 0.05 9547776
974 0.06 9601024
975 0.06 9601024
976 0.06 9609216
977 0.06 9703424
978 0.07 9703424
979 0.06 9601024
980 0.06 9547776
981 0.07 9572352
982 0.06 9601024
983 0.06 9621504
984 0.05 9551872
985 0.06 9601024
986 0.06 9609216
987 0.06 9609216
988 0.06 9650176
989 0.07 9666560
990 0.07 9617408
991 0.07 9670656
992 0.06 9613312
993 0.06 9609216
994 0.07 9609216
995 0.07 9609216
996 0.05 9625600
997 0.06 9568256
998 0.06 9609216
999 0.06 9609216
1000 0.06 9568256