1 0.04 9170944
2 0.05 9224192
3 0.04 9244672
4 0.05 9228288
5 0.05 9187328
6 0.05 9256960
7 0.05 9232384
8 0.05 9224192
9 0.05 9220096
10 0.05 9224192
11 0.04 9175040
12 0.05 9220096
13 0.05 9244672
14 0.05 9224192
15 0.05 9281536
16 0.07 9220096
17 0.05 9179136
18 0.05 9236480
19 0.05 9224192
20 0.05 9281536
21 0.06 9277440
22 0.04 9236480
23 0.05 9232384
24 0.04 9183232
25 0.07 9322496
26 0.06 9269248
27 0.06 9220096
28 0.06 9285632
29 0.06 9240576
30 0.06 9248768
31 0.06 9318400
32 0.05 9265152
33 0.05 9187328
34 0.05 9240576
35 0.06 9265152
36 0.05 9244672
37 0.05 9240576
38 0.06 9310208
39 0.06 9285632
40 0.05 9191424
41 0.05 9314304
42 0.06 9248768
43 0.05 9232384
44 0.04 9191424
45 0.05 9236480
46 0.06 9244672
47 0.06 9265152
48 0.05 9236480
49 0.05 9236480
50 0.05 9191424
51 0.04 9195520
52 0.04 9195520
53 0.06 9289728
54 0.05 9248768
55 0.05 9256960
56 0.05 9310208
57 0.05 9265152
58 0.04 9252864
59 0.05 9199616
60 0.05 9244672
61 0.04 9265152
62 0.05 9211904
63 0.05 9256960
64 0.05 9256960
65 0.05 9256960
66 0.06 9256960
67 0.05 9265152
68 0.05 9269248
69 0.05 9256960
70 0.05 9256960
71 0.05 9314304
72 0.05 9347072
73 0.04 9211904
74 0.05 9269248
75 0.05 9265152
76 0.05 9256960
77 0.06 9256960
78 0.04 9211904
79 0.06 9293824
80 0.07 9211904
81 0.06 9334784
82 0.05 9265152
83 0.05 9256960
84 0.05 9256960
85 0.05 9261056
86 0.05 9256960
87 0.05 9211904
88 0.05 9310208
89 0.05 9256960
90 0.05 9256960
91 0.05 9256960
92 0.05 9256960
93 0.05 9269248
94 0.06 9293824
95 0.05 9261056
96 0.05 9261056
97 0.05 9281536
98 0.04 9269248
99 0.05 9261056
100 0.05 9269248
101 0.05 9273344
102 0.05 9261056
103 0.05 9244672
104 0.05 9244672
105 0.05 9273344
106 0.04 9269248
107 0.05 9265152
108 0.05 9261056
109 0.05 9216000
110 0.05 9322496
111 0.05 9269248
112 0.04 9269248
113 0.05 9269248
114 0.05 9216000
115 0.05 9269248
116 0.05 9363456
117 0.05 9269248
118 0.05 9216000
119 0.04 9216000
120 0.06 9261056
121 0.05 9269248
122 0.05 9216000
123 0.05 9216000
124 0.05 9269248
125 0.05 9269248
126 0.05 9236480
127 0.06 9281536
128 0.04 9281536
129 0.05 9302016
130 0.05 9289728
131 0.04 9310208
132 0.06 9355264
133 0.05 9293824
134 0.05 9240576
135 0.05 9293824
136 0.04 9240576
137 0.06 9289728
138 0.06 9289728
139 0.06 9289728
140 0.06 9293824
141 0.05 9293824
142 0.05 9310208
143 0.06 9293824
144 0.05 9293824
145 0.05 9293824
146 0.04 9302016
147 0.05 9293824
148 0.05 9302016
149 0.05 9293824
150 0.05 9302016
151 0.06 9347072
152 0.06 9293824
153 0.05 9248768
154 0.05 9302016
155 0.05 9248768
156 0.05 9248768
157 0.05 9293824
158 0.06 9302016
159 0.05 9293824
160 0.05 9293824
161 0.06 9293824
162 0.05 9248768
163 0.05 9293824
164 0.05 9302016
165 0.05 9293824
166 0.05 9293824
167 0.06 9293824
168 0.06 9293824
169 0.05 9297920
170 0.06 9289728
171 0.05 9302016
172 0.05 9297920
173 0.05 9302016
174 0.05 9293824
175 0.05 9293824
176 0.05 9302016
177 0.05 9310208
178 0.05 9297920
179 0.05 9310208
180 0.05 9302016
181 0.05 9302016
182 0.05 9310208
183 0.05 9252864
184 0.05 9302016
185 0.05 9310208
186 0.05 9310208
187 0.06 9297920
188 0.05 9310208
189 0.05 9310208
190 0.05 9322496
191 0.05 9302016
192 0.05 9367552
193 0.06 9302016
194 0.05 9302016
195 0.05 9252864
196 0.05 9302016
197 0.05 9314304
198 0.06 9297920
199 0.06 9379840
200 0.05 9297920
201 0.05 9310208
202 0.05 9252864
203 0.05 9342976
204 0.06 9302016
205 0.05 9310208
206 0.06 9314304
207 0.05 9302016
208 0.06 9302016
209 0.06 9302016
210 0.04 9310208
211 0.06 9302016
212 0.05 9314304
213 0.05 9302016
214 0.06 9334784
215 0.05 9252864
216 0.06 9297920
217 0.06 9302016
218 0.05 9302016
219 0.05 9302016
220 0.06 9302016
221 0.06 9302016
222 0.05 9334784
223 0.05 9314304
224 0.04 9326592
225 0.06 9310208
226 0.04 9318400
227 0.05 9318400
228 0.06 9359360
229 0.05 9310208
230 0.05 9310208
231 0.05 9318400
232 0.05 9261056
233 0.05 9314304
234 0.06 9396224
235 0.04 9334784
236 0.05 9322496
237 0.06 9306112
238 0.05 9314304
239 0.06 9355264
240 0.05 9375744
241 0.05 9265152
242 0.05 9326592
243 0.05 9334784
244 0.05 9265152
245 0.05 9265152
246 0.05 9265152
247 0.05 9330688
248 0.06 9310208
249 0.05 9314304
250 0.06 9379840
251 0.06 9396224
252 0.05 9265152
253 0.05 9322496
254 0.06 9445376
255 0.06 9363456
256 0.06 9437184
257 0.05 9355264
258 0.05 9314304
259 0.06 9424896
260 0.05 9420800
261 0.05 9383936
262 0.05 9371648
263 0.05 9371648
264 0.05 9363456
265 0.05 9375744
266 0.05 9318400
267 0.05 9375744
268 0.05 9375744
269 0.06 9367552
270 0.05 9375744
271 0.06 9318400
272 0.06 9367552
273 0.05 9371648
274 0.06 9383936
275 0.05 9375744
276 0.05 9371648
277 0.06 9367552
278 0.05 9375744
279 0.06 9367552
280 0.05 9367552
281 0.05 9318400
282 0.05 9379840
283 0.05 9388032
284 0.06 9424896
285 0.05 9318400
286 0.06 9367552
287 0.06 9392128
288 0.05 9388032
289 0.05 9441280
290 0.06 9367552
291 0.05 9375744
292 0.06 9367552
293 0.05 9375744
294 0.05 9388032
295 0.05 9318400
296 0.05 9375744
297 0.06 9383936
298 0.05 9367552
299 0.05 9375744
300 0.06 9392128
301 0.05 9367552
302 0.05 9388032
303 0.06 9367552
304 0.05 9420800
305 0.05 9383936
306 0.08 9420800
307 0.07 9371648
308 0.06 9371648
309 0.05 9371648
310 0.06 9371648
311 0.05 9388032
312 0.05 9412608
313 0.06 9375744
314 0.06 9482240
315 0.05 9375744
316 0.05 9383936
317 0.05 9375744
318 0.05 9375744
319 0.05 9400320
320 0.06 9461760
321 0.05 9449472
322 0.05 9375744
323 0.05 9375744
324 0.05 9375744
325 0.06 9383936
326 0.05 9375744
327 0.05 9424896
328 0.05 9326592
329 0.05 9383936
330 0.06 9445376
331 0.05 9375744
332 0.05 9326592
333 0.06 9453568
334 0.06 9383936
335 0.05 9388032
336 0.05 9379840
337 0.05 9457664
338 0.05 9400320
339 0.06 9449472
340 0.06 9404416
341 0.05 9449472
342 0.05 9396224
343 0.05 9490432
344 0.05 9388032
345 0.05 9379840
346 0.06 9482240
347 0.07 9428992
348 0.07 9482240
349 0.06 9478144
350 0.06 9437184
351 0.07 9379840
352 0.07 9441280
353 0.07 9474048
354 0.05 9334784
355 0.05 9392128
356 0.06 9404416
357 0.07 9449472
358 0.06 9383936
359 0.05 9334784
360 0.05 9334784
361 0.05 9400320
362 0.06 9383936
363 0.05 9383936
364 0.05 9392128
365 0.05 9334784
366 0.06 9392128
367 0.06 9404416
368 0.05 9416704
369 0.05 9445376
370 0.05 9392128
371 0.05 9400320
372 0.06 9383936
373 0.06 9449472
374 0.05 9428992
375 0.05 9392128
376 0.05 9383936
377 0.05 9334784
378 0.05 9396224
379 0.05 9392128
380 0.05 9396224
381 0.05 9334784
382 0.05 9392128
383 0.05 9383936
384 0.05 9383936
385 0.06 9392128
386 0.06 9383936
387 0.06 9396224
388 0.06 9408512
389 0.05 9383936
390 0.05 9392128
391 0.05 9383936
392 0.05 9392128
393 0.05 9396224
394 0.05 9424896
395 0.05 9338880
396 0.05 9400320
397 0.05 9392128
398 0.05 9392128
399 0.05 9392128
400 0.06 9515008
401 0.05 9347072
402 0.05 9404416
403 0.05 9396224
404 0.05 9404416
405 0.06 9400320
406 0.06 9408512
407 0.06 9392128
408 0.05 9433088
409 0.05 9404416
410 0.05 9347072
411 0.06 9424896
412 0.05 9392128
413 0.05 9347072
414 0.07 9437184
415 0.06 9433088
416 0.06 9412608
417 0.05 9400320
418 0.05 9392128
419 0.05 9392128
420 0.06 9392128
421 0.05 9347072
422 0.05 9404416
423 0.06 9392128
424 0.05 9400320
425 0.05 9347072
426 0.05 9392128
427 0.05 9400320
428 0.05 9347072
429 0.06 9347072
430 0.05 9404416
431 0.05 9392128
432 0.06 9408512
433 0.05 9400320
434 0.05 9404416
435 0.06 9404416
436 0.06 9396224
437 0.06 9408512
438 0.05 9400320
439 0.06 9424896
440 0.05 9502720
441 0.06 9527296
442 0.05 9408512
443 0.05 9400320
444 0.05 9408512
445 0.05 9408512
446 0.05 9408512
447 0.06 9400320
448 0.05 9400320
449 0.05 9424896
450 0.07 9433088
451 0.06 9457664
452 0.05 9355264
453 0.06 9416704
454 0.06 9412608
455 0.06 9400320
456 0.06 9433088
457 0.06 9433088
458 0.07 9515008
459 0.06 9400320
460 0.06 9416704
461 0.06 9445376
462 0.06 9465856
463 0.06 9441280
464 0.06 9453568
465 0.06 9453568
466 0.06 9433088
467 0.06 9400320
468 0.06 9449472
469 0.05 9400320
470 0.05 9400320
471 0.05 9408512
472 0.06 9408512
473 0.05 9400320
474 0.05 9400320
475 0.06 9420800
476 0.07 9433088
477 0.06 9408512
478 0.06 9404416
479 0.05 9412608
480 0.05 9359360
481 0.06 9437184
482 0.06 9502720
483 0.05 9408512
484 0.06 9363456
485 0.06 9420800
486 0.06 9416704
487 0.06 9408512
488 0.05 9416704
489 0.05 9408512
490 0.06 9510912
491 0.06 9412608
492 0.05 9408512
493 0.06 9412608
494 0.06 9428992
495 0.05 9408512
496 0.06 9527296
497 0.06 9363456
498 0.06 9420800
499 0.06 9519104
500 0.06 9494528
501 0.05 9412608
502 0.05 9420800
503 0.06 9416704
504 0.06 9428992
505 0.05 9474048
506 0.05 9375744
507 0.05 9408512
508 0.06 9420800
509 0.05 9408512
510 0.05 9502720
511 0.06 9515008
512 0.05 9502720
513 0.06 9555968
514 0.07 9531392
515 0.08 9576448
516 0.05 9515008
517 0.06 9523200
518 0.05 9502720
519 0.06 9502720
520 0.05 9502720
521 0.06 9506816
522 0.05 9461760
523 0.05 9506816
524 0.06 9515008
525 0.05 9461760
526 0.05 9506816
527 0.05 9506816
528 0.06 9461760
529 0.05 9580544
530 0.06 9560064
531 0.05 9510912
532 0.05 9461760
533 0.05 9531392
534 0.06 9506816
535 0.06 9510912
536 0.05 9510912
537 0.05 9461760
538 0.06 9547776
539 0.06 9539584
540 0.06 9527296
541 0.05 9519104
542 0.06 9486336
543 0.05 9519104
544 0.05 9465856
545 0.05 9560064
546 0.06 9523200
547 0.06 9465856
548 0.06 9510912
549 0.05 9519104
550 0.06 9523200
551 0.06 9523200
552 0.06 9613312
553 0.06 9498624
554 0.06 9560064
555 0.05 9523200
556 0.06 9515008
557 0.06 9523200
558 0.06 9510912
559 0.06 9555968
560 0.06 9531392
561 0.05 9465856
562 0.06 9613312
563 0.06 9469952
564 0.05 9469952
565 0.06 9555968
566 0.08 9629696
567 0.06 9601024
568 0.05 9523200
569 0.06 9519104
570 0.06 9523200
571 0.05 9494528
572 0.06 9523200
573 0.06 9519104
574 0.08 9551872
575 0.06 9539584
576 0.07 9609216
577 0.07 9572352
578 0.07 9621504
579 0.07 9584640
580 0.08 9601024
581 0.07 9560064
582 0.07 9531392
583 0.06 9474048
584 0.05 9527296
585 0.05 9527296
586 0.06 9527296
587 0.05 9474048
588 0.06 9519104
589 0.06 9555968
590 0.06 9592832
591 0.05 9527296
592 0.05 9474048
593 0.06 9506816
594 0.05 9527296
595 0.05 9527296
596 0.06 9551872
597 0.06 9527296
598 0.05 9588736
599 0.06 9531392
600 0.05 9584640
601 0.05 9527296
602 0.05 9474048
603 0.05 9474048
604 0.05 9523200
605 0.07 9519104
606 0.05 9543680
607 0.06 9596928
608 0.06 9613312
609 0.06 9543680
610 0.06 9478144
611 0.05 9527296
612 0.06 9523200
613 0.06 9551872
614 0.06 9523200
615 0.05 9531392
616 0.06 9523200
617 0.06 9523200
618 0.06 9572352
619 0.06 9510912
620 0.05 9641984
621 0.06 9584640
622 0.05 9478144
623 0.06 9523200
624 0.06 9523200
625 0.06 9478144
626 0.05 9531392
627 0.05 9531392
628 0.06 9535488
629 0.05 9531392
630 0.05 9478144
631 0.06 9572352
632 0.07 9547776
633 0.06 9478144
634 0.06 9535488
635 0.06 9572352
636 0.05 9531392
637 0.05 9523200
638 0.06 9580544
639 0.05 9596928
640 0.06 9478144
641 0.05 9535488
642 0.05 9527296
643 0.06 9535488
644 0.05 9482240
645 0.06 9592832
646 0.06 9527296
647 0.05 9535488
648 0.06 9482240
649 0.05 9543680
650 0.05 9543680
651 0.05 9498624
652 0.06 9547776
653 0.06 9543680
654 0.05 9490432
655 0.06 9535488
656 0.06 9535488
657 0.05 9490432
658 0.07 9601024
659 0.06 9641984
660 0.05 9601024
661 0.06 9535488
662 0.06 9535488
663 0.05 9543680
664 0.05 9543680
665 0.06 9543680
666 0.06 9551872
667 0.05 9543680
668 0.06 9535488
669 0.06 9601024
670 0.06 9535488
671 0.05 9490432
672 0.06 9535488
673 0.06 9535488
674 0.06 9490432
675 0.05 9535488
676 0.06 9547776
677 0.06 9519104
678 0.06 9535488
679 0.06 9555968
680 0.06 9535488
681 0.06 9609216
682 0.06 9641984
683 0.07 9637888
684 0.06 9535488
685 0.07 9555968
686 0.09 9592832
687 0.08 9637888
688 0.08 9551872
689 0.06 9535488
690 0.05 9490432
691 0.07 9625600
692 0.06 9543680
693 0.06 9641984
694 0.06 9531392
695 0.06 9564160
696 0.05 9547776
697 0.05 9547776
698 0.06 9547776
699 0.06 9605120
700 0.06 9539584
701 0.06 9625600
702 0.05 9547776
703 0.06 9547776
704 0.05 9494528
705 0.06 9506816
706 0.06 9605120
707 0.06 9539584
708 0.05 9547776
709 0.06 9535488
710 0.06 9539584
711 0.06 9543680
712 0.06 9494528
713 0.05 9547776
714 0.05 9494528
715 0.06 9547776
716 0.05 9494528
717 0.05 9506816
718 0.05 9547776
719 0.06 9547776
720 0.06 9494528
721 0.06 9601024
722 0.06 9551872
723 0.14 9547776
724 0.06 9543680
725 0.06 9617408
726 0.05 9564160
727 0.06 9543680
728 0.06 9539584
729 0.05 9494528
730 0.06 9596928
731 0.06 9539584
732 0.06 9596928
733 0.06 9543680
734 0.06 9576448
735 0.06 9547776
736 0.05 9555968
737 0.06 9547776
738 0.05 9555968
739 0.06 9560064
740 0.05 9502720
741 0.06 9555968
742 0.05 9502720
743 0.06 9551872
744 0.06 9506816
745 0.05 9699328
746 0.06 9617408
747 0.06 9555968
748 0.06 9564160
749 0.05 9551872
750 0.06 9560064
751 0.06 9568256
752 0.05 9506816
753 0.06 9572352
754 0.06 9551872
755 0.06 9555968
756 0.06 9682944
757 0.05 9506816
758 0.06 9560064
759 0.06 9555968
760 0.06 9564160
761 0.06 9564160
762 0.06 9560064
763 0.05 9576448
764 0.06 9715712
765 0.06 9584640
766 0.06 9555968
767 0.06 9555968
768 0.06 9641984
769 0.06 9555968
770 0.05 9576448
771 0.06 9617408
772 0.06 9506816
773 0.06 9580544
774 0.06 9596928
775 0.06 9555968
776 0.06 9506816
777 0.05 9568256
778 0.05 9510912
779 0.06 9560064
780 0.05 9572352
781 0.06 9510912
782 0.06 9564160
783 0.06 9568256
784 0.05 9568256
785 0.06 9568256
786 0.06 9510912
787 0.06 9560064
788 0.05 9572352
789 0.06 9568256
790 0.05 9568256
791 0.06 9510912
792 0.06 9568256
793 0.06 9678848
794 0.05 9568256
795 0.06 9510912
796 0.05 9568256
797 0.05 9568256
798 0.06 9568256
799 0.05 9568256
800 0.06 9510912
801 0.06 9560064
802 0.06 9576448
803 0.05 9568256
804 0.06 9560064
805 0.06 9560064
806 0.06 9654272
807 0.06 9560064
808 0.06 9596928
809 0.05 9568256
810 0.06 9568256
811 0.05 9510912
812 0.05 9510912
813 0.06 9560064
814 0.05 9572352
815 0.06 9560064
816 0.06 9510912
817 0.06 9646080
818 0.06 9510912
819 0.06 9560064
820 0.06 9515008
821 0.06 9629696
822 0.07 9564160
823 0.06 9519104
824 0.06 9568256
825 0.06 9568256
826 0.06 9637888
827 0.06 9568256
828 0.06 9568256
829 0.07 9629696
830 0.07 9633792
831 0.07 9662464
832 0.08 9670656
833 0.08 9678848
834 0.07 9658368
835 0.06 9568256
836 0.06 9596928
837 0.06 9670656
838 0.08 9691136
839 0.06 9621504
840 0.07 9601024
841 0.06 9576448
842 0.06 9568256
843 0.06 9568256
844 0.06 9576448
845 0.07 9588736
846 0.06 9572352
847 0.06 9572352
848 0.06 9580544
849 0.06 9588736
850 0.06 9580544
851 0.06 9572352
852 0.06 9580544
853 0.05 9523200
854 0.06 9572352
855 0.05 9523200
856 0.06 9572352
857 0.06 9572352
858 0.06 9596928
859 0.06 9596928
860 0.06 9572352
861 0.06 9596928
862 0.06 9576448
863 0.07 9613312
864 0.06 9621504
865 0.06 9682944
866 0.06 9588736
867 0.06 9596928
868 0.06 9592832
869 0.05 9592832
870 0.06 9592832
871 0.06 9527296
872 0.06 9588736
873 0.05 9527296
874 0.06 9527296
875 0.06 9584640
876 0.06 9650176
877 0.06 9527296
878 0.06 9584640
879 0.06 9584640
880 0.06 9584640
881 0.06 9584640
882 0.06 9596928
883 0.06 9605120
884 0.06 9584640
885 0.07 9588736
886 0.05 9592832
887 0.06 9646080
888 0.05 9592832
889 0.05 9588736
890 0.06 9588736
891 0.06 9682944
892 0.06 9527296
893 0.06 9588736
894 0.06 9646080
895 0.05 9625600
896 0.06 9592832
897 0.06 9715712
898 0.07 9646080
899 0.06 9592832
900 0.06 9588736
901 0.06 9695232
902 0.06 9588736
903 0.06 9584640
904 0.06 9527296
905 0.06 9596928
906 0.06 9588736
907 0.06 9699328
908 0.05 9601024
909 0.06 9662464
910 0.06 9596928
911 0.06 9670656
912 0.06 9629696
913 0.06 9609216
914 0.06 9601024
915 0.05 9535488
916 0.06 9596928
917 0.06 9691136
918 0.06 9592832
919 0.06 9601024
920 0.05 9535488
921 0.07 9654272
922 0.06 9592832
923 0.06 9535488
924 0.06 9588736
925 0.05 9601024
926 0.05 9605120
927 0.05 9535488
928 0.05 9601024
929 0.06 9699328
930 0.06 9601024
931 0.06 9596928
932 0.05 9535488
933 0.07 9629696
934 0.05 9535488
935 0.06 9547776
936 0.06 9625600
937 0.06 9535488
938 0.06 9592832
939 0.06 9535488
940 0.06 9535488
941 0.06 9592832
942 0.06 9592832
943 0.06 9629696
944 0.06 9601024
945 0.05 9535488
946 0.06 9617408
947 0.06 9543680
948 0.05 9543680
949 0.06 9728000
950 0.07 9621504
951 0.05 9670656
952 0.06 9674752
953 0.06 9605120
954 0.06 9547776
955 0.06 9601024
956 0.06 9547776
957 0.05 9609216
958 0.06 9609216
959 0.05 9609216
960 0.06 9609216
961 0.05 9670656
962 0.06 9609216
963 0.06 9601024
964 0.06 9609216
965 0.06 9601024
966 0.07 9662464
967 0.06 9601024
968 0.06 9601024
969 0.06 9547776
970 0.06 9613312
971 0.06 9547776
972 0.06 9609216
973 0.05 9609216
974 0.06 9605120
975 0.06 9547776
976 0.06 9547776
977 0.05 9609216
978 0.06 9613312
979 0.06 9601024
980 0.06 9547776
981 0.06 9609216
982 0.05 9605120
983 0.06 9601024
984 0.07 9666560
985 0.07 9629696
986 0.06 9609216
987 0.06 9551872
988 0.06 9613312
989 0.06 9601024
990 0.06 9564160
991 0.07 9605120
992 0.07 9633792
993 0.06 9609216
994 0.07 9670656
995 0.06 9568256
996 0.06 9613312
997 0.06 9568256
998 0.06 9609216
999 0.06 9609216
1000 0.06 9568256