1 0.05 9203712
2 0.05 9170944
3 0.05 9216000
4 0.05 9175040
5 0.05 9224192
6 0.04 9170944
7 0.04 9228288
8 0.06 9265152
9 0.04 9236480
10 0.06 9224192
11 0.05 9236480
12 0.07 9285632
13 0.05 9179136
14 0.05 9224192
15 0.06 9228288
16 0.04 9244672
17 0.06 9191424
18 0.05 9248768
19 0.05 9228288
20 0.06 9302016
21 0.04 9183232
22 0.05 9236480
23 0.04 9183232
24 0.05 9183232
25 0.05 9240576
26 0.05 9236480
27 0.05 9232384
28 0.04 9236480
29 0.05 9232384
30 0.05 9293824
31 0.05 9240576
32 0.05 9232384
33 0.06 9314304
34 0.05 9273344
35 0.06 9297920
36 0.04 9240576
37 0.05 9232384
38 0.04 9199616
39 0.04 9236480
40 0.05 9236480
41 0.04 9240576
42 0.05 9244672
43 0.04 9191424
44 0.05 9191424
45 0.05 9236480
46 0.04 9244672
47 0.05 9236480
48 0.06 9293824
49 0.05 9248768
50 0.06 9224192
51 0.05 9248768
52 0.05 9273344
53 0.05 9281536
54 0.06 9277440
55 0.05 9252864
56 0.05 9244672
57 0.06 9289728
58 0.05 9310208
59 0.05 9273344
60 0.05 9248768
61 0.06 9293824
62 0.05 9261056
63 0.06 9314304
64 0.05 9265152
65 0.04 9211904
66 0.05 9256960
67 0.05 9256960
68 0.05 9261056
69 0.05 9256960
70 0.05 9211904
71 0.05 9265152
72 0.05 9269248
73 0.04 9261056
74 0.05 9265152
75 0.05 9265152
76 0.05 9261056
77 0.05 9256960
78 0.05 9256960
79 0.04 9265152
80 0.05 9265152
81 0.05 9265152
82 0.05 9256960
83 0.04 9265152
84 0.06 9281536
85 0.04 9265152
86 0.05 9256960
87 0.05 9265152
88 0.04 9265152
89 0.05 9224192
90 0.05 9265152
91 0.05 9256960
92 0.05 9256960
93 0.05 9211904
94 0.05 9273344
95 0.06 9269248
96 0.05 9318400
97 0.05 9269248
98 0.05 9261056
99 0.05 9261056
100 0.04 9269248
101 0.05 9265152
102 0.05 9261056
103 0.05 9261056
104 0.06 9256960
105 0.05 9216000
106 0.04 9216000
107 0.05 9273344
108 0.05 9261056
109 0.05 9261056
110 0.05 9228288
111 0.05 9269248
112 0.05 9265152
113 0.04 9216000
114 0.05 9261056
115 0.05 9261056
116 0.05 9216000
117 0.05 9265152
118 0.05 9216000
119 0.05 9269248
120 0.05 9281536
121 0.05 9269248
122 0.05 9289728
123 0.05 9261056
124 0.04 9216000
125 0.05 9277440
126 0.05 9289728
127 0.05 9310208
128 0.05 9289728
129 0.05 9236480
130 0.06 9281536
131 0.05 9240576
132 0.05 9310208
133 0.05 9297920
134 0.05 9289728
135 0.05 9297920
136 0.05 9302016
137 0.05 9244672
138 0.06 9310208
139 0.04 9297920
140 0.06 9293824
141 0.06 9297920
142 0.04 9293824
143 0.05 9293824
144 0.05 9248768
145 0.05 9248768
146 0.05 9351168
147 0.05 9318400
148 0.05 9248768
149 0.05 9248768
150 0.05 9248768
151 0.06 9379840
152 0.04 9302016
153 0.05 9302016
154 0.06 9297920
155 0.05 9297920
156 0.05 9293824
157 0.05 9248768
158 0.06 9359360
159 0.05 9314304
160 0.06 9302016
161 0.05 9281536
162 0.05 9293824
163 0.05 9302016
164 0.05 9293824
165 0.05 9293824
166 0.05 9342976
167 0.07 9293824
168 0.05 9330688
169 0.05 9302016
170 0.05 9248768
171 0.05 9322496
172 0.05 9318400
173 0.05 9293824
174 0.05 9302016
175 0.05 9293824
176 0.05 9314304
177 0.07 9388032
178 0.05 9265152
179 0.07 9347072
180 0.06 9363456
181 0.06 9367552
182 0.06 9326592
183 0.06 9322496
184 0.05 9302016
185 0.04 9310208
186 0.05 9310208
187 0.06 9379840
188 0.05 9310208
189 0.05 9306112
190 0.05 9371648
191 0.05 9302016
192 0.06 9330688
193 0.05 9310208
194 0.06 9334784
195 0.05 9252864
196 0.05 9252864
197 0.05 9293824
198 0.06 9322496
199 0.06 9347072
200 0.05 9322496
201 0.05 9302016
202 0.06 9342976
203 0.05 9252864
204 0.05 9252864
205 0.06 9383936
206 0.05 9338880
207 0.06 9388032
208 0.06 9322496
209 0.05 9302016
210 0.06 9388032
211 0.05 9310208
212 0.05 9375744
213 0.05 9252864
214 0.05 9252864
215 0.05 9302016
216 0.05 9388032
217 0.05 9252864
218 0.06 9302016
219 0.06 9338880
220 0.05 9302016
221 0.05 9310208
222 0.05 9334784
223 0.04 9256960
224 0.06 9306112
225 0.06 9363456
226 0.06 9310208
227 0.04 9261056
228 0.06 9334784
229 0.05 9318400
230 0.05 9318400
231 0.05 9261056
232 0.06 9322496
233 0.05 9326592
234 0.05 9265152
235 0.05 9265152
236 0.06 9314304
237 0.05 9265152
238 0.05 9326592
239 0.05 9314304
240 0.06 9314304
241 0.06 9330688
242 0.05 9265152
243 0.04 9322496
244 0.05 9277440
245 0.05 9322496
246 0.05 9265152
247 0.05 9314304
248 0.06 9302016
249 0.06 9314304
250 0.05 9318400
251 0.05 9314304
252 0.06 9420800
253 0.05 9314304
254 0.06 9379840
255 0.05 9347072
256 0.05 9363456
257 0.05 9375744
258 0.05 9371648
259 0.05 9363456
260 0.05 9371648
261 0.05 9314304
262 0.04 9363456
263 0.06 9363456
264 0.06 9363456
265 0.06 9351168
266 0.05 9433088
267 0.05 9383936
268 0.05 9367552
269 0.06 9367552
270 0.06 9367552
271 0.05 9375744
272 0.05 9318400
273 0.06 9412608
274 0.05 9375744
275 0.06 9375744
276 0.06 9445376
277 0.05 9330688
278 0.05 9396224
279 0.05 9375744
280 0.06 9424896
281 0.05 9375744
282 0.05 9367552
283 0.06 9367552
284 0.05 9404416
285 0.05 9388032
286 0.05 9375744
287 0.12 9392128
288 0.05 9318400
289 0.05 9367552
290 0.07 9400320
291 0.05 9433088
292 0.05 9318400
293 0.06 9416704
294 0.06 9367552
295 0.04 9334784
296 0.05 9367552
297 0.06 9441280
298 0.06 9367552
299 0.05 9359360
300 0.06 9367552
301 0.05 9318400
302 0.06 9388032
303 0.06 9408512
304 0.06 9367552
305 0.06 9416704
306 0.07 9375744
307 0.05 9371648
308 0.06 9359360
309 0.05 9375744
310 0.05 9322496
311 0.05 9326592
312 0.05 9326592
313 0.05 9375744
314 0.05 9383936
315 0.05 9326592
316 0.06 9375744
317 0.07 9441280
318 0.04 9383936
319 0.05 9326592
320 0.05 9326592
321 0.06 9375744
322 0.04 9326592
323 0.05 9392128
324 0.05 9412608
325 0.06 9490432
326 0.05 9326592
327 0.06 9375744
328 0.06 9428992
329 0.05 9326592
330 0.05 9375744
331 0.05 9375744
332 0.05 9375744
333 0.06 9371648
334 0.05 9445376
335 0.05 9379840
336 0.06 9424896
337 0.05 9388032
338 0.05 9379840
339 0.05 9379840
340 0.06 9388032
341 0.04 9330688
342 0.06 9453568
343 0.05 9388032
344 0.05 9330688
345 0.05 9379840
346 0.05 9379840
347 0.06 9379840
348 0.05 9445376
349 0.06 9445376
350 0.06 9404416
351 0.05 9392128
352 0.05 9383936
353 0.06 9412608
354 0.05 9396224
355 0.05 9383936
356 0.06 9428992
357 0.05 9383936
358 0.05 9383936
359 0.06 9383936
360 0.05 9392128
361 0.05 9379840
362 0.05 9334784
363 0.05 9392128
364 0.06 9383936
365 0.06 9383936
366 0.06 9412608
367 0.05 9383936
368 0.06 9383936
369 0.06 9412608
370 0.05 9383936
371 0.06 9383936
372 0.05 9392128
373 0.05 9334784
374 0.05 9351168
375 0.05 9334784
376 0.06 9400320
377 0.06 9412608
378 0.05 9416704
379 0.05 9392128
380 0.05 9392128
381 0.06 9388032
382 0.05 9383936
383 0.05 9334784
384 0.05 9383936
385 0.05 9334784
386 0.06 9474048
387 0.05 9392128
388 0.06 9383936
389 0.05 9420800
390 0.05 9441280
391 0.05 9383936
392 0.07 9449472
393 0.05 9388032
394 0.06 9371648
395 0.05 9396224
396 0.06 9408512
397 0.06 9408512
398 0.05 9347072
399 0.05 9347072
400 0.06 9392128
401 0.05 9392128
402 0.06 9392128
403 0.05 9412608
404 0.06 9400320
405 0.06 9392128
406 0.05 9400320
407 0.05 9400320
408 0.05 9400320
409 0.05 9347072
410 0.05 9400320
411 0.06 9519104
412 0.06 9420800
413 0.05 9392128
414 0.05 9400320
415 0.05 9449472
416 0.05 9396224
417 0.05 9404416
418 0.05 9400320
419 0.05 9392128
420 0.05 9396224
421 0.05 9400320
422 0.06 9400320
423 0.06 9400320
424 0.06 9359360
425 0.06 9428992
426 0.05 9347072
427 0.06 9392128
428 0.06 9347072
429 0.05 9400320
430 0.05 9478144
431 0.05 9400320
432 0.05 9392128
433 0.05 9396224
434 0.05 9392128
435 0.05 9404416
436 0.05 9404416
437 0.06 9482240
438 0.05 9408512
439 0.05 9355264
440 0.05 9400320
441 0.06 9400320
442 0.05 9449472
443 0.06 9400320
444 0.06 9486336
445 0.05 9437184
446 0.06 9441280
447 0.05 9404416
448 0.06 9400320
449 0.05 9416704
450 0.06 9408512
451 0.05 9408512
452 0.06 9428992
453 0.06 9408512
454 0.05 9416704
455 0.05 9445376
456 0.06 9400320
457 0.06 9408512
458 0.06 9355264
459 0.07 9482240
460 0.06 9355264
461 0.05 9408512
462 0.05 9400320
463 0.05 9408512
464 0.06 9400320
465 0.05 9408512
466 0.06 9474048
467 0.05 9441280
468 0.06 9408512
469 0.05 9400320
470 0.06 9400320
471 0.06 9367552
472 0.07 9469952
473 0.06 9424896
474 0.06 9469952
475 0.06 9396224
476 0.05 9400320
477 0.05 9400320
478 0.05 9359360
479 0.06 9420800
480 0.05 9412608
481 0.05 9416704
482 0.05 9416704
483 0.06 9412608
484 0.05 9420800
485 0.06 9363456
486 0.06 9416704
487 0.06 9408512
488 0.07 9502720
489 0.05 9445376
490 0.05 9457664
491 0.06 9416704
492 0.05 9416704
493 0.06 9424896
494 0.06 9400320
495 0.05 9412608
496 0.06 9449472
497 0.06 9420800
498 0.05 9416704
499 0.06 9408512
500 0.06 9412608
501 0.05 9424896
502 0.06 9420800
503 0.06 9416704
504 0.05 9420800
505 0.05 9416704
506 0.06 9404416
507 0.05 9420800
508 0.06 9363456
509 0.05 9420800
510 0.05 9506816
511 0.06 9568256
512 0.06 9523200
513 0.05 9506816
514 0.05 9506816
515 0.06 9457664
516 0.06 9502720
517 0.07 9551872
518 0.07 9609216
519 0.06 9547776
520 0.06 9510912
521 0.06 9502720
522 0.06 9519104
523 0.06 9535488
524 0.05 9515008
525 0.05 9515008
526 0.06 9519104
527 0.05 9461760
528 0.06 9515008
529 0.05 9515008
530 0.05 9461760
531 0.05 9515008
532 0.05 9515008
533 0.06 9515008
534 0.05 9506816
535 0.06 9543680
536 0.06 9560064
537 0.05 9461760
538 0.05 9461760
539 0.06 9523200
540 0.05 9519104
541 0.05 9523200
542 0.05 9519104
543 0.05 9519104
544 0.06 9515008
545 0.05 9510912
546 0.06 9510912
547 0.05 9519104
548 0.06 9588736
549 0.06 9621504
550 0.06 9527296
551 0.06 9515008
552 0.05 9555968
553 0.06 9510912
554 0.05 9510912
555 0.05 9510912
556 0.06 9510912
557 0.06 9515008
558 0.05 9510912
559 0.06 9510912
560 0.06 9551872
561 0.05 9510912
562 0.06 9510912
563 0.05 9469952
564 0.06 9515008
565 0.06 9482240
566 0.06 9469952
567 0.05 9523200
568 0.05 9519104
569 0.06 9519104
570 0.06 9551872
571 0.05 9527296
572 0.06 9474048
573 0.05 9523200
574 0.05 9519104
575 0.06 9519104
576 0.07 9551872
577 0.05 9523200
578 0.06 9474048
579 0.06 9584640
580 0.06 9519104
581 0.05 9523200
582 0.05 9523200
583 0.06 9523200
584 0.05 9523200
585 0.06 9519104
586 0.05 9474048
587 0.05 9527296
588 0.06 9506816
589 0.06 9519104
590 0.05 9527296
591 0.06 9576448
592 0.05 9519104
593 0.06 9523200
594 0.06 9519104
595 0.06 9580544
596 0.05 9527296
597 0.05 9486336
598 0.06 9519104
599 0.05 9527296
600 0.06 9519104
601 0.06 9519104
602 0.06 9572352
603 0.05 9531392
604 0.06 9519104
605 0.05 9535488
606 0.06 9568256
607 0.06 9523200
608 0.05 9478144
609 0.06 9523200
610 0.05 9531392
611 0.06 9527296
612 0.06 9531392
613 0.05 9523200
614 0.05 9531392
615 0.06 9531392
616 0.05 9531392
617 0.05 9531392
618 0.05 9588736
619 0.06 9478144
620 0.05 9523200
621 0.06 9572352
622 0.05 9527296
623 0.06 9523200
624 0.05 9478144
625 0.06 9535488
626 0.07 9646080
627 0.06 9633792
628 0.06 9568256
629 0.06 9568256
630 0.05 9531392
631 0.05 9531392
632 0.06 9535488
633 0.05 9531392
634 0.05 9478144
635 0.05 9478144
636 0.06 9531392
637 0.06 9531392
638 0.05 9478144
639 0.06 9523200
640 0.06 9629696
641 0.06 9551872
642 0.06 9527296
643 0.06 9576448
644 0.06 9670656
645 0.06 9527296
646 0.06 9674752
647 0.05 9535488
648 0.06 9658368
649 0.05 9539584
650 0.06 9596928
651 0.05 9486336
652 0.05 9490432
653 0.06 9535488
654 0.06 9605120
655 0.05 9547776
656 0.06 9543680
657 0.05 9535488
658 0.06 9547776
659 0.06 9535488
660 0.06 9490432
661 0.06 9535488
662 0.06 9490432
663 0.06 9613312
664 0.05 9547776
665 0.06 9543680
666 0.05 9555968
667 0.06 9646080
668 0.05 9547776
669 0.06 9535488
670 0.06 9625600
671 0.06 9539584
672 0.06 9543680
673 0.06 9543680
674 0.06 9572352
675 0.05 9535488
676 0.05 9543680
677 0.06 9535488
678 0.06 9490432
679 0.07 9650176
680 0.08 9629696
681 0.07 9535488
682 0.06 9543680
683 0.06 9535488
684 0.05 9609216
685 0.06 9547776
686 0.06 9490432
687 0.06 9576448
688 0.07 9613312
689 0.06 9535488
690 0.06 9535488
691 0.05 9494528
692 0.06 9539584
693 0.06 9527296
694 0.06 9539584
695 0.06 9543680
696 0.05 9551872
697 0.06 9539584
698 0.06 9601024
699 0.05 9551872
700 0.07 9568256
701 0.07 9547776
702 0.06 9560064
703 0.06 9596928
704 0.06 9539584
705 0.05 9494528
706 0.06 9551872
707 0.05 9547776
708 0.06 9560064
709 0.07 9547776
710 0.06 9576448
711 0.06 9551872
712 0.05 9547776
713 0.06 9572352
714 0.07 9568256
715 0.05 9494528
716 0.06 9547776
717 0.05 9494528
718 0.06 9568256
719 0.05 9555968
720 0.06 9592832
721 0.05 9494528
722 0.06 9539584
723 0.06 9539584
724 0.05 9539584
725 0.06 9547776
726 0.05 9494528
727 0.06 9494528
728 0.07 9629696
729 0.06 9547776
730 0.05 9547776
731 0.06 9543680
732 0.06 9646080
733 0.06 9539584
734 0.06 9555968
735 0.07 9584640
736 0.05 9551872
737 0.06 9502720
738 0.07 9658368
739 0.06 9502720
740 0.05 9617408
741 0.06 9555968
742 0.06 9547776
743 0.07 9592832
744 0.06 9506816
745 0.05 9551872
746 0.05 9506816
747 0.06 9560064
748 0.05 9506816
749 0.06 9551872
750 0.06 9572352
751 0.05 9551872
752 0.05 9551872
753 0.05 9560064
754 0.06 9568256
755 0.05 9506816
756 0.06 9506816
757 0.05 9621504
758 0.06 9617408
759 0.06 9555968
760 0.06 9551872
761 0.05 9564160
762 0.05 9564160
763 0.06 9555968
764 0.05 9506816
765 0.06 9555968
766 0.06 9584640
767 0.05 9506816
768 0.06 9555968
769 0.06 9555968
770 0.06 9555968
771 0.06 9674752
772 0.05 9506816
773 0.06 9506816
774 0.06 9641984
775 0.06 9564160
776 0.06 9506816
777 0.05 9510912
778 0.07 9666560
779 0.05 9568256
780 0.06 9617408
781 0.06 9560064
782 0.06 9510912
783 0.07 9625600
784 0.05 9510912
785 0.05 9560064
786 0.06 9560064
787 0.05 9568256
788 0.06 9510912
789 0.06 9572352
790 0.06 9510912
791 0.07 9605120
792 0.05 9560064
793 0.06 9510912
794 0.06 9576448
795 0.06 9637888
796 0.06 9711616
797 0.07 9560064
798 0.06 9568256
799 0.06 9510912
800 0.06 9555968
801 0.06 9678848
802 0.06 9543680
803 0.06 9560064
804 0.06 9641984
805 0.06 9711616
806 0.06 9510912
807 0.05 9510912
808 0.06 9625600
809 0.07 9662464
810 0.06 9662464
811 0.06 9629696
812 0.06 9560064
813 0.06 9510912
814 0.06 9560064
815 0.06 9584640
816 0.06 9560064
817 0.06 9580544
818 0.06 9588736
819 0.06 9564160
820 0.05 9572352
821 0.06 9576448
822 0.07 9584640
823 0.05 9576448
824 0.06 9568256
825 0.06 9519104
826 0.06 9568256
827 0.06 9588736
828 0.06 9568256
829 0.05 9576448
830 0.06 9519104
831 0.06 9584640
832 0.07 9633792
833 0.05 9576448
834 0.06 9568256
835 0.06 9568256
836 0.05 9588736
837 0.06 9568256
838 0.06 9572352
839 0.06 9621504
840 0.06 9572352
841 0.05 9580544
842 0.06 9543680
843 0.06 9703424
844 0.06 9531392
845 0.05 9580544
846 0.06 9523200
847 0.06 9568256
848 0.06 9601024
849 0.07 9703424
850 0.05 9580544
851 0.06 9576448
852 0.06 9523200
853 0.06 9588736
854 0.05 9523200
855 0.06 9555968
856 0.06 9572352
857 0.06 9662464
858 0.05 9580544
859 0.06 9523200
860 0.06 9637888
861 0.06 9584640
862 0.07 9678848
863 0.06 9580544
864 0.06 9576448
865 0.06 9584640
866 0.05 9588736
867 0.06 9584640
868 0.06 9584640
869 0.06 9596928
870 0.06 9592832
871 0.05 9596928
872 0.06 9527296
873 0.06 9527296
874 0.07 9576448
875 0.07 9584640
876 0.06 9601024
877 0.06 9621504
878 0.06 9601024
879 0.06 9617408
880 0.06 9584640
881 0.06 9588736
882 0.06 9613312
883 0.07 9637888
884 0.06 9588736
885 0.07 9637888
886 0.06 9588736
887 0.06 9625600
888 0.06 9592832
889 0.06 9576448
890 0.05 9527296
891 0.07 9625600
892 0.05 9527296
893 0.06 9588736
894 0.06 9584640
895 0.06 9592832
896 0.05 9527296
897 0.06 9584640
898 0.07 9666560
899 0.06 9584640
900 0.06 9527296
901 0.06 9584640
902 0.05 9527296
903 0.06 9588736
904 0.06 9699328
905 0.06 9601024
906 0.06 9596928
907 0.05 9596928
908 0.06 9592832
909 0.06 9601024
910 0.05 9662464
911 0.05 9596928
912 0.06 9596928
913 0.06 9605120
914 0.06 9596928
915 0.06 9535488
916 0.06 9621504
917 0.06 9592832
918 0.06 9601024
919 0.06 9592832
920 0.07 9592832
921 0.06 9670656
922 0.05 9535488
923 0.06 9687040
924 0.06 9617408
925 0.07 9715712
926 0.07 9621504
927 0.07 9641984
928 0.07 9707520
929 0.06 9535488
930 0.06 9654272
931 0.06 9601024
932 0.05 9613312
933 0.06 9592832
934 0.07 9715712
935 0.06 9625600
936 0.07 9592832
937 0.05 9535488
938 0.06 9605120
939 0.06 9596928
940 0.06 9650176
941 0.06 9555968
942 0.08 9621504
943 0.06 9605120
944 0.05 9605120
945 0.06 9535488
946 0.06 9629696
947 0.06 9601024
948 0.06 9543680
949 0.06 9617408
950 0.07 9682944
951 0.05 9547776
952 0.06 9601024
953 0.06 9625600
954 0.06 9547776
955 0.06 9584640
956 0.06 9601024
957 0.06 9609216
958 0.06 9609216
959 0.06 9609216
960 0.06 9576448
961 0.06 9609216
962 0.06 9666560
963 0.06 9547776
964 0.07 9613312
965 0.06 9601024
966 0.06 9637888
967 0.06 9601024
968 0.06 9609216
969 0.06 9547776
970 0.05 9613312
971 0.06 9617408
972 0.06 9605120
973 0.07 9601024
974 0.06 9601024
975 0.06 9547776
976 0.06 9662464
977 0.06 9617408
978 0.06 9605120
979 0.07 9601024
980 0.06 9601024
981 0.06 9609216
982 0.06 9613312
983 0.08 9670656
984 0.05 9609216
985 0.06 9613312
986 0.06 9617408
987 0.06 9613312
988 0.06 9609216
989 0.06 9609216
990 0.06 9564160
991 0.07 9633792
992 0.07 9740288
993 0.05 9629696
994 0.07 9682944
995 0.06 9617408
996 0.06 9568256
997 0.06 9609216
998 0.07 9666560
999 0.06 9617408
1000 0.07 9674752