1 0.0019 3497984
2 0.0019 3502080
3 0.002 3506176
4 0.0022 3510272
5 0.0019 3514368
6 0.0022 3579904
7 0.0031 3559424
8 0.0022 3567616
9 0.0022 3571712
10 0.0023 3579904
11 0.003 3588096
12 0.0022 3600384
13 0.0023 3620864
14 0.0026 3620864
15 0.0023 3637248
16 0.0026 3641344
17 0.0035 3661824
18 0.0026 3661824
19 0.0026 3674112
20 0.0028 3682304
21 0.0025 3690496
22 0.0028 3698688
23 0.0026 3710976
24 0.0031 3719168
25 0.0027 3731456
26 0.0033 3743744
27 0.0036 3756032
28 0.0029 3756032
29 0.0029 3768320
30 0.0031 3776512
31 0.0031 3801088
32 0.0033 3796992
33 0.0031 3805184
34 0.0034 3817472
35 0.0032 3842048
36 0.0035 3846144
37 0.0033 3858432
38 0.0034 3862528
39 0.0034 3870720
40 0.0036 3887104
41 0.0035 3911680
42 0.004 3907584
43 0.0036 3919872
44 0.004 3940352
45 0.0049 3956736
46 0.0043 3956736
47 0.0037 3964928
48 0.0063 4005888
49 0.0038 3985408
50 0.004 3997696
51 0.0039 4018176
52 0.005 4038656
53 0.0041 4026368
54 0.005 4042752
55 0.0041 4050944
56 0.0042 4063232
57 0.0042 4091904
58 0.0096 4100096
59 0.0053 4112384
60 0.0057 4112384
61 0.0044 4124672
62 0.0063 4149248
63 0.0045 4145152
64 0.0058 4165632
65 0.0046 4169728
66 0.0063 4202496
67 0.0048 4194304
68 0.0067 4247552
69 0.0049 4214784
70 0.0048 4222976
71 0.0049 4243456
72 0.0053 4255744
73 0.0051 4272128
74 0.0067 4304896
75 0.0051 4292608
76 0.0072 4317184
77 0.0052 4313088
78 0.0057 4329472
79 0.0054 4341760
80 0.0054 4354048
81 0.0055 4354048
82 0.0085 4419584
83 0.0055 4378624
84 0.0062 4395008
85 0.0064 4411392
86 0.0086 4440064
87 0.0065 4435968
88 0.0058 4448256
89 0.0061 4468736
90 0.0074 4489216
91 0.0062 4489216
92 0.008 4530176
93 0.0062 4501504
94 0.0067 4517888
95 0.0063 4538368
96 0.0091 4595712
97 0.0076 4599808
98 0.007 4583424
99 0.0067 4587520
100 0.0082 4620288
101 0.0074 4636672
102 0.0086 4694016
103 0.0067 4669440
104 0.0108 4714496
105 0.0068 4698112
106 0.0071 4698112
107 0.0069 4722688
108 0.0072 4739072
109 0.0074 4767744
110 0.0088 4800512
111 0.0078 4784128
112 0.0079 4812800
113 0.0078 4808704
114 0.0079 4808704
115 0.0074 4837376
116 0.0081 4841472
117 0.0079 4866048
118 0.01 4923392
119 0.0081 4898816
120 0.0088 4935680
121 0.0078 4927488
122 0.0101 4956160
123 0.0078 4943872
124 0.0101 4993024
125 0.0083 5001216
126 0.01 5029888
127 0.0082 5001216
128 0.0106 5046272
129 0.0084 5021696
130 0.0106 5083136
131 0.0104 5095424
132 0.0107 5120000
133 0.0383 5148672
134 0.0094 5087232
135 0.0111 5177344
136 0.009 5124096
137 0.0106 5189632
138 0.0088 5156864
139 0.0126 5226496
140 0.009 5181440
141 0.0113 5255168
142 0.011 5271552
143 0.0132 5292032
144 0.0092 5246976
145 0.0104 5316608
146 0.0093 5279744
147 0.0101 5292032
148 0.0095 5320704
149 0.012 5378048
150 0.0096 5332992
151 0.0107 5382144
152 0.0097 5365760
153 0.0107 5382144
154 0.012 5459968
155 0.0116 5468160
156 0.0101 5496832
157 0.0124 5545984
158 0.0101 5451776
159 0.0116 5537792
160 0.0102 5492736
161 0.0118 5566464
162 0.0104 5517312
163 0.0126 5562368
164 0.0104 5554176
165 0.0162 5619712
166 0.0137 5640192
167 0.0139 5660672
168 0.0108 5615616
169 0.0117 5627904
170 0.0146 5697536
171 0.0123 5713920
172 0.0145 5742592
173 0.0112 5677056
174 0.0133 5791744
175 0.0143 5771264
176 0.0137 5771264
177 0.0114 5726208
178 0.0125 5746688
179 0.0116 5754880
180 0.0137 5844992
181 0.0119 5812224
182 0.0142 5869568
183 0.0118 5824512
184 0.0132 5861376
185 0.0121 5849088
186 0.0162 5926912
187 0.0123 5898240
188 0.0143 5971968
189 0.0123 5910528
190 0.0146 5984256
191 0.0125 5951488
192 0.014 6033408
193 0.0126 5951488
194 0.0143 5967872
195 0.0129 5980160
196 0.0152 6090752
197 0.0133 6033408
198 0.0153 6119424
199 0.0143 6139904
200 0.0152 6127616
201 0.0134 6086656
202 0.0133 6131712
203 0.016 6156288
204 0.0136 6221824
205 0.0152 6164480
206 0.0143 6168576
207 0.0171 6180864
208 0.0138 6217728
209 0.0159 6270976
210 0.014 6254592
211 0.0154 6316032
212 0.0142 6307840
213 0.0172 6356992
214 0.0143 6340608
215 0.0183 6373376
216 0.0596 6426624
217 0.0425 6397952
218 0.0148 6377472
219 0.0148 6483968
220 0.0171 6479872
221 0.0151 6463488
222 0.0175 6483968
223 0.016 6492160
224 0.0167 6533120
225 0.0152 6488064
226 0.0196 6582272
227 0.0152 6541312
228 0.0169 6565888
229 0.0154 6586368
230 0.0182 6606848
231 0.0159 6602752
232 0.0158 6615040
233 0.0156 6635520
234 0.0172 6721536
235 0.0159 6672384
236 0.0182 6713344
237 0.0161 6684672
238 0.018 6778880
239 0.0175 6795264
240 0.0165 6750208
241 0.0214 6909952
242 0.0182 6836224
243 0.0167 6778880
244 0.0188 6877184
245 0.0168 6848512
246 0.0214 6934528
247 0.0222 6922240
248 0.0172 6942720
249 0.0183 6938624
250 0.018 6995968
251 0.0178 6983680
252 0.0197 7008256
253 0.0176 6959104
254 0.0179 7053312
255 0.0221 7045120
256 0.0224 7077888
257 0.02 7094272
258 0.0192 7102464
259 0.0194 7143424
260 0.0229 7127040
261 0.0182 7069696
262 0.0191 7098368
263 0.0184 7102464
264 0.0242 7204864
265 0.0191 7208960
266 0.0199 7229440
267 0.0187 7168000
268 0.0191 7180288
269 0.0191 7204864
270 0.0241 7311360
271 0.0195 7344128
272 0.0194 7225344
273 0.0241 7438336
274 0.0239 7360512
275 0.0196 7290880
276 0.0201 7348224
277 0.0199 7352320
278 0.0258 7393280
279 0.0243 7438336
280 0.0245 7458816
281 0.0215 7401472
282 0.0247 7483392
283 0.0208 7454720
284 0.0206 7450624
285 0.0215 7569408
286 0.0207 7499776
287 0.0222 7548928
288 0.0272 7598080
289 0.0208 7573504
290 0.0213 7585792
291 0.0274 7647232
292 0.0229 7598080
293 0.0262 7671808
294 0.0219 7733248
295 0.0252 7778304
296 0.0229 7696384
297 0.0221 7720960
298 0.0237 7790592
299 0.0266 7811072
300 0.0229 7847936
301 0.0222 7798784
302 0.024 7856128
303 0.0224 7819264
304 0.0228 7860224
305 0.0234 7913472
306 0.0231 7897088
307 0.0243 7991296
308 0.0229 7917568
309 0.0277 8089600
310 0.0231 7942144
311 0.0252 8052736
312 0.0233 7999488
313 0.0276 8085504
314 0.0245 8114176
315 0.0235 8060928
316 0.0262 8130560
317 0.0244 8114176
318 0.0303 8323072
319 0.031 8257536
320 0.0306 8228864
321 0.0251 8179712
322 0.0248 8261632
323 0.0298 8265728
324 0.0251 8241152
325 0.025 8282112
326 0.0256 8384512
327 0.0261 8314880
328 0.0253 8409088
329 0.0271 8314880
330 0.0252 8359936
331 0.0311 8454144
332 0.0258 8388608
333 0.0262 8417280
334 0.0263 8495104
335 0.0262 8445952
336 0.0308 8560640
337 0.0324 8531968
338 0.026 8503296
339 0.0263 8601600
340 0.0327 8597504
341 0.0264 8560640
342 0.0265 8577024
343 0.028 8658944
344 0.0278 8597504
345 0.0269 8630272
346 0.0326 8724480
347 0.027 8663040
348 0.0331 8929280
349 0.032 8785920
350 0.0275 8818688
351 0.0273 8839168
352 0.0295 8843264
353 0.0283 8806400
354 0.0328 8896512
355 0.0323 8888320
356 0.0294 8830976
357 0.0338 8929280
358 0.0324 8962048
359 0.0284 8953856
360 0.0343 9015296
361 0.0287 9003008
362 0.0344 9035776
363 0.0284 9019392
364 0.0381 9138176
365 0.0297 9043968
366 0.0289 9064448
367 0.0303 9183232
368 0.0294 9183232
369 0.0342 9236480
370 0.0295 9158656
371 0.0347 9236480
372 0.0295 9175040
373 0.0298 9318400
374 0.0347 9310208
375 0.0325 9265152
376 0.0309 9383936
377 0.0309 9302016
378 0.0322 9306112
379 0.0363 9433088
380 0.0316 9363456
381 0.0365 9498624
382 0.0307 9396224
383 0.0312 9486336
384 0.0316 9498624
385 0.0359 9523200
386 0.0337 9474048
387 0.037 9584640
388 0.0324 9531392
389 0.0317 9531392
390 0.0322 9560064
391 0.0349 9605120
392 0.037 9768960
393 0.0333 9629696
394 0.0325 9654272
395 0.0377 9748480
396 0.0412 9797632
397 0.0337 9715712
398 0.0336 9760768
399 0.0389 9830400
400 0.0401 10027008
401 0.0344 9842688
402 0.0345 9846784
403 0.0333 9875456
404 0.0404 9990144
405 0.0341 9924608
406 0.0357 10039296
407 0.0348 9961472
408 0.0377 9998336
409 0.0414 10100736
410 0.0349 10035200
411 0.034 10039296
412 0.0359 10104832
413 0.0374 10178560
414 0.0356 10137600
415 0.0357 10170368
416 0.0358 10166272
417 0.0353 10182656
418 0.0382 10321920
419 0.0373 10424320
420 0.0369 10379264
421 0.0364 10293248
422 0.0406 10555392
423 0.0368 10338304
424 0.0392 10379264
425 0.0374 10366976
426 0.0369 10391552
427 0.0386 10407936
428 0.037 10448896
429 0.0449 10592256
430 0.0398 10534912
431 0.0441 10592256
432 0.0407 10625024
433 0.0391 10584064
434 0.0402 10805248
435 0.0388 10706944
436 0.0401 10809344
437 0.0434 10846208
438 0.0443 10870784
439 0.0412 10743808
440 0.0406 10854400
441 0.0403 10813440
442 0.0477 10964992
443 0.0396 10936320
444 0.04 10874880
445 0.0403 11018240
446 0.0402 10915840
447 0.0428 11038720
448 0.0423 11005952
449 0.0413 11038720
450 0.0456 11161600
451 0.0452 11145216
452 0.0408 11141120
453 0.0423 11141120
454 0.0465 11218944
455 0.0442 11239424
456 0.0422 11296768
457 0.0481 11259904
458 0.0512 11485184
459 0.0463 11317248
460 0.0431 11190272
461 0.0435 11325440
462 0.0427 11300864
463 0.0473 11382784
464 0.0454 11390976
465 0.0434 11411456
466 0.0443 11403264
467 0.049 11608064
468 0.0451 11538432
469 0.0449 11546624
470 0.0499 11808768
471 0.0457 11599872
472 0.0444 11583488
473 0.045 11587584
474 0.0437 11509760
475 0.0489 11685888
476 0.0484 11780096
477 0.0447 11681792
478 0.0453 11735040
479 0.0505 11804672
480 0.0465 11710464
481 0.0497 11677696
482 0.0514 11886592
483 0.0491 11857920
484 0.0587 11919360
485 0.0517 11902976
486 0.0497 12079104
487 0.0505 12128256
488 0.0476 12025856
489 0.0477 12124160
490 0.0476 11997184
491 0.0462 11907072
492 0.0526 12197888
493 0.0482 12091392
494 0.0523 12161024
495 0.0541 12222464
496 0.0522 12222464
497 0.0482 12197888
498 0.0501 12283904
499 0.055 12206080
500 0.0477 12230656
501 0.053 12210176
502 0.0539 12398592
503 0.0589 12464128
504 0.0474 12230656
505 0.0482 12496896
506 0.0507 12386304
507 0.0504 12283904
508 0.0485 12451840
509 0.0491 12451840
510 0.0509 12464128
511 0.0525 12603392
512 0.0501 12640256
513 0.0501 12582912
514 0.0496 12771328
515 0.0509 12660736
516 0.0497 12558336
517 0.0539 12623872
518 0.0557 12713984
519 0.053 12713984
520 0.05 12607488
521 0.0522 12668928
522 0.0524 12910592
523 0.0516 12996608
524 0.0505 12771328
525 0.0537 12910592
526 0.0522 12890112
527 0.0541 12898304
528 0.0609 13070336
529 0.0555 12972032
530 0.0525 13004800
531 0.0546 13029376
532 0.0529 13189120
533 0.0549 13045760
534 0.0557 13107200
535 0.055 13164544
536 0.0553 13139968
537 0.0546 13058048
538 0.0545 13262848
539 0.0542 13164544
540 0.0551 13144064
541 0.0541 13369344
542 0.0549 13561856
543 0.0587 13516800
544 0.0544 13295616
545 0.0615 13639680
546 0.0568 13377536
547 0.0593 13537280
548 0.0637 13606912
549 0.0569 13443072
550 0.0622 13488128
551 0.0561 13574144
552 0.0567 13656064
553 0.0575 13660160
554 0.0563 13733888
555 0.0581 13656064
556 0.0635 13864960
557 0.0565 13692928
558 0.0639 13692928
559 0.0629 13766656
560 0.0581 13824000
561 0.0598 14225408
562 0.0571 13860864
563 0.0587 14012416
564 0.0624 14110720
565 0.0579 13987840
566 0.0592 14012416
567 0.0595 13901824
568 0.0588 14061568
569 0.0583 14057472
570 0.0652 14282752
571 0.0591 14086144
572 0.0632 14266368
573 0.0595 14168064
574 0.0594 14221312
575 0.0666 14454784
576 0.0631 14221312
577 0.0631 14405632
578 0.0592 14344192
579 0.0588 14397440
580 0.0611 14467072
581 0.0605 14508032
582 0.0687 14532608
583 0.0618 14483456
584 0.0643 14512128
585 0.0595 14594048
586 0.0665 14577664
587 0.0612 14532608
588 0.0609 14872576
589 0.0659 14602240
590 0.0678 14745600
591 0.0623 14786560
592 0.061 14860288
593 0.0689 14848000
594 0.0616 14901248
595 0.0636 14790656
596 0.0669 15032320
597 0.0632 14729216
598 0.0628 14893056
599 0.0642 15003648
600 0.0612 14802944
601 0.0615 14827520
602 0.0647 15237120
603 0.066 15003648
604 0.0623 14942208
605 0.0622 14938112
606 0.0623 14995456
607 0.0624 15142912
608 0.0622 15015936
609 0.0626 15060992
610 0.0628 15069184
611 0.0684 15224832
612 0.064 15351808
613 0.0674 15495168
614 0.0657 15466496
615 0.0651 15437824
616 0.0675 15392768
617 0.0664 15425536
618 0.0661 15515648
619 0.0691 15486976
620 0.0665 15585280
621 0.0652 15380480
622 0.0663 15421440
623 0.0675 15642624
624 0.0668 15667200
625 0.0673 15740928
626 0.0656 15802368
627 0.0682 15749120
628 0.0679 15720448
629 0.0702 15769600
630 0.069 15847424
631 0.0679 15896576
632 0.0677 15753216
633 0.073 15986688
634 0.0716 16039936
635 0.0702 15933440
636 0.0679 15872000
637 0.069 16056320
638 0.0696 16105472
639 0.076 16371712
640 0.0686 15990784
641 0.0689 16007168
642 0.0767 16220160
643 0.0731 16207872
644 0.0704 16252928
645 0.0779 16293888
646 0.0707 16289792
647 0.077 16338944
648 0.0784 16412672
649 0.0726 16343040
650 0.0714 16371712
651 0.0715 16494592
652 0.0751 16523264
653 0.0716 16478208
654 0.0751 16482304
655 0.0727 16605184
656 0.0828 16814080
657 0.0728 16633856
658 0.0734 16814080
659 0.074 16703488
660 0.0752 16736256
661 0.0749 16785408
662 0.0754 16826368
663 0.0813 16904192
664 0.0814 16965632
665 0.0741 16887808
666 0.0814 16998400
667 0.0744 17031168
668 0.0832 17100800
669 0.0771 17272832
670 0.0791 17063936
671 0.0764 17010688
672 0.0771 17133568
673 0.081 17190912
674 0.0756 17182720
675 0.0823 17223680
676 0.0758 17342464
677 0.0792 17313792
678 0.0779 17174528
679 0.0778 17387520
680 0.0802 17289216
681 0.0765 17731584
682 0.0756 17293312
683 0.0785 17567744
684 0.081 17637376
685 0.0787 17612800
686 0.0826 17969152
687 0.0844 17731584
688 0.1396 17444864
689 0.0814 17723392
690 0.0845 17653760
691 0.0883 17776640
692 0.0795 17874944
693 0.081 17793024
694 0.0795 17862656
695 0.0794 17707008
696 0.0776 17920000
697 0.081 17924096
698 0.0804 17965056
699 0.0801 18112512
700 0.0804 18128896
701 0.082 18075648
702 0.0795 18092032
703 0.0819 18309120
704 0.0816 18165760
705 0.0879 18243584
706 0.0892 18247680
707 0.0825 18108416
708 0.0897 18227200
709 0.0818 18358272
710 0.0846 18366464
711 0.082 18456576
712 0.0838 18477056
713 0.0838 18423808
714 0.083 18333696
715 0.0871 18567168
716 0.0834 18567168
717 0.0839 18526208
718 0.0868 18948096
719 0.081 18485248
720 0.0833 18743296
721 0.0902 18739200
722 0.0836 18726912
723 0.0877 19042304
724 0.0857 18821120
725 0.0858 18829312
726 0.0837 18939904
727 0.0862 18960384
728 0.0925 19050496
729 0.0862 18989056
730 0.0857 19083264
731 0.0935 19038208
732 0.0884 19353600
733 0.0943 19111936
734 0.0859 19038208
735 0.0869 19218432
736 0.0844 18993152
737 0.0957 19562496
738 0.0956 19210240
739 0.0942 19406848
740 0.0901 19300352
741 0.0897 19750912
742 0.0983 19443712
743 0.0885 19509248
744 0.0921 19570688
745 0.0939 19599360
746 0.0877 19574784
747 0.0901 19611648
748 0.0896 19587072
749 0.0922 19685376
750 0.0895 19697664
751 0.0929 19841024
752 0.0927 20045824
753 0.092 19750912
754 0.0901 19832832
755 0.0895 19632128
756 0.0919 19841024
757 0.0975 19976192
758 0.0974 19980288
759 0.0922 19996672
760 0.0918 20082688
761 0.0915 19927040
762 0.0944 20013056
763 0.0933 20340736
764 0.0913 20074496
765 0.0914 20185088
766 0.0944 20475904
767 0.102 20267008