1 0.0019 3497984
2 0.0019 3502080
3 0.0021 3506176
4 0.0019 3534848
5 0.0023 3514368
6 0.002 3555328
7 0.0025 3559424
8 0.0031 3575808
9 0.0024 3571712
10 0.0021 3579904
11 0.0023 3588096
12 0.0033 3600384
13 0.0023 3620864
14 0.0033 3641344
15 0.0023 3641344
16 0.0024 3641344
17 0.0024 3649536
18 0.0027 3661824
19 0.0031 3694592
20 0.0031 3702784
21 0.0026 3690496
22 0.0033 3698688
23 0.0027 3702784
24 0.0029 3719168
25 0.0031 3743744
26 0.0028 3735552
27 0.003 3747840
28 0.0029 3756032
29 0.003 3760128
30 0.003 3776512
31 0.0037 3805184
32 0.0031 3825664
33 0.0032 3805184
34 0.0039 3837952
35 0.0032 3821568
36 0.0032 3854336
37 0.0034 3858432
38 0.004 3862528
39 0.0037 3870720
40 0.0034 3887104
41 0.0035 3891200
42 0.0041 3907584
43 0.0044 3919872
44 0.0035 3940352
45 0.0044 3960832
46 0.0037 3964928
47 0.0051 3973120
48 0.0038 4014080
49 0.0042 3985408
50 0.0038 3997696
51 0.0053 4030464
52 0.0053 4026368
53 0.0063 4038656
54 0.0041 4042752
55 0.0051 4063232
56 0.0041 4063232
57 0.0048 4075520
58 0.0042 4079616
59 0.0047 4104192
60 0.0043 4112384
61 0.0047 4124672
62 0.0045 4173824
63 0.0048 4157440
64 0.0045 4153344
65 0.0063 4182016
66 0.0047 4182016
67 0.0051 4194304
68 0.0048 4202496
69 0.0058 4222976
70 0.0048 4222976
71 0.0053 4235264
72 0.0075 4292608
73 0.0052 4272128
74 0.0068 4304896
75 0.0051 4292608
76 0.0057 4292608
77 0.0052 4313088
78 0.0058 4329472
79 0.0053 4341760
80 0.0059 4354048
81 0.0054 4354048
82 0.0058 4366336
83 0.0055 4378624
84 0.0057 4403200
85 0.0059 4411392
86 0.0057 4431872
87 0.0058 4435968
88 0.0076 4481024
89 0.0058 4460544
90 0.0066 4497408
91 0.006 4489216
92 0.0077 4521984
93 0.0062 4501504
94 0.0067 4571136
95 0.0062 4530176
96 0.0072 4583424
97 0.0063 4567040
98 0.0079 4616192
99 0.0064 4587520
100 0.009 4661248
101 0.0065 4636672
102 0.0082 4665344
103 0.0066 4669440
104 0.0069 4706304
105 0.0067 4706304
106 0.0084 4698112
107 0.0069 4722688
108 0.008 4751360
109 0.007 4751360
110 0.0077 4763648
111 0.0071 4780032
112 0.0079 4808704
113 0.0071 4804608
114 0.0097 4845568
115 0.0076 4841472
116 0.0083 4841472
117 0.0081 4853760
118 0.0075 4894720
119 0.0077 4878336
120 0.0084 4935680
121 0.0099 4968448
122 0.0078 4931584
123 0.0093 4943872
124 0.0079 4956160
125 0.0103 4972544
126 0.0081 4980736
127 0.0101 5042176
128 0.0088 5013504
129 0.009 5021696
130 0.0082 5033984
131 0.0094 5046272
132 0.0093 5120000
133 0.0101 5144576
134 0.0085 5087232
135 0.0109 5165056
136 0.0086 5124096
137 0.0095 5136384
138 0.0105 5206016
139 0.0093 5165056
140 0.0089 5181440
141 0.0099 5201920
142 0.009 5226496
143 0.0106 5234688
144 0.0111 5304320
145 0.0095 5337088
146 0.0093 5279744
147 0.0113 5349376
148 0.01 5312512
149 0.0122 5345280
150 0.01 5402624
151 0.0105 5357568
152 0.0099 5365760
153 0.0109 5382144
154 0.01 5398528
155 0.0112 5439488
156 0.0101 5431296
157 0.012 5451776
158 0.0102 5451776
159 0.0112 5525504
160 0.0155 5492736
161 0.0135 5566464
162 0.0111 5578752
163 0.0126 5603328
164 0.0108 5554176
165 0.0123 5566464
166 0.0111 5591040
167 0.012 5603328
168 0.0109 5615616
169 0.0133 5677056
170 0.0111 5640192
171 0.0126 5709824
172 0.0115 5722112
173 0.0126 5738496
174 0.0114 5693440
175 0.0124 5709824
176 0.012 5767168
177 0.0123 5787648
178 0.012 5804032
179 0.0133 5824512
180 0.0119 5783552
181 0.0135 5857280
182 0.0121 5820416
183 0.0139 5902336
184 0.0125 5922816
185 0.0138 5926912
186 0.0124 5869568
187 0.0139 5935104
188 0.0124 5898240
189 0.0137 5910528
190 0.0127 5939200
191 0.0149 5971968
192 0.0129 5967872
193 0.0159 5976064
194 0.0129 5967872
195 0.013 5980160
196 0.0131 6017024
197 0.0167 6021120
198 0.014 6057984
199 0.0144 6082560
200 0.0168 6152192
201 0.017 6152192
202 0.0151 6197248
203 0.0133 6127616
204 0.0147 6238208
205 0.0136 6164480
206 0.0152 6238208
207 0.0138 6180864
208 0.015 6270976
209 0.0177 6287360
210 0.0159 6262784
211 0.0166 6340608
212 0.0148 6369280
213 0.0157 6393856
214 0.0143 6340608
215 0.0187 6406144
216 0.0159 6418432
217 0.0145 6389760
218 0.0173 6422528
219 0.0187 6488064
220 0.0202 6500352
221 0.0148 6463488
222 0.021 6586368
223 0.0151 6492160
224 0.0156 6537216
225 0.0158 6488064
226 0.0167 6594560
227 0.0178 6594560
228 0.0174 6647808
229 0.0199 6656000
230 0.0156 6651904
231 0.0173 6672384
232 0.0207 6692864
233 0.0159 6635520
234 0.016 6754304
235 0.0204 6754304
236 0.0174 6746112
237 0.0206 6758400
238 0.0182 6803456
239 0.018 6791168
240 0.0163 6750208
241 0.0213 6864896
242 0.0167 6840320
243 0.0173 6778880
244 0.0211 6885376
245 0.0167 6848512
246 0.0188 6885376
247 0.0219 6959104
248 0.017 6848512
249 0.0181 6901760
250 0.0171 6897664
251 0.0173 6918144
252 0.0219 7024640
253 0.022 7041024
254 0.0173 6955008
255 0.0186 7077888
256 0.018 7106560
257 0.0237 7106560
258 0.0227 7127040
259 0.0182 7155712
260 0.0192 7147520
261 0.0185 7143424
262 0.0182 7098368
263 0.0194 7172096
264 0.019 7139328
265 0.0187 7168000
266 0.0201 7221248
267 0.0189 7168000
268 0.0191 7180288
269 0.0207 7266304
270 0.0193 7323648
271 0.0203 7348224
272 0.0198 7315456
273 0.0239 7356416
274 0.0197 7299072
275 0.0242 7372800
276 0.0197 7409664
277 0.0201 7352320
278 0.0218 7393280
279 0.0201 7372800
280 0.0246 7495680
281 0.0201 7401472
282 0.0211 7495680
283 0.0209 7454720
284 0.0265 7524352
285 0.0206 7487488
286 0.0252 7532544
287 0.0205 7503872
288 0.0255 7614464
289 0.0211 7659520
290 0.0215 7585792
291 0.0258 7671808
292 0.0257 7659520
293 0.0216 7684096
294 0.0215 7663616
295 0.0216 7692288
296 0.0263 7778304
297 0.0222 7794688
298 0.0241 7786496
299 0.0263 7823360
300 0.0223 7770112
301 0.022 7798784
302 0.0279 7954432
303 0.0223 7819264
304 0.0228 7921664
305 0.023 7839744
306 0.0278 7970816
307 0.0229 7897088
308 0.0276 7974912
309 0.023 8015872
310 0.0266 8032256
311 0.0238 8040448
312 0.0236 7999488
313 0.0267 8118272
314 0.0284 8122368
315 0.0283 8134656
316 0.0245 8085504
317 0.0241 8200192
318 0.0247 8142848
319 0.0255 8151040
320 0.0248 8146944
321 0.0245 8179712
322 0.0255 8183808
323 0.0249 8200192
324 0.0298 8314880
325 0.0248 8282112
326 0.0266 8355840
327 0.028 8384512
328 0.0253 8331264
329 0.0302 8409088
330 0.0257 8359936
331 0.0304 8445952
332 0.0307 8495104
333 0.026 8417280
334 0.0255 8421376
335 0.0269 8548352
336 0.0264 8462336
337 0.0311 8581120
338 0.0267 8503296
339 0.0263 8593408
340 0.0272 8617984
341 0.033 8671232
342 0.0273 8658944
343 0.0268 8601600
344 0.028 8704000
345 0.0269 8720384
346 0.0276 8642560
347 0.0319 8716288
348 0.0275 8769536
349 0.0334 8806400
350 0.0278 8744960
351 0.0273 8753152
352 0.0329 8863744
353 0.0329 8884224
354 0.0285 8900608
355 0.0281 8929280
356 0.0293 8843264
357 0.0285 8867840
358 0.0288 8908800
359 0.029 8904704
360 0.0337 9003008
361 0.0296 9003008
362 0.0331 9052160
363 0.0308 9076736
364 0.0293 9023488
365 0.0293 9125888
366 0.0294 9158656
367 0.0329 9170944
368 0.0304 9179136
369 0.0308 9150464
370 0.0371 9211904
371 0.0362 9277440
372 0.0302 9256960
373 0.0354 9310208
374 0.038 9314304
375 0.0359 9355264
376 0.0313 9281536
377 0.0313 9302016
378 0.0308 9318400
379 0.0315 9347072
380 0.036 9416704
381 0.0318 9428992
382 0.0308 9396224
383 0.032 9416704
384 0.0315 9437184
385 0.0356 9551872
386 0.0316 9474048
387 0.0318 9601024
388 0.0321 9531392
389 0.0324 9531392
390 0.0384 9637888
391 0.0323 9617408
392 0.0328 9596928
393 0.0329 9629696
394 0.0335 9687040
395 0.0371 9977856
396 0.0333 9728000
397 0.0333 9822208
398 0.0387 9818112
399 0.0338 9850880
400 0.034 9814016
401 0.0344 9842688
402 0.0386 9961472
403 0.0341 9875456
404 0.0342 9908224
405 0.0343 9924608
406 0.0394 10051584
407 0.0402 10047488
408 0.0389 10178560
409 0.0356 10031104
410 0.0348 10035200
411 0.0355 10067968
412 0.0348 10104832
413 0.0406 10170368
414 0.0363 10211328
415 0.0356 10158080
416 0.0358 10166272
417 0.036 10182656
418 0.0483 10362880
419 0.0431 10358784
420 0.0388 10330112
421 0.0378 10293248
422 0.0376 10358784
423 0.0428 10407936
424 0.0361 10440704
425 0.0422 10461184
426 0.036 10391552
427 0.0375 10407936
428 0.039 10498048
429 0.0368 10477568
430 0.0377 10465280
431 0.0414 10579968
432 0.0385 10510336
433 0.0418 10665984
434 0.0388 10584064
435 0.0372 10698752
436 0.0416 10792960
437 0.0379 10813440
438 0.0383 10711040
439 0.0402 10838016
440 0.0389 10874880
441 0.0412 10862592
442 0.0404 10911744
443 0.0396 10858496
444 0.0386 10887168
445 0.0393 10899456
446 0.0444 11026432
447 0.0424 10997760
448 0.0411 10928128
449 0.0392 10948608
450 0.0473 11300864
451 0.0413 10977280
452 0.04 11100160
453 0.0425 11141120
454 0.0434 11141120
455 0.0401 11075584
456 0.0455 11362304
457 0.0427 11223040
458 0.041 11132928
459 0.0406 11165696
460 0.0432 11370496
461 0.0416 11182080
462 0.0476 11300864
463 0.0463 11358208
464 0.0415 11259904
465 0.0436 11395072
466 0.0427 11317248
467 0.0417 11341824
468 0.048 11788288
469 0.0451 11538432
470 0.0443 11517952
471 0.0457 11599872
472 0.0514 11644928
473 0.0501 11632640
474 0.0464 11509760
475 0.0453 11649024
476 0.0444 11673600
477 0.0489 11718656
478 0.0438 11599872
479 0.0435 11608064
480 0.0452 11870208
481 0.048 11796480
482 0.0475 11792384
483 0.0451 11743232
484 0.044 11739136
485 0.0438 11735040
486 0.0513 11890688
487 0.0495 11902976
488 0.0459 11833344
489 0.0549 12038144
490 0.0454 11907072
491 0.045 11907072
492 0.0522 12328960
493 0.0491 11960320
494 0.0463 12095488
495 0.0515 12177408
496 0.0476 12124160
497 0.0486 12238848
498 0.0477 12103680
499 0.0499 12111872
500 0.048 12210176
501 0.0476 12156928
502 0.0485 12255232
503 0.0476 12230656
504 0.0471 12230656
505 0.0488 12357632
506 0.0473 12374016
507 0.0527 12484608
508 0.0486 12423168
509 0.0497 12488704
510 0.0502 12529664
511 0.0511 12492800
512 0.0498 12484608
513 0.0512 12533760
514 0.0509 12619776
515 0.0554 12754944
516 0.0508 12615680
517 0.0512 12550144
518 0.0518 12750848
519 0.0503 12738560
520 0.0539 12775424
521 0.0554 12750848
522 0.0552 12845056
523 0.0589 12918784
524 0.0537 12840960
525 0.0519 12890112
526 0.0515 13008896
527 0.0595 12972032
528 0.0555 13029376
529 0.0527 12996608
530 0.0535 13078528
531 0.056 12992512
532 0.0542 13180928
533 0.06 13148160
534 0.0532 13176832
535 0.06 13213696
536 0.0584 13131776
537 0.0553 13266944
538 0.0607 13213696
539 0.0541 13348864
540 0.061 13377536
541 0.054 13283328
542 0.0542 13340672
543 0.0542 13516800
544 0.0546 13381632
545 0.0561 13508608
546 0.057 13701120
547 0.0624 13434880
548 0.0571 13643776
549 0.0627 13672448
550 0.0554 13496320
551 0.0565 13516800
552 0.0556 13729792
553 0.0573 13561856
554 0.0607 13660160
555 0.0553 13541376
556 0.061 13680640
557 0.0575 13856768
558 0.0563 13783040
559 0.0583 13774848
560 0.0579 13942784
561 0.0638 13914112
562 0.0639 13971456
563 0.0644 13950976
564 0.06 14053376
565 0.0572 13803520
566 0.0574 14106624
567 0.059 14131200
568 0.0617 14364672
569 0.0585 14000128
570 0.0604 14254080
571 0.0588 14290944
572 0.0613 14159872
573 0.0578 14045184
574 0.0583 14094336
575 0.0663 14376960
576 0.0589 14319616
577 0.0608 14336000
578 0.066 14319616
579 0.0611 14307328
580 0.0588 14389248
581 0.062 14524416
582 0.0612 14528512
583 0.0603 14495744
584 0.0676 14606336
585 0.061 14471168
586 0.0665 14483456
587 0.0625 14454784
588 0.0658 14577664
589 0.064 14544896
590 0.0627 14753792
591 0.0629 14622720
592 0.0637 14675968
593 0.0616 14663680
594 0.066 15060992
595 0.062 14794752
596 0.0626 14876672
597 0.0626 14835712
598 0.0643 14929920
599 0.0717 14905344
600 0.0654 15007744
601 0.0715 14999552
602 0.0637 15081472
603 0.067 15269888
604 0.0637 15134720
605 0.0652 15085568
606 0.0643 15024128
607 0.0652 15147008
608 0.0706 15122432
609 0.066 15192064
610 0.0632 15069184
611 0.0675 15351808
612 0.0666 15331328
613 0.0711 15527936
614 0.0685 15376384
615 0.0656 15581184
616 0.0685 15536128
617 0.0644 15265792
618 0.067 15495168
619 0.0735 15482880
620 0.0664 15540224
621 0.0731 15536128
622 0.0706 15577088
623 0.074 15642624
624 0.0663 15523840
625 0.0731 15659008
626 0.0655 15523840
627 0.0668 15798272
628 0.0673 15572992
629 0.0675 15814656
630 0.0707 15884288
631 0.0741 15855616
632 0.0681 15937536
633 0.068 15769600
634 0.0711 15978496
635 0.075 16019456
636 0.0691 16072704
637 0.0789 16023552
638 0.0698 16117760
639 0.0693 16187392
640 0.0718 16175104
641 0.072 16146432
642 0.0714 16240640
643 0.0789 16297984
644 0.0789 16351232
645 0.0711 16297984
646 0.0708 16318464
647 0.0714 16330752
648 0.0773 16736256
649 0.0702 16367616
650 0.0785 16498688
651 0.0765 16392192
652 0.0696 16539648
653 0.0732 16510976
654 0.0799 16674816
655 0.0735 16400384
656 0.0744 16674816
657 0.0755 16625664
658 0.0793 16654336
659 0.0773 16977920
660 0.0732 16850944
661 0.0734 16785408
662 0.0736 16867328
663 0.0746 16826368
664 0.0812 16916480
665 0.0746 16965632
666 0.0751 16756736
667 0.0751 17080320
668 0.0805 17059840
669 0.0802 17072128
670 0.0761 17342464
671 0.0746 17035264
672 0.076 17137664
673 0.076 17235968
674 0.0751 17248256
675 0.0814 17240064
676 0.0792 17248256
677 0.0751 17207296
678 0.0831 17346560
679 0.0762 17395712
680 0.0761 17481728
681 0.0834 17432576
682 0.0783 17514496
683 0.0788 17522688
684 0.0789 17502208
685 0.0823 17842176
686 0.0759 17469440
687 0.0861 17637376
688 0.079 17702912
689 0.0849 17698816
690 0.0855 17698816
691 0.0792 17846272
692 0.0774 17645568
693 0.0787 17780736
694 0.0796 17829888
695 0.0803 17899520
696 0.0799 17895424
697 0.0881 18010112
698 0.0794 17985536
699 0.0801 18116608
700 0.0824 18001920
701 0.087 18075648
702 0.0824 18087936
703 0.0806 18186240
704 0.0809 18255872
705 0.088 18366464
706 0.0833 18161664
707 0.0864 18399232
708 0.0834 18264064
709 0.0824 18354176
710 0.0817 18366464
711 0.0822 18423808
712 0.0825 18444288
713 0.082 18407424
714 0.0901 18509824
715 0.0843 18530304
716 0.0813 18354176
717 0.0921 18718720
718 0.084 18546688
719 0.0841 18608128
720 0.0846 18694144
721 0.0862 18763776
722 0.0915 18726912
723 0.0831 18595840
724 0.0877 18743296
725 0.0864 18837504
726 0.0848 18890752
727 0.085 18886656
728 0.0853 18972672
729 0.0852 19075072
730 0.0909 19017728
731 0.0861 19218432
732 0.0931 19017728
733 0.0916 19005440
734 0.0932 19132416
735 0.0864 19329024
736 0.0885 19210240
737 0.0864 19255296
738 0.0886 19251200
739 0.0871 19369984
740 0.0876 19410944
741 0.087 19378176
742 0.093 19390464
743 0.0874 19423232
744 0.0887 19476480
745 0.0956 19578880
746 0.093 19517440
747 0.0897 19521536
748 0.0945 19619840
749 0.089 19603456
750 0.0953 19783680
751 0.0921 19701760
752 0.0948 19980288
753 0.096 19832832
754 0.0877 19615744
755 0.09 19869696
756 0.089 19722240
757 0.0978 19955712
758 0.0965 19931136
759 0.091 20008960
760 0.0953 20127744
761 0.0901 19927040
762 0.0918 20127744
763 0.0931 20340736
764 0.092 20152320
765 0.0988 20197376
766 0.0976 20246528
767 0.095 20242432