1 0.07 10625024
2 0.08 10690560
3 0.07 10719232
4 0.07 10825728
5 0.1 10932224
6 0.09 10948608
7 0.12 10952704
8 0.3 10928128
9 0.1 11001856
10 0.31 11079680
11 0.1 11145216
12 0.11 11223040
13 0.09 11227136
14 0.09 11415552
15 0.08 11329536
16 0.08 11317248
17 0.1 11411456
18 0.09 11554816
19 0.09 11583488
20 0.1 11632640
21 0.09 11632640
22 0.09 11710464
23 0.1 11747328
24 0.1 11771904
25 0.1 11759616
26 0.1 11808768
27 0.1 11911168
28 0.1 11943936
29 0.09 11886592
30 0.1 12038144
31 0.11 12099584
32 0.12 12005376
33 0.11 12181504
34 0.11 12259328
35 0.11 12247040
36 0.1 12283904
37 0.11 12361728
38 0.12 12365824
39 0.12 12398592
40 0.12 12423168
41 0.14 12587008
42 0.14 12570624
43 0.11 12591104
44 0.12 12640256
45 0.11 12734464
46 0.12 12808192
47 0.13 12857344
48 0.12 12791808
49 0.14 12935168
50 0.16 12972032
51 0.14 13049856
52 0.23 13017088
53 0.12 12972032
54 0.14 13115392
55 0.12 13099008
56 0.13 13107200
57 0.17 13193216
58 0.16 13275136
59 0.14 13398016
60 0.16 13381632
61 0.15 13426688
62 0.16 13549568
63 0.13 13463552
64 0.12 13643776
65 0.13 13697024
66 0.13 13582336
67 0.13 13746176
68 0.12 13647872
69 0.13 13774848
70 0.13 13737984
71 0.13 13783040
72 0.12 13819904
73 0.13 13955072
74 0.13 13914112
75 0.13 13885440
76 0.13 14045184
77 0.15 14090240
78 0.14 14258176
79 0.13 14200832
80 0.17 14331904
81 0.2 14340096
82 0.14 14368768
83 0.19 14495744
84 0.23 14499840
85 0.15 14569472
86 0.14 14639104
87 0.14 14499840
88 0.14 14667776
89 0.16 14733312
90 0.16 14774272
91 0.14 14913536
92 0.16 14831616
93 0.2 14942208
94 0.2 14950400
95 0.17 15024128
96 0.17 15073280
97 0.17 15081472
98 0.22 15081472
99 0.2 15224832
100 0.2 15314944
101 0.17 15335424
102 0.18 15368192
103 0.15 15380480
104 0.21 15372288
105 0.24 15470592
106 0.23 15503360
107 0.31 15532032
108 0.18 15519744
109 0.18 15589376
110 0.18 15650816
111 0.17 15749120
112 0.22 15835136
113 0.18 15843328
114 0.17 15925248
115 0.17 16044032
116 0.18 16064512
117 0.2 16130048
118 0.18 16027648
119 0.24 16105472
120 0.21 16121856
121 0.18 16187392
122 0.16 16117760
123 0.16 16179200
124 0.2 16367616
125 0.22 16371712
126 0.22 16429056
127 0.21 16465920
128 0.22 16531456
129 0.18 16613376
130 0.17 16576512
131 0.18 16740352
132 0.18 16732160
133 0.18 16629760
134 0.18 16658432
135 0.18 16809984
136 0.17 16687104
137 0.19 16953344
138 0.19 16977920
139 0.18 16924672
140 0.19 17072128
141 0.19 17047552
142 0.21 17121280
143 0.2 17170432
144 0.22 17227776
145 0.19 17289216
146 0.21 17313792
147 0.19 17354752
148 0.19 17391616
149 0.2 17481728
150 0.27 17510400
151 0.22 17489920
152 0.22 17518592
153 0.22 17584128
154 0.21 17645568
155 0.2 17793024
156 0.2 17698816
157 0.2 17788928
158 0.2 17776640
159 0.2 17829888
160 0.19 17735680
161 0.2 17977344
162 0.2 17879040
163 0.2 18030592
164 0.22 18198528
165 0.21 18235392
166 0.21 18329600
167 0.22 18374656
168 0.2 18223104
169 0.2 18472960
170 0.21 18534400
171 0.21 18427904
172 0.24 18493440
173 0.23 18563072
174 0.23 18620416
175 0.26 18608128
176 0.25 18599936
177 0.23 18800640
178 0.2 18690048
179 0.22 18821120
180 0.22 18923520
181 0.24 18976768
182 0.22 18935808
183 0.23 19009536
184 0.24 19050496
185 0.22 19005440
186 0.21 19025920
187 0.23 19156992
188 0.22 19226624
189 0.23 19324928
190 0.21 19234816
191 0.23 19353600
192 0.22 19316736
193 0.22 19353600
194 0.23 19443712
195 0.22 19484672
196 0.25 19492864
197 0.23 19595264
198 0.22 19668992
199 0.22 19648512
200 0.22 19800064
201 0.23 19668992
202 0.24 19828736
203 0.23 19812352
204 0.22 19902464
205 0.23 19910656
206 0.23 19902464
207 0.23 20107264
208 0.23 20058112
209 0.24 20324352
210 0.26 20287488
211 0.25 20303872
212 0.24 20271104
213 0.24 20328448
214 0.26 20410368
215 0.28 20488192
216 0.24 20402176
217 0.25 20606976
218 0.25 20602880
219 0.23 20520960
220 0.25 20643840
221 0.25 20795392
222 0.25 20824064
223 0.24 20799488
224 0.24 20770816
225 0.26 20975616
226 0.25 21037056
227 0.25 20930560
228 0.26 21053440
229 0.25 21004288
230 0.25 21028864
231 0.26 21102592
232 0.25 21061632
233 0.27 21303296
234 0.25 21340160
235 0.26 21303296
236 0.26 21446656
237 0.25 21282816
238 0.25 21487616
239 0.26 21569536
240 0.28 21495808
241 0.33 21651456
242 0.34 21663744
243 0.25 21630976
244 0.29 21757952
245 0.29 21864448
246 0.3 21868544
247 0.27 21798912
248 0.26 21929984
249 0.27 21962752
250 0.27 22028288
251 0.26 21991424
252 0.3 22159360
253 0.27 22175744
254 0.27 22220800
255 0.29 22241280
256 0.27 22204416
257 0.29 22409216
258 0.27 22433792
259 0.32 22392832
260 0.31 22519808
261 0.3 22478848
262 0.33 22568960
263 0.34 22589440
264 0.28 22622208
265 0.29 22687744
266 0.28 22802432
267 0.27 22626304
268 0.35 22888448
269 0.29 22827008
270 0.29 22913024
271 0.28 22896640
272 0.29 22970368
273 0.27 22937600
274 0.28 22999040
275 0.28 23261184
276 0.29 23224320
277 0.3 23281664
278 0.28 23179264
279 0.29 23363584
280 0.28 23310336
281 0.28 23269376
282 0.28 23343104
283 0.29 23482368
284 0.28 23572480
285 0.29 23506944
286 0.3 23556096
287 0.29 23506944
288 0.29 23601152
289 0.29 23654400
290 0.31 23887872
291 0.3 23961600
292 0.3 23814144
293 0.29 23830528
294 0.31 23863296
295 0.3 23904256
296 0.31 23945216
297 0.31 24129536
298 0.3 24039424
299 0.31 24170496
300 0.3 24076288
301 0.32 24334336
302 0.32 24330240
303 0.33 24403968
304 0.31 24297472
305 0.31 24514560
306 0.32 24530944
307 0.32 24539136
308 0.31 24576000
309 0.32 24563712
310 0.32 24686592
311 0.32 24772608
312 0.31 24838144
313 0.33 24821760
314 0.32 24858624
315 0.32 24932352
316 0.32 25055232
317 0.32 24965120
318 0.34 25219072
319 0.32 25026560
320 0.33 25219072
321 0.33 25358336
322 0.33 25174016
323 0.31 25174016
324 0.32 25415680
325 0.32 25378816
326 0.32 25378816
327 0.33 25399296
328 0.33 25382912
329 0.32 25518080
330 0.32 25546752
331 0.32 25567232
332 0.34 25612288
333 0.35 25821184
334 0.33 25833472
335 0.36 25927680
336 0.34 25939968
337 0.35 26021888
338 0.34 26091520
339 0.33 26050560
340 0.35 26136576
341 0.34 26247168
342 0.34 26230784
343 0.34 26226688
344 0.35 26353664
345 0.36 26529792
346 0.34 26394624
347 0.36 26497024
348 0.36 26533888
349 0.35 26476544
350 0.35 26595328
351 0.35 26652672
352 0.35 26681344
353 0.36 26660864
354 0.35 26714112
355 0.35 26841088
356 0.35 26808320
357 0.35 26902528
358 0.35 26931200
359 0.34 26927104
360 0.35 26923008
361 0.38 27160576
362 0.35 27037696
363 0.35 27148288
364 0.36 27123712
365 0.35 27181056
366 0.36 27369472
367 0.37 27422720
368 0.36 27361280
369 0.37 27443200
370 0.36 27418624
371 0.36 27570176
372 0.36 27541504
373 0.39 27656192
374 0.39 27713536
375 0.4 27820032
376 0.38 27824128
377 0.39 27942912
378 0.38 27959296
379 0.38 27889664
380 0.37 27869184
381 0.39 28082176
382 0.43 28094464
383 0.38 28209152
384 0.37 28123136
385 0.37 28147712
386 0.38 28188672
387 0.38 28303360
388 0.38 28315648
389 0.37 28286976
390 0.37 28508160
391 0.41 28487680
392 0.4 28565504
393 0.39 28573696
394 0.39 28663808
395 0.39 28598272
396 0.38 28610560
397 0.38 28626944
398 0.39 28626944
399 0.4 28950528
400 0.38 28807168
401 0.38 28901376
402 0.38 28844032
403 0.38 28897280
404 0.38 28954624
405 0.39 29089792
406 0.39 28979200
407 0.38 29073408
408 0.4 29188096
409 0.39 29298688
410 0.39 29196288
411 0.39 29229056
412 0.38 29306880
413 0.4 29290496
414 0.4 29450240
415 0.39 29421568
416 0.39 29458432
417 0.4 29569024
418 0.41 29704192
419 0.39 29650944
420 0.4 29638656
421 0.4 29683712
422 0.4 29851648
423 0.41 29810688
424 0.41 29974528
425 0.4 29863936
426 0.4 29937664
427 0.41 29966336
428 0.4 30007296
429 0.4 30060544
430 0.4 30085120
431 0.41 30273536
432 0.41 30203904
433 0.4 30220288
434 0.41 30380032
435 0.42 30334976
436 0.41 30359552
437 0.41 30461952
438 0.41 30474240
439 0.41 30486528
440 0.44 30633984
441 0.44 30760960
442 0.42 30674944
443 0.44 30892032
444 0.44 30883840
445 0.41 30732288
446 0.42 30806016
447 0.43 30932992
448 0.43 31014912
449 0.42 30920704
450 0.42 31080448
451 0.42 31023104
452 0.42 31096832
453 0.41 31117312
454 0.43 31223808
455 0.43 31186944
456 0.49 31232000
457 0.43 31408128
458 0.46 31375360
459 0.42 31363072
460 0.45 31502336
461 0.44 31465472
462 0.43 31555584
463 0.43 31666176
464 0.43 31637504
465 0.44 31997952
466 0.45 31916032
467 0.45 31952896
468 0.44 32047104
469 0.45 32034816
470 0.45 32100352
471 0.45 32178176
472 0.43 32124928
473 0.44 32157696
474 0.44 32251904
475 0.44 32194560
476 0.46 32382976
477 0.45 32473088
478 0.47 32559104
479 0.48 32493568
480 0.51 32620544
481 0.48 32661504
482 0.48 32649216
483 0.47 32538624
484 0.49 32702464
485 0.49 32899072
486 0.59 32866304
487 0.59 32911360
488 0.53 32882688
489 0.47 32854016
490 0.46 32940032
491 0.48 33075200
492 0.45 32952320
493 0.47 33136640
494 0.47 33214464
495 0.48 33161216
496 0.46 33312768
497 0.47 33320960
498 0.46 33300480
499 0.56 33411072
500 0.55 33492992
501 0.46 33357824
502 0.48 33546240
503 0.46 33517568
504 0.59 33652736
505 0.58 33599488
506 0.49 33726464
507 0.56 33669120
508 0.57 33857536
509 0.58 33845248
510 0.5 33853440
511 0.56 33902592
512 0.48 33902592
513 0.52 34062336
514 0.48 34107392
515 0.47 33968128
516 0.49 34246656
517 0.48 34197504
518 0.47 34164736
519 0.47 34168832
520 0.47 34295808
521 0.48 34279424
522 0.47 34418688
523 0.47 34369536
524 0.49 34533376
525 0.48 34680832
526 0.48 34488320
527 0.49 34742272
528 0.48 34582528
529 0.48 34684928
530 0.48 34652160
531 0.49 34885632
532 0.49 34766848
533 0.49 34893824
534 0.49 35033088
535 0.49 34910208
536 0.49 34914304
537 0.48 34971648
538 0.5 35008512
539 0.48 35033088
540 0.49 35115008
541 0.52 35172352
542 0.49 35229696
543 0.56 35332096
544 0.56 35446784
545 0.61 35450880
546 0.55 35508224
547 0.58 35573760
548 0.5 35446784
549 0.51 35631104
550 0.52 35651584
551 0.58 35737600
552 0.5 35700736
553 0.5 35741696
554 0.5 35885056
555 0.5 35835904
556 0.49 35807232
557 0.5 36007936
558 0.5 36048896
559 0.5 35958784
560 0.5 36110336
561 0.5 36073472
562 0.51 36069376
563 0.52 36327424
564 0.51 36151296
565 0.5 36257792
566 0.51 36409344
567 0.51 36343808
568 0.52 36470784
569 0.53 36495360
570 0.6 36556800
571 0.52 36528128
572 0.53 36651008
573 0.52 36642816
574 0.51 36646912
575 0.53 36671488
576 0.55 36814848
577 0.53 36806656
578 0.6 37003264
579 0.74 36950016
580 0.55 37019648
581 0.62 37117952
582 0.6 37142528
583 0.55 37220352
584 0.57 37167104
585 0.66 37244928
586 0.58 37269504
587 0.58 37339136
588 0.6 37367808
589 0.56 37433344
590 0.65 37519360
591 0.58 37515264
592 0.68 37552128
593 0.56 37519360
594 0.67 37650432
595 0.66 37617664
596 0.58 37629952
597 0.57 37724160
598 0.6 37822464
599 0.62 37883904
600 0.58 37904384
601 0.63 37871616
602 0.61 37998592
603 0.62 38060032
604 0.61 38125568
605 0.71 38080512
606 0.74 38146048
607 0.79 38211584
608 0.72 38268928
609 0.66 38260736
610 0.66 38313984
611 0.62 38367232
612 0.58 38416384
613 0.58 38494208
614 0.58 38465536
615 0.6 38473728
616 0.65 38592512
617 0.63 38666240
618 0.6 38678528
619 0.68 38629376
620 0.66 38694912
621 0.56 38772736
622 0.55 38780928
623 0.56 38830080
624 0.57 38989824
625 0.58 39051264
626 0.63 39092224
627 0.56 39079936
628 0.61 39161856
629 0.63 39206912
630 0.63 39223296
631 0.61 39292928
632 0.61 39264256
633 0.64 39419904
634 0.58 39284736
635 0.56 39350272
636 0.63 39489536
637 0.62 39481344
638 0.61 39641088
639 0.63 39718912
640 0.62 39669760
641 0.61 39763968
642 0.61 39813120
643 0.64 39800832
644 0.64 39882752
645 0.6 39858176
646 0.59 39936000
647 0.59 39911424
648 0.58 39870464
649 0.65 40116224
650 0.61 40103936
651 0.78 40206336
652 0.79 40173568
653 0.7 40308736
654 0.6 40275968
655 0.59 40230912
656 0.59 40321024
657 0.62 40497152
658 0.68 40480768
659 0.64 40443904
660 0.94 40521728
661 0.59 40464384
662 0.58 40419328
663 0.6 40603648
664 0.62 40771584
665 0.62 40804352
666 0.66 40751104
667 0.67 40923136
668 0.67 40804352
669 0.62 40861696
670 0.74 41009152
671 0.63 41009152
672 0.81 41086976
673 0.78 41181184
674 0.83 41136128
675 0.68 41218048
676 0.89 41287680
677 0.8 41410560
678 0.61 41226240
679 0.69 41480192
680 0.7 41406464
681 0.74 41517056
682 0.67 41521152
683 0.68 41574400
684 0.71 41689088
685 0.85 41656320
686 0.7 41693184
687 0.88 41787392
688 0.74 41791488
689 0.68 41885696
690 0.64 41811968
691 0.67 41988096
692 0.74 41938944
693 0.78 42037248
694 0.65 42123264
695 0.65 42102784
696 0.68 42131456
697 0.66 42250240
698 0.67 42209280
699 0.66 42348544
700 0.63 42283008
701 0.72 42393600
702 0.66 42446848
703 0.63 42418176
704 0.62 42561536
705 0.63 42545152
706 0.63 42442752
707 0.63 42655744
708 0.63 42614784
709 0.63 42586112
710 0.64 42692608
711 0.63 42651648
712 0.65 42754048
713 0.64 42762240
714 0.72 42934272
715 0.65 42962944
716 0.74 43016192
717 0.89 43151360
718 0.84 43110400
719 0.73 43204608
720 0.91 43384832
721 1.01 43429888
722 0.93 43479040
723 0.87 43544576
724 0.64 43540480
725 0.74 43651072
726 0.68 43687936
727 0.68 43753472
728 0.66 43659264
729 0.8 43741184
730 0.87 43880448
731 0.95 43913216
732 0.75 43868160
733 0.95 43880448
734 0.75 44019712
735 0.7 44097536
736 0.65 43937792
737 0.65 44044288
738 0.66 44163072
739 0.66 44216320
740 0.66 44204032
741 0.66 44212224
742 0.66 44355584
743 0.64 44167168
744 0.65 44187648
745 0.67 44441600
746 0.78 44441600
747 0.94 44560384
748 0.96 44564480
749 0.76 44617728
750 0.67 44597248
751 0.65 44662784
752 0.68 44765184
753 0.75 44724224
754 0.71 44826624
755 0.79 44937216
756 0.94 44957696
757 0.7 44933120
758 0.7 45109248
759 0.68 45072384
760 0.71 45182976
761 0.79 45129728
762 1.01 45146112
763 0.88 45170688
764 0.75 45305856
765 0.71 45371392
766 0.69 45346816
767 0.69 45301760
768 0.76 45395968
769 0.72 45518848
770 0.7 45543424
771 0.67 45469696
772 0.76 45629440
773 0.81 45776896
774 0.71 45752320
775 0.75 45727744
776 0.7 45764608
777 0.78 45776896
778 0.77 45973504
779 0.72 46006272
780 0.69 46030848
781 0.68 45936640
782 0.77 46129152
783 0.73 46194688
784 0.76 46104576
785 0.78 46239744
786 0.79 46280704
787 0.75 46374912
788 0.71 46424064
789 0.7 46362624
790 0.75 46477312
791 0.74 46432256
792 0.79 46530560
793 0.95 46522368
794 0.92 46641152
795 0.76 46661632
796 0.83 46727168
797 0.93 46723072
798 0.93 46784512
799 0.94 46788608
800 0.87 46870528