1 0.02 7421952
2 0.02 7450624
3 0.02 7467008
4 0.02 7438336
5 0.01 7446528
6 0.02 7561216
7 0.02 7483392
8 0.02 7540736
9 0.02 7565312
10 0.03 7532544
11 0.03 7585792
12 0.02 7585792
13 0.02 7581696
14 0.03 7651328
15 0.02 7667712
16 0.02 7688192
17 0.02 7655424
18 0.02 7700480
19 0.02 7720960
20 0.03 7737344
21 0.02 7761920
22 0.02 7778304
23 0.02 7790592
24 0.03 7794688
25 0.03 7823360
26 0.03 7847936
27 0.02 7872512
28 0.02 7888896
29 0.02 7860224
30 0.03 7925760
31 0.03 7925760
32 0.02 7958528
33 0.03 8024064
34 0.02 7991296
35 0.02 8065024
36 0.03 8069120
37 0.03 8101888
38 0.03 8073216
39 0.03 8146944
40 0.02 8155136
41 0.03 8171520
42 0.03 8196096
43 0.03 8200192
44 0.03 8212480
45 0.02 8196096
46 0.03 8249344
47 0.02 8245248
48 0.03 8314880
49 0.03 8261632
50 0.03 8282112
51 0.03 8355840
52 0.03 8359936
53 0.04 8376320
54 0.03 8433664
55 0.04 8445952
56 0.04 8437760
57 0.04 8441856
58 0.03 8470528
59 0.03 8441856
60 0.03 8507392
61 0.04 8531968
62 0.03 8556544
63 0.03 8572928
64 0.03 8597504
65 0.03 8617984
66 0.04 8638464
67 0.04 8658944
68 0.03 8630272
69 0.03 8704000
70 0.03 8704000
71 0.03 8716288
72 0.03 8708096
73 0.03 8785920
74 0.04 8798208
75 0.04 8876032
76 0.04 8847360
77 0.04 8835072
78 0.04 8863744
79 0.04 8916992
80 0.03 8933376
81 0.04 9003008
82 0.04 9019392
83 0.05 9007104
84 0.09 9056256
85 0.05 9068544
86 0.04 9064448
87 0.05 9097216
88 0.04 9138176
89 0.07 9150464
90 0.04 9154560
91 0.04 9150464
92 0.04 9150464
93 0.05 9228288
94 0.06 9224192
95 0.05 9224192
96 0.04 9252864
97 0.04 9269248
98 0.05 9306112
99 0.04 9347072
100 0.05 9285632
101 0.05 9326592
102 0.04 9367552
103 0.04 9392128
104 0.05 9461760
105 0.05 9441280
106 0.06 9498624
107 0.06 9482240
108 0.05 9465856
109 0.04 9506816
110 0.05 9494528
111 0.04 9551872
112 0.04 9576448
113 0.05 9519104
114 0.05 9641984
115 0.05 9625600
116 0.07 9715712
117 0.06 9723904
118 0.05 9723904
119 0.05 9760768
120 0.06 9740288
121 0.06 9797632
122 0.05 9809920
123 0.05 9854976
124 0.05 9822208
125 0.05 9818112
126 0.05 9818112
127 0.05 9863168
128 0.06 9953280
129 0.05 9949184
130 0.05 9920512
131 0.06 9961472
132 0.06 9981952
133 0.05 10084352
134 0.06 10010624
135 0.05 10055680
136 0.05 10084352
137 0.06 10092544
138 0.06 10129408
139 0.06 10158080
140 0.05 10149888
141 0.06 10231808
142 0.05 10231808
143 0.06 10248192
144 0.05 10297344
145 0.06 10338304
146 0.06 10448896
147 0.06 10465280
148 0.05 10395648
149 0.05 10448896
150 0.05 10452992
151 0.05 10518528
152 0.06 10526720
153 0.05 10485760
154 0.06 10567680
155 0.06 10575872
156 0.05 10612736
157 0.06 10641408
158 0.05 10657792
159 0.06 10706944
160 0.05 10694656
161 0.06 10711040
162 0.06 10764288
163 0.05 10780672
164 0.06 10788864
165 0.06 10792960
166 0.06 10878976
167 0.06 10858496
168 0.06 10887168
169 0.06 10915840
170 0.06 10964992
171 0.12 11005952
172 0.07 10993664
173 0.25 11005952
174 0.06 11046912
175 0.06 11067392
176 0.06 11075584
177 0.06 11120640
178 0.06 11124736
179 0.07 11128832
180 0.06 11173888
181 0.06 11190272
182 0.07 11218944
183 0.06 11247616
184 0.07 11259904
185 0.07 11280384
186 0.06 11313152
187 0.07 11341824
188 0.06 11370496
189 0.07 11395072
190 0.06 11411456
191 0.06 11485184
192 0.07 11472896
193 0.07 11501568
194 0.07 11546624
195 0.06 11522048
196 0.07 11563008
197 0.06 11575296
198 0.07 11603968
199 0.06 11603968
200 0.08 11640832
201 0.06 11759616
202 0.07 11689984
203 0.07 11681792
204 0.08 11747328
205 0.07 11759616
206 0.07 11780096
207 0.08 11894784
208 0.09 11886592
209 0.07 11825152
210 0.07 11890688
211 0.06 11894784
212 0.07 11923456
213 0.07 12034048
214 0.06 12034048
215 0.07 11972608
216 0.08 12132352
217 0.07 12062720
218 0.07 12058624
219 0.07 12103680
220 0.08 12111872
221 0.07 12111872
222 0.07 12197888
223 0.08 12259328
224 0.08 12259328
225 0.08 12316672
226 0.07 12300288
227 0.07 12296192
228 0.07 12369920
229 0.09 12349440
230 0.08 12337152
231 0.09 12365824
232 0.07 12447744
233 0.08 12500992
234 0.08 12460032
235 0.08 12455936
236 0.08 12546048
237 0.08 12529664
238 0.07 12550144
239 0.09 12607488
240 0.08 12640256
241 0.07 12668928
242 0.08 12681216
243 0.08 12718080
244 0.07 12808192
245 0.08 12759040
246 0.08 12804096
247 0.08 12840960
248 0.08 12828672
249 0.07 12857344
250 0.09 12898304
251 0.08 12890112
252 0.08 12943360
253 0.08 12955648
254 0.08 12988416
255 0.09 13066240
256 0.09 13029376
257 0.09 13045760
258 0.09 13107200
259 0.08 13135872
260 0.09 13180928
261 0.08 13201408
262 0.08 13217792
263 0.09 13234176
264 0.09 13406208
265 0.08 13336576
266 0.09 13373440
267 0.09 13381632
268 0.09 13414400
269 0.08 13373440
270 0.08 13524992
271 0.09 13508608
272 0.08 13557760
273 0.09 13578240
274 0.09 13602816
275 0.1 13611008
276 0.1 13660160
277 0.08 13635584
278 0.09 13729792
279 0.09 13815808
280 0.09 13778944
281 0.09 13799424
282 0.08 13791232
283 0.1 13852672
284 0.09 13942784
285 0.09 13930496
286 0.1 13963264
287 0.1 13967360
288 0.09 14020608
289 0.08 14041088
290 0.09 14098432
291 0.09 14127104
292 0.09 14127104
293 0.09 14143488
294 0.09 14213120
295 0.1 14229504
296 0.1 14278656
297 0.09 14348288
298 0.1 14360576
299 0.1 14401536
300 0.1 14442496
301 0.09 14446592
302 0.1 14487552
303 0.09 14516224
304 0.09 14540800
305 0.1 14565376
306 0.09 14721024
307 0.1 14630912
308 0.11 14659584
309 0.09 14716928
310 0.1 14716928
311 0.09 14741504
312 0.09 14823424
313 0.11 14860288
314 0.1 14954496
315 0.1 14917632
316 0.11 14987264
317 0.12 15069184
318 0.11 15077376
319 0.11 15134720
320 0.11 15228928
321 0.1 15085568
322 0.11 15298560
323 0.11 15294464
324 0.11 15216640
325 0.11 15372288
326 0.1 15294464
327 0.1 15327232
328 0.1 15286272
329 0.1 15437824
330 0.11 15396864
331 0.13 15581184
332 0.1 15482880
333 0.11 15642624
334 0.11 15618048
335 0.11 15650816
336 0.11 15585280
337 0.12 15695872
338 0.12 15740928
339 0.12 15740928
340 0.12 15769600
341 0.12 15757312
342 0.13 15912960
343 0.12 15900672
344 0.13 15937536
345 0.12 15982592
346 0.12 16023552
347 0.11 15876096
348 0.13 16134144
349 0.12 16101376
350 0.13 16089088
351 0.11 16134144
352 0.12 16109568
353 0.12 16171008
354 0.12 16261120
355 0.11 16207872
356 0.11 16224256
357 0.11 16244736
358 0.12 16265216
359 0.12 16330752
360 0.11 16322560
361 0.12 16470016
362 0.11 16396288
363 0.12 16543744
364 0.11 16441344
365 0.13 16519168
366 0.12 16515072
367 0.11 16543744
368 0.11 16584704
369 0.12 16683008
370 0.12 16670720
371 0.12 16740352
372 0.14 16789504
373 0.12 16670720
374 0.12 16801792
375 0.12 16871424
376 0.13 16900096
377 0.12 16875520
378 0.12 16920576
379 0.13 17010688
380 0.12 17022976
381 0.15 17076224
382 0.12 17047552
383 0.15 17158144
384 0.11 17068032
385 0.12 17096704
386 0.13 17248256
387 0.11 17174528
388 0.12 17219584
389 0.12 17231872
390 0.13 17395712
391 0.12 17362944
392 0.12 17395712
393 0.12 17440768
394 0.12 17383424
395 0.12 17448960
396 0.13 17559552
397 0.14 17649664
398 0.13 17547264
399 0.13 17702912
400 0.13 17702912
401 0.15 17723392
402 0.12 17776640
403 0.14 17743872
404 0.13 17731584
405 0.13 17833984
406 0.15 17866752
407 0.14 17862656
408 0.14 17944576
409 0.14 17977344
410 0.14 18042880
411 0.13 17936384
412 0.13 18079744
413 0.13 18026496
414 0.14 18165760
415 0.14 18083840
416 0.13 18194432
417 0.15 18227200
418 0.13 18132992
419 0.13 18173952
420 0.14 18198528
421 0.13 18219008
422 0.13 18333696
423 0.13 18288640
424 0.14 18325504
425 0.13 18337792
426 0.14 18399232
427 0.13 18452480
428 0.12 18456576
429 0.14 18489344
430 0.13 18509824
431 0.13 18538496
432 0.13 18591744
433 0.13 18685952
434 0.13 18657280
435 0.13 18735104
436 0.13 18726912
437 0.14 18755584
438 0.13 18796544
439 0.14 18771968
440 0.13 18870272
441 0.14 18862080
442 0.13 18894848
443 0.13 18972672
444 0.13 19054592
445 0.14 19070976
446 0.14 19001344
447 0.14 19062784
448 0.14 19091456
449 0.14 19091456
450 0.14 19165184
451 0.14 19169280
452 0.15 19226624
453 0.15 19238912
454 0.13 19267584
455 0.15 19243008
456 0.14 19361792
457 0.14 19390464
458 0.14 19410944
459 0.15 19460096
460 0.14 19476480
461 0.15 19505152
462 0.14 19562496
463 0.15 19574784
464 0.13 19607552
465 0.15 19652608
466 0.14 19660800
467 0.15 19632128
468 0.14 19853312
469 0.15 19734528
470 0.14 19791872
471 0.15 19808256
472 0.14 19902464
473 0.14 19861504
474 0.14 19951616
475 0.14 19927040
476 0.15 20013056
477 0.14 20021248
478 0.16 20086784
479 0.14 19992576
480 0.14 20135936
481 0.16 20180992
482 0.14 20152320
483 0.14 20197376
484 0.15 20250624
485 0.15 20254720
486 0.15 20373504
487 0.15 20496384
488 0.15 20381696
489 0.17 20537344
490 0.16 20447232
491 0.15 20443136
492 0.16 20652032
493 0.17 20664320
494 0.15 20574208
495 0.17 20721664
496 0.15 20656128
497 0.15 20652032
498 0.15 20721664
499 0.18 20787200
500 0.17 20746240
501 0.16 20930560
502 0.15 20967424
503 0.16 20832256
504 0.17 20934656
505 0.17 21118976
506 0.17 21016576
507 0.15 20987904
508 0.2 21139456
509 0.16 21090304
510 0.2 21217280
511 0.16 21213184
512 0.17 21233664
513 0.2 21381120
514 0.18 21344256
515 0.17 21372928
516 0.2 21516288
517 0.21 21540864
518 0.19 21651456
519 0.2 21663744
520 0.18 21639168
521 0.17 21655552
522 0.17 21831680
523 0.18 21856256
524 0.18 21929984
525 0.18 21893120
526 0.17 21917696
527 0.17 21794816
528 0.17 21884928
529 0.19 22085632
530 0.18 22200320
531 0.19 22224896
532 0.17 22085632
533 0.18 22212608
534 0.18 22372352
535 0.17 22245376
536 0.16 22339584
537 0.18 22274048
538 0.18 22536192
539 0.17 22343680
540 0.2 22609920
541 0.2 22528000
542 0.17 22573056
543 0.18 22642688
544 0.16 22683648
545 0.17 22851584
546 0.17 22814720
547 0.18 22904832
548 0.2 23011328
549 0.18 23048192
550 0.19 23068672
551 0.18 23097344
552 0.19 23232512
553 0.21 23232512
554 0.17 23154688
555 0.18 23191552
556 0.18 23199744
557 0.18 23216128
558 0.19 23527424
559 0.18 23453696
560 0.17 23351296
561 0.18 23470080
562 0.18 23576576
563 0.18 23556096
564 0.18 23617536
565 0.18 23687168
566 0.18 23674880
567 0.18 23699456
568 0.19 23867392
569 0.19 23764992
570 0.18 23908352
571 0.17 23916544
572 0.18 23973888
573 0.18 23994368
574 0.19 24002560
575 0.19 24031232
576 0.18 24195072
577 0.19 24162304
578 0.18 24236032
579 0.19 24412160
580 0.18 24461312
581 0.18 24264704
582 0.19 24547328
583 0.19 24580096
584 0.19 24629248
585 0.18 24547328
586 0.21 24547328
587 0.19 24625152
588 0.18 24760320
589 0.2 24719360
590 0.19 24809472
591 0.19 24895488
592 0.18 24858624
593 0.19 24842240
594 0.19 24952832
595 0.19 25038848
596 0.21 25305088
597 0.2 25317376
598 0.2 25231360
599 0.2 25354240
600 0.19 25378816
601 0.2 25526272
602 0.2 25509888
603 0.2 25468928
604 0.19 25477120
605 0.21 25583616
606 0.2 25735168
607 0.2 25653248
608 0.19 25690112
609 0.2 25718784
610 0.2 25751552
611 0.2 25698304
612 0.23 25919488
613 0.2 25923584
614 0.21 25972736
615 0.21 26103808
616 0.21 26189824
617 0.22 26107904
618 0.24 26312704
619 0.2 26308608
620 0.25 26439680
621 0.21 26460160
622 0.21 26284032
623 0.21 26378240
624 0.22 26611712
625 0.22 26517504
626 0.22 26607616
627 0.22 26607616
628 0.22 26673152
629 0.2 26607616
630 0.21 26775552
631 0.22 26722304
632 0.21 26742784
633 0.2 26759168
634 0.26 26914816
635 0.23 26968064
636 0.23 27099136
637 0.21 27045888
638 0.21 26959872
639 0.21 27127808
640 0.21 27181056
641 0.21 27078656
642 0.22 27373568
643 0.22 27271168
644 0.22 27344896
645 0.21 27422720
646 0.23 27336704
647 0.2 27353088
648 0.25 27582464
649 0.22 27635712
650 0.24 27713536
651 0.21 27602944
652 0.27 27803648
653 0.21 27693056
654 0.21 27754496
655 0.23 27918336
656 0.24 27922432
657 0.23 27906048
658 0.24 27930624
659 0.22 27877376
660 0.22 28086272
661 0.22 28102656
662 0.21 28139520
663 0.22 28135424
664 0.21 28131328
665 0.21 28213248
666 0.22 28274688
667 0.21 28356608
668 0.21 28393472
669 0.25 28602368
670 0.26 28676096
671 0.22 28438528
672 0.23 28803072
673 0.22 28643328
674 0.22 28786688
675 0.21 28803072
676 0.24 28839936
677 0.22 28790784
678 0.23 28848128
679 0.22 28884992
680 0.22 29007872
681 0.26 29134848
682 0.26 29204480
683 0.27 29184000
684 0.27 29376512
685 0.22 29073408
686 0.22 29274112
687 0.25 29376512
688 0.22 29319168
689 0.22 29249536
690 0.23 29462528
691 0.23 29523968
692 0.23 29605888
693 0.23 29618176
694 0.22 29589504
695 0.23 29609984
696 0.23 29667328
697 0.22 29741056
698 0.26 29900800
699 0.3 29933568
700 0.29 29990912
701 0.28 30072832
702 0.23 29949952
703 0.24 29995008
704 0.24 30113792
705 0.23 30056448
706 0.22 30113792
707 0.23 30064640
708 0.23 30253056
709 0.24 30294016
710 0.23 30281728
711 0.23 30326784
712 0.23 30392320
713 0.23 30400512
714 0.23 30478336
715 0.24 30777344
716 0.23 30564352
717 0.23 30576640
718 0.24 30613504
719 0.23 30621696
720 0.23 30810112
721 0.24 30777344
722 0.23 30875648
723 0.24 30851072
724 0.23 30883840
725 0.24 30937088
726 0.24 31076352
727 0.24 31109120
728 0.23 31141888
729 0.24 31121408
730 0.24 31207424
731 0.24 31170560
732 0.24 31363072
733 0.23 31313920
734 0.23 31309824
735 0.24 31391744
736 0.24 31453184
737 0.24 31428608
738 0.24 31567872
739 0.25 31604736
740 0.25 31653888
741 0.24 31649792
742 0.24 31703040
743 0.24 31752192
744 0.26 32088064
745 0.26 32079872
746 0.25 32002048
747 0.25 32071680
748 0.28 32243712
749 0.25 31997952
750 0.29 32296960
751 0.24 32190464
752 0.29 32346112
753 0.27 32395264
754 0.26 32313344
755 0.27 32440320
756 0.27 32538624
757 0.28 32464896
758 0.26 32509952
759 0.24 32534528
760 0.27 32591872
761 0.26 32727040
762 0.26 32821248
763 0.25 32727040
764 0.26 32735232
765 0.31 32948224
766 0.27 32899072
767 0.27 32989184
768 0.28 33177600
769 0.28 33075200
770 0.25 33026048