1 0.07 10678272
2 0.07 10727424
3 0.07 10772480
4 0.07 10817536
5 0.08 10809344
6 0.08 10915840
7 0.08 10960896
8 0.07 11030528
9 0.08 11087872
10 0.08 11153408
11 0.07 11243520
12 0.08 11198464
13 0.08 11292672
14 0.07 11350016
15 0.08 11345920
16 0.08 11456512
17 0.09 11513856
18 0.08 11595776
19 0.09 11644928
20 0.08 11751424
21 0.09 11771904
22 0.08 11825152
23 0.09 11894784
24 0.09 11948032
25 0.09 11993088
26 0.09 12058624
27 0.09 12103680
28 0.09 12206080
29 0.09 12169216
30 0.09 12292096
31 0.09 12337152
32 0.09 12361728
33 0.1 12472320
34 0.1 12525568
35 0.1 12578816
36 0.09 12611584
37 0.09 12726272
38 0.09 12791808
39 0.1 12861440
40 0.1 12902400
41 0.1 13062144
42 0.1 13135872
43 0.1 13221888
44 0.11 13291520
45 0.11 13402112
46 0.11 13496320
47 0.1 13557760
48 0.1 13627392
49 0.11 13709312
50 0.11 13770752
51 0.1 13852672
52 0.11 13864960
53 0.12 13996032
54 0.12 14118912
55 0.13 14131200
56 0.11 14213120
57 0.12 14274560
58 0.11 14295040
59 0.11 14372864
60 0.12 14516224
61 0.11 14561280
62 0.12 14716928
63 0.11 14774272
64 0.12 14868480
65 0.12 14970880
66 0.12 15130624
67 0.12 15192064
68 0.12 15343616
69 0.12 15523840
70 0.12 15577088
71 0.12 15683584
72 0.13 15781888
73 0.12 16011264
74 0.13 15998976
75 0.13 16142336
76 0.13 16252928
77 0.13 16297984
78 0.13 16404480
79 0.13 16564224
80 0.13 16617472
81 0.14 16719872
82 0.14 16855040
83 0.14 16986112
84 0.14 17104896
85 0.14 17227776
86 0.14 17354752
87 0.14 17424384
88 0.15 17580032
89 0.14 17780736
90 0.15 17879040
91 0.15 17981440
92 0.15 18046976
93 0.15 18202624
94 0.15 18309120
95 0.15 18481152
96 0.15 18530304
97 0.15 18628608
98 0.16 18731008
99 0.15 18800640
100 0.16 18989056
101 0.16 19087360
102 0.16 19189760
103 0.16 19292160
104 0.17 19406848
105 0.22 19636224
106 0.16 19603456
107 0.22 19660800
108 0.16 19775488
109 0.17 19939328
110 0.17 20045824
111 0.16 20172800
112 0.18 20254720
113 0.17 20426752
114 0.17 20484096
115 0.17 20529152
116 0.19 20770816
117 0.17 20733952
118 0.17 20881408
119 0.18 20951040
120 0.18 21102592
121 0.18 21159936
122 0.18 21311488
123 0.18 21368832
124 0.18 21483520
125 0.18 21622784
126 0.19 21835776
127 0.19 21897216
128 0.19 22130688
129 0.18 22249472
130 0.19 22409216
131 0.19 22568960
132 0.19 22753280
133 0.19 22908928
134 0.2 23121920
135 0.2 23322624
136 0.2 23465984
137 0.2 23572480
138 0.19 23736320
139 0.2 23953408
140 0.2 24137728
141 0.2 24379392
142 0.2 24494080
143 0.21 24666112
144 0.2 24817664
145 0.21 25034752
146 0.2 25165824
147 0.22 25374720
148 0.28 25538560
149 0.21 25702400
150 0.21 25829376
151 0.21 26025984
152 0.21 26189824
153 0.22 26353664
154 0.21 26546176
155 0.22 26705920
156 0.21 26816512
157 0.22 27029504
158 0.22 27217920
159 0.22 27336704
160 0.23 27545600
161 0.23 27836416
162 0.22 27820032
163 0.23 28033024
164 0.24 28372992
165 0.23 28311552
166 0.23 28573696
167 0.23 28680192
168 0.24 28897280
169 0.23 29007872
170 0.25 29298688
171 0.24 29413376
172 0.24 29552640
173 0.24 29773824
174 0.24 29941760
175 0.24 30134272
176 0.24 30310400
177 0.25 30486528
178 0.25 30683136
179 0.25 30818304
180 0.25 31068160
181 0.26 31256576
182 0.25 31420416
183 0.26 31612928
184 0.26 31752192
185 0.26 31993856
186 0.26 32178176
187 0.27 32387072
188 0.26 32514048
189 0.26 32669696
190 0.28 33017856
191 0.28 33173504
192 0.28 33259520
193 0.27 33398784
194 0.27 33611776
195 0.27 33775616
196 0.28 33939456
197 0.28 34078720
198 0.28 34250752
199 0.28 34410496
200 0.29 34619392
201 0.29 34750464
202 0.29 34926592
203 0.28 35106816
204 0.29 35336192
205 0.29 35446784
206 0.3 35655680
207 0.3 35840000
208 0.3 35942400
209 0.3 36229120
210 0.3 36302848
211 0.3 36433920
212 0.3 36659200
213 0.3 36810752
214 0.31 36995072
215 0.3 37101568
216 0.3 37351424
217 0.31 37482496
218 0.31 37679104
219 0.31 37797888
220 0.32 38010880
221 0.32 38166528
222 0.31 38293504
223 0.32 38502400
224 0.31 38764544
225 0.31 38793216
226 0.32 38940672
227 0.31 39104512
228 0.33 39448576
229 0.32 39522304
230 0.32 39698432
231 0.32 39804928
232 0.32 40030208
233 0.33 40140800
234 0.33 40341504
235 0.33 40501248
236 0.33 40685568
237 0.34 40996864
238 0.34 41005056
239 0.34 41160704
240 0.35 41349120
241 0.35 41652224
242 0.34 41840640
243 0.35 42000384
244 0.34 42106880
245 0.34 42352640
246 0.35 42606592
247 0.35 42684416
248 0.35 42774528
249 0.37 43073536
250 0.36 43167744
251 0.36 43343872
252 0.35 43515904
253 0.37 43700224
254 0.37 43974656
255 0.36 44228608
256 0.37 44544000
257 0.37 44818432
258 0.37 45039616
259 0.37 45408256
260 0.39 45748224
261 0.37 45977600
262 0.37 46309376
263 0.38 46587904
264 0.37 46817280
265 0.37 47108096
266 0.38 47607808
267 0.39 47882240
268 0.39 48082944
269 0.39 48414720
270 0.38 48660480
271 0.39 48951296
272 0.39 49229824
273 0.39 49569792
274 0.4 49856512
275 0.39 50110464
276 0.39 50421760
277 0.4 50769920
278 0.4 51060736
279 0.4 51290112
280 0.41 51593216
281 0.41 51908608
282 0.41 52211712
283 0.41 52486144
284 0.41 52822016
285 0.42 53100544
286 0.43 53407744
287 0.42 53678080
288 0.41 53944320
289 0.42 54247424
290 0.42 54628352
291 0.43 54878208
292 0.43 55148544
293 0.44 55545856
294 0.43 55746560
295 0.43 55984128
296 0.44 56315904
297 0.45 56696832
298 0.44 56934400
299 0.45 57159680
300 0.44 57491456
301 0.44 57741312
302 0.45 58155008
303 0.45 58355712
304 0.44 58638336
305 0.45 58941440
306 0.45 59240448
307 0.46 59502592
308 0.46 59858944
309 0.45 60141568
310 0.45 60366848
311 0.46 60669952
312 0.46 60997632
313 0.47 61263872
314 0.47 61612032
315 0.48 62013440
316 0.47 62132224
317 0.47 62472192
318 0.47 62775296
319 0.48 63107072
320 0.48 63369216
321 0.47 63680512
322 0.48 64028672
323 0.48 64278528
324 0.48 64532480
325 0.49 64860160
326 0.49 65146880
327 0.49 65617920
328 0.49 65789952
329 0.49 66052096
330 0.5 66338816
331 0.5 66633728
332 0.5 66932736
333 0.49 67162112
334 0.5 67649536
335 0.5 67817472
336 0.52 68100096
337 0.51 68399104
338 0.51 68816896
339 0.53 68980736
340 0.51 69259264
341 0.51 69505024
342 0.52 69861376
343 0.52 70123520
344 0.52 70443008
345 0.52 70705152
346 0.52 70975488
347 0.53 71335936
348 0.53 71704576
349 0.53 71946240
350 0.53 72232960
351 0.54 72585216
352 0.54 72904704
353 0.54 73195520
354 0.55 73486336
355 0.55 73793536
356 0.55 74219520
357 0.54 74383360
358 0.55 74694656
359 0.55 75067392
360 0.56 75399168
361 0.55 75603968
362 0.56 75956224
363 0.55 76316672
364 0.56 76599296
365 0.56 76910592
366 0.56 77205504
367 0.56 77529088
368 0.57 77819904
369 0.57 78057472
370 0.58 78413824
371 0.58 78757888
372 0.58 79065088
373 0.59 79339520
374 0.58 79654912
375 0.59 80183296
376 0.6 80433152
377 0.61 80760832
378 0.6 80977920
379 0.62 81371136
380 0.61 81571840
381 0.62 81915904
382 0.62 82165760
383 0.63 82509824
384 0.62 82870272
385 0.63 83152896
386 0.62 83394560
387 0.63 83730432
388 0.63 83972096
389 0.64 84316160
390 0.63 84606976
391 0.64 84946944
392 0.63 85229568
393 0.64 85528576
394 0.64 85807104
395 0.64 86089728
396 0.64 86360064
397 0.64 86675456
398 0.65 86982656
399 0.65 87298048
400 0.65 87597056
401 0.66 87982080
402 0.66 88379392
403 0.66 88473600
404 0.67 88776704
405 0.68 89231360
406 0.67 89440256
407 0.67 89649152
408 0.67 89985024
409 0.67 90284032
410 0.68 90525696
411 0.68 90992640
412 0.68 91140096
413 0.68 91455488
414 0.68 91750400
415 0.68 91996160
416 0.69 92377088
417 0.7 92626944
418 0.71 92913664
419 0.7 93171712
420 0.7 93487104
421 0.7 93822976
422 0.7 94068736
423 0.71 94384128
424 0.71 94760960
425 0.72 94978048
426 0.71 95252480
427 0.72 95682560
428 0.71 95862784
429 0.72 96145408
430 0.72 96432128
431 0.73 96903168
432 0.72 97013760
433 0.85 97591296
434 0.73 97587200
435 0.73 97857536
436 0.73 98189312
437 0.74 98488320
438 0.75 98869248
439 0.73 99061760
440 0.74 99360768
441 0.74 99610624
442 0.75 100040704
443 0.76 100315136
444 0.75 100528128
445 0.76 100917248
446 0.76 101101568
447 0.77 101416960
448 0.75 101621760
449 0.76 101978112
450 0.77 102281216
451 0.77 102592512
452 0.77 102801408
453 0.78 103321600
454 0.78 103452672
455 0.78 103677952
456 0.77 104026112
457 0.79 104341504
458 0.79 104681472
459 0.85 105111552
460 0.79 105299968
461 0.79 105508864
462 0.79 105738240
463 0.79 106082304
464 0.79 106401792
465 0.81 106725376
466 0.81 106999808
467 0.8 107270144
468 0.81 107864064
469 0.8 107794432
470 0.82 108142592
471 0.82 108437504
472 0.81 108675072
473 0.82 109060096
474 0.81 109330432
475 0.82 109568000
476 0.82 109903872
477 0.82 110215168
478 0.82 110403584
479 0.83 110796800
480 0.83 111087616
481 0.83 111304704
482 0.83 111603712
483 0.85 112242688
484 0.87 112410624
485 0.86 112476160
486 0.88 113016832
487 0.87 113246208
488 0.85 113442816
489 0.85 113651712
490 0.85 114024448
491 0.86 114315264
492 0.85 114548736
493 0.86 114876416
494 0.86 115277824
495 0.87 115757056
496 0.87 115789824
497 0.87 116076544
498 0.86 116355072
499 0.87 116621312
500 0.88 116908032
501 0.87 117227520
502 0.88 117460992
503 0.88 117788672
504 0.89 118095872
505 0.9 118341632
506 0.91 118939648
507 0.89 118980608
508 0.9 119443456
509 0.9 119582720
510 0.89 120000512
511 0.9 120598528
512 0.91 121159680
513 0.9 121712640
514 0.91 122204160
515 0.92 122736640
516 0.92 123330560
517 0.92 123858944
518 0.92 124338176
519 0.93 124928000
520 0.93 125460480
521 0.98 126009344
522 0.93 126554112
523 0.93 127107072
524 0.94 127623168
525 0.96 128413696
526 0.94 128704512
527 0.95 129253376
528 0.94 129781760
529 0.95 130314240
530 0.95 130854912
531 0.95 131399680
532 0.96 131928064
533 0.97 132501504
534 0.96 133013504
535 0.96 133476352
536 0.97 134070272
537 0.98 134705152
538 0.98 135180288
539 0.98 135708672
540 0.98 136187904
541 0.99 136765440
542 0.99 137302016
543 0.99 137781248
544 0.99 138403840
545 0.99 138862592
546 1.0 139657216
547 1.02 139976704
548 1.0 140476416
549 1.01 141103104
550 1.01 141561856
551 1.01 142143488
552 1.02 142749696
553 1.02 143282176
554 1.02 143843328
555 1.04 144375808
556 1.03 145133568
557 1.03 145412096
558 1.03 146124800
559 1.03 146493440
560 1.04 147079168
561 1.04 147623936
562 1.05 148144128
563 1.06 148955136
564 1.05 149233664
565 1.05 149762048
566 1.07 150429696
567 1.07 151154688
568 1.07 151322624
569 1.06 151867392
570 1.07 152416256
571 1.07 152973312
572 1.08 153485312
573 1.07 154075136
574 1.08 154574848
575 1.09 155156480
576 1.11 155717632
577 1.08 156217344
578 1.1 156762112
579 1.09 157319168
580 1.1 157868032
581 1.1 158425088
582 1.12 158969856
583 1.12 159563776
584 1.12 160116736
585 1.13 160800768
586 1.12 161058816
587 1.12 161648640
588 1.12 162205696
589 1.13 162738176
590 1.12 163282944
591 1.14 163799040
592 1.13 164315136
593 1.13 164904960
594 1.14 165404672
595 1.14 165896192
596 1.14 166453248
597 1.15 167186432
598 1.16 167673856
599 1.16 168173568
600 1.17 168996864
601 1.16 169332736
602 1.21 170139648
603 1.18 170393600
604 1.17 170983424
605 1.18 171536384
606 1.18 171999232
607 1.22 172879872
608 1.2 173268992
609 1.19 173670400
610 1.2 174198784
611 1.2 174739456
612 1.2 175325184
613 1.2 175796224
614 1.22 176619520
615 1.22 176930816
616 1.22 177463296
617 1.22 177954816
618 1.21 178487296
619 1.23 179032064
620 1.24 179625984
621 1.23 180166656
622 1.23 180731904
623 1.27 181280768
624 1.28 181821440
625 1.25 182308864
626 1.25 182800384
627 1.24 183410688
628 1.25 183877632
629 1.25 184422400
630 1.26 185036800
631 1.27 185565184
632 1.27 186109952
633 1.28 186621952
634 1.28 187170816
635 1.3 187904000
636 1.28 188239872
637 1.28 188723200
638 1.29 189272064
639 1.3 190169088
640 1.29 190386176
641 1.33 190935040
642 1.3 191541248
643 1.31 192294912
644 1.36 192720896
645 1.31 193273856
646 1.31 193642496
647 1.31 194404352
648 1.31 194691072
649 1.32 195289088
650 1.34 196108288
651 1.39 196665344
652 1.32 196898816
653 1.33 197443584
654 1.33 197996544
655 1.33 198537216
656 1.34 199086080
657 1.34 199577600
658 1.35 200093696
659 1.35 200613888
660 1.35 201220096
661 1.36 201707520
662 1.37 202305536
663 1.42 202940416
664 1.38 203403264
665 1.38 204120064
666 1.36 204488704
667 1.37 205012992
668 1.44 205602816
669 1.38 206061568
670 1.38 206548992
671 1.39 207155200
672 1.39 207720448
673 1.39 208228352
674 1.39 208699392
675 1.41 209526784
676 1.41 209891328
677 1.4 210415616
678 1.48 211030016
679 1.42 211505152
680 1.42 211980288
681 1.43 212512768
682 1.43 213041152
683 1.43 213590016
684 1.43 214142976
685 1.43 214716416
686 1.45 215199744
687 1.45 215810048
688 1.44 216317952
689 1.46 217071616
690 1.45 217427968
691 1.52 218075136
692 1.45 218431488
693 1.5 219193344
694 1.53 219648000
695 1.5 220307456
696 1.56 220921856
697 1.6 221581312
698 1.49 221806592
699 1.47 222314496
700 1.56 223059968
701 1.48 223322112
702 1.49 223928320
703 1.5 224571392
704 1.49 224997376
705 1.5 225656832
706 1.51 226254848
707 1.59 226922496
708 1.51 227303424
709 1.51 227815424
710 1.52 228446208
711 1.56 229212160
712 1.68 229801984
713 1.72 230187008
714 1.76 230891520
715 1.66 231366656
716 1.57 231817216
717 1.56 232300544
718 1.55 232833024
719 1.56 233410560
720 1.56 233889792
721 1.57 234754048
722 1.57 234987520
723 1.64 235945984
724 1.57 236175360
725 1.58 236822528
726 1.58 237363200
727 1.6 237858816
728 1.58 238374912
729 1.59 238923776
730 1.6 239611904
731 1.75 240246784
732 1.62 240590848
733 1.73 241360896
734 1.61 241745920
735 1.61 242249728
736 1.62 242823168
737 1.63 243331072
738 1.72 244047872
739 1.64 244428800
740 1.64 244981760
741 1.64 245653504
742 1.65 246136832
743 1.78 246853632
744 1.66 247328768
745 1.66 247836672
746 1.74 248786944
747 1.67 249024512
748 1.74 249528320
749 1.8 250126336
750 1.7 250871808
751 1.76 251465728
752 1.69 251940864
753 1.7 252403712
754 1.68 252821504
755 1.69 253390848
756 1.71 253931520
757 1.7 254488576
758 1.77 255045632
759 1.78 255590400
760 1.76 256122880
761 1.78 256843776
762 1.78 257269760
763 1.78 257802240
764 1.79 258281472
765 1.79 258904064
766 1.81 259551232
767 1.79 260009984
768 1.91 260927488
769 1.8 261103616
770 1.81 261644288
771 1.81 262176768
772 1.83 262672384
773 1.81 263266304
774 1.91 264073216
775 1.82 264376320
776 1.94 264908800
777 1.83 265428992
778 1.83 265990144
779 1.85 266477568
780 1.85 267083776
781 1.86 267567104
782 1.87 268193792
783 1.86 268767232
784 1.87 269242368
785 1.98 270151680
786 1.87 270307328
787 1.88 270864384
788 1.9 271409152
789 1.89 271921152
790 1.89 272543744
791 1.91 273088512
792 1.91 273547264
793 1.96 274251776
794 1.91 274657280
795 1.91 275222528
796 1.92 275853312
797 1.92 276316160
798 1.93 276860928
799 2.08 277831680
800 1.94 277946368