1 0.07 10633216
2 0.08 10715136
3 0.07 10719232
4 0.07 10764288
5 0.07 10809344
6 0.07 10870784
7 0.08 10960896
8 0.08 11022336
9 0.08 11091968
10 0.08 11145216
11 0.07 11153408
12 0.08 11239424
13 0.08 11251712
14 0.07 11350016
15 0.07 11390976
16 0.09 11456512
17 0.09 11591680
18 0.08 11636736
19 0.08 11599872
20 0.08 11673600
21 0.08 11771904
22 0.08 11780096
23 0.08 11841536
24 0.09 11886592
25 0.09 11988992
26 0.08 12050432
27 0.09 12103680
28 0.09 12128256
29 0.09 12214272
30 0.09 12288000
31 0.09 12292096
32 0.1 12447744
33 0.1 12460032
34 0.1 12558336
35 0.09 12578816
36 0.1 12656640
37 0.1 12718080
38 0.09 12795904
39 0.11 12861440
40 0.09 12955648
41 0.1 13066240
42 0.1 13090816
43 0.1 13262848
44 0.1 13320192
45 0.11 13414400
46 0.1 13447168
47 0.11 13545472
48 0.1 13574144
49 0.1 13709312
50 0.11 13770752
51 0.11 13844480
52 0.11 13864960
53 0.12 13938688
54 0.11 14065664
55 0.11 14082048
56 0.11 14221312
57 0.11 14229504
58 0.12 14295040
59 0.11 14417920
60 0.11 14458880
61 0.12 14561280
62 0.12 14671872
63 0.13 14909440
64 0.12 14868480
65 0.12 14970880
66 0.12 15142912
67 0.12 15245312
68 0.12 15339520
69 0.12 15474688
70 0.12 15626240
71 0.12 15683584
72 0.13 15822848
73 0.13 15896576
74 0.13 16039936
75 0.12 16154624
76 0.13 16203776
77 0.14 16400384
78 0.13 16445440
79 0.13 16568320
80 0.14 16658432
81 0.14 16752640
82 0.14 16863232
83 0.14 16986112
84 0.14 17063936
85 0.14 17219584
86 0.14 17416192
87 0.14 17424384
88 0.15 17588224
89 0.14 17772544
90 0.14 17829888
91 0.16 17981440
92 0.15 18096128
93 0.15 18153472
94 0.15 18313216
95 0.15 18366464
96 0.15 18481152
97 0.16 18628608
98 0.15 18698240
99 0.16 18833408
100 0.16 18989056
101 0.16 19095552
102 0.16 19181568
103 0.17 19292160
104 0.16 19419136
105 0.16 19505152
106 0.17 19611648
107 0.16 19660800
108 0.17 19824640
109 0.16 19898368
110 0.17 20004864
111 0.16 20164608
112 0.17 20262912
113 0.17 20324352
114 0.18 20467712
115 0.18 20529152
116 0.17 20631552
117 0.17 20733952
118 0.18 20856832
119 0.18 20983808
120 0.21 21098496
121 0.18 21159936
122 0.19 21319680
123 0.18 21409792
124 0.18 21528576
125 0.18 21626880
126 0.18 21716992
127 0.19 21897216
128 0.19 22085632
129 0.18 22302720
130 0.19 22454272
131 0.19 22568960
132 0.19 22753280
133 0.19 22908928
134 0.19 23121920
135 0.2 23379968
136 0.19 23474176
137 0.2 23621632
138 0.2 23785472
139 0.2 23953408
140 0.2 24190976
141 0.2 24326144
142 0.2 24494080
143 0.2 24666112
144 0.23 24866816
145 0.21 25042944
146 0.2 25292800
147 0.21 25374720
148 0.21 25534464
149 0.21 25710592
150 0.21 25878528
151 0.21 25972736
152 0.22 26132480
153 0.21 26365952
154 0.22 26537984
155 0.21 26656768
156 0.22 26816512
157 0.22 26980352
158 0.22 27176960
159 0.22 27406336
160 0.22 27492352
161 0.23 27705344
162 0.22 27881472
163 0.23 27979776
164 0.23 28209152
165 0.24 28520448
166 0.23 28569600
167 0.23 28745728
168 0.23 28844032
169 0.24 29061120
170 0.23 29179904
171 0.24 29417472
172 0.24 29593600
173 0.24 29724672
174 0.24 29958144
175 0.24 30126080
176 0.25 30310400
177 0.24 30433280
178 0.25 30797824
179 0.25 30875648
180 0.25 31076352
181 0.25 31248384
182 0.25 31363072
183 0.25 31571968
184 0.26 31870976
185 0.26 32043008
186 0.26 32178176
187 0.27 32333824
188 0.27 32669696
189 0.27 32722944
190 0.28 32980992
191 0.27 33112064
192 0.28 33337344
193 0.27 33447936
194 0.28 33562624
195 0.28 33771520
196 0.28 33939456
197 0.28 34115584
198 0.29 34299904
199 0.28 34455552
200 0.28 34574336
201 0.29 34881536
202 0.28 34979840
203 0.29 35160064
204 0.3 35336192
205 0.29 35446784
206 0.3 35737600
207 0.29 35831808
208 0.3 35942400
209 0.29 36098048
210 0.3 36302848
211 0.3 36487168
212 0.31 36655104
213 0.31 36810752
214 0.31 37101568
215 0.3 37154816
216 0.31 37343232
217 0.32 37629952
218 0.32 37695488
219 0.32 37945344
220 0.32 38010880
221 0.31 38125568
222 0.33 38457344
223 0.33 38522880
224 0.34 38674432
225 0.32 38952960
226 0.32 38989824
227 0.32 39104512
228 0.32 39333888
229 0.33 39514112
230 0.32 39641088
231 0.32 39804928
232 0.33 39976960
233 0.32 40284160
234 0.34 40333312
235 0.33 40501248
236 0.33 40628224
237 0.34 40796160
238 0.34 40955904
239 0.34 41111552
240 0.34 41299968
241 0.34 41664512
242 0.35 41840640
243 0.34 42000384
244 0.35 42156032
245 0.35 42291200
246 0.35 42500096
247 0.34 42622976
248 0.35 42831872
249 0.35 43028480
250 0.35 43114496
251 0.36 43343872
252 0.36 43499520
253 0.36 43683840
254 0.37 43974656
255 0.36 44281856
256 0.36 44564480
257 0.37 44818432
258 0.37 45096960
259 0.37 45518848
260 0.37 45617152
261 0.38 45977600
262 0.37 46239744
263 0.37 46587904
264 0.38 46817280
265 0.38 47169536
266 0.39 47525888
267 0.38 47812608
268 0.39 48082944
269 0.39 48418816
270 0.39 48701440
271 0.4 48992256
272 0.4 49324032
273 0.39 49655808
274 0.39 49811456
275 0.41 50237440
276 0.4 50466816
277 0.4 50810880
278 0.4 51007488
279 0.4 51335168
280 0.41 51695616
281 0.41 51920896
282 0.41 52170752
283 0.41 52486144
284 0.41 52776960
285 0.41 53059584
286 0.41 53383168
287 0.41 53690368
288 0.42 53972992
289 0.42 54247424
290 0.42 54554624
291 0.43 54824960
292 0.43 55103488
293 0.43 55566336
294 0.42 55828480
295 0.43 56127488
296 0.43 56311808
297 0.44 56602624
298 0.43 56918016
299 0.44 57159680
300 0.44 57491456
301 0.45 57798656
302 0.45 58114048
303 0.45 58355712
304 0.45 58638336
305 0.45 58941440
306 0.46 59260928
307 0.45 59559936
308 0.46 59781120
309 0.46 60084224
310 0.46 60416000
311 0.46 60669952
312 0.46 61009920
313 0.46 61407232
314 0.47 61698048
315 0.48 61894656
316 0.47 62251008
317 0.47 62672896
318 0.47 62771200
319 0.47 63115264
320 0.48 63442944
321 0.48 63664128
322 0.48 64151552
323 0.48 64274432
324 0.48 64585728
325 0.49 64856064
326 0.48 65105920
327 0.49 65486848
328 0.5 65777664
329 0.49 66015232
330 0.5 66347008
331 0.49 66633728
332 0.5 66891776
333 0.5 67162112
334 0.5 67489792
335 0.5 67817472
336 0.5 68100096
337 0.5 68399104
338 0.51 68677632
339 0.51 68915200
340 0.51 69292032
341 0.52 69529600
342 0.52 69861376
343 0.52 70230016
344 0.51 70443008
345 0.52 70754304
346 0.52 71024640
347 0.52 71282688
348 0.52 71634944
349 0.53 71946240
350 0.54 72290304
351 0.53 72531968
352 0.54 72896512
353 0.55 73306112
354 0.55 73502720
355 0.56 73793536
356 0.54 74100736
357 0.54 74522624
358 0.55 74756096
359 0.55 75005952
360 0.56 75292672
361 0.56 75673600
362 0.55 75956224
363 0.56 76308480
364 0.56 76599296
365 0.56 76914688
366 0.57 77197312
367 0.57 77467648
368 0.57 77766656
369 0.58 78110720
370 0.58 78467072
371 0.58 78688256
372 0.58 79056896
373 0.58 79310848
374 0.58 79622144
375 0.58 79986688
376 0.61 80424960
377 0.61 80760832
378 0.62 81043456
379 0.61 81371136
380 0.62 81625088
381 0.62 81911808
382 0.62 82219008
383 0.62 82522112
384 0.63 82853888
385 0.63 83193856
386 0.62 83386368
387 0.63 83865600
388 0.63 84025344
389 0.63 84316160
390 0.64 84623360
391 0.64 85012480
392 0.63 85180416
393 0.64 85471232
394 0.65 85913600
395 0.64 86097920
396 0.65 86396928
397 0.65 86663168
398 0.65 86986752
399 0.65 87298048
400 0.65 87556096
401 0.65 87879680
402 0.66 88162304
403 0.66 88424448
404 0.67 88735744
405 0.66 89067520
406 0.67 89501696
407 0.67 89694208
408 0.68 89976832
409 0.67 90238976
410 0.67 90525696
411 0.67 90800128
412 0.68 91271168
413 0.68 91414528
414 0.69 91750400
415 0.69 92049408
416 0.68 92327936
417 0.69 92618752
418 0.69 92868608
419 0.69 93134848
420 0.7 93716480
421 0.7 93765632
422 0.7 94068736
423 0.71 94384128
424 0.71 94670848
425 0.7 94932992
426 0.71 95199232
427 0.71 95490048
428 0.71 95862784
429 0.72 96153600
430 0.72 96432128
431 0.72 96722944
432 0.72 97001472
433 0.72 97234944
434 0.73 97685504
435 0.73 97910784
436 0.72 98144256
437 0.73 98488320
438 0.73 98787328
439 0.74 99053568
440 0.75 99352576
441 0.73 99561472
442 0.74 99958784
443 0.75 100220928
444 0.76 100528128
445 0.75 100761600
446 0.75 101109760
447 0.75 101408768
448 0.75 101621760
449 0.77 101978112
450 0.76 102281216
451 0.76 102531072
452 0.76 102854656
453 0.78 103165952
454 0.78 103649280
455 0.78 103731200
456 0.77 104030208
457 0.77 104288256
458 0.78 104697856
459 0.78 104886272
460 0.79 105213952
461 0.78 105463808
462 0.79 105799680
463 0.79 106266624
464 0.79 106409984
465 0.79 106688512
466 0.8 106934272
467 0.81 107270144
468 0.8 107589632
469 0.81 107864064
470 0.81 108109824
471 0.81 108437504
472 0.81 108675072
473 0.81 108974080
474 0.83 109322240
475 0.83 109625344
476 0.81 109912064
477 0.82 110145536
478 0.82 110403584
479 0.84 110862336
480 0.83 111173632
481 0.83 111304704
482 0.84 111964160
483 0.83 111939584
484 0.84 112164864
485 0.85 112599040
486 0.83 112795648
487 0.85 113147904
488 0.84 113385472
489 0.85 113709056
490 0.85 114126848
491 0.86 114298880
492 0.86 114601984
493 0.86 114823168
494 0.87 115462144
495 0.86 115724288
496 0.87 115736576
497 0.87 116084736
498 0.88 116359168
499 0.88 116871168
500 0.88 116903936
501 0.87 117235712
502 0.88 117526528
503 0.88 117788672
504 0.88 118087680
505 0.89 118509568
506 0.89 118611968
507 0.88 118910976
508 0.89 119234560
509 0.9 119648256
510 0.89 120000512
511 0.9 120598528
512 0.9 121167872
513 0.91 121708544
514 0.91 122204160
515 0.93 122933248
516 0.96 123555840
517 0.97 124108800
518 0.95 124530688
519 0.94 125038592
520 0.93 125460480
521 0.92 126021632
522 0.93 126558208
523 0.94 127094784
524 0.93 127627264
525 0.94 128172032
526 0.94 128638976
527 0.95 129241088
528 0.94 129785856
529 0.95 130301952
530 0.96 130846720
531 0.96 131371008
532 0.96 131928064
533 0.97 132456448
534 0.97 133013504
535 0.97 133537792
536 0.98 134299648
537 0.98 134721536
538 0.97 135110656
539 0.97 135643136
540 0.99 136331264
541 0.98 136708096
542 0.99 137302016
543 0.98 137781248
544 0.99 138407936
545 0.99 138928128
546 1.0 139698176
547 1.0 140079104
548 1.01 140529664
549 1.12 141271040
550 1.32 141852672
551 1.09 142569472
552 1.17 143114240
553 1.31 143446016
554 1.05 143925248
555 1.09 144568320
556 1.09 145092608
557 1.09 145694720
558 1.2 146120704
559 1.25 146849792
560 1.07 147111936
561 1.04 147615744
562 1.04 148152320
563 1.06 148930560
564 1.05 149430272
565 1.05 149762048
566 1.06 150482944
567 1.05 150863872
568 1.07 151552000
569 1.06 151920640
570 1.07 152465408
571 1.07 152973312
572 1.09 153784320
573 1.14 154083328
574 1.08 154861568
575 1.09 155148288
576 1.1 156004352
577 1.09 156225536
578 1.09 156712960
579 1.1 157392896
580 1.11 157859840
581 1.1 158420992
582 1.1 158924800
583 1.1 159469568
584 1.11 160051200
585 1.11 160563200
586 1.11 161058816
587 1.12 161599488
588 1.12 162197504
589 1.13 162803712
590 1.14 163414016
591 1.15 163807232
592 1.15 164380672
593 1.19 165150720
594 1.37 165580800
595 1.16 166146048
596 1.14 166453248
597 1.16 167186432
598 1.16 167673856
599 1.17 168230912
600 1.16 168755200
601 1.17 169275392
602 1.18 170176512
603 1.18 170483712
604 1.2 171057152
605 1.2 171560960
606 1.2 172318720
607 1.18 172548096
608 1.2 173117440
609 1.2 173608960
610 1.21 174297088
611 1.21 174755840
612 1.22 175325184
613 1.21 175882240
614 1.21 176398336
615 1.22 176914432
616 1.24 177508352
617 1.22 178208768
618 1.23 178540544
619 1.23 179097600
620 1.23 179625984
621 1.23 180158464
622 1.23 180666368
623 1.25 181252096
624 1.25 181972992
625 1.24 182317056
626 1.26 183025664
627 1.27 183640064
628 1.26 183939072
629 1.26 184459264
630 1.26 185044992
631 1.26 185556992
632 1.26 186122240
633 1.27 186556416
634 1.28 187113472
635 1.27 187699200
636 1.27 188182528
637 1.28 188813312
638 1.29 189337600
639 1.29 189804544
640 1.3 190382080
641 1.3 190914560
642 1.32 191705088
643 1.3 192049152
644 1.31 192618496
645 1.31 193232896
646 1.31 193581056
647 1.31 194134016
648 1.32 194732032
649 1.31 195235840
650 1.32 195764224
651 1.32 196341760
652 1.33 196857856
653 1.35 197505024
654 1.34 197988352
655 1.36 198725632
656 1.33 199028736
657 1.34 199577600
658 1.34 200093696
659 1.36 200744960
660 1.47 201388032
661 1.44 202063872
662 1.37 202326016
663 1.47 202883072
664 1.36 203382784
665 1.37 203866112
666 1.39 204529664
667 1.37 204939264
668 1.4 205762560
669 1.39 206114816
670 1.39 206602240
671 1.41 207261696
672 1.46 207777792
673 1.4 208224256
674 1.4 208752640
675 1.48 209371136
676 1.41 209924096
677 1.41 210415616
678 1.41 210968576
679 1.42 211472384
680 1.44 212197376
681 1.41 212574208
682 1.43 213131264
683 1.42 213590016
684 1.44 214196224
685 1.45 214749184
686 1.44 215199744
687 1.45 215810048
688 1.48 216666112
689 1.45 216817664
690 1.45 217358336
691 1.45 217960448
692 1.46 218431488
693 1.46 218959872
694 1.49 219766784
695 1.47 220090368
696 1.47 220618752
697 1.48 221204480
698 1.48 221741056
699 1.5 222519296
700 1.57 222924800
701 1.48 223391744
702 1.49 223866880
703 1.52 224546816
704 1.51 225087488
705 1.51 225648640
706 1.51 226209792
707 1.61 226832384
708 1.61 227569664
709 1.52 227876864
710 1.53 228446208
711 1.53 228990976
712 1.59 229593088
713 1.64 230227968
714 1.7 230948864
715 1.71 231546880
716 1.6 232112128
717 1.54 232235008
718 1.56 232931328
719 1.66 233660416
720 1.62 234094592
721 1.81 234868736
722 1.57 234987520
723 1.57 235573248
724 1.59 236331008
725 1.57 236732416
726 1.58 237252608
727 1.6 238039040
728 1.71 238460928
729 1.59 238936064
730 1.6 239517696
731 1.61 240017408
732 1.61 240758784
733 1.62 241090560
734 1.61 241700864
735 1.61 242241536
736 1.63 242790400
737 1.62 243404800
738 1.63 243998720
739 1.75 244654080
740 1.76 245092352
741 1.64 245645312
742 1.65 246194176
743 1.64 246669312
744 1.65 247463936
745 1.65 247844864
746 1.66 248336384
747 1.67 248909824
748 1.66 249536512
749 1.69 250093568
750 1.68 250535936
751 1.68 251174912
752 1.82 251863040
753 1.68 252329984
754 1.69 252760064
755 1.71 253337600
756 1.71 253939712
757 1.7 254492672
758 1.76 255053824
759 1.76 255533056
760 1.77 256094208
761 1.87 256827392
762 1.79 257200128
763 1.93 257933312
764 1.79 258281472
765 1.84 259043328
766 1.79 259428352
767 1.79 260050944
768 1.95 260628480
769 1.8 261046272
770 1.81 261644288
771 1.81 262172672
772 1.82 262660096
773 1.82 263213056
774 1.88 264028160
775 1.99 264556544
776 1.85 264847360
777 1.82 265420800
778 1.95 266264576
779 1.89 266702848
780 1.85 267075584
781 1.86 267603968
782 1.9 268099584
783 2.06 268988416
784 1.87 269279232
785 1.88 269893632
786 1.86 270356480
787 1.87 270909440
788 2.06 271568896
789 1.88 271970304
790 2.07 272637952
791 1.9 273215488
792 1.9 273678336
793 1.93 274173952
794 1.9 274681856
795 1.92 275169280
796 1.91 275898368
797 1.91 276340736
798 1.91 276922368
799 1.94 277405696
800 2.12 278085632