1 0.08 10665984
2 0.08 10747904
3 0.09 10788864
4 0.12 10862592
5 0.08 10878976
6 0.08 10887168
7 0.07 10833920
8 0.08 10911744
9 0.07 10964992
10 0.08 10993664
11 0.08 11042816
12 0.08 11132928
13 0.09 11300864
14 0.09 11239424
15 0.08 11243520
16 0.1 11403264
17 0.09 11378688
18 0.09 11399168
19 0.09 11468800
20 0.09 11513856
21 0.11 11694080
22 0.09 11563008
23 0.09 11677696
24 0.1 11800576
25 0.1 11788288
26 0.1 11829248
27 0.09 11784192
28 0.1 11976704
29 0.09 11829248
30 0.11 12120064
31 0.1 11968512
32 0.09 11952128
33 0.1 12054528
34 0.11 12210176
35 0.09 12091392
36 0.11 12255232
37 0.1 12238848
38 0.1 12279808
39 0.11 12333056
40 0.11 12419072
41 0.1 12460032
42 0.11 12550144
43 0.1 12521472
44 0.11 12697600
45 0.1 12607488
46 0.12 12709888
47 0.14 12808192
48 0.11 12763136
49 0.11 12783616
50 0.11 12853248
51 0.12 12910592
52 0.11 13017088
53 0.11 12914688
54 0.12 13004800
55 0.12 13017088
56 0.12 13209600
57 0.11 13123584
58 0.12 13193216
59 0.12 13279232
60 0.11 13271040
61 0.12 13316096
62 0.12 13414400
63 0.12 13524992
64 0.13 13492224
65 0.12 13520896
66 0.14 13570048
67 0.12 13619200
68 0.12 13725696
69 0.12 13688832
70 0.13 13750272
71 0.13 13778944
72 0.13 13811712
73 0.12 13893632
74 0.13 13971456
75 0.13 14020608
76 0.14 14082048
77 0.13 14041088
78 0.13 14147584
79 0.13 14184448
80 0.13 14254080
81 0.14 14299136
82 0.14 14336000
83 0.13 14368768
84 0.14 14434304
85 0.15 14508032
86 0.15 14512128
87 0.15 14602240
88 0.13 14577664
89 0.15 14807040
90 0.14 14692352
91 0.14 14721024
92 0.15 14770176
93 0.14 14802944
94 0.14 14884864
95 0.15 14893056
96 0.15 14938112
97 0.15 15089664
98 0.15 15011840
99 0.15 15069184
100 0.16 15220736
101 0.15 15159296
102 0.15 15212544
103 0.17 15261696
104 0.15 15286272
105 0.15 15323136
106 0.16 15474688
107 0.16 15351808
108 0.15 15527936
109 0.17 15482880
110 0.16 15523840
111 0.16 15716352
112 0.16 15687680
113 0.17 15773696
114 0.16 15765504
115 0.16 15937536
116 0.18 15962112
117 0.16 15912960
118 0.16 15953920
119 0.17 16035840
120 0.17 16015360
121 0.18 16166912
122 0.16 16150528
123 0.17 16252928
124 0.16 16216064
125 0.17 16248832
126 0.18 16297984
127 0.17 16351232
128 0.17 16400384
129 0.17 16433152
130 0.17 16490496
131 0.18 16588800
132 0.17 16588800
133 0.18 16678912
134 0.18 16650240
135 0.17 16691200
136 0.18 16875520
137 0.17 16838656
138 0.18 16826368
139 0.17 17084416
140 0.17 17039360
141 0.18 16957440
142 0.17 16990208
143 0.19 17072128
144 0.19 17190912
145 0.18 17195008
146 0.18 17276928
147 0.19 17215488
148 0.19 17281024
149 0.18 17362944
150 0.18 17289216
151 0.18 17444864
152 0.18 17440768
153 0.18 17473536
154 0.19 17563648
155 0.19 17625088
156 0.19 17625088
157 0.19 17678336
158 0.19 17760256
159 0.19 17727488
160 0.19 17735680
161 0.19 17784832
162 0.19 17862656
163 0.19 17952768
164 0.2 18169856
165 0.2 18096128
166 0.2 18145280
167 0.2 18214912
168 0.2 18239488
169 0.2 18292736
170 0.21 18341888
171 0.21 18423808
172 0.2 18518016
173 0.21 18460672
174 0.21 18538496
175 0.21 18542592
176 0.21 18604032
177 0.21 18653184
178 0.2 18698240
179 0.21 18726912
180 0.21 18747392
181 0.21 18808832
182 0.21 18886656
183 0.22 19025920
184 0.22 19070976
185 0.22 19058688
186 0.25 19103744
187 0.24 19156992
188 0.23 19124224
189 0.23 19185664
190 0.22 19206144
191 0.22 19251200
192 0.22 19292160
193 0.24 19464192
194 0.22 19529728
195 0.23 19451904
196 0.24 19529728
197 0.24 19542016
198 0.23 19664896
199 0.23 19591168
200 0.23 19656704
201 0.24 19714048
202 0.23 19722240
203 0.23 19951616
204 0.23 19861504
205 0.23 19894272
206 0.23 19898368
207 0.24 19951616
208 0.26 20123648
209 0.25 20303872
210 0.24 20226048
211 0.23 20230144
212 0.24 20201472
213 0.23 20303872
214 0.25 20307968
215 0.25 20406272
216 0.26 20447232
217 0.38 20578304
218 0.28 20660224
219 0.26 20639744
220 0.26 20725760
221 0.26 20733952
222 0.23 20635648
223 0.37 20938752
224 0.28 20955136
225 0.25 21032960
226 0.35 20959232
227 0.34 21061632
228 0.25 20967424
229 0.25 21008384
230 0.26 21098496
231 0.27 21143552
232 0.25 21155840
233 0.26 21164032
234 0.25 21356544
235 0.25 21368832
236 0.26 21336064
237 0.28 21434368
238 0.26 21512192
239 0.27 21471232
240 0.27 21594112
241 0.26 21712896
242 0.34 21770240
243 0.27 21708800
244 0.27 21712896
245 0.27 21778432
246 0.26 21757952
247 0.27 21852160
248 0.26 21929984
249 0.28 21827584
250 0.27 21929984
251 0.28 22126592
252 0.28 22102016
253 0.27 22118400
254 0.27 22171648
255 0.29 22257664
256 0.28 22347776
257 0.29 22278144
258 0.27 22269952
259 0.28 22450176
260 0.29 22454272
261 0.33 22487040
262 0.29 22544384
263 0.31 22519808
264 0.36 22589440
265 0.28 22634496
266 0.29 22753280
267 0.28 22843392
268 0.29 22872064
269 0.3 22982656
270 0.37 22896640
271 0.32 22917120
272 0.33 23044096
273 0.33 23015424
274 0.31 23101440
275 0.33 23146496
276 0.33 23171072
277 0.29 23252992
278 0.3 23232512
279 0.31 23367680
280 0.32 23351296
281 0.33 23474176
282 0.35 23523328
283 0.32 23560192
284 0.3 23433216
285 0.3 23474176
286 0.3 23613440
287 0.31 23650304
288 0.29 23531520
289 0.29 23638016
290 0.3 23674880
291 0.3 23724032
292 0.3 23887872
293 0.3 23773184
294 0.31 24055808
295 0.3 23855104
296 0.3 24035328
297 0.3 24043520
298 0.31 24027136
299 0.31 24178688
300 0.31 24166400
301 0.3 24297472
302 0.3 24215552
303 0.32 24342528
304 0.3 24301568
305 0.31 24334336
306 0.31 24514560
307 0.32 24477696
308 0.36 24674304
309 0.37 24678400
310 0.46 24739840
311 0.36 24739840
312 0.38 24862720
313 0.34 24862720
314 0.45 25001984
315 0.35 24973312
316 0.33 25104384
317 0.41 25104384
318 0.43 25128960
319 0.36 25239552
320 0.47 25325568
321 0.32 25165824
322 0.33 25321472
323 0.42 25395200
324 0.4 25436160
325 0.38 25415680
326 0.37 25530368
327 0.41 25464832
328 0.49 25546752
329 0.41 25612288
330 0.38 25706496
331 0.37 25841664
332 0.35 25776128
333 0.39 25821184
334 0.38 25952256
335 0.38 26030080
336 0.45 26038272
337 0.34 26001408
338 0.39 26140672
339 0.38 26206208
340 0.39 26218496
341 0.4 26341376
342 0.35 26288128
343 0.33 26288128
344 0.36 26411008
345 0.34 26533888
346 0.34 26378240
347 0.37 26525696
348 0.35 26517504
349 0.35 26497024
350 0.35 26701824
351 0.35 26742784
352 0.41 26673152
353 0.35 26775552
354 0.37 26771456
355 0.43 26800128
356 0.42 26898432
357 0.37 26918912
358 0.35 26890240
359 0.35 26980352
360 0.38 27107328
361 0.36 27209728
362 0.37 27201536
363 0.37 27242496
364 0.44 27328512
365 0.43 27275264
366 0.35 27164672
367 0.36 27369472
368 0.35 27348992
369 0.36 27582464
370 0.37 27570176
371 0.36 27660288
372 0.37 27668480
373 0.38 27758592
374 0.39 27791360
375 0.38 27762688
376 0.37 27668480
377 0.37 27885568
378 0.38 27844608
379 0.4 27959296
380 0.38 27975680
381 0.38 28127232
382 0.39 28147712
383 0.44 28090368
384 0.4 28262400
385 0.37 28139520
386 0.36 28176384
387 0.39 28327936
388 0.38 28205056
389 0.4 28405760
390 0.37 28332032
391 0.37 28307456
392 0.38 28504064
393 0.37 28454912
394 0.4 28745728
395 0.38 28561408
396 0.37 28614656
397 0.4 28598272
398 0.38 28889088
399 0.41 28839936
400 0.39 28876800
401 0.38 28844032
402 0.39 28913664
403 0.4 29048832
404 0.4 28880896
405 0.39 28958720
406 0.4 29093888
407 0.39 29020160
408 0.39 29138944
409 0.42 29265920
410 0.39 29171712
411 0.42 29335552
412 0.41 29433856
413 0.4 29413376
414 0.41 29323264
415 0.42 29454336
416 0.44 29618176
417 0.4 29499392
418 0.39 29589504
419 0.39 29667328
420 0.4 29782016
421 0.4 29704192
422 0.41 29896704
423 0.42 29999104
424 0.4 29822976
425 0.39 29843456
426 0.42 30064640
427 0.43 30162944
428 0.44 30167040
429 0.41 30236672
430 0.41 30265344
431 0.41 30322688
432 0.44 30343168
433 0.44 30453760
434 0.44 30490624
435 0.43 30461952
436 0.41 30437376
437 0.42 30502912
438 0.41 30605312
439 0.45 30609408
440 0.43 30773248
441 0.45 30703616
442 0.42 30621696
443 0.47 30830592
444 0.49 30765056
445 0.5 30801920
446 0.49 31023104
447 0.46 30961664
448 0.48 30998528
449 0.46 31035392
450 0.44 31027200
451 0.49 31215616
452 0.42 30990336
453 0.42 31125504
454 0.42 31121408
455 0.44 31367168
456 0.46 31375360
457 0.44 31309824
458 0.44 31506432
459 0.43 31367168
460 0.44 31633408
461 0.45 31551488
462 0.43 31481856
463 0.45 31547392
464 0.44 31756288
465 0.44 31752192
466 0.45 31784960
467 0.48 31969280
468 0.49 32096256
469 0.59 32124928
470 0.66 32120832
471 0.5 32108544
472 0.46 32227328
473 0.44 32108544
474 0.44 32198656
475 0.47 32329728
476 0.48 32452608
477 0.46 32415744
478 0.49 32522240
479 0.48 32444416
480 0.51 32595968
481 0.46 32673792
482 0.54 32681984
483 0.47 32714752
484 0.48 32788480
485 0.49 32833536
486 0.52 32927744
487 0.52 32923648
488 0.49 33001472
489 0.48 33054720
490 0.47 32911360
491 0.47 33050624
492 0.48 33161216
493 0.63 33169408
494 0.59 33255424
495 0.5 33169408
496 0.52 33271808
497 0.48 33390592
498 0.47 33226752
499 0.47 33456128
500 0.46 33349632
501 0.46 33501184
502 0.55 33497088
503 0.58 33611776
504 0.55 33693696
505 0.57 33628160
506 0.57 33763328
507 0.61 33779712
508 0.52 33738752
509 0.56 33775616
510 0.56 33800192
511 0.57 33959936
512 0.53 34004992
513 0.62 34066432
514 0.5 34054144
515 0.53 34103296
516 0.52 34119680
517 0.51 34279424
518 0.59 34242560
519 0.58 34357248
520 0.51 34316288
521 0.52 34443264
522 0.54 34467840
523 0.49 34414592
524 0.49 34578432
525 0.53 34537472
526 0.62 34648064
527 0.72 34660352
528 0.6 34684928
529 0.52 34836480
530 0.57 34861056
531 0.67 34848768
532 0.62 34893824
533 0.64 34881536
534 0.62 34930688
535 0.64 35024896
536 0.66 35078144
537 0.59 35082240
538 0.7 35053568
539 0.54 35160064
540 0.53 35180544
541 0.54 35323904
542 0.53 35233792
543 0.52 35340288
544 0.55 35409920
545 0.65 35512320
546 0.54 35450880
547 0.51 35561472
548 0.51 35594240
549 0.5 35487744
550 0.5 35483648
551 0.57 35815424
552 0.52 35831808
553 0.5 35647488
554 0.51 35717120
555 0.52 35749888
556 0.52 35934208
557 0.52 35930112
558 0.54 36024320
559 0.52 36093952
560 0.53 36028416
561 0.5 35962880
562 0.51 36057088
563 0.55 36278272
564 0.51 36364288
565 0.51 36319232
566 0.52 36298752
567 0.51 36282368
568 0.53 36405248
569 0.51 36507648
570 0.51 36433920
571 0.51 36503552
572 0.53 36642816
573 0.52 36622336
574 0.53 36777984
575 0.58 36839424
576 0.61 36868096
577 0.57 36921344
578 0.53 36884480
579 0.57 37011456
580 0.61 37052416
581 0.61 37052416
582 0.59 37089280
583 0.67 37187584
584 0.64 37187584
585 0.59 37195776
586 0.62 37318656
587 0.55 37396480
588 0.67 37355520
589 0.62 37445632
590 0.67 37470208
591 0.52 37441536
592 0.55 37486592
593 0.54 37601280
594 0.55 37609472
595 0.54 37597184
596 0.54 37666816
597 0.53 37670912
598 0.54 37777408
599 0.54 37842944
600 0.54 37879808
601 0.54 37990400
602 0.54 37896192
603 0.53 37875712
604 0.54 37969920
605 0.66 38170624
606 0.6 38109184
607 0.54 38260736
608 0.58 38158336
609 0.59 38277120
610 0.62 38277120
611 0.62 38371328
612 0.58 38481920
613 0.6 38445056
614 0.55 38481920
615 0.55 38486016
616 0.55 38567936
617 0.55 38535168
618 0.55 38559744
619 0.57 38727680
620 0.55 38678528
621 0.56 38817792
622 0.56 38748160
623 0.56 38961152
624 0.56 38817792
625 0.56 38879232
626 0.61 39096320
627 0.56 39120896
628 0.56 39063552
629 0.57 39215104
630 0.56 39215104
631 0.58 39284736
632 0.57 39243776
633 0.57 39354368
634 0.57 39317504
635 0.58 39370752
636 0.6 39497728
637 0.65 39473152
638 0.72 39661568
639 0.58 39694336
640 0.56 39579648
641 0.57 39780352
642 0.57 39763968
643 0.57 39870464
644 0.57 39788544
645 0.58 39854080
646 0.57 39837696
647 0.56 39784448
648 0.57 39862272
649 0.56 39931904
650 0.58 40001536
651 0.57 40214528
652 0.58 40124416
653 0.58 40148992
654 0.58 40177664
655 0.58 40235008
656 0.59 40329216
657 0.59 40321024
658 0.59 40321024
659 0.58 40525824
660 0.63 40628224
661 0.67 40603648
662 0.66 40665088
663 0.68 40775680
664 0.61 40697856
665 0.58 40624128
666 0.59 40869888
667 0.59 40726528
668 0.59 40869888
669 0.6 40902656
670 0.6 41033728
671 0.58 40960000
672 0.6 41070592
673 0.6 41000960
674 0.59 41046016
675 0.59 41095168
676 0.6 41316352
677 0.6 41238528
678 0.6 41467904
679 0.6 41299968
680 0.6 41406464
681 0.61 41598976
682 0.63 41566208
683 0.61 41500672
684 0.6 41512960
685 0.65 41828352
686 0.63 41697280
687 0.61 41607168
688 0.61 41889792
689 0.61 41779200
690 0.65 41844736
691 0.66 41857024
692 0.82 42037248
693 0.75 42127360
694 0.65 42151936
695 0.62 42119168
696 0.63 42201088
697 0.63 42086400
698 0.62 42106880
699 0.61 42053632
700 0.62 42172416
701 0.62 42266624
702 0.62 42340352
703 0.63 42348544
704 0.62 42475520
705 0.62 42385408
706 0.62 42401792
707 0.63 42520576
708 0.64 42672128
709 0.64 42684416
710 0.63 42663936
711 0.65 42749952
712 0.63 42799104
713 0.64 42909696
714 0.66 43003904
715 0.66 42807296
716 0.66 43024384
717 0.63 43003904
718 0.65 43106304
719 0.67 43270144
720 0.63 43106304
721 0.65 43380736
722 0.64 43409408
723 0.64 43393024
724 0.64 43425792
725 0.64 43565056
726 0.64 43524096
727 0.65 43655168
728 0.65 43630592
729 0.65 43683840
730 0.66 43696128
731 0.66 43778048
732 0.65 43773952
733 0.66 43835392
734 0.65 43847680
735 0.66 43905024
736 0.66 43933696
737 0.66 44109824
738 0.66 44167168
739 0.65 44113920
740 0.65 44118016
741 0.66 44154880
742 0.66 44277760
743 0.65 44322816
744 0.66 44322816
745 0.67 44453888
746 0.67 44490752
747 0.66 44437504
748 0.66 44474368
749 0.66 44494848
750 0.66 44556288
751 0.66 44638208
752 0.66 44642304
753 0.67 44789760
754 0.66 44740608
755 0.67 44748800
756 0.67 44826624
757 0.68 44879872
758 0.7 45125632
759 0.67 44969984
760 0.67 45035520
761 0.68 45051904
762 0.68 45109248
763 0.67 45150208
764 0.69 45273088
765 0.68 45334528
766 0.67 45260800
767 0.67 45289472
768 0.68 45391872
769 0.68 45408256
770 0.69 45596672
771 0.71 45522944
772 0.68 45514752
773 0.71 45748224
774 0.78 45711360
775 0.79 45768704
776 0.73 45780992
777 0.86 45883392
778 0.82 45838336
779 0.8 46018560
780 0.79 46018560
781 0.8 45985792
782 0.85 46096384
783 0.85 46215168
784 0.94 46206976
785 0.87 46223360
786 0.75 46305280
787 0.72 46206976
788 0.68 46231552
789 0.69 46305280
790 0.69 46329856
791 0.7 46501888
792 0.71 46465024
793 0.69 46497792
794 0.74 46669824
795 0.83 46563328
796 0.9 46678016
797 0.78 46673920
798 0.8 46772224
799 0.83 46809088
800 0.81 46858240