1 0.01 7417856
2 0.01 7446528
3 0.02 7495680
4 0.02 7487488
5 0.01 7483392
6 0.03 7561216
7 0.01 7524352
8 0.02 7573504
9 0.02 7569408
10 0.02 7569408
11 0.02 7602176
12 0.02 7622656
13 0.02 7626752
14 0.02 7655424
15 0.02 7700480
16 0.02 7643136
17 0.02 7741440
18 0.02 7700480
19 0.02 7733248
20 0.02 7778304
21 0.02 7766016
22 0.02 7798784
23 0.02 7790592
24 0.02 7806976
25 0.03 7806976
26 0.02 7843840
27 0.02 7909376
28 0.02 7876608
29 0.02 7921664
30 0.02 7929856
31 0.02 7962624
32 0.03 8007680
33 0.03 8048640
34 0.03 8040448
35 0.03 8069120
36 0.03 8069120
37 0.03 8151040
38 0.03 8097792
39 0.03 8155136
40 0.03 8155136
41 0.02 8163328
42 0.02 8237056
43 0.03 8237056
44 0.03 8249344
45 0.02 8245248
46 0.02 8273920
47 0.03 8294400
48 0.04 8261632
49 0.04 8343552
50 0.04 8331264
51 0.03 8372224
52 0.03 8400896
53 0.14 8425472
54 0.03 8425472
55 0.03 8470528
56 0.03 8425472
57 0.03 8503296
58 0.03 8466432
59 0.03 8486912
60 0.03 8495104
61 0.05 8540160
62 0.03 8503296
63 0.03 8548352
64 0.04 8630272
65 0.03 8601600
66 0.04 8667136
67 0.03 8687616
68 0.04 8708096
69 0.03 8699904
70 0.03 8687616
71 0.04 8712192
72 0.05 8802304
73 0.04 8814592
74 0.04 8818688
75 0.03 8822784
76 0.03 8863744
77 0.04 8863744
78 0.04 8933376
79 0.04 8912896
80 0.04 8908800
81 0.04 9003008
82 0.04 8994816
83 0.04 9031680
84 0.04 9060352
85 0.04 9072640
86 0.04 9052160
87 0.05 9121792
88 0.04 9068544
89 0.04 9138176
90 0.04 9150464
91 0.04 9117696
92 0.04 9162752
93 0.04 9191424
94 0.05 9248768
95 0.05 9228288
96 0.04 9240576
97 0.04 9265152
98 0.04 9342976
99 0.04 9359360
100 0.05 9351168
101 0.04 9318400
102 0.04 9367552
103 0.07 9420800
104 0.04 9392128
105 0.05 9453568
106 0.04 9449472
107 0.05 9461760
108 0.04 9535488
109 0.06 9547776
110 0.04 9551872
111 0.05 9584640
112 0.04 9576448
113 0.06 9601024
114 0.04 9605120
115 0.07 9646080
116 0.05 9691136
117 0.05 9670656
118 0.06 9740288
119 0.06 9748480
120 0.06 9777152
121 0.07 9777152
122 0.05 9826304
123 0.05 9830400
124 0.04 9805824
125 0.05 9805824
126 0.05 9871360
127 0.06 9887744
128 0.06 9940992
129 0.04 9912320
130 0.05 10014720
131 0.05 9994240
132 0.05 10035200
133 0.05 10096640
134 0.05 10088448
135 0.05 10059776
136 0.06 10117120
137 0.06 10178560
138 0.05 10227712
139 0.06 10174464
140 0.05 10166272
141 0.05 10182656
142 0.05 10268672
143 0.05 10280960
144 0.06 10321920
145 0.06 10371072
146 0.06 10448896
147 0.06 10387456
148 0.05 10444800
149 0.05 10448896
150 0.05 10489856
151 0.06 10559488
152 0.06 10592256
153 0.09 10616832
154 0.06 10625024
155 0.06 10620928
156 0.06 10633216
157 0.06 10674176
158 0.05 10743808
159 0.06 10752000
160 0.13 10752000
161 0.07 10719232
162 0.06 10866688
163 0.06 10833920
164 0.06 10866688
165 0.06 10829824
166 0.06 10858496
167 0.06 10915840
168 0.07 10944512
169 0.07 10985472
170 0.06 10944512
171 0.06 10985472
172 0.07 11030528
173 0.07 11042816
174 0.06 11038720
175 0.07 11116544
176 0.08 11079680
177 0.06 11173888
178 0.07 11157504
179 0.07 11177984
180 0.07 11264000
181 0.06 11276288
182 0.07 11284480
183 0.07 11313152
184 0.07 11345920
185 0.07 11350016
186 0.07 11403264
187 0.06 11378688
188 0.07 11382784
189 0.07 11427840
190 0.07 11489280
191 0.07 11423744
192 0.08 11513856
193 0.07 11595776
194 0.07 11571200
195 0.08 11567104
196 0.08 11608064
197 0.08 11550720
198 0.07 11685888
199 0.07 11673600
200 0.08 11689984
201 0.07 11673600
202 0.07 11751424
203 0.08 11751424
204 0.08 11759616
205 0.07 11853824
206 0.08 11816960
207 0.08 11878400
208 0.08 11952128
209 0.07 11894784
210 0.08 11948032
211 0.08 11984896
212 0.08 11952128
213 0.07 12054528
214 0.08 12042240
215 0.08 12099584
216 0.07 12115968
217 0.08 12115968
218 0.08 12136448
219 0.09 12173312
220 0.07 12115968
221 0.08 12136448
222 0.08 12234752
223 0.08 12173312
224 0.09 12345344
225 0.07 12242944
226 0.07 12259328
227 0.08 12353536
228 0.08 12365824
229 0.07 12382208
230 0.08 12410880
231 0.08 12414976
232 0.08 12410880
233 0.08 12472320
234 0.08 12546048
235 0.09 12603392
236 0.08 12591104
237 0.08 12599296
238 0.09 12603392
239 0.09 12615680
240 0.09 12746752
241 0.08 12787712
242 0.09 12795904
243 0.09 12709888
244 0.08 12808192
245 0.09 12820480
246 0.09 12910592
247 0.11 12926976
248 0.09 12931072
249 0.09 12943360
250 0.09 12849152
251 0.08 13000704
252 0.09 13037568
253 0.09 13074432
254 0.09 13082624
255 0.1 13127680
256 0.09 13148160
257 0.09 13156352
258 0.09 13205504
259 0.1 13250560
260 0.08 13180928
261 0.1 13303808
262 0.12 13238272
263 0.13 13340672
264 0.14 13365248
265 0.14 13443072
266 0.11 13463552
267 0.09 13443072
268 0.09 13529088
269 0.1 13471744
270 0.08 13611008
271 0.1 13586432
272 0.09 13656064
273 0.1 13668352
274 0.1 13705216
275 0.09 13692928
276 0.1 13783040
277 0.1 13762560
278 0.09 13819904
279 0.09 13844480
280 0.1 13893632
281 0.1 13877248
282 0.1 13963264
283 0.1 13864960
284 0.12 13971456
285 0.1 13975552
286 0.1 14049280
287 0.1 14102528
288 0.1 14123008
289 0.1 14172160
290 0.1 14200832
291 0.11 14196736
292 0.1 14204928
293 0.1 14176256
294 0.09 14286848
295 0.1 14323712
296 0.1 14360576
297 0.1 14442496
298 0.11 14462976
299 0.1 14393344
300 0.11 14536704
301 0.1 14610432
302 0.11 14643200
303 0.1 14548992
304 0.1 14602240
305 0.12 14696448
306 0.11 14622720
307 0.1 14757888
308 0.12 14778368
309 0.11 14860288
310 0.11 14749696
311 0.11 14831616
312 0.1 14962688
313 0.11 14913536
314 0.11 15007744
315 0.11 15056896
316 0.1 14991360
317 0.11 15077376
318 0.15 14995456
319 0.12 15114240
320 0.13 15216640
321 0.13 15192064
322 0.11 15286272
323 0.13 15306752
324 0.12 15384576
325 0.11 15376384
326 0.11 15298560
327 0.11 15474688
328 0.12 15421440
329 0.12 15491072
330 0.12 15511552
331 0.11 15523840
332 0.12 15552512
333 0.1 15507456
334 0.11 15564800
335 0.11 15654912
336 0.12 15667200
337 0.12 15769600
338 0.13 15769600
339 0.11 15785984
340 0.12 15826944
341 0.13 15839232
342 0.12 15798272
343 0.13 15945728
344 0.12 15949824
345 0.12 15990784
346 0.12 15953920
347 0.12 16015360
348 0.12 16056320
349 0.13 16113664
350 0.12 16089088
351 0.12 16130048
352 0.13 16207872
353 0.12 16175104
354 0.12 16310272
355 0.13 16326656
356 0.12 16293888
357 0.12 16396288
358 0.12 16384000
359 0.12 16343040
360 0.12 16441344
361 0.12 16371712
362 0.12 16416768
363 0.13 16527360
364 0.15 16556032
365 0.13 16474112
366 0.12 16547840
367 0.13 16678912
368 0.13 16719872
369 0.13 16691200
370 0.12 16691200
371 0.13 16777216
372 0.13 16867328
373 0.13 16740352
374 0.12 16850944
375 0.13 16809984
376 0.13 16949248
377 0.13 16908288
378 0.13 16986112
379 0.12 16994304
380 0.12 17035264
381 0.13 17137664
382 0.14 17121280
383 0.13 17100800
384 0.13 17203200
385 0.13 17223680
386 0.13 17203200
387 0.14 17309696
388 0.13 17342464
389 0.13 17215488
390 0.14 17350656
391 0.14 17313792
392 0.13 17477632
393 0.13 17485824
394 0.14 17465344
395 0.13 17534976
396 0.14 17584128
397 0.14 17620992
398 0.13 17604608
399 0.14 17739776
400 0.13 17715200
401 0.14 17674240
402 0.14 17772544
403 0.13 17797120
404 0.14 17780736
405 0.13 17850368
406 0.13 17764352
407 0.14 17903616
408 0.14 17960960
409 0.13 17948672
410 0.14 18022400
411 0.14 18087936
412 0.14 18112512
413 0.15 18087936
414 0.14 18055168
415 0.15 18186240
416 0.14 18219008
417 0.14 18259968
418 0.15 18243584
419 0.15 18300928
420 0.15 18329600
421 0.14 18329600
422 0.15 18411520
423 0.14 18423808
424 0.14 18485248
425 0.15 18477056
426 0.14 18481152
427 0.15 18505728
428 0.15 18493440
429 0.15 18587648
430 0.15 18628608
431 0.15 18620416
432 0.14 18649088
433 0.15 18706432
434 0.15 18718720
435 0.14 18763776
436 0.14 18731008
437 0.15 18890752
438 0.15 18857984
439 0.14 18853888
440 0.14 18960384
441 0.15 18935808
442 0.15 18980864
443 0.16 19042304
444 0.15 19021824
445 0.15 19009536
446 0.15 19111936
447 0.15 19034112
448 0.15 19206144
449 0.14 19197952
450 0.16 19243008
451 0.16 19288064
452 0.15 19329024
453 0.15 19337216
454 0.15 19361792
455 0.16 19398656
456 0.16 19435520
457 0.16 19501056
458 0.15 19562496
459 0.15 19550208
460 0.15 19521536
461 0.17 19668992
462 0.27 19668992
463 0.41 19681280
464 0.16 19734528
465 0.16 19787776
466 0.16 19800064
467 0.16 19746816
468 0.18 19881984
469 0.16 19767296
470 0.18 19922944
471 0.41 19927040
472 0.17 19914752
473 0.17 20037632
474 0.18 20070400
475 0.33 20099072
476 0.18 20074496
477 0.16 20148224
478 0.17 20148224
479 0.16 20037632
480 0.17 20230144
481 0.18 20295680
482 0.16 20271104
483 0.19 20365312
484 0.16 20389888
485 0.17 20348928
486 0.19 20410368
487 0.17 20488192
488 0.17 20516864
489 0.16 20418560
490 0.16 20434944
491 0.19 20553728
492 0.17 20652032
493 0.18 20717568
494 0.17 20660224
495 0.17 20721664
496 0.17 20783104
497 0.17 20799488
498 0.17 20811776
499 0.17 20852736
500 0.18 20914176
501 0.19 20934656
502 0.17 20930560
503 0.17 20938752
504 0.17 20996096
505 0.17 20942848
506 0.17 21110784
507 0.17 21057536
508 0.19 21164032
509 0.19 21147648
510 0.19 21237760
511 0.18 21250048
512 0.19 21303296
513 0.18 21409792
514 0.18 21446656
515 0.18 21467136
516 0.17 21487616
517 0.18 21540864
518 0.18 21606400
519 0.18 21569536
520 0.18 21610496
521 0.18 21733376
522 0.19 21848064
523 0.18 21835776
524 0.2 21925888
525 0.2 21962752
526 0.19 21946368
527 0.19 22003712
528 0.2 22106112
529 0.2 22171648
530 0.19 22134784
531 0.19 22192128
532 0.2 22208512
533 0.2 22241280
534 0.19 22351872
535 0.19 22335488
536 0.2 22327296
537 0.23 22507520
538 0.19 22421504
539 0.43 22458368
540 0.21 22638592
541 0.19 22659072
542 0.25 22745088
543 0.2 22708224
544 0.2 22835200
545 0.2 22810624
546 0.2 22994944
547 0.19 22982656
548 0.2 23011328
549 0.19 23031808
550 0.2 23072768
551 0.2 23052288
552 0.2 23207936
553 0.2 23265280
554 0.2 23240704
555 0.21 23302144
556 0.19 23404544
557 0.2 23379968
558 0.19 23531520
559 0.2 23564288
560 0.2 23588864
561 0.2 23597056
562 0.2 23744512
563 0.19 23633920
564 0.2 23801856
565 0.19 23891968
566 0.19 23834624
567 0.18 23834624
568 0.17 23924736
569 0.18 23846912
570 0.18 23994368
571 0.19 23973888
572 0.18 24117248
573 0.17 24166400
574 0.2 24170496
575 0.21 24244224
576 0.2 24285184
577 0.21 24387584
578 0.21 24379392
579 0.2 24399872
580 0.21 24338432
581 0.2 24428544
582 0.21 24625152
583 0.21 24596480
584 0.21 24666112
585 0.2 24739840
586 0.21 24621056
587 0.22 24793088
588 0.2 24858624
589 0.21 24752128
590 0.21 25026560
591 0.36 24961024
592 0.22 24969216
593 0.2 24883200
594 0.2 25120768
595 0.21 25198592
596 0.21 25243648
597 0.21 25288704
598 0.22 25329664
599 0.21 25391104
600 0.22 25493504
601 0.21 25489408
602 0.21 25587712
603 0.22 25620480
604 0.22 25657344
605 0.22 25522176
606 0.21 25726976
607 0.22 25812992
608 0.22 25825280
609 0.21 25882624
610 0.22 25931776
611 0.23 25878528
612 0.23 26099712
613 0.22 26071040
614 0.23 26140672
615 0.23 26157056
616 0.23 26206208
617 0.22 26132480
618 0.22 26275840
619 0.22 26435584
620 0.23 26468352
621 0.23 26394624
622 0.23 26374144
623 0.23 26501120
624 0.21 26542080
625 0.22 26611712
626 0.23 26767360
627 0.24 26664960
628 0.24 26669056
629 0.23 26697728
630 0.22 26910720
631 0.23 26824704
632 0.22 26877952
633 0.22 27000832
634 0.23 26959872
635 0.23 26906624
636 0.24 27041792
637 0.23 27074560
638 0.23 27045888
639 0.24 27209728
640 0.23 27185152
641 0.22 27234304
642 0.24 27389952
643 0.24 27463680
644 0.24 27430912
645 0.22 27369472
646 0.23 27521024
647 0.24 27537408
648 0.24 27582464
649 0.23 27553792
650 0.24 27725824
651 0.24 27791360
652 0.24 27713536
653 0.23 27803648
654 0.25 27963392
655 0.24 27971584
656 0.24 27992064
657 0.24 28033024
658 0.23 28028928
659 0.24 28114944
660 0.25 28225536
661 0.25 28229632
662 0.23 28266496
663 0.24 28295168
664 0.25 28434432
665 0.25 28364800
666 0.24 28524544
667 0.25 28553216
668 0.23 28585984
669 0.25 28577792
670 0.25 28692480
671 0.25 28614656
672 0.24 28782592
673 0.24 28737536
674 0.24 28782592
675 0.26 28905472
676 0.25 28917760
677 0.25 28995584
678 0.25 29147136
679 0.25 29028352
680 0.24 29143040
681 0.25 29220864
682 0.26 29097984
683 0.25 29159424
684 0.25 29286400
685 0.27 29405184
686 0.26 29380608
687 0.26 29458432
688 0.26 29487104
689 0.26 29429760
690 0.25 29528064
691 0.25 29622272
692 0.25 29614080
693 0.25 29671424
694 0.26 29773824
695 0.26 29749248
696 0.26 29880320
697 0.26 29827072
698 0.25 29945856
699 0.26 29937664
700 0.26 30056448
701 0.26 30027776
702 0.27 30171136
703 0.26 30150656
704 0.27 30269440
705 0.27 30212096
706 0.27 30216192
707 0.25 30244864
708 0.25 30257152
709 0.27 30384128
710 0.27 30474240
711 0.26 30511104
712 0.27 30478336
713 0.26 30621696
714 0.26 30601216
715 0.27 30707712
716 0.26 30773248
717 0.27 30826496
718 0.27 30826496
719 0.27 30883840
720 0.27 30982144
721 0.26 30916608
722 0.27 31076352
723 0.27 30900224
724 0.27 31125504
725 0.28 31072256
726 0.28 31301632
727 0.27 31248384
728 0.26 31318016
729 0.28 31305728
730 0.27 31526912
731 0.27 31440896
732 0.28 31465472
733 0.28 31535104
734 0.27 31576064
735 0.27 31522816
736 0.27 31666176
737 0.27 31686656
738 0.28 31817728
739 0.28 31780864
740 0.27 31830016
741 0.28 31940608
742 0.28 31924224
743 0.27 31981568
744 0.29 32063488
745 0.28 32112640
746 0.28 32206848
747 0.27 32096256
748 0.28 32210944
749 0.29 32182272
750 0.29 32272384
751 0.28 32333824
752 0.27 32346112
753 0.29 32301056
754 0.28 32346112
755 0.28 32464896
756 0.28 32579584
757 0.28 32690176
758 0.29 32645120
759 0.29 32722944
760 0.28 32673792
761 0.28 32735232
762 0.28 32878592
763 0.3 32890880
764 0.29 32927744
765 0.28 32985088
766 0.29 33067008
767 0.29 32993280
768 0.29 33230848
769 0.29 33193984
770 0.29 33255424