1 0.07 10715136
2 0.07 10723328
3 0.07 10764288
4 0.07 10817536
5 0.07 10862592
6 0.08 10911744
7 0.07 10915840
8 0.07 10977280
9 0.08 11087872
10 0.08 11104256
11 0.08 11202560
12 0.08 11239424
13 0.09 11292672
14 0.07 11300864
15 0.08 11345920
16 0.08 11411456
17 0.08 11513856
18 0.09 11595776
19 0.08 11649024
20 0.08 11673600
21 0.09 11763712
22 0.09 11825152
23 0.08 11841536
24 0.09 11886592
25 0.09 11988992
26 0.09 12095488
27 0.08 12111872
28 0.09 12140544
29 0.09 12169216
30 0.09 12279808
31 0.09 12345344
32 0.09 12455936
33 0.1 12591104
34 0.1 12554240
35 0.1 12578816
36 0.1 12656640
37 0.1 12767232
38 0.1 12787712
39 0.1 12865536
40 0.1 12947456
41 0.1 13012992
42 0.1 13144064
43 0.1 13213696
44 0.1 13324288
45 0.11 13402112
46 0.11 13447168
47 0.1 13549568
48 0.11 13713408
49 0.1 13709312
50 0.11 13725696
51 0.11 13844480
52 0.11 13918208
53 0.12 14069760
54 0.12 14061568
55 0.12 14127104
56 0.11 14221312
57 0.12 14430208
58 0.11 14348288
59 0.11 14426112
60 0.12 14516224
61 0.12 14606336
62 0.11 14725120
63 0.12 14827520
64 0.12 14913536
65 0.12 15024128
66 0.12 15134720
67 0.12 15245312
68 0.13 15343616
69 0.13 15474688
70 0.12 15618048
71 0.13 15683584
72 0.12 15831040
73 0.13 15896576
74 0.13 16039936
75 0.14 16142336
76 0.13 16252928
77 0.13 16297984
78 0.13 16453632
79 0.13 16523264
80 0.13 16658432
81 0.13 16752640
82 0.14 16855040
83 0.14 16953344
84 0.13 17063936
85 0.14 17219584
86 0.14 17362944
87 0.14 17424384
88 0.14 17539072
89 0.15 17780736
90 0.14 17829888
91 0.15 17952768
92 0.14 18087936
93 0.14 18153472
94 0.14 18272256
95 0.15 18407424
96 0.15 18481152
97 0.16 18628608
98 0.16 18755584
99 0.15 18800640
100 0.16 18980864
101 0.16 19087360
102 0.17 19251200
103 0.16 19251200
104 0.16 19472384
105 0.16 19464192
106 0.16 19562496
107 0.16 19660800
108 0.17 19816448
109 0.16 19898368
110 0.17 20049920
111 0.17 20164608
112 0.17 20287488
113 0.19 20398080
114 0.35 20615168
115 0.18 20643840
116 0.17 20631552
117 0.18 20803584
118 0.18 20963328
119 0.19 20996096
120 0.19 21164032
121 0.19 21213184
122 0.2 21307392
123 0.18 21405696
124 0.18 21516288
125 0.19 21725184
126 0.18 21774336
127 0.19 21942272
128 0.18 22138880
129 0.19 22249472
130 0.19 22458368
131 0.2 22626304
132 0.21 22802432
133 0.24 22953984
134 0.2 23130112
135 0.2 23257088
136 0.2 23572480
137 0.2 23633920
138 0.2 23785472
139 0.2 23896064
140 0.2 24137728
141 0.2 24387584
142 0.2 24543232
143 0.21 24719360
144 0.2 24817664
145 0.21 25042944
146 0.21 25378816
147 0.21 25333760
148 0.21 25493504
149 0.21 25661440
150 0.21 25878528
151 0.22 25972736
152 0.22 26181632
153 0.22 26357760
154 0.23 26640384
155 0.21 26669056
156 0.22 26816512
157 0.22 27029504
158 0.22 27176960
159 0.23 27381760
160 0.34 27541504
161 0.23 27705344
162 0.23 27869184
163 0.23 28033024
164 0.23 28360704
165 0.26 28487680
166 0.26 28663808
167 0.25 28786688
168 0.25 28938240
169 0.25 29159424
170 0.24 29179904
171 0.25 29413376
172 0.33 29761536
173 0.27 29761536
174 0.25 29945856
175 0.24 30068736
176 0.25 30310400
177 0.25 30433280
178 0.24 30625792
179 0.25 30875648
180 0.25 31076352
181 0.25 31191040
182 0.25 31363072
183 0.25 31571968
184 0.26 31793152
185 0.27 32043008
186 0.26 32178176
187 0.27 32387072
188 0.27 32567296
189 0.27 32669696
190 0.27 32899072
191 0.27 33112064
192 0.28 33370112
193 0.28 33460224
194 0.27 33611776
195 0.28 33775616
196 0.28 33931264
197 0.28 34078720
198 0.28 34299904
199 0.28 34455552
200 0.29 34619392
201 0.29 35008512
202 0.34 34975744
203 0.29 35155968
204 0.29 35336192
205 0.29 35483648
206 0.3 35700736
207 0.29 35786752
208 0.29 35991552
209 0.3 36139008
210 0.29 36265984
211 0.29 36433920
212 0.3 36605952
213 0.3 36765696
214 0.31 36999168
215 0.31 37249024
216 0.31 37351424
217 0.31 37482496
218 0.31 37679104
219 0.32 37961728
220 0.31 37969920
221 0.31 38313984
222 0.33 38334464
223 0.31 38502400
224 0.32 38686720
225 0.31 38793216
226 0.32 38989824
227 0.32 39161856
228 0.32 39276544
229 0.33 39571456
230 0.34 39698432
231 0.33 39911424
232 0.33 40022016
233 0.33 40194048
234 0.33 40316928
235 0.33 40509440
236 0.34 40763392
237 0.33 40869888
238 0.33 40955904
239 0.34 41111552
240 0.34 41349120
241 0.35 41652224
242 0.34 41922560
243 0.35 42000384
244 0.34 42106880
245 0.35 42549248
246 0.34 42508288
247 0.35 42676224
248 0.35 42835968
249 0.35 42967040
250 0.35 43180032
251 0.36 43343872
252 0.37 43511808
253 0.36 43786240
254 0.36 43982848
255 0.37 44380160
256 0.37 44544000
257 0.37 44953600
258 0.37 45101056
259 0.37 45408256
260 0.37 45686784
261 0.38 46039040
262 0.37 46239744
263 0.38 46587904
264 0.38 46878720
265 0.38 47177728
266 0.38 47538176
267 0.38 47742976
268 0.39 48037888
269 0.39 48373760
270 0.39 48705536
271 0.4 48992256
272 0.39 49270784
273 0.39 49565696
274 0.39 49864704
275 0.4 50159616
276 0.39 50470912
277 0.4 50724864
278 0.4 51007488
279 0.41 51335168
280 0.41 51744768
281 0.41 51912704
282 0.41 52170752
283 0.42 52613120
284 0.41 52822016
285 0.42 53100544
286 0.42 53387264
287 0.44 53673984
288 0.42 53981184
289 0.42 54202368
290 0.43 54730752
291 0.43 54870016
292 0.44 55214080
293 0.42 55468032
294 0.43 55697408
295 0.43 55984128
296 0.43 56274944
297 0.45 56709120
298 0.44 56918016
299 0.44 57217024
300 0.44 57491456
301 0.44 57872384
302 0.44 58073088
303 0.44 58306560
304 0.45 58638336
305 0.45 58941440
306 0.45 59293696
307 0.46 59502592
308 0.45 59781120
309 0.46 60190720
310 0.45 60366848
311 0.46 60669952
312 0.47 60997632
313 0.46 61321216
314 0.47 61612032
315 0.47 61894656
316 0.47 62181376
317 0.47 62480384
318 0.47 62722048
319 0.49 63172608
320 0.48 63422464
321 0.48 63832064
322 0.48 64008192
323 0.48 64286720
324 0.48 64573440
325 0.48 64864256
326 0.48 65150976
327 0.48 65486848
328 0.49 65785856
329 0.49 66015232
330 0.5 66355200
331 0.49 66592768
332 0.5 66928640
333 0.5 67198976
334 0.5 67497984
335 0.5 67817472
336 0.51 68100096
337 0.51 68407296
338 0.5 68677632
339 0.5 68915200
340 0.51 69427200
341 0.51 69562368
342 0.51 69828608
343 0.51 70172672
344 0.52 70451200
345 0.52 70770688
346 0.52 70975488
347 0.53 71471104
348 0.53 71626752
349 0.53 72007680
350 0.53 72232960
351 0.53 72531968
352 0.54 72843264
353 0.54 73142272
354 0.54 73506816
355 0.54 73805824
356 0.55 74153984
357 0.56 74436608
358 0.55 74850304
359 0.55 75055104
360 0.55 75345920
361 0.55 75603968
362 0.56 75915264
363 0.57 76361728
364 0.56 76546048
365 0.56 76914688
366 0.57 77197312
367 0.57 77467648
368 0.57 77828096
369 0.57 78057472
370 0.58 78467072
371 0.58 78741504
372 0.58 79056896
373 0.58 79360000
374 0.58 79679488
375 0.59 79978496
376 0.6 80445440
377 0.61 80752640
378 0.62 81113088
379 0.61 81313792
380 0.61 81571840
381 0.61 81858560
382 0.62 82391040
383 0.61 82452480
384 0.62 82800640
385 0.63 83120128
386 0.62 83394560
387 0.63 83730432
388 0.62 83972096
389 0.63 84316160
390 0.64 84598784
391 0.64 84897792
392 0.65 85221376
393 0.65 85512192
394 0.64 85815296
395 0.64 86052864
396 0.65 86396928
397 0.64 86663168
398 0.65 86937600
399 0.66 87298048
400 0.66 87556096
401 0.66 87883776
402 0.66 88387584
403 0.66 88424448
404 0.67 88776704
405 0.67 89059328
406 0.67 89501696
407 0.67 89694208
408 0.68 90005504
409 0.68 90316800
410 0.67 90570752
411 0.68 91013120
412 0.68 91099136
413 0.68 91414528
414 0.68 91750400
415 0.69 92037120
416 0.69 92291072
417 0.68 92573696
418 0.69 92868608
419 0.7 93134848
420 0.69 93532160
421 0.7 94048256
422 0.7 94117888
423 0.7 94564352
424 0.7 94670848
425 0.72 94978048
426 0.71 95199232
427 0.71 95539200
428 0.71 95809536
429 0.71 96153600
430 0.72 96387072
431 0.73 96808960
432 0.73 97001472
433 0.72 97234944
434 0.73 97595392
435 0.73 97902592
436 0.74 98189312
437 0.73 98447360
438 0.73 98734080
439 0.73 99053568
440 0.74 99291136
441 0.74 99618816
442 0.74 99954688
443 0.74 100229120
444 0.75 100483072
445 0.75 100818944
446 0.75 101183488
447 0.76 101355520
448 0.77 101818368
449 0.76 102055936
450 0.77 102281216
451 0.77 102584320
452 0.76 102854656
453 0.77 103153664
454 0.76 103460864
455 0.77 103739392
456 0.77 104022016
457 0.77 104349696
458 0.78 104767488
459 0.78 104943616
460 0.78 105328640
461 0.79 105619456
462 0.79 105738240
463 0.8 106082304
464 0.79 106348544
465 0.8 106692608
466 0.8 106991616
467 0.8 107212800
468 0.8 107524096
469 0.8 107794432
470 0.8 108085248
471 0.81 108544000
472 0.81 108736512
473 0.81 108974080
474 0.82 109322240
475 0.83 109690880
476 0.82 109846528
477 0.83 110333952
478 0.83 110403584
479 0.83 110796800
480 0.82 111087616
481 0.83 111362048
482 0.84 111661056
483 0.84 111939584
484 0.84 112222208
485 0.84 112623616
486 0.86 112852992
487 0.85 113147904
488 0.85 113385472
489 0.86 113917952
490 0.84 114024448
491 0.86 114343936
492 0.85 114548736
493 0.86 114921472
494 0.86 115138560
495 0.89 115671040
496 0.9 116092928
497 0.9 116076544
498 0.91 116576256
499 0.87 116621312
500 0.88 116903936
501 0.88 117227520
502 0.88 117460992
503 0.88 117788672
504 0.89 118087680
505 0.88 118398976
506 0.94 118673408
507 0.89 118910976
508 0.89 119291904
509 0.89 119582720
510 0.9 120086528
511 0.91 120590336
512 0.91 121217024
513 0.9 121716736
514 0.91 122441728
515 0.91 122802176
516 0.92 123387904
517 0.94 124092416
518 0.92 124399616
519 0.92 124870656
520 0.92 125460480
521 0.93 126009344
522 0.93 126492672
523 0.93 127348736
524 0.94 127623168
525 0.94 128163840
526 0.95 128696320
527 0.94 129183744
528 0.95 129777664
529 0.96 130301952
530 0.96 130859008
531 0.95 131334144
532 0.97 132083712
533 0.96 132456448
534 0.96 133005312
535 0.97 133558272
536 0.97 134078464
537 0.97 134631424
538 0.98 135110656
539 0.98 135643136
540 0.99 136249344
541 0.98 136765440
542 0.99 137302016
543 0.99 137781248
544 0.99 138412032
545 0.99 138928128
546 0.99 139419648
547 1.0 139935744
548 1.01 140529664
549 1.0 141111296
550 1.0 141623296
551 1.02 142266368
552 1.02 142749696
553 1.02 143294464
554 1.02 143941632
555 1.03 144437248
556 1.02 144977920
557 1.03 145453056
558 1.03 145985536
559 1.05 146575360
560 1.05 147038208
561 1.05 147615744
562 1.04 148144128
563 1.04 148680704
564 1.05 149225472
565 1.06 149762048
566 1.05 150257664
567 1.06 150855680
568 1.06 151322624
569 1.06 151920640
570 1.07 152416256
571 1.07 152932352
572 1.07 153534464
573 1.09 154075136
574 1.08 154587136
575 1.08 155217920
576 1.09 155820032
577 1.1 156282880
578 1.09 156966912
579 1.09 157310976
580 1.11 157859840
581 1.1 158494720
582 1.1 158973952
583 1.11 159531008
584 1.11 160186368
585 1.12 160563200
586 1.12 161128448
587 1.12 161644544
588 1.12 162197504
589 1.12 162742272
590 1.13 163225600
591 1.13 163971072
592 1.13 164315136
593 1.15 165040128
594 1.13 165416960
595 1.15 165945344
596 1.14 166514688
597 1.15 167178240
598 1.16 167739392
599 1.16 168239104
600 1.17 168808448
601 1.17 169340928
602 1.17 169910272
603 1.17 170446848
604 1.17 170983424
605 1.18 171536384
606 1.2 172134400
607 1.19 172584960
608 1.2 173277184
609 1.2 173932544
610 1.19 174206976
611 1.19 174743552
612 1.21 175407104
613 1.25 175886336
614 1.21 176345088
615 1.21 176877568
616 1.23 177672192
617 1.22 178008064
618 1.22 178487296
619 1.22 179093504
620 1.23 179683328
621 1.24 180158464
622 1.25 180666368
623 1.24 181239808
624 1.24 181727232
625 1.24 182317056
626 1.24 182853632
627 1.28 183529472
628 1.26 183934976
629 1.26 184569856
630 1.26 185020416
631 1.26 185491456
632 1.27 186179584
633 1.27 186613760
634 1.27 187113472
635 1.28 187715584
636 1.27 188182528
637 1.28 188780544
638 1.29 189329408
639 1.28 189865984
640 1.28 190324736
641 1.3 190939136
642 1.34 191557632
643 1.29 191967232
644 1.3 192507904
645 1.33 193290240
646 1.31 193646592
647 1.31 194134016
648 1.31 194744320
649 1.32 195235840
650 1.33 195932160
651 1.32 196349952
652 1.33 196837376
653 1.33 197369856
654 1.33 197996544
655 1.34 198606848
656 1.36 199118848
657 1.35 199643136
658 1.34 200093696
659 1.35 200671232
660 1.36 201211904
661 1.36 201764864
662 1.36 202326016
663 1.36 202866688
664 1.36 203317248
665 1.36 203927552
666 1.37 204480512
667 1.37 204992512
668 1.37 205463552
669 1.38 206061568
670 1.4 206811136
671 1.38 207159296
672 1.39 207634432
673 1.42 208457728
674 1.47 208932864
675 1.43 209412096
676 1.4 209899520
677 1.41 210354176
678 1.41 210976768
679 1.42 211537920
680 1.41 212041728
681 1.42 212512768
682 1.43 213094400
683 1.45 213819392
684 1.43 214142976
685 1.45 214790144
686 1.43 215199744
687 1.44 215748608
688 1.45 216317952
689 1.44 216817664
690 1.46 217419776
691 1.45 217968640
692 1.47 218505216
693 1.46 219025408
694 1.47 219586560
695 1.5 220483584
696 1.47 220815360
697 1.47 221212672
698 1.47 221749248
699 1.48 222306304
700 1.49 222846976
701 1.48 223391744
702 1.5 224157696
703 1.51 224591872
704 1.82 225325056
705 1.61 225959936
706 1.84 226443264
707 1.67 227041280
708 1.52 227299328
709 1.52 227913728
710 1.53 228446208
711 1.54 229249024
712 1.53 229539840
713 1.64 230301696
714 1.55 230694912
715 1.55 231149568
716 1.57 231874560
717 1.55 232300544
718 1.55 232771584
719 1.56 233410560
720 1.56 234078208
721 1.57 234520576
722 1.57 235053056
723 1.58 235638784
724 1.61 236367872
725 1.58 236691456
726 1.58 237301760
727 1.58 237834240
728 1.58 238383104
729 1.61 238997504
730 1.6 239517696
731 1.6 240046080
732 1.6 240599040
733 1.62 241229824
734 1.61 241774592
735 1.61 242249728
736 1.62 242724864
737 1.75 243580928
738 1.62 243924992
739 1.62 244490240
740 1.63 245039104
741 1.67 245682176
742 1.64 246202368
743 1.65 246669312
744 1.65 247300096
745 1.65 247844864
746 1.67 248393728
747 1.66 249036800
748 1.66 249475072
749 1.67 250081280
750 1.68 250589184
751 1.68 251240448
752 1.69 251641856
753 1.77 252436480
754 1.68 252813312
755 1.7 253468672
756 1.7 253894656
757 1.85 254664704
758 1.77 255045632
759 1.83 255844352
760 1.77 256122880
761 1.77 256712704
762 1.77 257273856
763 1.79 257826816
764 1.8 258281472
765 1.86 258957312
766 1.8 259428352
767 1.79 260014080
768 1.79 260571136
769 1.8 261099520
770 1.96 261750784
771 1.82 262123520
772 1.82 262676480
773 1.92 263532544
774 1.83 263815168
775 1.83 264327168
776 1.84 265007104
777 2.01 265637888
778 1.86 266108928
779 1.86 266764288
780 1.84 267083776
781 1.85 267620352
782 2.03 268242944
783 1.87 268800000
784 1.87 269262848
785 1.87 269762560
786 1.87 270372864
787 1.94 270979072
788 1.9 271486976
789 1.89 272015360
790 1.9 272564224
791 1.89 273072128
792 1.9 273592320
793 1.9 274178048
794 1.91 274673664
795 1.92 275333120
796 1.91 275857408
797 1.92 276340736
798 1.94 276971520
799 2.01 277737472
800 1.94 278134784