1 0.02 7471104
2 0.05 7475200
3 0.02 7430144
4 0.02 7467008
5 0.02 7467008
6 0.02 7540736
7 0.03 7544832
8 0.03 7565312
9 0.08 7598080
10 0.06 7589888
11 0.06 7610368
12 0.02 7606272
13 0.02 7647232
14 0.02 7643136
15 0.02 7659520
16 0.02 7700480
17 0.02 7704576
18 0.02 7696384
19 0.03 7725056
20 0.02 7725056
21 0.03 7778304
22 0.03 7786496
23 0.02 7786496
24 0.02 7819264
25 0.03 7811072
26 0.02 7815168
27 0.03 7872512
28 0.03 7909376
29 0.03 7909376
30 0.03 7966720
31 0.02 7970816
32 0.03 7983104
33 0.03 8052736
34 0.03 8073216
35 0.03 8056832
36 0.03 8056832
37 0.03 8142848
38 0.03 8142848
39 0.03 8151040
40 0.02 8118272
41 0.03 8212480
42 0.03 8249344
43 0.03 8220672
44 0.03 8241152
45 0.03 8249344
46 0.03 8241152
47 0.04 8306688
48 0.03 8269824
49 0.04 8318976
50 0.03 8314880
51 0.03 8380416
52 0.04 8404992
53 0.03 8425472
54 0.03 8388608
55 0.03 8413184
56 0.03 8454144
57 0.04 8503296
58 0.03 8491008
59 0.03 8491008
60 0.04 8556544
61 0.03 8577024
62 0.03 8536064
63 0.03 8544256
64 0.04 8642560
65 0.04 8646656
66 0.03 8642560
67 0.03 8654848
68 0.04 8720384
69 0.04 8740864
70 0.03 8704000
71 0.04 8749056
72 0.03 8744960
73 0.03 8835072
74 0.04 8851456
75 0.03 8826880
76 0.03 8900608
77 0.04 8884224
78 0.04 8867840
79 0.04 8937472
80 0.04 8904704
81 0.04 9003008
82 0.04 8990720
83 0.04 9031680
84 0.04 9048064
85 0.04 9019392
86 0.04 9080832
87 0.04 9076736
88 0.04 9117696
89 0.04 9142272
90 0.04 9138176
91 0.04 9195520
92 0.05 9207808
93 0.03 9187328
94 0.04 9187328
95 0.04 9203712
96 0.04 9302016
97 0.03 9252864
98 0.05 9334784
99 0.04 9306112
100 0.04 9326592
101 0.05 9379840
102 0.04 9408512
103 0.04 9404416
104 0.04 9392128
105 0.04 9482240
106 0.05 9469952
107 0.05 9453568
108 0.05 9555968
109 0.04 9506816
110 0.05 9486336
111 0.04 9564160
112 0.05 9568256
113 0.04 9555968
114 0.05 9613312
115 0.04 9588736
116 0.04 9715712
117 0.05 9695232
118 0.05 9674752
119 0.05 9732096
120 0.05 9736192
121 0.05 9789440
122 0.05 9801728
123 0.05 9842688
124 0.06 9863168
125 0.04 9801728
126 0.05 9871360
127 0.06 9920512
128 0.05 9867264
129 0.06 9986048
130 0.04 9945088
131 0.05 10006528
132 0.05 10067968
133 0.05 10031104
134 0.06 10117120
135 0.05 10055680
136 0.06 10145792
137 0.05 10149888
138 0.06 10203136
139 0.06 10235904
140 0.06 10244096
141 0.05 10190848
142 0.06 10211328
143 0.06 10289152
144 0.06 10280960
145 0.05 10366976
146 0.05 10416128
147 0.06 10379264
148 0.06 10457088
149 0.05 10477568
150 0.06 10473472
151 0.06 10547200
152 0.06 10604544
153 0.06 10575872
154 0.06 10649600
155 0.06 10657792
156 0.07 10678272
157 0.05 10723328
158 0.06 10686464
159 0.07 10739712
160 0.07 10772480
161 0.06 10768384
162 0.06 10776576
163 0.06 10833920
164 0.06 10788864
165 0.05 10887168
166 0.06 10838016
167 0.06 10895360
168 0.06 10911744
169 0.06 10903552
170 0.07 10944512
171 0.06 11051008
172 0.07 11059200
173 0.06 11051008
174 0.06 11116544
175 0.06 11137024
176 0.06 11083776
177 0.07 11083776
178 0.07 11190272
179 0.07 11202560
180 0.07 11227136
181 0.07 11284480
182 0.07 11264000
183 0.07 11321344
184 0.06 11325440
185 0.07 11366400
186 0.06 11313152
187 0.07 11419648
188 0.07 11448320
189 0.07 11431936
190 0.08 11497472
191 0.07 11485184
192 0.07 11513856
193 0.07 11509760
194 0.07 11575296
195 0.06 11509760
196 0.07 11649024
197 0.07 11620352
198 0.07 11669504
199 0.08 11681792
200 0.08 11694080
201 0.07 11677696
202 0.06 11669504
203 0.07 11759616
204 0.08 11829248
205 0.08 11792384
206 0.07 11841536
207 0.08 11878400
208 0.08 11825152
209 0.07 11890688
210 0.08 11882496
211 0.08 11943936
212 0.08 11984896
213 0.08 11984896
214 0.07 11988992
215 0.08 11980800
216 0.08 12107776
217 0.08 12058624
218 0.07 12140544
219 0.08 12161024
220 0.08 12197888
221 0.08 12111872
222 0.08 12251136
223 0.07 12210176
224 0.08 12292096
225 0.08 12238848
226 0.08 12308480
227 0.09 12374016
228 0.08 12300288
229 0.08 12382208
230 0.08 12406784
231 0.08 12423168
232 0.08 12435456
233 0.08 12496896
234 0.08 12566528
235 0.08 12521472
236 0.09 12570624
237 0.08 12574720
238 0.09 12595200
239 0.09 12607488
240 0.08 12648448
241 0.09 12787712
242 0.08 12787712
243 0.1 12734464
244 0.08 12783616
245 0.08 12857344
246 0.09 12906496
247 0.1 12910592
248 0.2 12894208
249 0.1 12906496
250 0.08 12988416
251 0.09 12972032
252 0.09 12939264
253 0.09 13066240
254 0.08 12976128
255 0.09 13107200
256 0.08 13127680
257 0.09 13168640
258 0.08 13168640
259 0.09 13238272
260 0.09 13180928
261 0.1 13340672
262 0.09 13332480
263 0.09 13336576
264 0.09 13381632
265 0.1 13467648
266 0.09 13377536
267 0.09 13492224
268 0.1 13537280
269 0.09 13512704
270 0.09 13586432
271 0.09 13602816
272 0.1 13676544
273 0.1 13651968
274 0.09 13721600
275 0.1 13713408
276 0.09 13787136
277 0.1 13819904
278 0.1 13746176
279 0.1 13819904
280 0.1 13877248
281 0.1 13885440
282 0.09 13828096
283 0.1 13938688
284 0.1 14028800
285 0.09 14004224
286 0.1 14061568
287 0.09 14123008
288 0.1 14094336
289 0.11 14139392
290 0.1 14204928
291 0.1 14213120
292 0.1 14258176
293 0.1 14282752
294 0.1 14336000
295 0.1 14364672
296 0.1 14348288
297 0.1 14450688
298 0.11 14385152
299 0.1 14471168
300 0.1 14585856
301 0.11 14544896
302 0.12 14598144
303 0.11 14598144
304 0.11 14655488
305 0.12 14655488
306 0.11 14786560
307 0.1 14725120
308 0.11 14831616
309 0.1 14815232
310 0.1 14811136
311 0.11 14827520
312 0.1 14864384
313 0.12 14958592
314 0.1 14954496
315 0.11 15044608
316 0.12 15011840
317 0.11 15081472
318 0.1 15114240
319 0.11 15138816
320 0.1 15192064
321 0.1 15151104
322 0.11 15278080
323 0.11 15257600
324 0.11 15368192
325 0.11 15323136
326 0.11 15405056
327 0.12 15441920
328 0.12 15400960
329 0.1 15425536
330 0.12 15523840
331 0.12 15441920
332 0.11 15560704
333 0.11 15593472
334 0.11 15577088
335 0.12 15667200
336 0.11 15716352
337 0.12 15728640
338 0.12 15753216
339 0.11 15785984
340 0.12 15769600
341 0.12 15814656
342 0.11 15892480
343 0.11 15851520
344 0.12 15953920
345 0.13 15958016
346 0.12 16003072
347 0.12 15998976
348 0.13 16113664
349 0.13 16105472
350 0.14 16158720
351 0.13 16171008
352 0.12 16207872
353 0.12 16224256
354 0.13 16220160
355 0.13 16302080
356 0.12 16285696
357 0.13 16371712
358 0.12 16379904
359 0.12 16363520
360 0.13 16482304
361 0.12 16482304
362 0.12 16519168
363 0.13 16551936
364 0.13 16543744
365 0.13 16482304
366 0.13 16637952
367 0.12 16580608
368 0.13 16683008
369 0.12 16629760
370 0.13 16711680
371 0.13 16752640
372 0.12 16777216
373 0.12 16769024
374 0.14 16896000
375 0.13 16904192
376 0.12 16859136
377 0.13 16891904
378 0.13 17035264
379 0.13 17018880
380 0.14 16986112
381 0.13 17031168
382 0.13 17113088
383 0.13 17088512
384 0.13 17178624
385 0.13 17240064
386 0.13 17235968
387 0.12 17317888
388 0.13 17297408
389 0.13 17334272
390 0.14 17367040
391 0.14 17338368
392 0.13 17514496
393 0.14 17514496
394 0.14 17522688
395 0.12 17391616
396 0.14 17575936
397 0.13 17600512
398 0.14 17612800
399 0.14 17674240
400 0.14 17575936
401 0.13 17686528
402 0.14 17731584
403 0.14 17801216
404 0.14 17813504
405 0.14 17842176
406 0.14 17920000
407 0.14 17924096
408 0.14 17960960
409 0.14 17956864
410 0.14 17940480
411 0.13 17997824
412 0.14 18034688
413 0.14 18120704
414 0.14 18006016
415 0.14 18104320
416 0.15 18255872
417 0.14 18161664
418 0.14 18145280
419 0.14 18247680
420 0.16 18321408
421 0.15 18345984
422 0.15 18399232
423 0.15 18403328
424 0.14 18440192
425 0.14 18391040
426 0.15 18456576
427 0.15 18563072
428 0.15 18489344
429 0.14 18620416
430 0.15 18657280
431 0.15 18608128
432 0.14 18644992
433 0.15 18722816
434 0.15 18743296
435 0.14 18759680
436 0.14 18718720
437 0.15 18817024
438 0.14 18866176
439 0.15 18944000
440 0.14 18882560
441 0.16 18984960
442 0.15 19001344
443 0.15 18964480
444 0.15 19066880
445 0.15 19079168
446 0.15 19144704
447 0.16 19189760
448 0.15 19177472
449 0.16 19230720
450 0.16 19156992
451 0.15 19296256
452 0.15 19324928
453 0.16 19382272
454 0.16 19369984
455 0.16 19369984
456 0.16 19521536
457 0.16 19365888
458 0.15 19533824
459 0.15 19546112
460 0.15 19611648
461 0.16 19623936
462 0.16 19718144
463 0.15 19722240
464 0.15 19677184
465 0.16 19791872
466 0.16 19820544
467 0.15 19787776
468 0.17 19865600
469 0.15 19845120
470 0.17 19939328
471 0.16 19943424
472 0.16 19922944
473 0.16 19963904
474 0.17 20094976
475 0.16 20094976
476 0.15 20160512
477 0.16 20082688
478 0.17 20115456
479 0.17 20156416
480 0.16 20303872
481 0.17 20336640
482 0.17 20316160
483 0.16 20316160
484 0.16 20344832
485 0.17 20393984
486 0.17 20381696
487 0.17 20451328
488 0.18 20529152
489 0.18 20393984
490 0.17 20566016
491 0.17 20451328
492 0.16 20619264
493 0.17 20660224
494 0.17 20709376
495 0.18 20697088
496 0.17 20787200
497 0.17 20758528
498 0.17 20881408
499 0.17 20869120
500 0.18 20889600
501 0.16 20869120
502 0.18 20889600
503 0.18 20914176
504 0.17 21016576
505 0.18 21016576
506 0.17 20967424
507 0.18 21094400
508 0.16 21032960
509 0.18 21147648
510 0.18 21241856
511 0.18 21254144
512 0.18 21307392
513 0.18 21331968
514 0.18 21327872
515 0.17 21356544
516 0.19 21495808
517 0.19 21594112
518 0.19 21655552
519 0.18 21647360
520 0.18 21663744
521 0.18 21725184
522 0.19 21815296
523 0.19 21868544
524 0.16 21778432
525 0.17 21864448
526 0.16 21938176
527 0.16 21958656
528 0.16 22044672
529 0.16 21962752
530 0.17 22179840
531 0.16 22208512
532 0.18 22212608
533 0.18 22278144
534 0.19 22405120
535 0.19 22384640
536 0.19 22372352
537 0.2 22462464
538 0.19 22532096
539 0.19 22482944
540 0.19 22630400
541 0.18 22687744
542 0.18 22687744
543 0.19 22675456
544 0.19 22872064
545 0.19 22859776
546 0.19 22908928
547 0.2 22904832
548 0.19 22949888
549 0.19 23003136
550 0.2 23089152
551 0.19 23085056
552 0.2 23318528
553 0.19 23228416
554 0.19 23261184
555 0.19 23293952
556 0.19 23367680
557 0.19 23252992
558 0.2 23531520
559 0.2 23535616
560 0.19 23486464
561 0.2 23646208
562 0.2 23715840
563 0.2 23609344
564 0.21 23789568
565 0.19 23748608
566 0.21 23838720
567 0.21 23793664
568 0.2 23891968
569 0.21 23891968
570 0.2 24100864
571 0.19 23969792
572 0.2 24059904
573 0.2 24133632
574 0.22 24199168
575 0.2 24121344
576 0.2 24371200
577 0.21 24305664
578 0.22 24367104
579 0.21 24387584
580 0.21 24375296
581 0.21 24420352
582 0.2 24530944
583 0.21 24580096
584 0.21 24678400
585 0.21 24657920
586 0.21 24690688
587 0.21 24678400
588 0.21 24793088
589 0.2 24903680
590 0.21 24969216
591 0.22 24948736
592 0.22 25022464
593 0.21 24854528
594 0.21 25112576
595 0.22 25194496
596 0.22 25260032
597 0.21 25247744
598 0.24 25325568
599 0.22 25378816
600 0.21 25440256
601 0.21 25571328
602 0.22 25575424
603 0.21 25600000
604 0.22 25559040
605 0.22 25620480
606 0.22 25821184
607 0.24 25858048
608 0.22 25862144
609 0.22 25825280
610 0.22 25944064
611 0.21 25878528
612 0.23 26071040
613 0.22 26140672
614 0.23 26009600
615 0.23 26136576
616 0.23 26238976
617 0.21 26210304
618 0.23 26361856
619 0.25 26361856
620 0.23 26386432
621 0.22 26365952
622 0.25 26476544
623 0.22 26464256
624 0.22 26619904
625 0.25 26615808
626 0.25 26636288
627 0.23 26624000
628 0.23 26669056
629 0.23 26787840
630 0.24 26738688
631 0.24 26877952
632 0.22 26939392
633 0.23 26882048
634 0.24 26923008
635 0.24 26992640
636 0.24 27086848
637 0.24 27131904
638 0.24 27234304
639 0.23 27197440
640 0.24 27238400
641 0.23 27246592
642 0.25 27373568
643 0.23 27361280
644 0.23 27512832
645 0.24 27459584
646 0.23 27480064
647 0.24 27566080
648 0.24 27594752
649 0.24 27656192
650 0.24 27742208
651 0.24 27738112
652 0.24 27738112
653 0.23 27684864
654 0.25 27959296
655 0.24 28065792
656 0.25 28000256
657 0.24 28016640
658 0.25 27996160
659 0.24 28061696
660 0.3 28110848
661 0.23 28143616
662 0.25 28258304
663 0.24 28262400
664 0.24 28229632
665 0.24 28237824
666 0.24 28516352
667 0.25 28471296
668 0.24 28553216
669 0.25 28684288
670 0.25 28655616
671 0.24 28655616
672 0.24 28794880
673 0.25 28794880
674 0.25 28897280
675 0.25 28807168
676 0.28 28868608
677 0.23 28872704
678 0.26 29003776
679 0.25 28987392
680 0.24 29110272
681 0.26 29163520
682 0.26 29261824
683 0.3 29130752
684 0.31 29253632
685 0.26 29413376
686 0.26 29388800
687 0.25 29446144
688 0.26 29462528
689 0.26 29380608
690 0.24 29573120
691 0.26 29650944
692 0.25 29626368
693 0.27 29720576
694 0.25 29667328
695 0.26 29663232
696 0.26 29978624
697 0.25 29769728
698 0.27 29880320
699 0.25 29786112
700 0.25 30040064
701 0.26 30072832
702 0.25 30048256
703 0.27 30126080
704 0.26 30142464
705 0.25 30175232
706 0.27 30334976
707 0.27 30334976
708 0.26 30453760
709 0.26 30412800
710 0.26 30478336
711 0.26 30535680
712 0.26 30658560
713 0.28 30638080
714 0.27 30756864
715 0.27 30670848
716 0.28 30797824
717 0.26 30711808
718 0.27 30883840
719 0.27 30818304
720 0.26 30978048
721 0.27 31055872
722 0.27 30973952
723 0.27 31068160
724 0.27 31133696
725 0.28 31129600
726 0.3 31285248
727 0.27 31301632
728 0.26 31260672
729 0.28 31260672
730 0.26 31338496
731 0.26 31338496
732 0.27 31399936
733 0.27 31592448
734 0.38 31600640
735 0.28 31580160
736 0.28 31576064
737 0.27 31477760
738 0.28 31789056
739 0.27 31813632
740 0.31 31907840
741 0.29 31989760
742 0.28 31911936
743 0.32 31928320
744 0.28 32034816
745 0.28 32100352
746 0.29 32133120
747 0.27 32190464
748 0.27 32104448
749 0.28 32206848
750 0.28 32370688
751 0.28 32292864
752 0.28 32362496
753 0.28 32374784
754 0.29 32485376
755 0.28 32518144
756 0.27 32645120
757 0.28 32604160
758 0.29 32669696
759 0.28 32698368
760 0.28 32768000
761 0.29 32677888
762 0.3 32800768
763 0.29 32927744
764 0.52 33009664
765 0.29 33046528
766 0.28 32980992
767 0.28 32968704
768 0.29 33198080
769 0.28 33128448
770 0.29 33165312