1 0.07 10584064
2 0.08 10694656
3 0.09 10735616
4 0.08 10780672
5 0.07 10780672
6 0.08 10928128
7 0.08 10936320
8 0.08 10993664
9 0.09 11038720
10 0.09 11112448
11 0.08 11149312
12 0.08 11243520
13 0.09 11292672
14 0.08 11345920
15 0.08 11399168
16 0.09 11505664
17 0.08 11640832
18 0.09 11583488
19 0.08 11653120
20 0.09 11603968
21 0.09 11755520
22 0.08 11743232
23 0.09 11841536
24 0.09 11857920
25 0.09 11968512
26 0.09 12005376
27 0.09 12066816
28 0.1 12210176
29 0.1 12189696
30 0.11 12263424
31 0.1 12292096
32 0.1 12349440
33 0.11 12423168
34 0.1 12484608
35 0.1 12660736
36 0.1 12648448
37 0.1 12713984
38 0.1 12804096
39 0.1 12955648
40 0.1 12902400
41 0.1 13012992
42 0.1 13127680
43 0.1 13176832
44 0.11 13303808
45 0.11 13373440
46 0.11 13447168
47 0.1 13545472
48 0.11 13611008
49 0.11 13672448
50 0.12 13778944
51 0.12 13856768
52 0.1 13828096
53 0.15 13946880
54 0.13 14123008
55 0.11 14094336
56 0.12 14290944
57 0.12 14360576
58 0.12 14360576
59 0.13 14385152
60 0.13 14512128
61 0.13 14655488
62 0.12 14757888
63 0.12 14802944
64 0.12 14974976
65 0.13 15101952
66 0.12 15142912
67 0.13 15257600
68 0.12 15355904
69 0.12 15388672
70 0.13 15634432
71 0.12 15708160
72 0.13 15745024
73 0.14 15949824
74 0.13 16162816
75 0.13 16101376
76 0.15 16318464
77 0.14 16297984
78 0.14 16506880
79 0.14 16474112
80 0.14 16670720
81 0.14 16699392
82 0.14 16818176
83 0.14 17047552
84 0.14 17100800
85 0.14 17154048
86 0.16 17358848
87 0.14 17436672
88 0.15 17645568
89 0.15 17809408
90 0.15 17813504
91 0.16 17936384
92 0.16 18231296
93 0.21 18313216
94 0.19 18411520
95 0.18 18403328
96 0.16 18501632
97 0.2 18698240
98 0.18 18825216
99 0.17 18948096
100 0.21 18997248
101 0.23 19087360
102 0.18 19247104
103 0.17 19259392
104 0.17 19406848
105 0.17 19603456
106 0.18 19693568
107 0.17 19730432
108 0.2 19890176
109 0.17 19922944
110 0.17 19988480
111 0.19 20226048
112 0.18 20271104
113 0.19 20447232
114 0.19 20512768
115 0.18 20652032
116 0.19 20701184
117 0.19 20783104
118 0.18 20869120
119 0.18 20959232
120 0.2 21192704
121 0.19 21295104
122 0.19 21270528
123 0.2 21471232
124 0.19 21606400
125 0.19 21602304
126 0.2 21790720
127 0.22 21991424
128 0.2 22130688
129 0.2 22388736
130 0.24 22593536
131 0.28 22740992
132 0.25 22859776
133 0.23 22962176
134 0.2 23199744
135 0.21 23355392
136 0.21 23547904
137 0.21 23760896
138 0.24 23908352
139 0.3 24113152
140 0.23 24281088
141 0.29 24539136
142 0.23 24657920
143 0.22 24731648
144 0.21 24891392
145 0.22 25120768
146 0.21 25190400
147 0.21 25382912
148 0.22 25522176
149 0.22 25800704
150 0.22 26046464
151 0.22 26193920
152 0.26 26300416
153 0.25 26570752
154 0.23 26738688
155 0.25 26800128
156 0.31 26968064
157 0.23 27168768
158 0.23 27238400
159 0.23 27381760
160 0.22 27516928
161 0.23 27684864
162 0.24 27848704
163 0.24 28114944
164 0.23 28184576
165 0.24 28356608
166 0.24 28532736
167 0.24 28811264
168 0.28 28917760
169 0.26 29138944
170 0.26 29249536
171 0.28 29560832
172 0.28 29691904
173 0.29 29929472
174 0.43 30105600
175 0.36 30154752
176 0.27 30478336
177 0.27 30564352
178 0.25 30666752
179 0.25 30998528
180 0.25 31137792
181 0.3 31379456
182 0.3 31539200
183 0.28 31744000
184 0.27 31838208
185 0.28 32157696
186 0.28 32210944
187 0.34 32374784
188 0.26 32546816
189 0.27 32661504
190 0.27 32833536
191 0.27 33046528
192 0.64 33255424
193 0.3 33427456
194 0.28 33579008
195 0.29 33804288
196 0.5 33927168
197 0.32 34226176
198 0.3 34283520
199 0.34 34439168
200 0.28 34586624
201 0.29 34992128
202 0.29 34955264
203 0.6 35229696
204 0.37 35319808
205 0.3 35536896
206 0.3 35655680
207 0.29 35803136
208 0.3 35971072
209 0.3 36233216
210 0.3 36421632
211 0.31 36687872
212 0.3 36593664
213 0.3 36794368
214 0.41 37081088
215 0.33 37289984
216 0.36 37535744
217 0.37 37707776
218 0.31 37658624
219 0.31 37900288
220 0.31 37949440
221 0.31 38100992
222 0.32 38260736
223 0.31 38494208
224 0.31 38596608
225 0.46 38928384
226 0.32 39038976
227 0.33 39268352
228 0.39 39440384
229 0.39 39510016
230 0.33 39641088
231 0.48 39915520
232 0.33 40001536
233 0.34 40177664
234 0.33 40345600
235 0.33 40505344
236 0.34 40669184
237 0.33 40783872
238 0.35 41017344
239 0.34 41160704
240 0.35 41336832
241 0.35 41775104
242 0.34 41836544
243 0.34 42016768
244 0.35 42102784
245 0.35 42328064
246 0.34 42496000
247 0.35 42668032
248 0.35 42762240
249 0.35 42938368
250 0.51 43171840
251 0.36 43257856
252 0.36 43491328
253 0.36 43663360
254 0.37 43970560
255 0.36 44253184
256 0.36 44474368
257 0.38 45027328
258 0.37 45105152
259 0.37 45522944
260 0.41 45809664
261 0.37 45912064
262 0.37 46243840
263 0.38 46616576
264 0.38 46895104
265 0.38 47169536
266 0.38 47456256
267 0.39 47738880
268 0.39 48087040
269 0.39 48373760
270 0.39 48701440
271 0.4 48996352
272 0.4 49278976
273 0.4 49561600
274 0.4 49856512
275 0.4 50245632
276 0.4 50487296
277 0.4 50704384
278 0.41 50995200
279 0.41 51597312
280 0.42 51732480
281 0.41 51916800
282 0.41 52199424
283 0.41 52531200
284 0.41 52772864
285 0.42 53137408
286 0.42 53387264
287 0.43 53817344
288 0.42 53964800
289 0.42 54255616
290 0.42 54587392
291 0.42 54882304
292 0.44 55271424
293 0.42 55439360
294 0.42 55672832
295 0.43 55967744
296 0.44 56254464
297 0.44 56672256
298 0.44 56954880
299 0.44 57221120
300 0.44 57511936
301 0.45 57856000
302 0.45 58101760
303 0.46 58499072
304 0.44 58667008
305 0.45 58937344
306 0.45 59330560
307 0.45 59568128
308 0.45 59863040
309 0.46 60162048
310 0.45 60440576
311 0.46 60719104
312 0.46 61026304
313 0.46 61341696
314 0.47 61624320
315 0.46 61915136
316 0.48 62328832
317 0.48 62676992
318 0.47 62791680
319 0.47 63111168
320 0.48 63438848
321 0.48 63729664
322 0.48 63995904
323 0.49 64274432
324 0.49 64569344
325 0.48 64851968
326 0.52 65159168
327 0.5 65421312
328 0.49 65757184
329 0.49 66007040
330 0.52 66359296
331 0.49 66666496
332 0.49 66871296
333 0.5 67153920
334 0.55 67514368
335 0.5 67858432
336 0.51 68116480
337 0.51 68509696
338 0.62 68685824
339 0.56 69017600
340 0.52 69259264
341 0.52 69599232
342 0.52 69943296
343 0.52 70172672
344 0.52 70504448
345 0.54 70778880
346 0.56 71098368
347 0.63 71499776
348 0.61 71897088
349 0.56 72105984
350 0.68 72445952
351 0.63 72794112
352 0.55 72957952
353 0.58 73371648
354 0.58 73658368
355 0.55 73875456
356 0.57 74227712
357 0.57 74588160
358 0.64 74887168
359 0.67 75345920
360 0.64 75554816
361 0.59 75902976
362 0.63 76107776
363 0.67 76533760
364 0.66 76812288
365 0.65 77127680
366 0.69 77451264
367 0.61 77713408
368 0.6 77910016
369 0.57 78274560
370 0.57 78397440
371 0.58 78893056
372 0.58 79060992
373 0.58 79400960
374 0.59 79806464
375 0.58 79966208
376 0.6 80470016
377 0.61 80756736
378 0.61 81055744
379 0.61 81256448
380 0.63 81645568
381 0.61 82018304
382 0.61 82149376
383 0.63 82522112
384 0.63 82853888
385 0.63 83132416
386 0.63 83427328
387 0.63 83816448
388 0.63 84058112
389 0.63 84320256
390 0.67 84770816
391 0.64 84979712
392 0.65 85389312
393 0.64 85516288
394 0.64 85803008
395 0.64 86097920
396 0.65 86392832
397 0.65 86671360
398 0.65 87011328
399 0.65 87347200
400 0.71 87887872
401 0.66 87945216
402 0.66 88248320
403 0.66 88502272
404 0.66 88805376
405 0.66 89042944
406 0.67 89436160
407 0.73 89849856
408 0.76 90226688
409 0.82 90505216
410 0.72 90877952
411 0.73 91115520
412 0.72 91328512
413 0.69 91451392
414 0.69 91783168
415 0.7 92028928
416 0.69 92426240
417 0.8 92876800
418 0.71 93065216
419 0.78 93466624
420 0.7 93491200
421 0.71 93933568
422 0.71 94138368
423 0.71 94433280
424 0.71 94732288
425 0.72 94998528
426 0.71 95272960
427 0.72 95567872
428 0.72 95911936
429 0.72 96346112
430 0.73 96546816
431 0.72 96743424
432 0.72 97107968
433 0.73 97329152
434 0.75 97804288
435 0.74 97943552
436 0.75 98414592
437 0.77 98689024
438 0.75 98926592
439 0.74 99323904
440 0.74 99385344
441 0.74 99647488
442 0.75 99979264
443 0.75 100282368
444 0.74 100622336
445 0.75 100847616
446 0.76 101335040
447 0.77 101441536
448 0.76 101695488
449 0.77 102273024
450 0.76 102305792
451 0.76 102674432
452 0.77 103006208
453 0.78 103178240
454 0.77 103473152
455 0.78 103759872
456 0.77 104288256
457 0.78 104333312
458 0.78 104603648
459 0.79 105091072
460 0.78 105238528
461 0.78 105623552
462 0.79 105799680
463 0.79 106106880
464 0.81 106422272
465 0.8 106696704
466 0.8 107102208
467 0.8 107298816
468 0.8 107515904
469 0.8 107851776
470 0.81 108150784
471 0.81 108453888
472 0.81 108769280
473 0.81 109015040
474 0.81 109289472
475 0.83 109744128
476 0.83 109916160
477 0.82 110206976
478 0.83 110460928
479 0.84 110841856
480 0.83 111259648
481 0.83 111398912
482 0.83 111689728
483 0.83 111927296
484 0.84 112254976
485 0.83 112513024
486 0.84 112893952
487 0.84 113106944
488 0.85 113541120
489 0.86 113770496
490 0.85 114053120
491 0.85 114315264
492 0.86 114593792
493 0.86 114896896
494 0.88 115240960
495 0.86 115494912
496 0.87 115916800
497 0.87 116027392
498 0.87 116359168
499 0.88 116682752
500 0.87 116948992
501 0.87 117284864
502 0.88 117481472
503 0.88 117829632
504 0.89 118132736
505 0.89 118505472
506 0.9 118767616
507 0.9 119009280
508 0.91 119431168
509 0.91 119615488
510 0.94 120393728
511 0.92 120848384
512 0.93 121360384
513 0.93 121958400
514 0.91 122310656
515 0.91 122859520
516 0.92 123375616
517 0.91 123916288
518 0.93 124583936
519 0.93 124985344
520 0.92 125456384
521 0.95 126341120
522 0.93 126537728
523 0.94 127148032
524 0.95 127680512
525 0.95 128270336
526 0.95 128708608
527 0.94 129310720
528 0.96 129871872
529 0.95 130392064
530 0.96 131035136
531 0.97 131727360
532 0.96 131993600
533 0.97 132726784
534 0.98 133210112
535 0.97 133599232
536 0.97 134336512
537 0.98 134672384
538 0.98 135208960
539 0.98 135864320
540 0.98 136282112
541 1.0 136925184
542 0.99 137379840
543 0.99 137912320
544 0.99 138465280
545 0.99 138997760
546 1.0 139530240
547 1.0 139997184
548 1.0 140603392
549 1.01 141082624
550 1.01 141750272
551 1.01 142163968
552 1.01 142831616
553 1.03 143355904
554 1.04 144134144
555 1.03 144445440
556 1.03 144969728
557 1.03 145551360
558 1.03 146046976
559 1.04 146583552
560 1.05 147185664
561 1.05 147664896
562 1.06 148369408
563 1.05 148766720
564 1.05 149458944
565 1.07 150040576
566 1.06 150376448
567 1.06 151035904
568 1.07 151425024
569 1.06 151924736
570 1.08 152600576
571 1.07 153051136
572 1.08 153579520
573 1.07 154066944
574 1.08 154681344
575 1.09 155209728
576 1.09 155746304
577 1.08 156299264
578 1.08 156762112
579 1.12 157728768
580 1.14 157888512
581 1.1 158445568
582 1.11 159019008
583 1.11 159576064
584 1.13 160329728
585 1.11 160858112
586 1.11 161161216
587 1.13 161845248
588 1.13 162353152
589 1.15 162967552
590 1.12 163336192
591 1.14 163930112
592 1.13 164388864
593 1.13 164917248
594 1.14 165482496
595 1.14 166137856
596 1.15 166608896
597 1.14 167030784
598 1.15 167587840
599 1.16 168292352
600 1.17 169115648
601 1.2 169443328
602 1.17 169914368
603 1.17 170491904
604 1.18 171044864
605 1.2 171638784
606 1.21 172150784
607 1.18 172584960
608 1.2 173162496
609 1.2 173658112
610 1.2 174276608
611 1.2 174809088
612 1.21 175390720
613 1.22 176132096
614 1.21 176439296
615 1.21 176992256
616 1.24 177672192
617 1.22 178069504
618 1.23 178929664
619 1.25 179281920
620 1.23 179642368
621 1.27 180260864
622 1.23 180776960
623 1.23 181231616
624 1.28 182030336
625 1.25 182542336
626 1.29 182984704
627 1.25 183472128
628 1.3 184172544
629 1.26 184516608
630 1.29 185233408
631 1.26 185556992
632 1.27 186142720
633 1.27 186716160
634 1.28 187219968
635 1.28 187781120
636 1.29 188284928
637 1.28 188788736
638 1.28 189399040
639 1.29 189894656
640 1.3 190468096
641 1.3 190971904
642 1.3 191713280
643 1.35 192249856
644 1.3 192573440
645 1.3 193159168
646 1.3 193716224
647 1.32 194490368
648 1.31 194719744
649 1.32 195338240
650 1.33 195866624
651 1.33 196395008
652 1.33 196898816
653 1.33 197419008
654 1.33 198029312
655 1.34 198602752
656 1.34 199127040
657 1.34 199606272
658 1.35 200192000
659 1.35 200679424
660 1.34 201207808
661 1.41 201891840
662 1.36 202305536
663 1.36 202903552
664 1.43 203603968
665 1.38 204025856
666 1.38 204574720
667 1.44 205328384
668 1.38 205586432
669 1.39 206077952
670 1.53 206696448
671 1.39 207396864
672 1.44 207925248
673 1.4 208343040
674 1.41 208891904
675 1.4 209342464
676 1.4 210087936
677 1.4 210411520
678 1.41 210993152
679 1.42 211542016
680 1.42 212082688
681 1.43 212660224
682 1.45 213266432
683 1.43 213762048
684 1.43 214294528
685 1.45 214786048
686 1.43 215265280
687 1.44 215859200
688 1.45 216457216
689 1.45 216875008
690 1.45 217419776
691 1.53 218079232
692 1.48 218697728
693 1.46 219074560
694 1.47 219705344
695 1.52 220372992
696 1.47 220696576
697 1.47 221233152
698 1.48 221810688
699 1.48 222277632
700 1.57 223019008
701 1.51 223604736
702 1.52 224251904
703 1.49 224456704
704 1.5 225198080
705 1.51 225755136
706 1.5 226291712
707 1.51 226795520
708 1.51 227303424
709 1.51 227930112
710 1.52 228577280
711 1.54 229007360
712 1.63 229740544
713 1.64 230277120
714 1.53 230637568
715 1.54 231235584
716 1.56 231809024
717 1.55 232345600
718 1.55 232828928
719 1.54 233480192
720 1.56 234000384
721 1.56 234524672
722 1.56 235053056
723 1.56 235745280
724 1.64 236355584
725 1.58 236756992
726 1.59 237461504
727 1.59 237903872
728 1.58 238362624
729 1.59 239104000
730 1.59 239472640
731 1.6 240205824
732 1.71 240893952
733 1.62 241205248
734 1.64 241909760
735 1.65 242487296
736 1.63 242905088
737 1.76 243691520
738 1.68 244207616
739 1.87 244699136
740 1.82 245370880
741 1.64 245567488
742 1.64 246231040
743 1.64 246763520
744 1.64 247349248
745 1.68 248053760
746 1.65 248463360
747 1.72 249200640
748 1.71 249917440
749 1.66 250195968
750 1.75 250843136
751 1.84 251314176
752 1.69 251752448
753 1.84 252563456
754 1.68 252870656
755 1.69 253579264
756 1.7 253923328
757 1.7 254537728
758 1.78 255086592
759 1.92 255778816
760 1.92 256249856
761 1.84 257024000
762 1.88 257769472
763 1.77 257953792
764 1.78 258400256
765 1.79 259018752
766 1.8 259510272
767 1.81 259989504
768 1.8 260550656
769 1.8 261144576
770 1.87 261804032
771 1.83 262369280
772 1.98 262832128
773 1.82 263315456
774 1.81 263864320
775 1.92 264671232
776 1.83 264941568
777 1.88 265584640
778 2.0 266092544
779 1.85 266547200
780 1.95 267427840
781 1.88 267665408
782 1.85 268210176
783 1.88 268894208
784 1.87 269262848
785 2.04 269975552
786 1.88 270430208
787 1.97 271290368
788 1.89 271450112
789 2.03 272183296
790 1.89 272588800
791 1.89 273199104
792 1.89 273612800
793 1.91 274280448
794 1.89 274726912
795 2.04 275705856
796 1.93 275820544
797 2.12 276787200
798 1.94 276951040
799 1.93 277446656
800 1.93 278159360