1 0.29 23175168
2 0.3 23515136
3 0.29 23252992
4 0.29 23293952
5 0.3 23736320
6 0.3 24117248
7 0.29 23416832
8 0.3 23453696
9 0.32 23625728
10 0.3 23724032
11 0.33 23760896
12 0.32 23945216
13 0.31 23859200
14 0.31 24211456
15 0.3 23916544
16 0.31 23937024
17 0.32 24461312
18 0.32 24125440
19 0.33 24223744
20 0.31 24530944
21 0.35 24760320
22 0.33 24616960
23 0.32 25178112
24 0.33 25296896
25 0.33 24981504
26 0.32 25096192
27 0.41 25534464
28 0.38 25636864
29 0.36 25559040
30 0.37 25346048
31 0.46 25853952
32 0.39 26456064
33 0.37 26148864
34 0.37 26406912
35 0.37 26222592
36 0.37 26009600
37 0.36 26361856
38 0.37 25735168
39 0.37 25808896
40 0.38 26460160
41 0.41 26894336
42 0.39 26390528
43 0.4 27205632
44 0.39 27144192
45 0.39 26824704
46 0.41 27037696
47 0.39 26648576
48 0.38 26578944
49 0.39 26722304
50 0.39 26763264
51 0.43 26988544
52 0.39 27164672
53 0.39 27127808
54 0.39 27086848
55 0.39 27156480
56 0.39 26910720
57 0.4 27299840
58 0.4 28065792
59 0.39 27082752
60 0.4 27176960
61 0.4 27455488
62 0.42 28155904
63 0.42 28094464
64 0.42 27951104
65 0.41 28282880
66 0.41 27676672
67 0.44 28028928
68 0.4 28291072
69 0.45 28225536
70 0.42 28176384
71 0.42 28409856
72 0.45 28336128
73 0.41 27996160
74 0.41 28102656
75 0.42 28274688
76 0.44 28491776
77 0.43 28520448
78 0.42 28557312
79 0.43 28852224
80 0.43 28741632
81 0.43 28905472
82 0.42 28561408
83 0.43 28852224
84 0.43 28934144
85 0.42 28536832
86 0.43 28291072
87 0.44 28807168
88 0.44 29224960
89 0.42 29089792
90 0.45 29376512
91 0.43 28717056
92 0.42 29237248
93 0.43 29155328
94 0.42 29114368
95 0.4 28827648
96 0.46 29302784
97 0.45 29298688
98 0.42 29388800
99 0.42 29061120
100 0.41 29208576
101 0.48 29847552
102 0.41 29372416
103 0.42 28942336
104 0.46 29024256
105 0.45 29945856
106 0.43 29794304
107 0.41 29048832
108 0.41 29229056
109 0.42 29765632
110 0.42 29540352
111 0.43 29732864
112 0.42 29593600
113 0.43 30048256
114 0.44 29712384
115 0.42 29470720
116 0.41 29630464
117 0.46 30027776
118 0.43 30519296
119 0.43 29880320
120 0.41 29523968
121 0.44 30298112
122 0.45 30257152
123 0.42 30093312
124 0.44 30048256
125 0.44 30478336
126 0.5 30613504
127 0.43 30035968
128 0.42 30371840
129 0.47 31014912
130 0.42 30154752
131 0.47 30461952
132 0.45 30547968
133 0.44 30408704
134 0.44 30781440
135 0.42 30281728
136 0.43 30486528
137 0.44 30359552
138 0.44 30851072
139 0.44 30978048
140 0.55 31019008
141 0.53 31477760
142 0.48 30887936
143 0.43 30597120
144 0.48 31207424
145 0.5 31490048
146 0.45 30855168
147 0.45 31182848
148 0.44 31584256
149 0.45 31174656
150 0.44 30887936
151 0.45 31232000
152 0.44 31326208
153 0.45 31367168
154 0.44 31563776
155 0.44 31092736
156 0.43 31105024
157 0.45 31387648
158 0.44 31834112
159 0.46 31371264
160 0.45 32055296
161 0.45 31334400
162 0.45 31404032
163 0.45 31813632
164 0.44 31576064
165 0.46 31526912
166 0.46 32047104
167 0.44 31608832
168 0.45 31641600
169 0.45 31842304
170 0.46 32538624
171 0.45 31764480
172 0.46 31830016
173 0.46 31936512
174 0.46 32129024
175 0.45 31932416
176 0.45 32002048
177 0.48 32206848
178 0.46 32153600
179 0.46 32079872
180 0.49 33161216
181 0.47 32190464
182 0.47 32501760
183 0.57 32854016
184 0.46 32305152
185 0.52 32690176
186 0.47 32763904
187 0.48 32673792
188 0.47 32698368
189 0.46 32546816
190 0.49 32710656
191 0.5 32702464
192 0.47 33263616
193 0.48 32772096
194 0.49 33509376
195 0.49 33161216
196 0.48 33050624
197 0.49 33517568
198 0.54 33931264
199 0.48 33013760
200 0.48 33382400
201 0.49 33153024
202 0.49 33132544
203 0.48 33169408
204 0.48 33218560
205 0.49 33419264
206 0.48 33300480
207 0.52 33529856
208 0.53 34078720
209 0.48 33484800
210 0.51 33796096
211 0.49 33497088
212 0.51 33636352
213 0.49 33652736
214 0.49 33640448
215 0.49 33644544
216 0.5 34418688
217 0.52 33857536
218 0.49 33824768
219 0.5 34156544
220 0.49 33898496
221 0.5 34107392
222 0.55 34615296
223 0.55 34926592
224 0.51 34066432
225 0.53 34844672
226 0.55 34410496
227 0.54 35037184
228 0.54 34619392
229 0.53 34443264
230 0.53 35229696
231 0.52 34492416
232 0.5 34344960
233 0.57 35356672
234 0.52 35221504
235 0.54 35151872
236 0.52 35221504
237 0.5 34594816
238 0.58 34725888
239 0.54 35422208
240 0.54 34803712
241 0.52 35237888
242 0.52 34844672
243 0.51 35188736
244 0.52 35098624
245 0.58 35532800
246 0.53 35241984
247 0.51 35037184
248 0.56 35983360
249 0.55 35430400
250 0.53 35246080
251 0.54 35180544
252 0.53 35450880
253 0.56 35708928
254 0.52 35479552
255 0.59 36249600
256 0.6 35856384
257 0.56 36343808
258 0.57 36397056
259 0.56 35950592
260 0.53 35815424
261 0.6 36192256
262 0.52 35876864
263 0.54 36114432
264 0.54 35774464
265 0.56 36536320
266 0.57 36560896
267 0.53 35921920
268 0.6 36622336
269 0.53 36052992
270 0.63 36208640
271 0.56 36835328
272 0.53 36024320
273 0.55 36519936
274 0.55 36376576
275 0.55 36593664
276 0.55 36364288
277 0.59 36630528
278 0.56 36962304
279 0.6 36552704
280 0.57 36896768
281 0.63 36999168
282 0.56 36638720
283 0.56 36679680
284 0.55 36700160
285 0.55 36757504
286 0.55 36802560
287 0.55 36909056
288 0.54 36896768
289 0.57 37044224
290 0.55 37015552
291 0.56 37117952
292 0.55 37285888
293 0.55 37134336
294 0.55 37163008
295 0.55 37163008
296 0.58 37654528
297 0.57 37498880
298 0.57 37482496
299 0.59 37859328
300 0.57 37539840
301 0.59 38166528
302 0.59 37560320
303 0.57 37982208
304 0.64 38338560
305 0.59 37699584
306 0.56 37810176
307 0.56 37928960
308 0.59 38060032
309 0.57 37908480
310 0.59 37867520
311 0.6 38096896
312 0.6 38625280
313 0.61 38473728
314 0.6 39010304
315 0.58 38223872
316 0.62 38973440
317 0.57 38060032
318 0.57 38154240
319 0.59 38293504
320 0.59 38871040
321 0.6 38367232
322 0.58 38305792
323 0.59 38838272
324 0.6 38600704
325 0.65 38563840
326 0.58 38477824
327 0.6 38526976
328 0.57 38510592
329 0.58 38678528
330 0.59 38715392
331 0.58 38678528
332 0.62 39112704
333 0.61 38817792
334 0.62 39116800
335 0.62 39800832
336 0.61 39084032
337 0.61 39452672
338 0.59 39002112
339 0.6 39436288
340 0.61 39309312
341 0.61 39497728
342 0.6 39337984
343 0.61 39477248
344 0.64 39489536
345 0.62 40316928
346 0.61 40378368
347 0.6 39473152
348 0.67 40140800
349 0.62 39596032
350 0.61 39952384
351 0.61 40177664
352 0.61 39845888
353 0.62 40017920
354 0.62 39784448
355 0.62 39915520
356 0.64 40198144
357 0.66 40665088
358 0.63 40693760
359 0.6 39960576
360 0.63 40079360
361 0.63 40611840
362 0.63 40574976
363 0.64 40476672
364 0.61 41160704
365 0.62 41807872
366 0.62 41218048
367 0.66 41369600
368 0.66 41619456
369 0.68 42246144
370 0.68 41443328
371 0.67 42479616
372 0.71 42106880
373 0.64 41574400
374 0.63 42496000
375 0.64 41766912
376 0.66 42393600
377 0.66 41873408
378 0.63 41832448
379 0.64 42127360
380 0.64 42201088
381 0.65 42184704
382 0.65 42221568
383 0.69 42151936
384 0.65 42090496
385 0.65 42741760
386 0.66 42110976
387 0.64 42352640
388 0.64 42246144
389 0.66 42565632
390 0.66 42389504
391 0.65 43008000
392 0.65 42582016
393 0.68 43159552
394 0.7 42901504
395 0.69 43233280
396 0.72 43323392
397 0.64 42950656
398 0.67 43249664
399 0.67 43032576
400 0.69 42704896
401 0.67 42835968
402 0.7 43118592
403 0.66 43012096
404 0.65 43544576
405 0.65 43110400
406 0.66 42995712
407 0.72 43618304
408 0.65 43184128
409 0.65 43143168
410 0.68 43724800
411 0.73 43765760
412 0.66 43778048
413 0.68 43458560
414 0.66 43634688
415 0.65 43491328
416 0.65 43364352
417 0.65 43454464
418 0.65 43438080
419 0.71 43663360
420 0.75 44376064
421 0.73 44589056
422 0.72 44519424
423 0.7 44163072
424 0.78 44355584
425 0.68 44105728
426 0.69 43974656
427 0.74 44453888
428 0.71 44462080
429 0.66 43905024
430 0.66 43896832
431 0.68 44351488
432 0.66 43986944
433 0.67 44060672
434 0.67 44101632
435 0.67 44138496
436 0.69 44298240
437 0.68 44318720
438 0.71 45023232
439 0.7 44769280
440 0.67 44482560
441 0.67 44412928
442 0.7 45072384
443 0.74 45101056
444 0.7 44707840
445 0.89 45592576
446 0.85 45150208
447 0.81 45531136
448 0.72 45072384
449 0.69 45576192
450 0.68 44838912
451 0.71 45146112
452 0.68 44974080
453 0.71 45056000
454 0.69 44957696
455 0.71 45453312
456 0.71 45076480
457 0.69 45522944
458 0.72 45875200
459 0.73 45809664
460 0.72 45367296
461 0.76 45428736
462 0.69 45228032
463 0.7 45305856
464 0.72 45522944
465 0.71 45801472
466 0.73 45768704
467 0.71 46206976
468 0.73 46170112
469 0.75 46186496
470 0.71 46096384
471 0.7 46039040
472 0.73 45940736
473 0.72 46219264
474 0.74 45907968
475 0.78 46333952
476 0.77 46587904
477 0.89 46477312
478 0.77 46931968
479 0.71 46272512
480 0.74 46186496
481 0.75 46780416
482 0.71 46473216
483 0.79 47161344
484 0.73 46379008
485 0.89 47104000
486 0.85 46989312
487 0.72 46600192
488 0.74 46874624
489 0.75 46661632
490 0.75 46747648
491 0.76 47489024
492 0.76 46809088
493 0.74 46768128
494 0.83 47456256
495 0.82 47800320
496 0.72 47288320
497 0.71 46944256
498 0.72 46956544
499 0.72 47153152
500 0.72 47681536
501 0.72 47276032
502 0.72 47308800
503 0.72 47349760
504 0.72 47386624
505 0.71 47448064
506 0.71 47357952
507 0.72 47513600
508 0.73 47435776
509 0.73 47681536
510 0.79 48521216
511 0.76 47915008
512 0.76 47861760
513 0.73 47652864
514 0.73 47857664
515 0.75 48058368
516 0.74 48156672
517 0.74 47992832
518 0.73 47984640
519 0.75 47996928
520 0.75 48234496
521 0.75 48377856
522 0.74 48861184
523 0.75 48476160
524 0.77 48246784
525 0.74 48152576
526 2.55 48312320
527 0.74 48390144
528 0.74 48271360
529 0.74 48476160
530 2.14 48717824
531 0.74 48570368
532 0.75 48799744
533 0.74 48623616
534 0.75 48648192
535 0.75 48693248
536 0.75 48615424
537 0.75 48742400
538 0.74 48680960
539 0.74 48836608
540 0.75 49111040
541 0.76 49754112
542 0.76 49049600
543 0.75 48992256
544 0.75 49045504
545 2.83 49180672
546 0.79 49287168
547 0.8 49537024
548 0.81 49242112
549 0.78 49725440
550 0.85 49561600
551 0.77 49328128
552 0.77 49549312
553 0.88 49762304
554 0.77 49713152
555 0.79 50008064
556 0.81 49692672
557 0.8 49713152
558 0.78 49954816
559 0.82 50270208
560 0.79 50290688
561 0.78 50216960
562 0.9 50040832
563 0.78 49737728
564 0.79 50016256
565 0.81 50130944
566 0.78 50065408
567 0.79 50032640
568 0.79 50077696
569 0.8 50200576
570 0.8 50225152
571 0.81 50180096
572 0.81 50274304
573 0.87 50466816
574 1.09 50434048
575 1.08 50704384
576 1.03 50507776
577 1.0 50827264
578 0.96 50683904
579 0.97 50618368
580 0.98 50892800
581 0.84 51019776
582 0.85 51097600
583 1.27 51265536
584 1.03 51650560
585 0.92 50655232
586 0.82 50995200
587 0.86 50937856
588 0.81 50966528
589 0.8 50958336
590 0.82 50966528
591 0.81 51408896
592 0.82 51367936
593 0.83 51138560
594 0.9 51867648
595 0.85 51281920
596 0.85 51527680
597 0.89 51847168
598 1.01 51404800
599 0.93 51429376
600 0.92 51728384
601 1.04 51449856
602 0.81 51671040
603 0.81 51605504
604 0.8 51576832
605 0.82 52137984
606 0.81 51671040
607 0.82 52363264
608 0.82 51757056
609 0.82 51867648
610 0.81 51728384
611 0.82 51806208
612 0.83 51970048
613 0.85 52371456
614 0.87 52068352
615 0.81 51945472
616 0.81 51970048
617 0.83 52547584
618 0.81 52060160
619 0.81 52371456
620 0.82 52158464
621 0.82 52338688
622 0.82 52486144
623 0.82 52404224
624 0.83 52555776
625 0.82 52432896
626 0.83 52539392
627 0.82 52576256
628 0.83 52731904
629 0.82 52711424
630 0.83 52813824
631 0.83 52772864
632 0.85 53325824
633 0.84 53202944
634 0.84 52920320
635 0.83 52948992
636 0.84 52936704
637 0.84 53301248
638 0.83 53047296
639 0.85 53133312
640 0.84 53092352
641 0.83 53145600
642 0.84 53182464
643 0.84 53432320
644 0.84 53284864
645 0.84 53411840
646 0.85 53374976
647 0.84 53424128
648 0.84 53469184
649 0.85 53514240
650 0.85 53559296
651 0.86 53690368
652 0.85 54132736
653 0.85 53665792
654 0.85 53620736
655 0.85 54231040
656 0.85 53792768
657 0.85 53800960
658 0.86 54026240
659 0.86 54034432
660 0.85 54095872
661 0.85 53997568
662 0.89 54251520
663 0.87 54235136
664 0.86 54419456
665 0.87 54353920
666 0.85 54165504
667 0.86 54181888
668 0.85 54325248
669 0.86 54280192
670 0.86 54407168
671 0.88 55177216
672 0.89 54562816
673 0.86 54550528
674 0.87 54579200
675 0.86 54652928
676 0.87 54673408
677 0.88 54951936
678 0.87 54767616
679 0.86 54816768
680 0.87 54935552
681 0.87 55123968
682 0.87 54796288
683 0.88 54980608
684 0.89 55152640
685 0.88 54996992
686 0.88 55214080
687 0.87 55943168
688 0.87 55189504
689 0.88 55259136
690 0.87 55144448
691 0.88 55595008
692 0.88 55291904
693 0.88 55472128
694 0.88 55455744
695 0.88 55488512
696 0.87 55517184
697 0.9 55607296
698 0.88 55627776
699 0.88 55750656
700 0.89 55914496
701 0.89 55734272
702 0.89 55861248
703 0.89 55816192
704 0.9 56508416
705 0.88 55975936
706 0.89 55943168
707 0.89 56004608
708 0.9 56020992
709 0.89 56123392
710 0.89 56107008
711 0.9 56541184
712 0.9 56266752
713 0.9 56315904
714 0.89 56209408
715 0.9 56197120
716 0.91 56397824
717 0.93 56623104
718 0.9 56479744
719 0.91 56770560
720 0.9 56410112
721 0.9 56664064
722 0.91 56717312
723 0.91 56696832
724 0.91 57298944
725 0.9 56799232
726 0.91 56823808
727 0.9 56721408
728 0.91 57315328
729 0.92 56942592
730 0.92 56987648
731 0.92 57430016
732 0.92 57122816
733 0.93 57487360
734 0.92 57356288
735 0.92 57221120
736 0.91 57090048
737 0.92 57298944
738 0.96 57348096
739 0.92 57356288
740 0.92 57638912
741 0.92 57344000
742 0.92 57348096
743 0.91 57540608
744 0.92 57663488
745 0.92 57630720
746 0.92 57667584
747 0.92 57696256
748 0.92 57753600
749 0.93 57831424
750 0.93 58232832
751 0.93 58028032
752 0.94 58134528
753 0.93 57946112
754 0.95 57896960
755 0.93 58028032
756 0.93 57974784
757 0.93 58028032
758 0.93 58056704
759 0.93 58216448
760 0.94 58363904
761 0.94 58425344
762 0.93 58212352
763 0.94 58253312
764 0.95 58400768
765 0.94 58458112
766 0.93 58486784
767 0.96 59121664
768 0.95 58650624
769 0.94 58986496
770 0.94 58695680
771 0.95 58822656
772 0.95 58781696
773 0.94 58847232
774 0.95 58777600
775 0.95 59027456
776 0.95 58941440
777 0.95 59002880
778 0.98 59244544
779 1.16 59142144
780 1.06 59101184
781 0.95 59269120
782 0.95 59232256
783 0.96 59215872
784 0.95 59305984
785 0.95 59404288
786 0.95 59387904
787 0.95 59269120
788 0.96 59457536
789 0.95 59531264
790 0.95 59383808
791 0.96 59822080
792 0.96 59846656
793 0.96 59514880
794 0.97 60022784
795 0.95 59756544
796 0.97 59969536
797 0.98 59731968
798 0.97 60198912
799 0.99 59932672
800 0.96 59973632