1 0.09 11554816
2 0.1 11550720
3 0.09 11653120
4 0.1 11718656
5 0.09 11718656
6 0.1 11816960
7 0.12 12722176
8 0.14 12853248
9 0.12 12775424
10 0.12 12845056
11 0.13 12943360
12 0.13 12947456
13 0.16 13946880
14 0.16 14090240
15 0.15 14069760
16 0.16 14123008
17 0.15 14188544
18 0.15 14266368
19 0.18 15171584
20 0.18 15183872
21 0.18 15339520
22 0.18 15388672
23 0.18 15486976
24 0.18 15552512
25 0.2 16441344
26 0.21 16547840
27 0.21 16613376
28 0.21 16670720
29 0.21 16695296
30 0.21 16793600
31 0.23 17760256
32 0.23 17846272
33 0.24 17928192
34 0.23 17997824
35 0.24 18022400
36 0.25 18206720
37 0.27 19070976
38 0.27 19128320
39 0.27 19214336
40 0.27 19292160
41 0.26 19316736
42 0.26 19451904
43 0.3 20414464
44 0.29 20500480
45 0.3 20574208
46 0.29 20660224
47 0.29 20746240
48 0.31 20869120
49 0.32 21712896
50 0.32 21848064
51 0.32 21946368
52 0.32 22032384
53 0.34 22110208
54 0.34 22183936
55 0.35 23072768
56 0.36 23351296
57 0.35 23224320
58 0.35 23363584
59 0.35 23416832
60 0.37 23715840
61 0.38 24616960
62 0.38 24801280
63 0.38 24809472
64 0.38 24973312
65 0.38 25051136
66 0.38 25239552
67 0.4 26128384
68 0.41 26296320
69 0.41 26361856
70 0.41 26488832
71 0.41 26636288
72 0.42 26750976
73 0.44 27656192
74 0.44 27832320
75 0.44 27996160
76 0.45 28049408
77 0.45 28233728
78 0.44 28250112
79 0.46 29265920
80 0.47 29319168
81 0.47 29466624
82 0.46 29573120
83 0.47 29745152
84 0.47 29790208
85 0.51 30953472
86 0.5 30957568
87 0.5 31117312
88 0.5 31203328
89 0.51 31387648
90 0.5 31354880
91 0.53 32391168
92 0.52 32497664
93 0.53 32591872
94 0.54 32759808
95 0.53 32796672
96 0.53 32952320
97 0.56 33906688
98 0.57 34058240
99 0.56 34168832
100 0.56 34267136
101 0.57 34377728
102 0.57 34467840
103 0.59 35540992
104 0.6 35639296
105 0.59 35676160
106 0.59 35835904
107 0.59 35885056
108 0.59 36040704
109 0.62 37011456
110 0.62 37167104
111 0.62 37273600
112 0.62 37421056
113 0.62 37519360
114 0.63 37605376
115 0.66 38731776
116 0.66 38674432
117 0.65 38932480
118 0.66 38891520
119 0.65 38977536
120 0.65 39153664
121 0.68 40202240
122 0.68 40304640
123 0.68 40345600
124 0.69 40554496
125 0.68 40513536
126 0.68 40747008
127 0.71 41934848
128 0.71 42061824
129 0.71 42266624
130 0.72 42459136
131 0.72 42672128
132 0.72 42815488
133 0.75 43958272
134 0.74 44142592
135 0.74 44277760
136 0.74 44441600
137 0.75 44625920
138 0.75 44802048
139 0.77 45973504
140 0.77 46047232
141 0.78 46264320
142 0.77 46383104
143 0.77 46559232
144 0.77 46710784
145 0.81 47751168
146 0.81 47931392
147 0.8 48107520
148 0.81 48300032
149 0.82 48562176
150 0.81 48652288
151 0.84 49680384
152 0.84 49823744
153 0.84 50028544
154 0.84 50216960
155 0.84 50393088
156 0.83 50520064
157 0.87 51617792
158 0.88 51757056
159 0.87 51929088
160 0.86 52101120
161 0.87 52277248
162 0.89 52486144
163 0.9 53465088
164 0.89 53690368
165 0.9 53821440
166 0.91 54026240
167 0.91 54194176
168 0.91 54394880
169 0.93 55435264
170 0.94 55619584
171 0.94 55771136
172 0.93 55951360
173 0.93 56131584
174 0.93 56315904
175 0.96 57376768
176 0.96 57540608
177 0.97 57696256
178 0.96 57847808
179 0.97 58044416
180 0.97 58470400
181 1.0 59269120
182 1.01 59453440
183 1.0 59633664
184 1.0 59875328
185 1.0 59981824
186 1.01 60293120
187 1.03 61218816
188 1.03 61386752
189 1.03 61648896
190 1.04 61751296
191 1.04 61906944
192 1.03 62033920
193 1.05 63102976
194 1.05 63279104
195 1.05 63467520
196 1.06 63713280
197 1.07 63791104
198 1.07 64016384
199 1.09 65052672
200 1.09 65232896
201 1.09 65409024
202 1.1 65585152
203 1.1 65773568
204 1.1 65880064
205 1.14 67047424
206 1.12 67141632
207 1.12 67342336
208 1.13 67473408
209 1.13 67686400
210 1.13 67858432
211 1.16 68943872
212 1.15 69058560
213 1.16 69296128
214 1.16 69443584
215 1.16 69705728
216 1.19 69902336
217 1.2 70873088
218 1.19 71053312
219 1.19 71233536
220 1.19 71368704
221 1.21 71782400
222 1.2 71786496
223 1.22 72822784
224 1.22 72970240
225 1.23 73228288
226 1.22 73330688
227 1.22 73523200
228 1.23 73662464
229 1.25 74727424
230 1.26 75022336
231 1.26 75075584
232 1.27 75354112
233 1.26 75415552
234 1.26 75718656
235 1.28 76656640
236 1.3 76935168
237 1.3 77123584
238 1.3 77160448
239 1.28 77279232
240 1.3 77660160
241 1.33 78721024
242 1.31 78749696
243 1.32 78921728
244 1.34 79265792
245 1.32 79249408
246 1.33 79462400
247 1.35 80543744
248 1.36 80711680
249 1.37 81051648
250 1.35 81039360
251 1.35 81154048
252 1.36 81399808
253 1.39 82554880
254 1.39 82726912
255 1.38 83058688
256 1.39 83521536
257 1.39 83759104
258 1.4 83922944
259 1.42 85127168
260 1.43 85475328
261 1.43 85852160
262 1.45 86138880
263 1.43 86310912
264 1.43 86622208
265 1.44 87773184
266 1.45 88129536
267 1.46 88371200
268 1.46 88678400
269 1.46 88993792
270 1.48 89251840
271 1.49 90464256
272 1.49 90755072
273 1.49 91009024
274 1.5 91549696
275 1.5 91783168
276 1.52 92229632
277 1.54 93290496
278 1.54 93585408
279 1.54 93851648
280 1.55 94285824
281 1.54 94420992
282 1.54 94736384
283 1.58 96186368
284 1.57 96231424
285 1.56 96501760
286 1.58 96833536
287 1.6 97120256
288 1.58 97427456
289 1.61 98664448
290 1.6 98906112
291 1.61 99221504
292 1.61 99495936
293 1.61 99778560
294 1.61 100089856
295 1.66 101273600
296 1.66 101560320
297 1.65 102027264
298 1.64 102182912
299 1.64 102498304
300 1.65 102776832
301 1.67 103956480
302 1.69 104194048
303 1.68 104554496
304 1.68 104804352
305 1.68 105132032
306 1.68 105390080
307 1.71 106627072
308 1.7 106913792
309 1.71 107446272
310 1.72 107532288
311 1.72 107810816
312 1.72 108101632
313 1.74 109322240
314 1.76 109596672
315 1.76 110010368
316 1.75 110149632
317 1.75 110735360
318 1.75 110882816
319 1.77 112009216
320 1.77 112300032
321 1.78 112627712
322 1.78 113221632
323 1.78 113180672
324 1.78 113455104
325 1.81 114630656
326 1.82 115118080
327 1.82 115269632
328 1.81 115560448
329 1.82 115802112
330 1.82 116252672
331 1.84 117329920
332 1.85 117628928
333 1.87 118050816
334 1.85 118206464
335 1.86 118710272
336 1.88 118792192
337 1.88 119939072
338 1.88 120467456
339 1.88 120582144
340 1.89 120893440
341 1.88 121225216
342 1.89 121499648
343 1.91 122683392
344 1.92 122957824
345 1.95 123281408
346 1.93 123731968
347 1.92 123867136
348 1.95 124112896
349 1.95 125308928
350 1.96 125714432
351 1.95 125919232
352 1.97 126238720
353 2.0 126554112
354 1.98 127094784
355 1.99 128032768
356 2.0 128532480
357 1.99 128614400
358 2.0 129019904
359 1.99 129220608
360 2.0 129482752
361 2.03 130908160
362 2.02 130994176
363 2.03 131354624
364 2.03 131588096
365 2.03 131887104
366 2.03 132202496
367 2.05 133365760
368 2.07 133791744
369 2.06 134012928
370 2.07 134430720
371 2.07 134631424
372 2.07 134897664
373 2.1 136081408
374 2.1 136409088
375 2.1 136617984
376 2.11 136929280
377 2.12 137269248
378 2.1 137515008
379 2.15 138948608
380 2.14 139190272
381 2.13 139313152
382 2.14 139612160
383 2.14 139927552
384 2.14 140193792
385 2.17 141426688
386 2.17 141721600
387 2.18 141979648
388 2.18 142286848
389 2.19 142811136
390 2.17 142950400
391 2.22 144154624
392 2.22 144568320
393 2.22 144728064
394 2.21 145035264
395 2.21 145387520
396 2.22 145723392
397 2.24 146784256
398 2.25 147070976
399 2.25 147382272
400 2.25 147828736
401 2.25 147968000
402 2.25 148197376
403 2.31 149450752
404 2.31 149856256
405 2.28 149975040
406 2.32 150450176
407 2.29 150654976
408 2.33 151097344
409 2.32 152256512
410 2.31 152559616
411 2.31 152719360
412 2.32 153022464
413 2.32 153362432
414 2.33 153718784
415 2.35 154800128
416 2.35 155086848
417 2.36 155607040
418 2.38 155660288
419 2.36 156106752
420 2.36 156295168
421 2.39 157519872
422 2.4 157958144
423 2.39 158113792
424 2.4 158744576
425 2.41 158691328
426 2.4 159232000
427 2.42 160124928
428 2.43 160464896
429 2.44 160718848
430 2.44 161038336
431 2.44 161345536
432 2.43 161681408
433 2.47 162992128
434 2.46 163127296
435 2.48 163516416
436 2.47 163762176
437 2.48 164265984
438 2.47 164364288
439 2.49 165523456
440 2.5 165900288
441 2.51 166170624
442 2.51 166469632
443 2.51 166850560
444 2.63 167170048
445 2.62 168378368
446 2.61 168697856
447 2.57 168923136
448 2.57 169209856
449 2.79 169508864
450 2.7 169820160
451 2.58 170876928
452 2.58 171200512
453 2.67 171679744
454 2.59 172097536
455 2.58 172060672
456 2.6 172331008
457 2.62 173527040
458 2.64 174112768
459 2.63 174190592
460 2.63 174473216
461 2.62 174809088
462 2.65 175136768
463 2.68 176295936
464 2.66 176570368
465 2.66 176881664
466 2.67 177278976
467 2.68 177627136
468 2.68 178003968
469 2.7 179277824
470 2.7 179564544
471 2.71 179728384
472 2.72 180203520
473 2.73 180269056
474 2.73 180547584
475 2.75 181727232
476 2.75 182022144
477 2.77 182452224
478 2.75 182591488
479 2.76 183152640
480 2.75 183234560
481 2.79 184725504
482 2.78 184717312
483 2.78 184958976
484 2.79 185573376
485 2.78 185737216
486 2.8 186028032
487 2.82 187109376
488 2.82 187506688
489 2.82 187707392
490 2.81 188108800
491 2.82 188305408
492 2.86 188657664
493 2.93 189935616
494 2.85 190107648
495 2.85 190365696
496 2.86 190803968
497 2.88 191090688
498 2.85 191225856
499 2.91 192466944
500 2.94 192720896
501 2.89 193007616
502 2.9 193347584
503 2.9 193650688
504 2.89 194068480
505 2.93 195170304
506 2.96 195526656
507 2.94 195739648
508 2.93 196087808
509 2.94 196419584
510 2.97 196988928
511 2.97 198377472
512 2.98 199200768
513 2.97 199426048
514 2.96 199983104
515 2.97 200495104
516 2.99 201019392
517 3.0 202682368
518 3.03 203091968
519 3.01 203833344
520 3.01 204120064
521 3.01 204730368
522 3.02 205250560
523 3.1 206700544
524 3.04 207163392
525 3.11 208109568
526 3.07 208564224
527 3.06 208834560
528 3.07 209440768
529 3.09 210780160
530 3.11 211480576
531 3.1 211963904
532 3.1 212508672
533 3.11 213102592
534 3.11 213594112
535 3.14 215105536
536 3.14 215519232
537 3.15 216223744
538 3.14 216657920
539 3.13 217169920
540 3.14 217673728
541 3.15 219131904
542 3.18 219815936
543 3.19 220409856
544 3.19 220925952
545 3.19 221364224
546 3.2 222027776
547 3.21 223412224
548 3.28 223924224
549 3.25 224333824
550 3.27 225034240
551 3.22 225480704
552 3.23 226009088
553 3.28 227450880
554 3.31 228294656
555 3.31 228556800
556 3.35 229257216
557 3.31 229650432
558 3.3 230150144
559 3.34 231751680
560 3.33 232300544
561 3.37 232718336
562 3.36 233242624
563 3.35 233709568
564 3.38 234336256
565 3.41 235737088
566 3.36 236253184
567 3.4 237015040
568 3.38 237391872
569 3.38 237916160
570 3.38 238657536
571 3.41 239833088
572 3.41 240443392
573 3.42 241061888
574 3.42 241553408
575 3.44 242388992
576 3.43 242724864
577 3.46 244133888
578 3.45 244572160
579 3.47 245194752
580 3.46 245972992
581 3.47 246272000
582 3.46 246792192
583 3.49 248258560
584 3.51 248930304
585 3.49 249335808
586 3.51 249946112
587 3.54 250417152
588 3.54 251117568
589 3.54 252354560
590 3.6 252891136
591 3.69 253599744
592 3.77 254160896
593 3.6 254791680
594 3.66 255205376
595 3.71 256704512
596 3.59 257323008
597 3.6 257712128
598 3.6 258166784
599 3.59 258650112
600 3.62 259342336
601 3.62 260694016
602 3.62 261275648
603 3.67 262082560
604 3.64 262307840
605 3.63 262934528
606 3.64 263450624
607 3.69 264957952
608 3.68 265400320
609 3.69 266289152
610 3.69 266522624
611 3.67 267018240
612 3.68 267558912
613 3.71 269234176
614 3.71 269520896
615 3.72 270413824
616 3.71 270696448
617 3.74 271269888
618 3.72 271679488
619 3.77 273260544
620 3.75 273735680
621 3.77 274321408
622 3.76 274722816
623 3.75 275341312
624 3.76 275968000
625 3.79 277282816
626 3.79 277807104
627 3.83 278495232
628 3.85 279003136
629 3.81 279568384
630 3.81 280031232
631 3.86 281559040
632 3.95 282177536
633 3.84 282656768
634 3.84 283099136
635 3.85 283643904
636 3.85 284250112
637 3.89 285696000
638 3.89 286146560
639 3.98 287227904
640 3.94 287420416
641 3.89 288210944
642 3.9 288456704
643 3.96 289837056
644 3.93 290455552
645 3.96 290852864
646 3.98 291450880
647 3.93 291942400
648 3.95 292585472
649 3.97 293986304
650 3.98 294580224
651 3.98 295038976
652 4.0 295682048
653 3.99 296153088
654 4.05 296808448
655 4.08 298319872
656 4.02 298700800
657 4.02 299175936
658 4.03 299933696
659 4.04 300347392
660 4.04 300863488
661 4.05 302247936
662 4.06 302858240
663 4.08 303374336
664 4.11 304189440
665 4.08 304418816
666 4.07 304979968
667 4.11 306438144
668 4.11 307085312
669 4.12 307593216
670 4.1 307949568
671 4.2 308641792
672 4.13 309297152
673 4.15 310747136
674 4.18 311242752
675 4.16 311779328
676 4.16 312377344
677 4.17 312795136
678 4.16 313335808
679 4.21 314773504
680 4.27 315285504
681 4.21 315830272
682 4.2 316370944
683 4.23 317296640
684 4.22 317702144
685 4.24 318943232
686 4.25 319586304
687 4.32 320147456
688 4.27 320630784
689 4.25 321093632
690 4.29 321585152
691 4.29 323080192
692 4.43 323723264
693 4.29 324259840
694 4.42 324767744
695 4.33 325353472
696 4.41 325947392
697 4.33 327274496
698 4.33 327917568
699 4.43 328404992
700 4.44 329023488
701 4.35 329400320
702 4.39 330088448
703 4.41 331415552
704 4.39 332017664
705 4.57 332607488
706 4.4 333148160
707 4.39 333602816
708 4.4 334147584
709 4.5 335794176
710 4.43 336093184
711 4.43 336658432
712 4.44 337235968
713 4.45 337731584
714 4.52 338575360
715 4.56 339771392
716 4.48 340373504
717 4.47 340873216
718 4.48 341348352
719 4.54 341929984
720 4.59 342724608
721 4.54 344055808
722 4.58 344629248
723 4.52 344977408
724 4.53 345493504
725 4.57 346099712
726 4.54 346583040
727 4.6 348295168
728 4.65 348536832
729 4.56 349138944
730 4.57 349749248
731 4.58 350298112
732 4.59 350990336
733 4.6 352178176
734 4.63 352800768
735 4.75 353284096
736 4.61 353763328
737 4.63 354320384
738 4.65 355131392
739 4.72 356401152
740 4.67 357003264
741 4.72 357613568
742 4.67 357994496
743 4.67 358494208
744 4.7 359202816
745 4.82 360714240
746 4.72 361152512
747 4.72 361586688
748 4.73 362127360
749 4.74 362733568
750 4.74 363229184
751 4.77 364691456
752 4.89 365350912
753 4.9 366039040
754 4.76 366268416
755 4.77 366833664
756 4.92 367472640
757 4.8 368906240
758 4.85 369516544
759 4.89 370184192
760 4.84 370495488
761 4.85 371257344
762 4.83 371503104
763 4.87 372903936
764 4.87 373706752
765 4.87 374030336
766 4.88 374542336
767 4.87 375197696
768 4.88 375754752
769 5.14 377167872
770 4.95 377892864
771 4.93 378167296
772 4.92 378798080
773 4.94 379289600
774 4.93 379846656
775 4.96 381263872
776 4.96 381853696
777 5.12 382447616
778 4.98 382939136
779 4.97 383471616
780 4.99 384036864
781 5.04 385544192
782 5.02 386080768
783 5.03 386490368
784 5.03 387182592
785 5.19 387891200
786 5.04 388177920
787 5.08 389558272
788 5.08 390316032
789 5.07 390725632
790 5.09 391168000
791 5.08 391729152
792 5.1 392351744
793 5.27 393953280
794 5.12 394317824
795 5.11 394915840
796 5.14 395390976
797 5.12 395964416
798 5.13 396541952
799 5.15 397971456
800 5.15 398471168