1 0.06 10612736
2 0.07 10674176
3 0.07 10706944
4 0.07 10723328
5 0.07 10817536
6 0.07 10862592
7 0.07 10919936
8 0.08 10977280
9 0.08 11014144
10 0.08 11108352
11 0.08 11149312
12 0.08 11169792
13 0.08 11333632
14 0.08 11341824
15 0.08 11386880
16 0.08 11456512
17 0.08 11603968
18 0.08 11579392
19 0.08 11649024
20 0.08 11702272
21 0.08 11718656
22 0.08 11829248
23 0.09 11890688
24 0.09 11948032
25 0.11 12103680
26 0.09 12062720
27 0.09 12107776
28 0.08 12259328
29 0.09 12222464
30 0.09 12288000
31 0.09 12406784
32 0.1 12464128
33 0.09 12529664
34 0.09 12603392
35 0.09 12632064
36 0.1 12709888
37 0.09 12820480
38 0.1 12894208
39 0.1 12926976
40 0.11 13049856
41 0.11 13127680
42 0.11 13205504
43 0.1 13332480
44 0.11 13352960
45 0.11 13475840
46 0.1 13549568
47 0.1 13594624
48 0.11 13709312
49 0.1 13737984
50 0.11 13819904
51 0.11 13975552
52 0.12 14032896
53 0.12 14090240
54 0.12 14176256
55 0.11 14258176
56 0.11 14299136
57 0.12 14405632
58 0.11 14479360
59 0.12 14581760
60 0.11 14663680
61 0.12 14721024
62 0.12 14884864
63 0.12 14974976
64 0.13 15097856
65 0.12 15212544
66 0.12 15310848
67 0.13 15491072
68 0.12 15609856
69 0.13 15708160
70 0.13 15822848
71 0.13 15941632
72 0.13 16023552
73 0.13 16162816
74 0.13 16277504
75 0.13 16367616
76 0.14 16523264
77 0.14 16596992
78 0.14 16732160
79 0.14 16850944
80 0.14 16912384
81 0.13 17092608
82 0.13 17203200
83 0.14 17313792
84 0.15 17424384
85 0.14 17543168
86 0.14 17604608
87 0.15 17776640
88 0.14 17895424
89 0.15 18030592
90 0.15 18116608
91 0.15 18219008
92 0.15 18333696
93 0.15 18444288
94 0.15 18497536
95 0.16 18657280
96 0.16 18771968
97 0.15 18845696
98 0.16 18944000
99 0.15 19124224
100 0.16 19230720
101 0.16 19275776
102 0.16 19464192
103 0.16 19554304
104 0.17 19664896
105 0.17 19779584
106 0.17 19865600
107 0.17 19972096
108 0.16 20086784
109 0.17 20209664
110 0.17 20312064
111 0.17 20406272
112 0.17 20578304
113 0.18 20705280
114 0.18 20738048
115 0.17 20844544
116 0.18 20959232
117 0.17 21139456
118 0.19 21323776
119 0.18 21291008
120 0.2 21524480
121 0.19 21573632
122 0.2 21757952
123 0.18 21729280
124 0.18 21905408
125 0.19 22024192
126 0.19 22228992
127 0.19 22450176
128 0.24 22548480
129 0.19 22716416
130 0.2 22831104
131 0.19 22999040
132 0.2 23232512
133 0.2 23396352
134 0.2 23527424
135 0.2 23748608
136 0.21 23924736
137 0.2 24035328
138 0.21 24375296
139 0.2 24485888
140 0.21 24649728
141 0.21 24870912
142 0.2 24977408
143 0.21 25153536
144 0.22 25374720
145 0.21 25505792
146 0.21 25739264
147 0.22 25853952
148 0.22 26157056
149 0.22 26333184
150 0.22 26456064
151 0.22 26574848
152 0.22 26755072
153 0.22 26918912
154 0.23 27074560
155 0.23 27328512
156 0.23 27480064
157 0.24 27738112
158 0.23 27820032
159 0.23 27934720
160 0.24 28168192
161 0.23 28327936
162 0.24 28495872
163 0.24 28696576
164 0.26 29093888
165 0.24 29118464
166 0.25 29282304
167 0.25 29450240
168 0.25 29630464
169 0.25 29978624
170 0.26 29986816
171 0.25 30134272
172 0.25 30330880
173 0.25 30416896
174 0.25 30666752
175 0.26 30920704
176 0.26 30986240
177 0.26 31141888
178 0.25 31305728
179 0.26 31629312
180 0.27 31666176
181 0.27 31821824
182 0.26 32071680
183 0.27 32161792
184 0.26 32333824
185 0.27 32514048
186 0.27 32743424
187 0.27 33009664
188 0.27 33067008
189 0.28 33370112
190 0.28 33402880
191 0.28 33615872
192 0.28 33796096
193 0.28 33918976
194 0.28 34086912
195 0.28 34250752
196 0.29 34562048
197 0.29 34660352
198 0.28 34852864
199 0.3 35061760
200 0.29 35205120
201 0.29 35385344
202 0.3 35549184
203 0.3 35786752
204 0.3 35893248
205 0.29 36167680
206 0.29 36196352
207 0.3 36401152
208 0.3 36593664
209 0.31 36782080
210 0.31 37011456
211 0.31 37175296
212 0.32 37371904
213 0.32 37646336
214 0.32 37658624
215 0.31 37834752
216 0.32 38043648
217 0.33 38256640
218 0.32 38395904
219 0.32 38518784
220 0.33 38744064
221 0.35 39051264
222 0.32 39075840
223 0.33 39206912
224 0.34 39415808
225 0.33 39784448
226 0.34 39784448
227 0.33 39968768
228 0.34 40128512
229 0.34 40304640
230 0.34 40488960
231 0.34 40673280
232 0.34 40812544
233 0.35 41000960
234 0.35 41222144
235 0.34 41291776
236 0.35 41521152
237 0.35 41902080
238 0.36 42012672
239 0.36 42188800
240 0.36 42356736
241 0.36 42524672
242 0.36 42700800
243 0.36 42897408
244 0.37 43032576
245 0.37 43245568
246 0.37 43368448
247 0.37 43618304
248 0.37 43732992
249 0.37 43978752
250 0.36 44122112
251 0.37 44290048
252 0.37 44412928
253 0.37 44625920
254 0.38 44859392
255 0.38 45232128
256 0.38 45617152
257 0.38 45805568
258 0.38 46129152
259 0.39 46428160
260 0.38 46632960
261 0.39 47091712
262 0.39 47235072
263 0.4 47665152
264 0.39 47828992
265 0.4 48193536
266 0.4 48676864
267 0.4 48742400
268 0.4 49045504
269 0.4 49332224
270 0.41 49692672
271 0.41 49995776
272 0.41 50302976
273 0.41 50651136
274 0.41 50909184
275 0.43 51212288
276 0.41 51499008
277 0.42 51826688
278 0.42 52092928
279 0.41 52301824
280 0.42 52723712
281 0.43 53129216
282 0.44 53391360
283 0.43 53600256
284 0.42 53895168
285 0.43 54091776
286 0.44 54546432
287 0.44 54804480
288 0.45 55222272
289 0.44 55312384
290 0.45 55750656
291 0.44 55984128
292 0.44 56197120
293 0.45 56733696
294 0.46 57004032
295 0.45 57266176
296 0.45 57511936
297 0.45 57782272
298 0.45 58011648
299 0.47 58347520
300 0.47 58601472
301 0.46 58933248
302 0.47 59281408
303 0.46 59514880
304 0.47 59875328
305 0.47 60334080
306 0.47 60391424
307 0.47 60698624
308 0.47 61005824
309 0.47 61480960
310 0.48 61681664
311 0.47 61980672
312 0.48 62271488
313 0.49 62570496
314 0.48 62857216
315 0.49 63152128
316 0.49 63651840
317 0.5 63782912
318 0.5 64073728
319 0.5 64516096
320 0.49 64671744
321 0.5 64962560
322 0.5 65175552
323 0.5 65511424
324 0.52 66048000
325 0.51 66174976
326 0.51 66654208
327 0.51 66764800
328 0.51 66985984
329 0.52 67289088
330 0.52 67612672
331 0.52 67903488
332 0.52 68276224
333 0.53 68567040
334 0.52 68788224
335 0.54 69267456
336 0.54 69509120
337 0.54 69836800
338 0.55 70197248
339 0.56 70520832
340 0.55 70873088
341 0.55 71049216
342 0.56 71491584
343 0.56 71602176
344 0.56 72015872
345 0.56 72417280
346 0.56 72601600
347 0.56 72937472
348 0.56 73179136
349 0.6 73568256
350 0.57 73814016
351 0.57 74018816
352 0.57 74330112
353 0.58 74706944
354 0.58 74924032
355 0.58 75280384
356 0.66 75780096
357 0.6 76021760
358 0.59 76292096
359 0.59 76509184
360 0.59 76730368
361 0.6 77029376
362 0.59 77373440
363 0.59 77635584
364 0.6 77996032
365 0.6 78270464
366 0.6 78553088
367 0.61 78835712
368 0.61 79261696
369 0.61 79474688
370 0.62 79765504
371 0.63 80015360
372 0.62 80355328
373 0.63 80707584
374 0.63 80990208
375 0.64 81330176
376 0.63 81571840
377 0.63 81915904
378 0.63 82149376
379 0.63 82452480
380 0.63 82722816
381 0.64 83070976
382 0.63 83312640
383 0.64 83648512
384 0.64 83886080
385 0.65 84246528
386 0.65 84533248
387 0.73 84819968
388 0.67 85417984
389 0.66 85467136
390 0.65 85708800
391 0.65 86048768
392 0.66 86351872
393 0.66 86630400
394 0.67 87019520
395 0.67 87265280
396 0.68 87674880
397 0.67 87785472
398 0.67 88150016
399 0.67 88457216
400 0.69 88932352
401 0.69 89055232
402 0.68 89305088
403 0.69 89677824
404 0.69 89952256
405 0.69 90247168
406 0.69 90488832
407 0.69 90841088
408 0.71 91389952
409 0.71 91766784
410 0.72 91754496
411 0.71 92049408
412 0.7 92352512
413 0.7 92647424
414 0.71 92938240
415 0.72 93196288
416 0.73 93618176
417 0.8 94179328
418 0.71 94085120
419 0.74 94638080
420 0.72 94765056
421 0.73 95084544
422 0.73 95313920
423 0.73 95645696
424 0.73 95985664
425 0.74 96403456
426 0.74 96538624
427 0.74 96759808
428 0.75 97275904
429 0.74 97439744
430 0.75 97746944
431 0.75 98045952
432 0.76 98426880
433 0.75 98631680
434 0.76 99028992
435 0.75 99348480
436 0.75 99504128
437 0.76 99803136
438 0.77 100155392
439 0.8 100630528
440 0.79 100880384
441 0.87 101244928
442 1.0 101531648
443 1.12 101859328
444 0.95 102092800
445 0.8 102400000
446 0.86 102748160
447 0.91 103079936
448 0.97 103387136
449 0.82 103444480
450 0.88 103919616
451 0.83 104280064
452 0.8 104329216
453 0.8 104570880
454 0.8 104992768
455 0.81 105230336
456 0.8 105508864
457 0.8 105803776
458 0.8 106106880
459 0.82 106594304
460 0.83 106893312
461 0.89 107167744
462 0.83 107356160
463 0.83 107638784
464 0.82 107892736
465 0.83 108261376
466 0.84 108695552
467 0.84 108986368
468 0.84 109260800
469 0.84 109568000
470 0.86 110047232
471 0.85 110149632
472 0.85 110444544
473 0.86 110882816
474 0.85 111009792
475 0.86 111390720
476 0.87 111939584
477 0.86 111964160
478 0.86 112254976
479 0.86 112480256
480 0.87 112828416
481 0.95 113168384
482 0.87 113455104
483 0.88 113750016
484 0.88 114061312
485 0.89 114380800
486 0.88 114794496
487 0.89 114999296
488 0.89 115257344
489 0.92 115630080
490 1.07 116101120
491 0.99 116330496
492 0.96 116756480
493 1.03 116928512
494 1.12 117166080
495 0.99 117604352
496 0.92 117764096
497 0.92 117952512
498 0.93 118378496
499 0.93 118513664
500 0.93 118984704
501 0.92 119300096
502 0.93 119488512
503 1.02 120086528
504 0.95 120233984
505 0.94 120340480
506 0.94 120791040
507 0.95 121032704
508 0.99 121303040
509 0.94 121511936
510 0.94 122155008
511 0.95 122589184
512 0.96 123125760
513 0.96 123711488
514 0.96 124227584
515 0.96 124751872
516 0.96 125349888
517 0.98 126136320
518 1.0 126693376
519 0.98 127315968
520 0.97 127700992
521 0.99 128094208
522 0.99 128638976
523 0.99 129331200
524 0.99 129712128
525 1.0 130244608
526 0.99 130813952
527 1.0 131346432
528 1.0 131833856
529 1.01 132669440
530 1.0 132956160
531 1.01 133804032
532 1.02 134094848
533 1.01 134578176
534 1.04 135270400
535 1.01 135647232
536 1.03 136454144
537 1.03 136892416
538 1.05 137404416
539 1.04 137912320
540 1.03 138416128
541 1.04 138964992
542 1.04 139501568
543 1.04 140054528
544 1.05 140754944
545 1.06 141352960
546 1.05 141922304
547 1.06 142266368
548 1.07 142917632
549 1.06 143429632
550 1.06 143896576
551 1.08 144437248
552 1.07 145207296
553 1.07 145489920
554 1.07 146128896
555 1.1 146714624
556 1.09 147202048
557 1.09 147763200
558 1.09 148348928
559 1.09 148905984
560 1.09 149393408
561 1.1 149913600
562 1.11 150568960
563 1.11 151089152
564 1.12 151736320
565 1.12 152055808
566 1.11 152596480
567 1.12 153333760
568 1.11 153767936
569 1.12 154312704
570 1.13 155029504
571 1.14 155463680
572 1.13 155934720
573 1.13 156409856
574 1.17 157196288
575 1.14 157511680
576 1.14 158093312
577 1.16 158679040
578 1.15 159354880
579 1.14 159756288
580 1.16 160448512
581 1.16 160841728
582 1.17 161513472
583 1.16 161894400
584 1.17 162549760
585 1.18 163151872
586 1.2 163688448
587 1.17 164044800
588 1.18 164667392
589 1.21 165371904
590 1.2 165769216
591 1.21 166367232
592 1.2 166866944
593 1.2 167534592
594 1.21 168038400
595 1.2 168484864
596 1.22 169271296
597 1.22 169562112
598 1.22 170106880
599 1.21 170643456
600 1.21 171155456
601 1.22 171692032
602 1.22 172277760
603 1.22 172888064
604 1.22 173424640
605 1.23 173957120
606 1.23 174411776
607 1.24 175091712
608 1.24 175591424
609 1.25 176373760
610 1.24 176709632
611 1.25 177217536
612 1.26 177795072
613 1.27 178339840
614 1.33 179011584
615 1.3 179396608
616 1.31 180002816
617 1.28 180580352
618 1.33 181379072
619 1.3 181960704
620 1.42 182374400
621 1.34 182910976
622 1.36 183496704
623 1.37 183914496
624 1.36 184692736
625 1.33 184971264
626 1.31 185434112
627 1.31 185978880
628 1.33 186421248
629 1.35 187420672
630 1.31 187613184
631 1.36 188227584
632 1.35 188895232
633 1.32 189161472
634 1.33 189775872
635 1.33 190312448
636 1.35 191033344
637 1.37 191528960
638 1.34 192163840
639 1.35 192651264
640 1.36 193085440
641 1.36 193691648
642 1.36 194174976
643 1.4 195031040
644 1.36 195280896
645 1.36 195846144
646 1.41 196567040
647 1.37 196935680
648 1.39 197644288
649 1.38 198062080
650 1.39 198742016
651 1.4 199405568
652 1.38 199667712
653 1.38 200163328
654 1.4 200761344
655 1.4 201306112
656 1.39 201764864
657 1.41 202387456
658 1.4 202911744
659 1.41 203739136
660 1.41 204136448
661 1.41 204713984
662 1.42 205107200
663 1.43 205746176
664 1.44 206471168
665 1.43 206729216
666 1.46 207581184
667 1.45 208105472
668 1.43 208367616
669 1.45 209006592
670 1.44 209481728
671 1.46 210018304
672 1.45 210567168
673 1.47 211226624
674 1.46 211673088
675 1.46 212164608
676 1.51 212705280
677 1.52 213372928
678 1.53 214155264
679 1.51 214384640
680 1.52 214986752
681 1.58 215609344
682 1.53 215957504
683 1.55 216776704
684 1.61 217337856
685 1.54 217620480
686 1.55 218247168
687 1.55 218697728
688 1.6 219287552
689 1.55 219815936
690 1.87 217190400
691 1.56 220950528
692 1.57 221515776
693 1.66 222461952
694 1.58 222666752
695 1.57 223092736
696 1.67 223924224
697 1.65 224485376
698 1.59 224731136
699 1.62 225677312
700 1.59 225841152
701 1.59 226414592
702 1.62 227020800
703 1.64 227569664
704 1.61 228163584
705 1.61 228872192
706 1.62 229150720
707 1.62 229736448
708 1.65 230551552
709 1.62 230780928
710 1.65 231440384
711 1.64 231882752
712 1.64 232534016
713 1.68 233201664
714 1.77 233660416
715 1.65 233992192
716 1.77 234774528
717 1.76 235204608
718 1.66 235823104
719 1.68 236253184
720 1.68 236953600
721 1.71 237617152
722 1.68 237961216
723 1.67 238424064
724 1.7 239026176
725 1.71 239665152
726 1.69 240046080
727 1.69 240586752
728 1.7 241135616
729 1.7 241635328
730 1.72 242212864
731 1.85 242868224
732 1.72 243507200
733 1.83 243941376
734 1.72 244469760
735 1.72 244989952
736 1.73 245583872
737 1.74 246116352
738 1.74 246591488
739 1.74 247226368
740 1.81 247894016
741 1.78 248459264
742 1.77 248975360
743 1.75 249290752
744 1.85 250036224
745 1.76 250396672
746 1.77 251158528
747 1.77 251572224
748 1.78 252223488
749 1.78 252710912
750 1.78 253173760
751 1.88 253812736
752 1.79 254214144
753 1.8 254869504
754 1.79 255299584
755 1.8 255934464
756 1.8 256503808
757 1.82 256958464
758 1.82 257630208
759 1.85 258150400
760 1.86 258752512
761 1.84 259346432
762 1.87 260026368
763 1.85 260374528
764 1.97 260972544
765 1.89 261378048
766 2.08 262144000
767 2.1 262701056
768 2.11 263245824
769 1.88 263573504
770 1.86 264212480
771 2.04 264949760
772 1.86 265179136
773 1.88 265822208
774 1.98 266506240
775 1.91 267096064
776 1.89 267366400
777 1.89 267919360
778 1.89 268439552
779 1.9 268988416
780 1.89 269561856
781 2.08 270159872
782 1.9 270663680
783 1.94 271323136
784 1.91 271761408
785 1.92 272302080
786 1.92 272941056
787 1.91 273387520
788 1.94 273928192
789 1.94 274432000
790 1.94 275062784
791 1.95 275611648
792 2.09 276180992
793 1.96 276627456
794 2.02 277495808
795 1.95 277770240
796 2.01 278499328
797 2.16 279064576
798 2.38 279683072
799 2.64 280186880
800 2.39 280678400