1 0.07 10481664
2 0.07 10543104
3 0.07 10633216
4 0.07 10641408
5 0.07 10694656
6 0.07 10797056
7 0.07 10846208
8 0.07 10858496
9 0.07 10903552
10 0.07 11014144
11 0.07 11096064
12 0.07 11091968
13 0.08 11210752
14 0.07 11214848
15 0.08 11317248
16 0.08 11337728
17 0.08 11390976
18 0.08 11497472
19 0.09 11587584
20 0.08 11653120
21 0.08 11689984
22 0.08 11849728
23 0.08 11816960
24 0.09 11882496
25 0.09 12034048
26 0.09 12009472
27 0.09 12062720
28 0.09 12091392
29 0.09 12206080
30 0.09 12267520
31 0.09 12283904
32 0.1 12402688
33 0.09 12480512
34 0.1 12546048
35 0.09 12611584
36 0.09 12640256
37 0.1 12816384
38 0.09 12828672
39 0.1 12857344
40 0.1 12943360
41 0.1 13012992
42 0.17 13152256
43 0.1 13213696
44 0.1 13283328
45 0.1 13488128
46 0.11 13488128
47 0.11 13553664
48 0.11 13643776
49 0.1 13721600
50 0.11 13791232
51 0.11 13877248
52 0.11 13971456
53 0.11 14032896
54 0.11 14069760
55 0.11 14184448
56 0.11 14270464
57 0.12 14356480
58 0.11 14417920
59 0.11 14528512
60 0.11 14553088
61 0.12 14659584
62 0.12 14811136
63 0.12 14909440
64 0.12 15015936
65 0.12 15138816
66 0.13 15237120
67 0.12 15396864
68 0.12 15536128
69 0.13 15654912
70 0.13 15753216
71 0.12 15867904
72 0.13 15941632
73 0.13 16093184
74 0.13 16199680
75 0.13 16318464
76 0.14 16412672
77 0.13 16527360
78 0.14 16629760
79 0.13 16781312
80 0.14 16977920
81 0.14 17006592
82 0.14 17141760
83 0.14 17252352
84 0.14 17354752
85 0.15 17477632
86 0.14 17539072
87 0.15 17719296
88 0.15 17784832
89 0.15 17936384
90 0.15 18055168
91 0.16 18153472
92 0.15 18280448
93 0.16 18382848
94 0.15 18481152
95 0.15 18595840
96 0.15 18649088
97 0.16 18767872
98 0.16 18931712
99 0.15 18993152
100 0.16 19111936
101 0.16 19222528
102 0.16 19382272
103 0.16 19501056
104 0.17 19599360
105 0.17 19709952
106 0.17 19820544
107 0.17 20033536
108 0.17 20058112
109 0.18 20234240
110 0.17 20254720
111 0.17 20410368
112 0.17 20574208
113 0.18 20578304
114 0.17 20692992
115 0.18 20795392
116 0.18 20942848
117 0.17 21082112
118 0.18 21184512
119 0.18 21291008
120 0.18 21352448
121 0.23 21516288
122 0.19 21610496
123 0.18 21676032
124 0.19 21848064
125 0.2 21946368
126 0.19 22138880
127 0.19 22327296
128 0.19 22491136
129 0.19 22667264
130 0.2 22835200
131 0.2 23007232
132 0.19 23121920
133 0.2 23334912
134 0.2 23449600
135 0.2 23642112
136 0.2 23871488
137 0.2 24027136
138 0.21 24403968
139 0.2 24477696
140 0.2 24596480
141 0.21 24797184
142 0.21 24940544
143 0.22 25169920
144 0.21 25399296
145 0.21 25505792
146 0.22 25665536
147 0.21 25804800
148 0.22 26009600
149 0.22 26189824
150 0.22 26423296
151 0.22 26501120
152 0.23 26726400
153 0.22 26984448
154 0.22 27009024
155 0.23 27250688
156 0.23 27422720
157 0.23 27582464
158 0.22 27721728
159 0.23 27918336
160 0.23 28168192
161 0.23 28209152
162 0.23 28430336
163 0.24 28577792
164 0.23 28762112
165 0.24 29065216
166 0.24 29167616
167 0.24 29343744
168 0.24 29646848
169 0.25 29696000
170 0.25 29913088
171 0.25 30040064
172 0.25 30244864
173 0.27 30441472
174 0.27 30601216
175 0.25 30724096
176 0.26 30932992
177 0.26 31100928
178 0.27 31408128
179 0.26 31490048
180 0.26 31608832
181 0.27 31883264
182 0.27 32104448
183 0.27 32161792
184 0.27 32329728
185 0.27 32579584
186 0.27 32677888
187 0.27 32841728
188 0.27 33021952
189 0.27 33185792
190 0.28 33390592
191 0.32 33583104
192 0.28 33734656
193 0.28 33910784
194 0.28 34037760
195 0.29 34398208
196 0.28 34377728
197 0.3 34607104
198 0.28 34725888
199 0.28 34889728
200 0.3 35151872
201 0.29 35311616
202 0.3 35483648
203 0.29 35610624
204 0.31 35909632
205 0.29 36020224
206 0.29 36126720
207 0.3 36282368
208 0.3 36519936
209 0.31 36671488
210 0.31 36814848
211 0.31 37081088
212 0.32 37228544
213 0.31 37445632
214 0.31 37588992
215 0.32 37810176
216 0.32 37994496
217 0.32 38162432
218 0.32 38285312
219 0.32 38502400
220 0.32 38682624
221 0.32 38830080
222 0.33 39010304
223 0.33 39178240
224 0.33 39436288
225 0.34 39559168
226 0.33 39710720
227 0.33 39837696
228 0.35 40062976
229 0.34 40173568
230 0.34 40357888
231 0.34 40591360
232 0.35 40828928
233 0.34 40931328
234 0.35 41058304
235 0.34 41226240
236 0.36 41517056
237 0.35 41791488
238 0.35 41893888
239 0.35 42065920
240 0.35 42237952
241 0.35 42483712
242 0.36 42643456
243 0.36 42762240
244 0.36 42987520
245 0.37 43143168
246 0.36 43327488
247 0.37 43487232
248 0.37 43700224
249 0.37 43859968
250 0.37 44056576
251 0.37 44163072
252 0.37 44421120
253 0.38 44523520
254 0.38 44847104
255 0.38 45084672
256 0.39 45445120
257 0.39 45740032
258 0.38 45965312
259 0.39 46411776
260 0.4 46743552
261 0.39 46882816
262 0.4 47218688
263 0.39 47525888
264 0.4 47767552
265 0.4 48119808
266 0.4 48439296
267 0.4 48738304
268 0.39 49033216
269 0.4 49332224
270 0.41 49618944
271 0.41 49897472
272 0.41 50204672
273 0.41 50483200
274 0.41 50831360
275 0.41 51130368
276 0.41 51363840
277 0.42 51720192
278 0.42 52031488
279 0.42 52301824
280 0.42 52748288
281 0.42 52924416
282 0.43 53280768
283 0.43 53506048
284 0.43 53805056
285 0.44 54263808
286 0.44 54398976
287 0.43 54657024
288 0.44 55029760
289 0.45 55373824
290 0.44 55607296
291 0.44 55902208
292 0.45 56188928
293 0.46 56479744
294 0.45 56754176
295 0.46 57106432
296 0.45 57475072
297 0.46 57708544
298 0.46 58081280
299 0.46 58249216
300 0.47 58568704
301 0.46 58888192
302 0.47 59240448
303 0.47 59670528
304 0.46 59809792
305 0.47 60104704
306 0.47 60387328
307 0.47 60637184
308 0.48 60948480
309 0.48 61435904
310 0.48 61747200
311 0.48 62066688
312 0.48 62148608
313 0.48 62492672
314 0.49 62816256
315 0.49 63074304
316 0.49 63361024
317 0.48 63705088
318 0.49 64000000
319 0.49 64307200
320 0.5 64598016
321 0.51 64897024
322 0.5 65204224
323 0.51 65527808
324 0.5 65769472
325 0.5 66166784
326 0.5 66379776
327 0.51 66699264
328 0.51 66949120
329 0.52 67284992
330 0.52 67624960
331 0.52 67870720
332 0.53 68206592
333 0.52 68497408
334 0.52 68763648
335 0.55 69283840
336 0.55 69562368
337 0.54 69853184
338 0.54 70135808
339 0.54 70455296
340 0.55 70737920
341 0.55 70991872
342 0.55 71278592
343 0.56 71610368
344 0.56 71909376
345 0.56 72253440
346 0.56 72548352
347 0.57 72835072
348 0.57 73138176
349 0.57 73453568
350 0.56 73662464
351 0.57 73986048
352 0.58 74301440
353 0.58 74596352
354 0.58 74891264
355 0.58 75190272
356 0.58 75493376
357 0.58 75788288
358 0.58 76091392
359 0.58 76402688
360 0.59 76685312
361 0.59 76988416
362 0.6 77271040
363 0.6 77611008
364 0.6 77856768
365 0.6 78159872
366 0.6 78553088
367 0.61 78815232
368 0.61 79093760
369 0.62 79400960
370 0.61 79695872
371 0.61 79990784
372 0.61 80273408
373 0.62 80588800
374 0.62 80924672
375 0.62 81186816
376 0.62 81498112
377 0.62 81784832
378 0.62 82055168
379 0.63 82354176
380 0.64 82661376
381 0.64 83009536
382 0.64 83329024
383 0.63 83578880
384 0.64 83902464
385 0.64 84189184
386 0.64 84455424
387 0.65 84787200
388 0.65 85069824
389 0.65 85377024
390 0.65 85659648
391 0.66 85991424
392 0.66 86278144
393 0.65 86544384
394 0.66 86831104
395 0.67 87216128
396 0.67 87490560
397 0.67 87785472
398 0.67 88084480
399 0.67 88399872
400 0.67 88625152
401 0.74 88920064
402 0.69 89481216
403 0.68 89550848
404 0.69 89903104
405 0.69 90140672
406 0.69 90460160
407 0.7 90894336
408 0.71 91299840
409 0.69 91410432
410 0.7 91856896
411 0.7 91926528
412 0.7 92278784
413 0.71 92569600
414 0.71 92876800
415 0.71 93147136
416 0.71 93499392
417 0.72 93798400
418 0.72 94040064
419 0.73 94380032
420 0.72 94818304
421 0.74 95047680
422 0.73 95199232
423 0.73 95555584
424 0.73 95887360
425 0.73 96165888
426 0.74 96464896
427 0.73 96747520
428 0.74 97202176
429 0.74 97341440
430 0.74 97607680
431 0.74 97927168
432 0.75 98430976
433 0.74 98508800
434 0.76 98848768
435 0.76 99135488
436 0.76 99389440
437 0.77 99737600
438 0.76 100016128
439 0.76 100360192
440 0.77 100642816
441 0.77 100909056
442 0.78 101453824
443 0.78 101527552
444 0.78 101847040
445 0.77 102113280
446 0.77 102465536
447 0.79 102756352
448 0.79 103038976
449 0.79 103346176
450 0.8 103718912
451 0.8 103911424
452 0.79 104206336
453 0.79 104566784
454 0.8 104873984
455 0.8 105152512
456 0.81 105435136
457 0.81 105721856
458 0.81 105988096
459 0.82 106356736
460 0.82 106680320
461 0.81 106921984
462 0.82 107241472
463 0.82 107474944
464 0.82 107827200
465 0.83 108351488
466 0.82 108412928
467 0.83 108818432
468 0.84 109117440
469 0.84 109674496
470 0.84 109793280
471 0.85 110010368
472 0.86 110292992
473 0.86 110682112
474 0.86 110985216
475 0.85 111284224
476 0.86 111525888
477 0.86 111808512
478 0.86 112095232
479 0.87 112476160
480 0.87 112754688
481 0.87 113115136
482 0.88 113549312
483 0.89 113901568
484 0.88 113991680
485 0.88 114270208
486 0.88 114487296
487 0.89 114925568
488 0.9 115314688
489 0.89 115490816
490 0.89 115773440
491 0.9 116084736
492 0.89 116289536
493 0.91 116883456
494 0.9 117149696
495 0.91 117534720
496 0.9 117563392
497 0.92 117874688
498 0.91 118132736
499 0.93 118480896
500 0.93 118792192
501 0.92 119050240
502 0.92 119341056
503 0.93 119877632
504 0.93 119967744
505 0.92 120332288
506 0.93 120516608
507 0.93 120860672
508 0.93 121159680
509 0.94 121466880
510 0.94 121958400
511 0.95 122699776
512 0.95 123031552
513 0.95 123654144
514 0.95 124239872
515 0.95 124743680
516 0.96 125386752
517 0.97 125931520
518 0.97 126382080
519 0.96 126914560
520 0.97 127508480
521 0.98 128040960
522 0.97 128585728
523 0.98 129118208
524 0.98 129634304
525 0.99 130236416
526 0.99 130756608
527 1.0 131297280
528 1.0 132165632
529 1.01 132407296
530 1.0 132878336
531 1.01 133611520
532 1.01 134307840
533 1.01 134582272
534 1.01 135122944
535 1.02 135659520
536 1.02 136159232
537 1.02 136757248
538 1.02 137293824
539 1.02 137801728
540 1.03 138383360
541 1.04 138944512
542 1.03 139431936
543 1.05 140042240
544 1.04 140574720
545 1.04 141127680
546 1.05 141656064
547 1.05 142200832
548 1.05 142770176
549 1.05 143290368
550 1.07 143945728
551 1.07 144424960
552 1.07 144973824
553 1.07 145506304
554 1.07 146010112
555 1.07 146579456
556 1.08 147169280
557 1.09 147767296
558 1.09 148414464
559 1.09 148815872
560 1.09 149352448
561 1.09 149843968
562 1.1 150560768
563 1.1 150958080
564 1.11 151752704
565 1.1 152055808
566 1.1 152637440
567 1.11 153178112
568 1.13 153735168
569 1.13 154259456
570 1.12 154746880
571 1.13 155344896
572 1.13 156090368
573 1.13 156418048
574 1.13 157003776
575 1.14 157540352
576 1.14 158031872
577 1.15 158625792
578 1.14 159154176
579 1.15 159735808
580 1.16 160428032
581 1.16 160849920
582 1.16 161337344
583 1.18 161943552
584 1.16 162422784
585 1.16 162975744
586 1.17 163565568
587 1.19 164122624
588 1.18 164671488
589 1.18 165183488
590 1.18 165748736
591 1.18 166289408
592 1.2 166825984
593 1.19 167378944
594 1.19 167858176
595 1.21 168521728
596 1.2 169009152
597 1.2 169500672
598 1.2 170119168
599 1.21 170586112
600 1.21 171118592
601 1.22 171778048
602 1.22 172306432
603 1.22 172982272
604 1.22 173342720
605 1.24 173936640
606 1.24 174530560
607 1.24 175022080
608 1.24 175599616
609 1.27 176287744
610 1.25 176680960
611 1.25 177188864
612 1.25 177725440
613 1.26 178507776
614 1.25 178835456
615 1.27 179597312
616 1.27 179929088
617 1.27 180469760
618 1.27 181059584
619 1.28 181587968
620 1.29 182173696
621 1.29 182775808
622 1.32 183259136
623 1.3 183762944
624 1.29 184320000
625 1.29 184901632
626 1.32 185413632
627 1.31 185962496
628 1.31 186490880
629 1.31 186982400
630 1.31 187592704
631 1.35 188329984
632 1.32 188641280
633 1.31 189218816
634 1.32 189714432
635 1.32 190308352
636 1.33 190844928
637 1.34 191426560
638 1.33 191942656
639 1.34 192512000
640 1.34 192999424
641 1.35 193871872
642 1.34 194158592
643 1.36 194740224
644 1.36 195559424
645 1.36 195764224
646 1.36 196321280
647 1.37 196902912
648 1.37 197488640
649 1.37 197931008
650 1.42 198533120
651 1.37 199045120
652 1.38 199581696
653 1.39 200171520
654 1.39 200744960
655 1.39 201228288
656 1.39 201834496
657 1.39 202375168
658 1.4 202915840
659 1.41 203681792
660 1.41 204021760
661 1.41 204562432
662 1.42 205111296
663 1.42 205598720
664 1.46 206262272
665 1.41 206680064
666 1.45 207343616
667 1.44 207806464
668 1.43 208375808
669 1.44 208896000
670 1.45 209620992
671 1.45 210063360
672 1.44 210518016
673 1.46 211091456
674 1.46 211714048
675 1.45 212131840
676 1.47 212701184
677 1.53 213225472
678 1.59 214093824
679 1.53 214347776
680 1.53 214892544
681 1.52 215408640
682 1.54 216223744
683 1.53 216502272
684 1.54 217038848
685 1.54 217579520
686 1.54 218173440
687 1.54 218710016
688 1.55 219250688
689 1.56 220049408
690 1.57 220626944
691 1.58 221290496
692 1.56 221458432
693 1.56 222031872
694 1.57 222699520
695 1.57 223096832
696 1.57 223617024
697 1.67 224272384
698 1.58 224751616
699 1.59 225284096
700 1.58 225787904
701 1.6 226402304
702 1.6 226918400
703 1.69 227516416
704 1.7 228225024
705 1.63 228835328
706 1.61 229105664
707 1.64 230031360
708 1.62 230379520
709 1.62 230739968
710 1.64 231305216
711 1.63 231936000
712 1.63 232398848
713 1.65 233033728
714 1.63 233492480
715 1.64 234033152
716 1.69 234766336
717 1.66 235122688
718 1.66 235806720
719 1.66 236154880
720 1.66 236752896
721 1.68 237289472
722 1.67 237821952
723 1.7 238489600
724 1.67 238927872
725 1.68 239489024
726 1.79 240230400
727 1.69 240553984
728 1.7 241127424
729 1.7 241635328
730 1.7 242151424
731 1.71 242724864
732 1.71 243302400
733 1.72 243896320
734 1.78 244535296
735 1.72 244936704
736 1.72 245551104
737 1.86 246304768
738 1.73 246628352
739 1.75 247226368
740 1.75 247726080
741 1.88 248254464
742 1.75 248827904
743 1.75 249339904
744 1.76 249896960
745 1.77 250499072
746 1.76 250986496
747 1.9 251551744
748 1.77 252104704
749 1.77 252542976
750 1.91 253198336
751 1.78 253837312
752 1.79 254230528
753 1.79 254763008
754 1.78 255311872
755 1.8 255848448
756 1.8 256413696
757 1.8 256933888
758 1.87 257757184
759 1.98 258396160
760 1.82 258584576
761 1.96 259403776
762 1.82 259616768
763 1.83 260349952
764 1.83 260759552
765 1.83 261287936
766 1.84 261873664
767 1.84 262426624
768 1.86 262934528
769 1.86 263651328
770 1.89 264323072
771 2.02 264626176
772 1.87 265269248
773 1.87 265695232
774 1.87 266186752
775 2.02 266981376
776 1.87 267341824
777 1.88 267890688
778 1.89 268361728
779 1.9 268976128
780 1.89 269496320
781 1.9 270082048
782 1.9 270614528
783 2.01 271302656
784 1.91 271663104
785 1.92 272281600
786 2.03 273117184
787 1.93 273309696
788 2.02 274292736
789 1.93 274419712
790 1.93 274997248
791 1.95 275529728
792 1.96 276353024
793 1.96 276615168
794 1.96 277200896
795 1.96 277753856
796 1.97 278278144
797 1.98 278835200
798 1.99 279388160
799 1.99 279891968
800 1.99 280416256