1 0.02 7471104
2 0.02 7528448
3 0.02 7548928
4 0.02 7557120
5 0.01 7528448
6 0.02 7573504
7 0.02 7585792
8 0.03 7602176
9 0.02 7622656
10 0.02 7639040
11 0.02 7639040
12 0.02 7671808
13 0.02 7639040
14 0.03 7688192
15 0.02 7696384
16 0.02 7716864
17 0.02 7733248
18 0.02 7716864
19 0.02 7774208
20 0.02 7737344
21 0.02 7802880
22 0.02 7806976
23 0.02 7819264
24 0.02 7839744
25 0.02 7802880
26 0.02 7860224
27 0.02 7843840
28 0.02 7897088
29 0.02 7901184
30 0.02 7933952
31 0.03 7925760
32 0.03 7950336
33 0.03 7958528
34 0.03 7991296
35 0.02 8040448
36 0.02 8011776
37 0.02 8019968
38 0.02 8093696
39 0.03 8110080
40 0.02 8065024
41 0.02 8142848
42 0.02 8142848
43 0.02 8114176
44 0.03 8167424
45 0.03 8167424
46 0.03 8192000
47 0.03 8212480
48 0.03 8208384
49 0.03 8253440
50 0.02 8216576
51 0.03 8249344
52 0.03 8298496
53 0.03 8290304
54 0.03 8327168
55 0.03 8335360
56 0.03 8355840
57 0.02 8368128
58 0.03 8331264
59 0.03 8343552
60 0.03 8417280
61 0.03 8437760
62 0.03 8409088
63 0.03 8474624
64 0.03 8478720
65 0.04 8486912
66 0.03 8507392
67 0.03 8523776
68 0.03 8527872
69 0.03 8556544
70 0.02 8581120
71 0.03 8581120
72 0.03 8560640
73 0.03 8597504
74 0.03 8638464
75 0.03 8609792
76 0.03 8617984
77 0.03 8679424
78 0.03 8654848
79 0.03 8675328
80 0.03 8724480
81 0.03 8704000
82 0.03 8761344
83 0.03 8777728
84 0.03 8753152
85 0.04 8818688
86 0.04 8835072
87 0.03 8802304
88 0.03 8859648
89 0.03 8822784
90 0.04 8888320
91 0.04 8900608
92 0.03 8925184
93 0.03 8880128
94 0.03 8941568
95 0.03 8957952
96 0.04 8933376
97 0.03 8945664
98 0.04 8990720
99 0.04 9031680
100 0.04 9035776
101 0.03 9003008
102 0.04 9011200
103 0.04 9089024
104 0.03 9052160
105 0.04 9121792
106 0.03 9072640
107 0.04 9117696
108 0.03 9170944
109 0.04 9179136
110 0.04 9199616
111 0.03 9216000
112 0.04 9224192
113 0.04 9179136
114 0.04 9211904
115 0.03 9224192
116 0.04 9302016
117 0.04 9318400
118 0.04 9281536
119 0.03 9289728
120 0.04 9314304
121 0.04 9334784
122 0.04 9367552
123 0.03 9412608
124 0.04 9428992
125 0.04 9379840
126 0.04 9478144
127 0.04 9494528
128 0.04 9539584
129 0.04 9535488
130 0.04 9490432
131 0.04 9551872
132 0.04 9588736
133 0.04 9551872
134 0.04 9605120
135 0.05 9695232
136 0.05 9637888
137 0.04 9601024
138 0.04 9687040
139 0.04 9707520
140 0.04 9719808
141 0.04 9687040
142 0.05 9732096
143 0.05 9760768
144 0.05 9793536
145 0.05 9789440
146 0.04 9814016
147 0.04 9834496
148 0.04 9863168
149 0.04 9867264
150 0.05 9859072
151 0.05 9920512
152 0.05 9936896
153 0.05 9900032
154 0.05 9961472
155 0.05 9965568
156 0.05 10002432
157 0.05 10022912
158 0.05 9990144
159 0.05 10047488
160 0.05 10063872
161 0.05 10072064
162 0.04 10063872
163 0.05 10121216
164 0.04 10092544
165 0.05 10104832
166 0.04 10113024
167 0.05 10182656
168 0.07 10227712
169 0.05 10252288
170 0.06 10272768
171 0.05 10305536
172 0.05 10321920
173 0.05 10326016
174 0.05 10362880
175 0.05 10346496
176 0.05 10395648
177 0.05 10354688
178 0.05 10428416
179 0.05 10387456
180 0.05 10412032
181 0.05 10465280
182 0.06 10506240
183 0.06 10522624
184 0.05 10518528
185 0.05 10547200
186 0.05 10579968
187 0.06 10600448
188 0.06 10612736
189 0.05 10579968
190 0.05 10633216
191 0.06 10674176
192 0.06 10682368
193 0.05 10686464
194 0.05 10665984
195 0.06 10674176
196 0.06 10723328
197 0.06 10735616
198 0.06 10784768
199 0.06 10797056
200 0.06 10813440
201 0.06 10776576
202 0.06 10846208
203 0.06 10813440
204 0.05 10878976
205 0.06 10891264
206 0.06 10895360
207 0.05 10919936
208 0.06 10932224
209 0.06 10956800
210 0.05 10989568
211 0.06 10952704
212 0.05 10969088
213 0.06 11030528
214 0.05 10997760
215 0.06 11001856
216 0.06 11083776
217 0.06 11091968
218 0.06 11116544
219 0.05 11137024
220 0.06 11145216
221 0.06 11104256
222 0.06 11145216
223 0.06 11251712
224 0.06 11227136
225 0.06 11223040
226 0.06 11251712
227 0.06 11210752
228 0.06 11284480
229 0.06 11304960
230 0.07 11321344
231 0.07 11354112
232 0.06 11304960
233 0.06 11366400
234 0.06 11390976
235 0.07 11419648
236 0.06 11431936
237 0.06 11399168
238 0.07 11476992
239 0.07 11481088
240 0.07 11534336
241 0.06 11493376
242 0.06 11563008
243 0.07 11575296
244 0.06 11579392
245 0.07 11595776
246 0.07 11624448
247 0.07 11644928
248 0.07 11649024
249 0.07 11669504
250 0.06 11632640
251 0.07 11694080
252 0.07 11726848
253 0.07 11739136
254 0.06 11751424
255 0.07 11821056
256 0.06 11780096
257 0.06 11845632
258 0.06 11853824
259 0.07 11874304
260 0.06 11952128
261 0.07 11964416
262 0.07 11923456
263 0.07 11980800
264 0.07 12021760
265 0.06 12038144
266 0.07 12070912
267 0.07 12087296
268 0.07 12107776
269 0.07 12062720
270 0.07 12152832
271 0.07 12161024
272 0.08 12230656
273 0.07 12206080
274 0.06 12181504
275 0.07 12193792
276 0.06 12218368
277 0.07 12279808
278 0.07 12275712
279 0.07 12300288
280 0.07 12337152
281 0.07 12345344
282 0.08 12390400
283 0.07 12406784
284 0.08 12439552
285 0.08 12460032
286 0.07 12480512
287 0.07 12439552
288 0.08 12550144
289 0.07 12587008
290 0.07 12554240
291 0.07 12615680
292 0.08 12632064
293 0.08 12632064
294 0.08 12623872
295 0.08 12681216
296 0.07 12722176
297 0.08 12763136
298 0.08 12783616
299 0.07 12759040
300 0.08 12836864
301 0.07 12857344
302 0.08 12890112
303 0.08 12943360
304 0.08 12869632
305 0.07 12886016
306 0.08 12963840
307 0.07 12926976
308 0.08 12963840
309 0.08 12988416
310 0.08 13041664
311 0.08 13012992
312 0.09 13090816
313 0.08 13103104
314 0.08 13148160
315 0.08 13094912
316 0.08 13107200
317 0.08 13205504
318 0.08 13217792
319 0.08 13238272
320 0.08 13271040
321 0.07 13230080
322 0.09 13324288
323 0.08 13299712
324 0.08 13291520
325 0.08 13357056
326 0.09 13410304
327 0.08 13402112
328 0.08 13406208
329 0.08 13418496
330 0.09 13467648
331 0.08 13504512
332 0.09 13504512
333 0.08 13479936
334 0.09 13545472
335 0.08 13553664
336 0.09 13582336
337 0.08 13635584
338 0.09 13647872
339 0.09 13611008
340 0.08 13660160
341 0.09 13672448
342 0.09 13705216
343 0.08 13684736
344 0.09 13770752
345 0.08 13729792
346 0.09 13787136
347 0.09 13791232
348 0.08 13791232
349 0.09 13848576
350 0.09 13889536
351 0.08 13914112
352 0.09 13926400
353 0.08 13934592
354 0.1 13963264
355 0.1 13979648
356 0.1 14090240
357 0.09 14020608
358 0.09 14049280
359 0.09 14041088
360 0.09 14106624
361 0.09 14069760
362 0.09 14102528
363 0.09 14163968
364 0.09 14151680
365 0.09 14184448
366 0.09 14217216
367 0.09 14233600
368 0.09 14262272
369 0.09 14290944
370 0.09 14299136
371 0.09 14348288
372 0.1 14397440
373 0.09 14307328
374 0.09 14348288
375 0.09 14401536
376 0.1 14372864
377 0.09 14434304
378 0.09 14458880
379 0.09 14487552
380 0.09 14520320
381 0.09 14532608
382 0.1 14610432
383 0.1 14553088
384 0.09 14635008
385 0.1 14606336
386 0.1 14659584
387 0.1 14741504
388 0.1 14684160
389 0.1 14749696
390 0.1 14766080
391 0.1 14786560
392 0.09 14819328
393 0.1 14827520
394 0.1 14843904
395 0.1 14848000
396 0.11 14983168
397 0.1 14909440
398 0.09 14909440
399 0.1 14958592
400 0.1 14970880
401 0.1 14942208
402 0.1 15060992
403 0.1 15032320
404 0.1 15065088
405 0.1 15081472
406 0.1 15044608
407 0.1 15118336
408 0.09 15159296
409 0.1 15163392
410 0.1 15200256
411 0.1 15228928
412 0.1 15224832
413 0.11 15241216
414 0.11 15368192
415 0.1 15290368
416 0.1 15335424
417 0.1 15298560
418 0.1 15310848
419 0.1 15351808
420 0.1 15355904
421 0.1 15376384
422 0.1 15454208
423 0.11 15450112
424 0.1 15507456
425 0.11 15482880
426 0.1 15523840
427 0.1 15548416
428 0.1 15577088
429 0.1 15585280
430 0.1 15601664
431 0.1 15609856
432 0.11 15646720
433 0.1 15618048
434 0.11 15663104
435 0.11 15712256
436 0.11 15728640
437 0.11 15745024
438 0.11 15773696
439 0.1 15745024
440 0.11 15839232
441 0.11 15863808
442 0.11 15847424
443 0.11 15876096
444 0.11 15900672
445 0.11 15929344
446 0.11 15949824
447 0.11 15958016
448 0.11 15966208
449 0.11 15994880
450 0.11 16035840
451 0.11 16015360
452 0.12 16068608
453 0.11 16113664
454 0.11 16101376
455 0.11 16105472
456 0.12 16154624
457 0.11 16146432
458 0.11 16216064
459 0.11 16187392
460 0.12 16236544
461 0.11 16240640
462 0.12 16302080
463 0.11 16293888
464 0.11 16334848
465 0.11 16347136
466 0.11 16306176
467 0.12 16367616
468 0.14 16441344
469 0.11 16429056
470 0.11 16457728
471 0.12 16465920
472 0.11 16474112
473 0.12 16523264
474 0.12 16515072
475 0.12 16498688
476 0.12 16596992
477 0.12 16588800
478 0.12 16601088
479 0.12 16609280
480 0.13 16678912
481 0.13 16703488
482 0.13 16728064
483 0.12 16744448
484 0.12 16756736
485 0.12 16769024
486 0.12 16809984
487 0.13 16822272
488 0.12 16850944
489 0.12 16879616
490 0.12 16896000
491 0.12 16916480
492 0.12 16994304
493 0.11 16949248
494 0.12 17035264
495 0.12 17051648
496 0.12 17010688
497 0.12 17063936
498 0.13 17092608
499 0.12 17121280
500 0.12 17154048
501 0.12 17178624
502 0.12 17178624
503 0.13 17149952
504 0.13 17211392
505 0.12 17264640
506 0.13 17227776
507 0.12 17297408
508 0.12 17321984
509 0.13 17293312
510 0.12 17465344
511 0.13 17481728
512 0.12 17506304
513 0.12 17510400
514 0.13 17588224
515 0.12 17559552
516 0.13 17653760
517 0.12 17670144
518 0.13 17711104
519 0.13 17711104
520 0.13 17735680
521 0.13 17756160
522 0.13 17833984
523 0.13 17862656
524 0.12 17887232
525 0.13 17903616
526 0.13 17903616
527 0.12 17879040
528 0.13 17956864
529 0.13 18014208
530 0.13 18059264
531 0.13 18063360
532 0.13 18116608
533 0.13 18059264
534 0.13 18165760
535 0.13 18182144
536 0.13 18182144
537 0.13 18194432
538 0.13 18264064
539 0.13 18337792
540 0.13 18333696
541 0.13 18313216
542 0.13 18411520
543 0.13 18456576
544 0.13 18386944
545 0.13 18448384
546 0.14 18456576
547 0.13 18477056
548 0.14 18554880
549 0.13 18563072
550 0.14 18563072
551 0.13 18620416
552 0.14 18677760
553 0.14 18718720
554 0.14 18817024
555 0.14 18751488
556 0.14 18829312
557 0.14 18792448
558 0.13 18817024
559 0.14 18878464
560 0.15 19030016
561 0.14 18890752
562 0.14 18944000
563 0.14 18960384
564 0.14 19111936
565 0.14 19091456
566 0.14 19087360
567 0.14 19111936
568 0.14 19124224
569 0.14 19144704
570 0.14 19197952
571 0.14 19181568
572 0.14 19263488
573 0.14 19275776
574 0.16 19279872
575 0.21 19304448
576 0.14 19320832
577 0.15 19382272
578 0.14 19460096
579 0.14 19390464
580 0.14 19415040
581 0.15 19468288
582 0.14 19554304
583 0.15 19632128
584 0.14 19546112
585 0.14 19615744
586 0.15 19656704
587 0.14 19595264
588 0.16 19705856
589 0.15 19689472
590 0.15 19759104
591 0.14 19787776
592 0.14 19795968
593 0.15 19820544
594 0.16 19955712
595 0.14 19972096
596 0.16 20008960
597 0.15 20017152
598 0.15 20054016
599 0.15 20099072
600 0.15 20115456
601 0.14 20090880
602 0.15 20135936
603 0.15 20148224
604 0.15 20217856
605 0.15 20230144
606 0.15 20291584
607 0.15 20320256
608 0.15 20357120
609 0.15 20365312
610 0.16 20455424
611 0.15 20381696
612 0.15 20418560
613 0.16 20451328
614 0.15 20475904
615 0.15 20529152
616 0.16 20549632
617 0.16 20586496
618 0.15 20631552
619 0.16 20606976
620 0.15 20639744
621 0.16 20697088
622 0.15 20725760
623 0.15 20742144
624 0.16 20803584
625 0.16 20828160
626 0.16 20860928
627 0.16 20946944
628 0.16 20955136
629 0.16 20889600
630 0.16 20930560
631 0.16 20996096
632 0.16 21028864
633 0.16 21008384
634 0.16 21061632
635 0.15 21082112
636 0.16 21245952
637 0.16 21131264
638 0.16 21159936
639 0.16 21221376
640 0.16 21237760
641 0.16 21254144
642 0.16 21274624
643 0.18 21405696
644 0.16 21372928
645 0.16 21393408
646 0.16 21483520
647 0.16 21413888
648 0.16 21491712
649 0.17 21516288
650 0.17 21577728
651 0.16 21544960
652 0.18 21766144
653 0.17 21614592
654 0.17 21708800
655 0.16 21725184
656 0.16 21790720
657 0.16 21778432
658 0.17 21737472
659 0.17 21798912
660 0.16 21823488
661 0.17 21884928
662 0.17 21884928
663 0.17 21934080
664 0.16 21958656
665 0.16 21929984
666 0.17 22044672
667 0.17 22077440
668 0.17 22110208
669 0.16 22061056
670 0.17 22138880
671 0.17 22159360
672 0.16 22208512
673 0.17 22355968
674 0.17 22257664
675 0.17 22274048
676 0.17 22319104
677 0.17 22310912
678 0.18 22392832
679 0.17 22405120
680 0.17 22437888
681 0.18 22450176
682 0.17 22487040
683 0.2 22609920
684 0.17 22507520
685 0.18 22581248
686 0.17 22605824
687 0.17 22577152
688 0.17 22597632
689 0.17 22605824
690 0.17 22757376
691 0.18 22769664
692 0.18 22827008
693 0.18 22851584
694 0.17 22847488
695 0.18 22867968
696 0.18 22933504
697 0.18 22949888
698 0.18 22986752
699 0.18 23003136
700 0.17 23019520
701 0.18 23044096
702 0.18 23126016
703 0.18 23138304
704 0.18 23175168
705 0.18 23166976
706 0.18 23203840
707 0.18 23212032
708 0.17 23232512
709 0.18 23302144
710 0.18 23269376
711 0.18 23298048
712 0.18 23322624
713 0.18 23330816
714 0.18 23490560
715 0.19 23523328
716 0.18 23515136
717 0.19 23511040
718 0.18 23486464
719 0.18 23502848
720 0.18 23633920
721 0.18 23646208
722 0.18 23683072
723 0.18 23633920
724 0.18 23707648
725 0.18 23670784
726 0.19 23789568
727 0.18 23810048
728 0.18 23855104
729 0.18 23814144
730 0.18 23891968
731 0.19 23896064
732 0.19 23965696
733 0.18 23998464
734 0.18 24014848
735 0.19 23977984
736 0.19 24047616
737 0.19 24023040
738 0.19 24125440
739 0.18 24096768
740 0.19 24178688
741 0.18 24207360
742 0.18 24174592
743 0.18 24182784
744 0.19 24301568
745 0.19 24338432
746 0.19 24363008
747 0.2 24379392
748 0.19 24395776
749 0.2 24412160
750 0.2 24551424
751 0.19 24424448
752 0.19 24502272
753 0.19 24477696
754 0.18 24502272
755 0.19 24600576
756 0.2 24625152
757 0.19 24653824
758 0.19 24690688
759 0.2 24694784
760 0.19 24805376
761 0.2 24801280
762 0.19 24797184
763 0.19 24825856
764 0.19 24858624
765 0.2 24875008
766 0.2 24903680
767 0.19 24920064
768 0.2 24969216
769 0.2 25001984
770 0.2 25026560
771 0.2 24993792
772 0.19 25055232
773 0.19 25030656
774 0.2 25153536
775 0.2 25174016
776 0.19 25239552
777 0.21 25325568
778 0.2 25255936
779 0.2 25214976
780 0.19 25272320
781 0.2 25333760
782 0.2 25337856
783 0.2 25391104
784 0.2 25411584
785 0.19 25370624
786 0.2 25485312
787 0.2 25501696
788 0.2 25542656
789 0.2 25554944
790 0.2 25583616
791 0.21 25591808
792 0.2 25657344
793 0.21 25677824
794 0.2 25718784
795 0.2 25735168
796 0.2 25698304
797 0.2 25772032
798 0.2 25907200
799 0.21 25935872
800 0.2 26042368