1 0.07 10584064
2 0.07 10678272
3 0.07 10752000
4 0.08 10760192
5 0.07 10809344
6 0.08 10825728
7 0.07 10874880
8 0.08 10960896
9 0.07 11022336
10 0.07 11051008
11 0.08 11149312
12 0.08 11223040
13 0.08 11243520
14 0.08 11304960
15 0.07 11329536
16 0.08 11399168
17 0.08 11411456
18 0.08 11513856
19 0.09 11563008
20 0.12 11669504
21 0.09 11702272
22 0.08 11706368
23 0.09 11800576
24 0.08 11857920
25 0.09 11874304
26 0.08 11976704
27 0.09 12034048
28 0.09 12083200
29 0.09 12140544
30 0.09 12201984
31 0.09 12259328
32 0.09 12320768
33 0.09 12341248
34 0.09 12435456
35 0.1 12509184
36 0.09 12558336
37 0.1 12619776
38 0.09 12693504
39 0.1 12775424
40 0.09 12804096
41 0.1 12959744
42 0.1 13094912
43 0.1 13152256
44 0.1 13193216
45 0.1 13291520
46 0.1 13373440
47 0.1 13389824
48 0.1 13504512
49 0.11 13578240
50 0.1 13664256
51 0.11 13717504
52 0.11 13733888
53 0.11 13815808
54 0.11 13918208
55 0.1 13996032
56 0.11 14061568
57 0.11 14131200
58 0.11 14151680
59 0.11 14278656
60 0.12 14368768
61 0.11 14422016
62 0.12 14602240
63 0.12 14610432
64 0.11 14712832
65 0.12 14864384
66 0.12 15007744
67 0.12 15065088
68 0.12 15253504
69 0.13 15261696
70 0.12 15413248
71 0.13 15507456
72 0.12 15642624
73 0.13 15753216
74 0.12 15802368
75 0.13 16166912
76 0.13 16003072
77 0.13 16117760
78 0.13 16244736
79 0.13 16355328
80 0.13 16482304
81 0.13 16515072
82 0.13 16654336
83 0.13 16769024
84 0.13 16904192
85 0.14 17006592
86 0.14 17088512
87 0.13 17199104
88 0.14 17367040
89 0.14 17518592
90 0.14 17620992
91 0.15 17768448
92 0.15 17870848
93 0.14 17928192
94 0.15 18026496
95 0.16 18247680
96 0.14 18239488
97 0.15 18358272
98 0.15 18472960
99 0.16 18616320
100 0.15 18661376
101 0.15 18817024
102 0.15 18903040
103 0.16 19075072
104 0.16 19107840
105 0.16 19271680
106 0.16 19374080
107 0.16 19488768
108 0.16 19513344
109 0.16 19615744
110 0.16 19718144
111 0.17 19910656
112 0.17 20000768
113 0.16 20111360
114 0.17 20209664
115 0.17 20320256
116 0.17 20406272
117 0.17 20520960
118 0.18 20639744
119 0.17 20729856
120 0.18 20811776
121 0.18 20934656
122 0.18 21172224
123 0.18 21131264
124 0.18 21229568
125 0.19 21336064
126 0.18 21508096
127 0.18 21667840
128 0.18 21835776
129 0.18 22032384
130 0.19 22241280
131 0.19 22351872
132 0.19 22523904
133 0.19 22679552
134 0.19 22839296
135 0.19 22999040
136 0.2 23281664
137 0.21 23445504
138 0.2 23506944
139 0.2 23650304
140 0.21 23945216
141 0.22 24068096
142 0.22 24399872
143 0.22 24395776
144 0.33 24662016
145 0.3 24768512
146 0.2 24985600
147 0.3 25133056
148 0.21 25231360
149 0.23 25481216
150 0.25 25567232
151 0.21 25665536
152 0.21 25845760
153 0.21 26058752
154 0.22 26206208
155 0.21 26398720
156 0.23 26546176
157 0.24 26812416
158 0.22 26890240
159 0.22 27054080
160 0.21 27181056
161 0.22 27377664
162 0.22 27561984
163 0.23 27721728
164 0.22 27881472
165 0.23 28024832
166 0.22 28147712
167 0.22 28377088
168 0.23 28508160
169 0.25 28749824
170 0.26 28917760
171 0.23 29032448
172 0.24 29298688
173 0.24 29429760
174 0.23 29605888
175 0.24 29794304
176 0.23 29913088
177 0.24 30126080
178 0.25 30261248
179 0.25 30507008
180 0.25 30703616
181 0.26 30941184
182 0.25 31006720
183 0.26 31301632
184 0.26 31412224
185 0.26 31854592
186 0.26 31838208
187 0.27 32014336
188 0.26 32133120
189 0.26 32321536
190 0.27 32505856
191 0.28 32690176
192 0.27 33001472
193 0.27 33046528
194 0.28 33280000
195 0.27 33447936
196 0.27 33497088
197 0.28 33677312
198 0.28 33898496
199 0.28 34004992
200 0.28 34201600
201 0.28 34365440
202 0.28 34504704
203 0.29 34717696
204 0.29 34873344
205 0.3 35074048
206 0.29 35237888
207 0.29 35356672
208 0.29 35524608
209 0.29 35786752
210 0.3 35872768
211 0.3 36147200
212 0.3 36212736
213 0.3 36392960
214 0.3 36532224
215 0.31 36696064
216 0.31 36941824
217 0.3 37036032
218 0.3 37232640
219 0.31 37388288
220 0.31 37502976
221 0.31 37711872
222 0.32 37875712
223 0.31 38043648
224 0.31 38166528
225 0.32 38432768
226 0.33 38543360
227 0.32 38690816
228 0.33 38871040
229 0.32 38965248
230 0.33 39227392
231 0.33 39391232
232 0.32 39501824
233 0.33 39788544
234 0.33 39878656
235 0.33 40038400
236 0.33 40153088
237 0.34 40353792
238 0.34 40529920
239 0.33 40673280
240 0.33 40849408
241 0.34 40960000
242 0.34 41123840
243 0.35 41537536
244 0.34 41676800
245 0.34 41795584
246 0.35 42086400
247 0.36 42201088
248 0.35 42270720
249 0.35 42442752
250 0.35 42676224
251 0.35 42844160
252 0.37 43114496
253 0.36 43175936
254 0.36 43429888
255 0.36 43761664
256 0.36 44077056
257 0.37 44527616
258 0.37 44605440
259 0.37 44900352
260 0.37 45187072
261 0.37 45481984
262 0.37 45809664
263 0.37 46039040
264 0.38 46419968
265 0.38 46612480
266 0.38 46944256
267 0.38 47230976
268 0.39 47583232
269 0.38 47886336
270 0.38 48144384
271 0.38 48427008
272 0.38 48771072
273 0.39 49049600
274 0.39 49328128
275 0.41 49713152
276 0.43 50077696
277 0.44 50409472
278 0.41 50720768
279 0.44 50896896
280 0.41 51118080
281 0.4 51376128
282 0.4 51675136
283 0.42 52121600
284 0.41 52461568
285 0.41 52559872
286 0.42 52846592
287 0.42 53125120
288 0.42 53391360
289 0.42 53694464
290 0.43 54087680
291 0.42 54280192
292 0.45 54755328
293 0.42 54931456
294 0.43 55304192
295 0.42 55410688
296 0.43 55816192
297 0.43 55955456
298 0.43 56328192
299 0.43 56582144
300 0.44 56926208
301 0.43 57237504
302 0.46 57659392
303 0.47 57835520
304 0.47 58265600
305 0.52 58490880
306 0.48 58810368
307 0.46 58974208
308 0.46 59363328
309 0.45 59478016
310 0.46 59777024
311 0.46 60121088
312 0.47 60588032
313 0.46 60616704
314 0.47 61194240
315 0.46 61222912
316 0.47 61603840
317 0.46 61890560
318 0.47 62201856
319 0.47 62394368
320 0.47 62668800
321 0.48 63070208
322 0.48 63299584
323 0.48 63565824
324 0.49 63934464
325 0.49 64200704
326 0.48 64507904
327 0.48 64778240
328 0.5 65179648
329 0.49 65413120
330 0.49 65691648
331 0.49 65974272
332 0.5 66252800
333 0.5 66539520
334 0.5 66842624
335 0.5 67112960
336 0.51 67424256
337 0.5 67715072
338 0.5 68001792
339 0.5 68231168
340 0.5 68513792
341 0.53 68919296
342 0.52 69324800
343 0.52 69558272
344 0.51 69754880
345 0.53 70254592
346 0.53 70463488
347 0.53 70639616
348 0.52 70946816
349 0.53 71163904
350 0.53 71507968
351 0.53 71811072
352 0.53 72110080
353 0.54 72507392
354 0.54 72794112
355 0.55 73256960
356 0.55 73379840
357 0.55 73711616
358 0.55 74014720
359 0.56 74403840
360 0.56 74784768
361 0.56 74907648
362 0.55 75173888
363 0.55 75464704
364 0.55 75866112
365 0.56 76148736
366 0.57 76460032
367 0.57 76775424
368 0.57 76980224
369 0.57 77393920
370 0.57 77639680
371 0.58 78012416
372 0.58 78258176
373 0.58 78622720
374 0.58 78897152
375 0.58 79216640
376 0.6 79638528
377 0.61 79941632
378 0.6 80228352
379 0.6 80494592
380 0.61 80871424
381 0.62 81158144
382 0.62 81518592
383 0.61 81797120
384 0.62 82116608
385 0.62 82374656
386 0.63 82657280
387 0.62 82870272
388 0.63 83275776
389 0.63 83456000
390 0.64 83914752
391 0.63 84107264
392 0.64 84414464
393 0.64 84733952
394 0.64 85000192
395 0.64 85319680
396 0.65 85606400
397 0.65 85807104
398 0.65 86167552
399 0.66 86515712
400 0.66 86958080
401 0.66 87052288
402 0.66 87343104
403 0.66 87687168
404 0.66 87900160
405 0.66 88244224
406 0.67 88526848
407 0.67 88883200
408 0.67 89096192
409 0.68 89624576
410 0.68 89755648
411 0.68 90046464
412 0.68 90316800
413 0.68 90599424
414 0.68 90902528
415 0.69 91262976
416 0.69 91492352
417 0.69 91795456
418 0.7 92082176
419 0.7 92295168
420 0.69 92577792
421 0.7 92905472
422 0.71 93257728
423 0.7 93638656
424 0.71 93777920
425 0.72 94314496
426 0.76 94408704
427 0.71 94629888
428 0.71 94965760
429 0.71 95588352
430 0.71 95531008
431 0.72 95862784
432 0.72 96169984
433 0.72 96518144
434 0.72 96718848
435 0.73 96968704
436 0.73 97239040
437 0.74 97775616
438 0.75 97886208
439 0.74 98119680
440 0.73 98459648
441 0.74 98762752
442 0.75 99041280
443 0.75 99311616
444 0.75 99635200
445 0.75 99917824
446 0.75 100225024
447 0.76 100470784
448 0.76 100999168
449 0.76 101089280
450 0.76 101310464
451 0.76 101806080
452 0.76 101908480
453 0.77 102207488
454 0.78 102592512
455 0.79 103030784
456 0.78 103120896
457 0.77 103415808
458 0.78 103698432
459 0.79 104030208
460 0.78 104312832
461 0.79 104599552
462 0.79 104890368
463 0.8 105156608
464 0.8 105398272
465 0.83 105816064
466 0.8 106065920
467 0.8 106471424
468 0.79 106618880
469 0.8 106876928
470 0.8 107143168
471 0.81 107495424
472 0.81 107700224
473 0.82 108093440
474 0.81 108380160
475 0.82 108589056
476 0.81 108920832
477 0.82 109170688
478 0.83 109518848
479 0.83 109961216
480 0.83 110092288
481 0.83 110354432
482 0.83 110624768
483 0.83 111243264
484 0.84 111276032
485 0.84 111534080
486 0.85 112041984
487 0.85 112316416
488 0.84 112402432
489 0.85 112803840
490 0.85 113012736
491 0.85 113254400
492 0.85 113586176
493 0.87 114077696
494 0.87 114163712
495 0.86 114442240
496 0.86 114724864
497 0.87 115003392
498 0.87 115347456
499 0.87 115638272
500 0.87 115937280
501 0.89 116215808
502 0.88 116486144
503 0.88 116891648
504 0.89 117133312
505 0.89 117407744
506 0.89 117948416
507 0.9 118190080
508 0.89 118489088
509 0.89 118480896
510 0.91 119091200
511 0.91 119709696
512 0.91 120070144
513 0.91 120668160
514 0.91 121294848
515 0.91 121749504
516 0.91 122322944
517 0.92 123031552
518 0.92 123699200
519 0.93 124112896
520 0.94 124633088
521 0.94 125059072
522 0.96 125816832
523 0.95 126414848
524 0.94 126652416
525 0.95 127188992
526 0.94 127733760
527 0.95 128245760
528 1.02 128765952
529 0.96 129421312
530 0.95 129802240
531 0.97 130498560
532 0.96 131026944
533 0.97 131518464
534 0.97 131952640
535 0.97 132501504
536 0.97 133038080
537 0.97 133857280
538 0.98 134103040
539 0.98 134795264
540 0.98 135438336
541 0.98 135798784
542 1.01 136441856
543 0.99 136859648
544 1.0 137412608
545 1.0 137961472
546 1.0 138440704
547 1.0 138985472
548 1.01 139575296
549 1.02 140173312
550 1.02 140673024
551 1.01 141086720
552 1.02 141750272
553 1.02 142192640
554 1.02 142733312
555 1.02 143249408
556 1.04 143884288
557 1.03 144400384
558 1.04 145039360
559 1.03 145408000
560 1.04 145993728
561 1.05 146632704
562 1.04 147058688
563 1.05 147599360
564 1.06 148344832
565 1.06 148893696
566 1.06 149286912
567 1.08 149975040
568 1.07 150298624
569 1.07 150999040
570 1.07 151400448
571 1.07 151957504
572 1.07 152403968
573 1.09 153063424
574 1.09 153608192
575 1.09 154034176
576 1.1 154685440
577 1.1 155242496
578 1.1 155738112
579 1.14 156381184
580 1.13 156958720
581 1.1 157298688
582 1.11 157917184
583 1.12 158642176
584 1.11 159006720
585 1.12 159481856
586 1.14 160002048
587 1.13 160485376
588 1.13 161026048
589 1.13 161550336
590 1.13 162222080
591 1.13 162631680
592 1.14 163209216
593 1.14 163737600
594 1.15 164261888
595 1.15 164900864
596 1.18 165404672
597 1.15 165937152
598 1.15 166461440
599 1.17 167108608
600 1.18 167776256
601 1.18 168189952
602 1.19 168759296
603 1.17 169267200
604 1.18 170053632
605 1.18 170405888
606 1.18 170827776
607 1.19 171335680
608 1.19 171884544
609 1.21 172548096
610 1.22 173416448
611 1.21 173535232
612 1.24 174223360
613 1.21 174940160
614 1.21 175378432
615 1.23 175964160
616 1.22 176271360
617 1.22 177029120
618 1.22 177344512
619 1.25 178077696
620 1.23 178454528
621 1.24 179007488
622 1.24 179486720
623 1.24 180174848
624 1.25 180609024
625 1.24 181112832
626 1.24 181616640
627 1.26 182280192
628 1.28 182853632
629 1.26 183255040
630 1.26 183783424
631 1.27 184352768
632 1.31 185139200
633 1.27 185454592
634 1.3 186155008
635 1.29 186712064
636 1.28 187047936
637 1.29 187641856
638 1.29 188063744
639 1.29 188633088
640 1.3 189403136
641 1.29 189710336
642 1.3 190267392
643 1.34 190914560
644 1.31 191344640
645 1.33 191877120
646 1.32 192516096
647 1.32 192954368
648 1.37 193630208
649 1.32 194093056
650 1.34 194719744
651 1.33 195121152
652 1.34 195608576
653 1.34 196206592
654 1.34 196722688
655 1.34 197296128
656 1.34 197738496
657 1.37 198348800
658 1.35 198901760
659 1.35 199360512
660 1.37 200019968
661 1.36 200617984
662 1.44 201342976
663 1.42 201687040
664 1.38 202166272
665 1.39 202678272
666 1.38 203177984
667 1.38 203755520
668 1.38 204177408
669 1.38 204795904
670 1.39 205393920
671 1.45 206045184
672 1.46 206577664
673 1.4 207069184
674 1.4 207495168
675 1.4 208035840
676 1.42 208678912
677 1.46 209154048
678 1.44 209809408
679 1.42 210272256
680 1.42 210776064
681 1.42 211243008
682 1.43 211816448
683 1.43 212299776
684 1.43 212881408
685 1.45 213561344
686 1.44 213979136
687 1.53 214544384
688 1.52 215162880
689 1.46 215597056
690 1.45 216055808
691 1.46 216776704
692 1.48 217505792
693 1.46 217661440
694 1.48 218357760
695 1.49 218783744
696 1.48 219570176
697 1.47 219811840
698 1.5 220602368
699 1.48 220983296
700 1.49 221585408
701 1.5 222117888
702 1.49 222666752
703 1.49 223170560
704 1.52 223731712
705 1.56 224325632
706 1.61 224911360
707 1.52 225415168
708 1.52 225939456
709 1.52 226557952
710 1.52 226988032
711 1.57 227786752
712 1.53 228147200
713 1.59 229048320
714 1.54 229269504
715 1.58 230068224
716 1.58 230498304
717 1.56 230957056
718 1.55 231477248
719 1.56 231985152
720 1.56 232558592
721 1.56 233078784
722 1.69 233902080
723 1.58 234348544
724 1.57 234754048
725 1.58 235286528
726 1.6 236118016
727 1.62 236711936
728 1.59 237010944
729 1.6 237576192
730 1.63 238448640
731 1.61 238665728
732 1.65 239435776
733 1.62 239759360
734 1.62 240369664
735 1.63 240861184
736 1.63 241434624
737 1.64 242081792
738 1.63 242483200
739 1.65 243085312
740 1.66 243707904
741 1.77 244232192
742 1.65 244760576
743 1.65 245321728
744 1.66 245809152
745 1.8 246476800
746 1.66 246947840
747 1.69 247668736
748 1.75 248160256
749 1.68 248664064
750 1.68 249098240
751 1.89 249778176
752 1.7 250384384
753 1.7 250982400
754 1.69 251330560
755 1.85 251985920
756 1.7 252493824
757 1.74 253071360
758 1.77 253599744
759 1.78 254222336
760 1.78 254693376
761 1.78 255262720
762 1.79 255799296
763 1.78 256360448
764 1.8 256880640
765 1.84 257671168
766 1.8 258027520
767 1.97 258670592
768 1.82 259149824
769 1.93 259837952
770 1.81 260186112
771 1.85 260841472
772 1.82 261230592
773 2.01 262098944
774 1.83 262508544
775 1.83 262811648
776 1.84 263503872
777 1.95 264003584
778 1.86 264523776
779 1.97 265338880
780 1.87 265629696
781 1.88 266137600
782 1.87 266784768
783 1.87 267382784
784 1.92 267845632
785 1.9 268361728
786 1.87 268836864
787 1.89 269545472
788 1.9 269934592
789 1.91 270536704
790 1.98 271179776
791 1.92 271646720
792 1.94 272289792
793 2.03 272719872
794 1.92 273096704
795 1.92 273641472
796 1.94 274432000
797 1.93 274771968
798 2.07 275480576
799 1.96 276000768
800 2.11 276635648