1 0.02 7430144
2 0.01 7405568
3 0.02 7454720
4 0.01 7475200
5 0.03 7479296
6 0.02 7520256
7 0.02 7532544
8 0.01 7499776
9 0.03 7548928
10 0.02 7573504
11 0.02 7565312
12 0.02 7610368
13 0.02 7610368
14 0.02 7618560
15 0.02 7643136
16 0.02 7663616
17 0.02 7663616
18 0.02 7692288
19 0.02 7712768
20 0.02 7712768
21 0.02 7725056
22 0.02 7753728
23 0.02 7753728
24 0.02 7786496
25 0.02 7794688
26 0.03 7856128
27 0.03 7827456
28 0.02 7806976
29 0.02 7864320
30 0.02 7892992
31 0.02 7888896
32 0.02 7856128
33 0.03 7921664
34 0.03 7946240
35 0.02 7958528
36 0.02 7966720
37 0.03 8019968
38 0.03 8048640
39 0.02 8019968
40 0.03 8089600
41 0.03 8081408
42 0.02 8073216
43 0.03 8073216
44 0.03 8093696
45 0.02 8155136
46 0.03 8159232
47 0.02 8138752
48 0.03 8196096
49 0.02 8179712
50 0.02 8241152
51 0.02 8265728
52 0.03 8278016
53 0.03 8278016
54 0.02 8298496
55 0.03 8310784
56 0.03 8323072
57 0.02 8314880
58 0.03 8372224
59 0.03 8372224
60 0.03 8404992
61 0.02 8437760
62 0.03 8445952
63 0.03 8470528
64 0.03 8474624
65 0.03 8486912
66 0.03 8523776
67 0.03 8536064
68 0.03 8552448
69 0.03 8568832
70 0.03 8572928
71 0.03 8589312
72 0.03 8577024
73 0.03 8650752
74 0.03 8609792
75 0.03 8638464
76 0.03 8687616
77 0.04 8708096
78 0.03 8683520
79 0.03 8732672
80 0.03 8708096
81 0.04 8777728
82 0.04 8785920
83 0.03 8814592
84 0.03 8798208
85 0.04 8851456
86 0.03 8884224
87 0.03 8851456
88 0.03 8908800
89 0.04 8921088
90 0.03 8945664
91 0.04 8957952
92 0.03 8921088
93 0.03 8994816
94 0.04 9007104
95 0.05 9064448
96 0.04 9007104
97 0.04 9072640
98 0.03 9089024
99 0.04 9080832
100 0.04 9113600
101 0.04 9129984
102 0.04 9191424
103 0.04 9183232
104 0.04 9134080
105 0.04 9224192
106 0.04 9273344
107 0.04 9232384
108 0.05 9302016
109 0.07 9224192
110 0.07 9306112
111 0.08 9318400
112 0.05 9306112
113 0.19 9347072
114 0.04 9383936
115 0.04 9392128
116 0.04 9342976
117 0.04 9420800
118 0.04 9445376
119 0.04 9457664
120 0.04 9478144
121 0.03 9490432
122 0.04 9461760
123 0.04 9510912
124 0.04 9560064
125 0.04 9515008
126 0.04 9592832
127 0.05 9621504
128 0.05 9637888
129 0.04 9654272
130 0.05 9678848
131 0.05 9687040
132 0.04 9736192
133 0.04 9760768
134 0.05 9777152
135 0.04 9732096
136 0.04 9752576
137 0.04 9760768
138 0.04 9863168
139 0.05 9867264
140 0.04 9842688
141 0.04 9916416
142 0.04 9875456
143 0.04 9932800
144 0.05 9932800
145 0.04 9957376
146 0.05 9957376
147 0.05 10035200
148 0.05 10051584
149 0.05 10076160
150 0.05 10108928
151 0.04 10117120
152 0.05 10190848
153 0.05 10231808
154 0.05 10256384
155 0.04 10211328
156 0.04 10256384
157 0.04 10326016
158 0.05 10309632
159 0.05 10358784
160 0.05 10375168
161 0.05 10395648
162 0.05 10432512
163 0.05 10457088
164 0.05 10407936
165 0.05 10432512
166 0.06 10506240
167 0.05 10522624
168 0.05 10559488
169 0.06 10567680
170 0.06 10633216
171 0.05 10616832
172 0.05 10567680
173 0.05 10645504
174 0.05 10633216
175 0.05 10715136
176 0.05 10670080
177 0.05 10694656
178 0.05 10711040
179 0.05 10780672
180 0.06 10768384
181 0.05 10801152
182 0.06 10846208
183 0.06 10870784
184 0.06 10895360
185 0.05 10838016
186 0.06 10907648
187 0.05 10952704
188 0.06 10969088
189 0.05 10997760
190 0.06 11026432
191 0.05 10977280
192 0.05 11038720
193 0.06 11100160
194 0.05 11112448
195 0.06 11132928
196 0.06 11091968
197 0.06 11157504
198 0.05 11145216
199 0.06 11206656
200 0.06 11223040
201 0.06 11202560
202 0.06 11255808
203 0.06 11276288
204 0.05 11337728
205 0.06 11304960
206 0.06 11358208
207 0.05 11386880
208 0.07 11399168
209 0.05 11378688
210 0.06 11411456
211 0.06 11419648
212 0.06 11493376
213 0.05 11517952
214 0.07 11522048
215 0.07 11534336
216 0.07 11579392
217 0.06 11558912
218 0.07 11608064
219 0.06 11587584
220 0.06 11608064
221 0.06 11661312
222 0.06 11661312
223 0.06 11677696
224 0.07 11755520
225 0.06 11776000
226 0.06 11763712
227 0.07 11800576
228 0.06 11829248
229 0.07 11821056
230 0.07 11862016
231 0.07 11882496
232 0.07 11907072
233 0.06 11931648
234 0.07 12025856
235 0.06 12005376
236 0.06 11997184
237 0.06 11976704
238 0.07 12038144
239 0.07 12070912
240 0.07 12120064
241 0.07 12140544
242 0.07 12099584
243 0.07 12111872
244 0.06 12193792
245 0.07 12148736
246 0.08 12304384
247 0.07 12259328
248 0.07 12251136
249 0.07 12316672
250 0.07 12324864
251 0.07 12320768
252 0.07 12365824
253 0.07 12427264
254 0.06 12460032
255 0.08 12484608
256 0.07 12500992
257 0.07 12480512
258 0.07 12574720
259 0.08 12611584
260 0.07 12644352
261 0.07 12623872
262 0.07 12689408
263 0.07 12652544
264 0.08 12746752
265 0.07 12763136
266 0.07 12816384
267 0.07 12783616
268 0.08 12849152
269 0.07 12857344
270 0.07 12939264
271 0.08 12967936
272 0.07 13004800
273 0.07 12955648
274 0.08 13053952
275 0.08 13029376
276 0.07 13045760
277 0.08 13111296
278 0.07 13103104
279 0.07 13127680
280 0.08 13193216
281 0.08 13201408
282 0.07 13258752
283 0.08 13279232
284 0.07 13262848
285 0.08 13348864
286 0.08 13344768
287 0.08 13324288
288 0.08 13430784
289 0.08 13393920
290 0.08 13484032
291 0.07 13512704
292 0.08 13520896
293 0.08 13537280
294 0.08 13594624
295 0.08 13602816
296 0.08 13680640
297 0.09 13721600
298 0.08 13746176
299 0.08 13701120
300 0.08 13791232
301 0.09 13811712
302 0.08 13869056
303 0.08 13832192
304 0.1 14041088
305 0.08 13877248
306 0.08 13963264
307 0.08 13991936
308 0.08 13987840
309 0.08 14004224
310 0.08 14086144
311 0.08 14086144
312 0.09 14135296
313 0.09 14209024
314 0.08 14213120
315 0.09 14168064
316 0.08 14188544
317 0.09 14241792
318 0.09 14319616
319 0.09 14344192
320 0.09 14364672
321 0.09 14393344
322 0.08 14417920
323 0.08 14372864
324 0.09 14483456
325 0.09 14495744
326 0.09 14561280
327 0.08 14585856
328 0.09 14602240
329 0.09 14589952
330 0.09 14716928
331 0.09 14729216
332 0.08 14712832
333 0.09 14737408
334 0.09 14757888
335 0.09 14761984
336 0.09 14831616
337 0.09 14901248
338 0.09 14880768
339 0.09 14901248
340 0.08 14917632
341 0.08 14929920
342 0.1 15048704
343 0.09 15015936
344 0.1 15265792
345 0.09 15134720
346 0.1 15147008
347 0.1 15151104
348 0.09 15261696
349 0.09 15175680
350 0.09 15306752
351 0.09 15323136
352 0.1 15347712
353 0.17 15372288
354 0.09 15331328
355 0.1 15425536
356 0.09 15400960
357 0.09 15482880
358 0.1 15515648
359 0.1 15511552
360 0.1 15556608
361 0.09 15519744
362 0.1 15622144
363 0.09 15593472
364 0.09 15679488
365 0.09 15618048
366 0.1 15740928
367 0.1 15769600
368 0.1 15806464
369 0.09 15843328
370 0.1 15855616
371 0.1 15863808
372 0.1 15921152
373 0.1 15937536
374 0.1 15982592
375 0.1 16011264
376 0.1 16011264
377 0.1 16044032
378 0.11 16146432
379 0.09 16121856
380 0.09 16080896
381 0.1 16171008
382 0.11 16179200
383 0.11 16191488
384 0.1 16236544
385 0.1 16257024
386 0.1 16257024
387 0.1 16269312
388 0.1 16351232
389 0.11 16371712
390 0.11 16433152
391 0.11 16420864
392 0.1 16482304
393 0.1 16441344
394 0.11 16506880
395 0.11 16527360
396 0.11 16588800
397 0.11 16621568
398 0.1 16592896
399 0.11 16670720
400 0.11 16703488
401 0.1 16707584
402 0.11 16769024
403 0.1 16826368
404 0.11 16879616
405 0.11 16887808
406 0.11 16920576
407 0.11 16908288
408 0.11 16973824
409 0.11 16990208
410 0.11 17039360
411 0.11 17072128
412 0.1 17018880
413 0.11 17096704
414 0.11 17068032
415 0.12 17158144
416 0.1 17211392
417 0.12 17321984
418 0.11 17244160
419 0.11 17252352
420 0.11 17248256
421 0.11 17272832
422 0.1 17305600
423 0.11 17330176
424 0.11 17350656
425 0.12 17420288
426 0.11 17481728
427 0.11 17494016
428 0.11 17555456
429 0.12 17571840
430 0.11 17584128
431 0.12 17596416
432 0.12 17653760
433 0.12 17612800
434 0.12 17723392
435 0.11 17760256
436 0.11 17698816
437 0.12 17780736
438 0.12 17821696
439 0.11 17850368
440 0.12 17899520
441 0.12 17911808
442 0.12 17924096
443 0.11 17874944
444 0.12 17940480
445 0.12 18014208
446 0.12 18067456
447 0.12 18096128
448 0.12 18100224
449 0.11 18128896
450 0.12 18182144
451 0.12 18120704
452 0.12 18247680
453 0.12 18255872
454 0.12 18272256
455 0.12 18288640
456 0.12 18276352
457 0.13 18374656
458 0.12 18419712
459 0.12 18448384
460 0.13 18448384
461 0.12 18452480
462 0.12 18538496
463 0.12 18497536
464 0.12 18526208
465 0.12 18550784
466 0.13 18644992
467 0.12 18649088
468 0.12 18628608
469 0.12 18657280
470 0.13 18763776
471 0.13 18800640
472 0.12 18800640
473 0.13 18817024
474 0.12 18870272
475 0.12 18821120
476 0.13 18939904
477 0.12 18989056
478 0.13 18931712
479 0.13 19021824
480 0.13 19099648
481 0.13 19120128
482 0.13 19169280
483 0.13 19116032
484 0.13 19218432
485 0.13 19234816
486 0.13 19202048
487 0.13 19304448
488 0.13 19275776
489 0.13 19386368
490 0.14 19390464
491 0.13 19402752
492 0.13 19480576
493 0.13 19488768
494 0.13 19542016
495 0.13 19533824
496 0.14 19595264
497 0.14 19648512
498 0.13 19632128
499 0.14 19582976
500 0.13 19697664
501 0.14 19714048
502 0.14 19742720
503 0.13 19763200
504 0.13 19734528
505 0.14 19824640
506 0.14 19873792
507 0.13 19894272
508 0.14 19939328
509 0.13 19877888
510 0.14 19984384
511 0.14 20062208
512 0.13 20041728
513 0.14 20193280
514 0.13 20135936
515 0.14 20176896
516 0.15 20303872
517 0.13 20299776
518 0.14 20365312
519 0.14 20414464
520 0.16 20418560
521 0.15 20455424
522 0.14 20586496
523 0.14 20606976
524 0.14 20586496
525 0.14 20623360
526 0.14 20709376
527 0.15 20717568
528 0.14 20865024
529 0.15 20856832
530 0.14 20856832
531 0.15 20975616
532 0.15 20946944
533 0.14 20963328
534 0.14 21032960
535 0.14 21106688
536 0.14 21176320
537 0.15 21217280
538 0.15 21213184
539 0.15 21176320
540 0.15 21344256
541 0.15 21377024
542 0.15 21430272
543 0.15 21393408
544 0.15 21430272
545 0.15 21483520
546 0.16 21614592
547 0.15 21643264
548 0.15 21676032
549 0.15 21643264
550 0.15 21721088
551 0.15 21753856
552 0.15 21876736
553 0.15 21848064
554 0.15 21876736
555 0.15 21897216
556 0.16 22069248
557 0.15 21942272
558 0.15 22114304
559 0.15 22130688
560 0.15 22179840
561 0.15 22200320
562 0.16 22409216
563 0.16 22175744
564 0.16 22360064
565 0.16 22364160
566 0.16 22433792
567 0.15 22458368
568 0.17 22425600
569 0.15 22441984
570 0.16 22626304
571 0.16 22654976
572 0.15 22687744
573 0.16 22708224
574 0.15 22679552
575 0.16 22753280
576 0.16 22814720
577 0.16 22908928
578 0.16 22888448
579 0.15 22966272
580 0.15 22982656
581 0.15 23011328
582 0.16 23150592
583 0.16 23179264
584 0.16 23154688
585 0.17 23261184
586 0.16 23314432
587 0.16 23277568
588 0.16 23449600
589 0.17 23465984
590 0.17 23511040
591 0.17 23527424
592 0.16 23572480
593 0.16 23535616
594 0.17 23773184
595 0.17 23789568
596 0.16 23838720
597 0.17 23814144
598 0.17 23883776
599 0.17 23900160
600 0.17 24027136
601 0.17 24080384
602 0.18 24195072
603 0.17 24051712
604 0.17 24133632
605 0.18 24244224
606 0.17 24264704
607 0.16 24281088
608 0.16 24346624
609 0.18 24350720
610 0.17 24391680
611 0.17 24432640
612 0.17 24477696
613 0.18 24543232
614 0.17 24588288
615 0.17 24612864
616 0.18 24629248
617 0.17 24653824
618 0.17 24727552
619 0.17 24788992
620 0.17 24866816
621 0.17 24895488
622 0.17 24932352
623 0.18 24936448
624 0.17 25051136
625 0.17 25075712
626 0.17 25120768
627 0.18 25157632
628 0.18 25194496
629 0.18 25174016
630 0.18 25325568
631 0.18 25346048
632 0.18 25387008
633 0.18 25407488
634 0.18 25456640
635 0.18 25513984
636 0.18 25550848
637 0.18 25612288
638 0.18 25661440
639 0.18 25690112
640 0.18 25661440
641 0.18 25739264
642 0.18 25800704
643 0.18 25821184
644 0.18 25944064
645 0.18 25890816
646 0.18 25915392
647 0.18 25939968
648 0.18 26107904
649 0.18 26112000
650 0.18 26185728
651 0.18 26198016
652 0.19 26234880
653 0.19 26247168
654 0.19 26365952
655 0.19 26456064
656 0.19 26484736
657 0.19 26460160
658 0.19 26484736
659 0.19 26439680
660 0.19 26615808
661 0.2 26632192
662 0.19 26669056
663 0.18 26701824
664 0.19 26738688
665 0.18 26705920
666 0.19 26882048
667 0.19 26845184
668 0.19 26927104
669 0.19 26959872
670 0.19 26943488
671 0.19 27013120
672 0.19 27148288
673 0.19 27111424
674 0.2 27250688
675 0.19 27226112
676 0.2 27254784
677 0.2 27271168
678 0.19 27348992
679 0.19 27365376
680 0.2 27451392
681 0.2 27590656
682 0.19 27459584
683 0.19 27475968
684 0.2 27656192
685 0.2 27668480
686 0.2 27709440
687 0.19 27742208
688 0.2 27770880
689 0.2 27783168
690 0.2 27901952
691 0.21 27922432
692 0.19 27934720
693 0.2 28008448
694 0.2 27987968
695 0.19 28082176
696 0.19 28135424
697 0.19 28139520
698 0.21 28237824
699 0.21 28266496
700 0.2 28446720
701 0.2 28323840
702 0.19 28442624
703 0.2 28553216
704 0.21 28590080
705 0.2 28528640
706 0.2 28569600
707 0.21 28639232
708 0.21 28717056
709 0.2 28717056
710 0.21 28803072
711 0.2 28790784
712 0.2 28782592
713 0.21 28782592
714 0.21 28999680
715 0.21 28921856
716 0.21 29052928
717 0.21 29024256
718 0.2 29061120
719 0.2 29069312
720 0.2 29278208
721 0.2 29249536
722 0.22 29491200
723 0.21 29339648
724 0.21 29396992
725 0.21 29372416
726 0.21 29507584
727 0.2 29523968
728 0.21 29564928
729 0.21 29605888
730 0.22 29609984
731 0.22 29732864
732 0.21 29773824
733 0.22 29786112
734 0.21 29818880
735 0.21 29839360
736 0.21 29872128
737 0.21 29835264
738 0.22 30003200
739 0.21 29974528
740 0.22 30113792
741 0.21 30101504
742 0.22 30138368
743 0.21 30138368
744 0.22 30281728
745 0.21 30302208
746 0.22 30351360
747 0.21 30359552
748 0.22 30363648
749 0.22 30474240
750 0.22 30605312
751 0.23 30687232
752 0.22 30605312
753 0.23 30674944
754 0.22 30601216
755 0.22 30670848
756 0.22 30748672
757 0.22 30781440
758 0.22 30965760
759 0.23 30875648
760 0.22 30920704
761 0.23 31031296
762 0.22 31010816
763 0.23 31141888
764 0.22 31137792
765 0.22 31154176
766 0.22 31129600
767 0.22 31174656
768 0.23 31334400
769 0.22 31297536
770 0.23 31379456
771 0.23 31412224
772 0.22 31440896
773 0.23 31625216
774 0.22 31625216
775 0.22 31621120
776 0.22 31649792
777 0.23 31674368
778 0.23 31690752
779 0.23 31670272
780 0.23 31846400
781 0.22 31862784
782 0.23 31854592
783 0.22 31862784
784 0.23 31948800
785 0.23 31969280
786 0.23 32096256
787 0.23 32104448
788 0.23 32153600
789 0.23 32182272
790 0.23 32202752
791 0.23 32231424
792 0.24 32460800
793 0.23 32370688
794 0.24 32366592
795 0.24 32419840
796 0.24 32555008
797 0.24 32477184
798 0.24 32649216
799 0.23 32829440
800 0.24 32702464