1 0.35 23183360
2 0.3 23670784
3 0.31 23273472
4 0.3 23703552
5 0.3 23695360
6 0.31 23384064
7 0.29 23461888
8 0.31 23642112
9 0.31 24199168
10 0.3 23564288
11 0.32 23851008
12 0.31 23818240
13 0.31 23920640
14 0.31 24018944
15 0.31 24195072
16 0.32 24092672
17 0.32 24064000
18 0.33 24453120
19 0.31 24227840
20 0.32 24166400
21 0.34 24477696
22 0.32 24485888
23 0.32 24576000
24 0.33 24850432
25 0.33 25022464
26 0.35 25059328
27 0.32 24911872
28 0.34 24821760
29 0.34 25370624
30 0.32 24899584
31 0.35 25837568
32 0.35 25493504
33 0.33 25595904
34 0.35 25849856
35 0.34 25513984
36 0.35 26124288
37 0.34 25616384
38 0.34 25882624
39 0.34 25686016
40 0.36 25948160
41 0.35 26185728
42 0.36 26320896
43 0.36 26304512
44 0.35 26284032
45 0.36 26292224
46 0.35 26664960
47 0.36 26443776
48 0.37 26505216
49 0.36 26628096
50 0.36 26558464
51 0.38 26791936
52 0.37 27123712
53 0.37 26689536
54 0.36 27201536
55 0.37 26796032
56 0.38 27127808
57 0.37 26685440
58 0.36 26644480
59 0.36 26939392
60 0.37 26980352
61 0.37 26673152
62 0.36 26742784
63 0.37 26894336
64 0.36 26918912
65 0.37 26734592
66 0.37 26750976
67 0.35 26951680
68 0.37 26820608
69 0.36 26681344
70 0.37 26963968
71 0.37 27402240
72 0.36 26685440
73 0.37 26693632
74 0.36 26988544
75 0.37 27299840
76 0.37 26574848
77 0.36 26624000
78 0.38 27381760
79 0.37 26906624
80 0.37 26890240
81 0.37 26624000
82 0.36 26624000
83 0.37 26939392
84 0.37 26882048
85 0.35 26566656
86 0.36 26607616
87 0.37 27303936
88 0.36 26697728
89 0.37 26787840
90 0.36 26640384
91 0.36 26718208
92 0.37 26513408
93 0.36 26742784
94 0.36 26669056
95 0.36 26923008
96 0.37 27308032
97 0.37 26771456
98 0.35 26669056
99 0.36 26546176
100 0.36 26886144
101 0.36 26537984
102 0.37 26845184
103 0.36 26669056
104 0.37 27230208
105 0.36 26488832
106 0.37 26648576
107 0.37 26697728
108 0.36 26607616
109 0.37 26669056
110 0.38 27013120
111 0.35 26562560
112 0.37 26828800
113 0.36 26624000
114 0.38 27475968
115 0.37 26624000
116 0.36 26619904
117 0.37 26877952
118 0.36 26714112
119 0.36 26701824
120 0.37 26566656
121 0.36 26615808
122 0.37 26611712
123 0.37 26841088
124 0.36 26615808
125 0.37 27074560
126 0.36 26628096
127 0.37 26632192
128 0.39 26624000
129 0.35 26648576
130 0.37 26578944
131 0.37 26804224
132 0.37 26636288
133 0.38 26595328
134 0.36 26701824
135 0.37 26660864
136 0.4 27463680
137 0.38 26705920
138 0.37 26800128
139 0.35 26619904
140 0.37 26624000
141 0.37 26935296
142 0.36 26783744
143 0.37 26763264
144 0.36 26972160
145 0.37 27070464
146 0.37 26742784
147 0.37 27123712
148 0.37 26738688
149 0.37 27119616
150 0.37 27439104
151 0.37 27156480
152 0.36 26722304
153 0.38 27172864
154 0.37 27009024
155 0.39 26939392
156 0.37 26701824
157 0.36 26857472
158 0.39 27049984
159 0.38 27394048
160 0.39 26943488
161 0.38 26767360
162 0.36 26730496
163 0.37 27045888
164 0.36 26779648
165 0.37 27488256
166 0.37 26804224
167 0.36 26914816
168 0.37 26808320
169 0.36 26804224
170 0.36 26861568
171 0.37 26882048
172 0.37 26918912
173 0.38 27492352
174 0.36 26857472
175 0.37 26836992
176 0.37 27000832
177 0.37 26910720
178 0.37 26959872
179 0.38 26906624
180 0.36 26959872
181 0.38 27619328
182 0.37 26820608
183 0.38 27279360
184 0.38 26865664
185 0.37 26902528
186 0.38 27299840
187 0.37 26927104
188 0.37 27049984
189 0.38 27332608
190 0.36 27205632
191 0.38 27721728
192 0.38 27238400
193 0.38 26906624
194 0.39 27033600
195 0.36 26873856
196 0.37 27049984
197 0.38 27279360
198 0.38 26963968
199 0.37 26939392
200 0.36 27058176
201 0.38 27373568
202 0.38 27648000
203 0.37 27123712
204 0.37 26963968
205 0.36 27074560
206 0.37 27254784
207 0.38 27537408
208 0.38 27025408
209 0.38 27013120
210 0.37 27238400
211 0.38 27041792
212 0.38 27435008
213 0.38 27762688
214 0.38 27009024
215 0.37 27185152
216 0.38 27021312
217 0.38 27021312
218 0.38 27152384
219 0.39 27111424
220 0.38 27922432
221 0.38 27447296
222 0.38 27013120
223 0.37 27131904
224 0.38 27496448
225 0.36 27164672
226 0.38 27099136
227 0.37 27267072
228 0.38 27406336
229 0.38 27451392
230 0.39 27090944
231 0.38 27553792
232 0.38 27168768
233 0.38 27381760
234 0.38 27115520
235 0.38 27140096
236 0.38 27209728
237 0.38 27127808
238 0.39 27328512
239 0.39 27222016
240 0.37 27148288
241 0.38 27910144
242 0.38 27463680
243 0.43 27193344
244 0.56 27594752
245 0.38 27111424
246 0.37 27668480
247 0.39 27197440
248 0.38 27934720
249 0.38 27742208
250 0.38 27459584
251 0.36 27222016
252 0.39 27303936
253 0.38 27254784
254 0.39 27295744
255 0.39 27226112
256 0.37 27508736
257 0.38 27209728
258 0.39 27234304
259 0.38 27209728
260 0.39 27537408
261 0.37 27291648
262 0.39 27594752
263 0.39 27471872
264 0.38 27254784
265 0.39 27373568
266 0.37 27287552
267 0.39 27447296
268 0.38 27267072
269 0.39 27500544
270 0.38 27459584
271 0.37 27312128
272 0.38 27283456
273 0.38 27906048
274 0.38 27418624
275 0.39 27549696
276 0.39 27295744
277 0.38 27303936
278 0.38 27398144
279 0.41 27611136
280 0.39 27623424
281 0.38 27320320
282 0.39 27385856
283 0.37 27361280
284 0.39 27627520
285 0.39 28221440
286 0.4 27418624
287 0.39 27422720
288 0.37 27414528
289 0.39 27414528
290 0.38 27639808
291 0.4 27635712
292 0.4 27709440
293 0.38 27402240
294 0.39 27598848
295 0.38 27377664
296 0.39 27410432
297 0.39 27734016
298 0.37 27414528
299 0.39 27455488
300 0.38 27402240
301 0.39 27811840
302 0.38 27414528
303 0.38 27533312
304 0.4 28155904
305 0.38 27721728
306 0.4 27430912
307 0.39 27693056
308 0.39 27664384
309 0.4 27525120
310 0.37 27553792
311 0.4 27586560
312 0.39 27701248
313 0.39 27729920
314 0.39 27955200
315 0.39 27566080
316 0.39 27791360
317 0.38 27480064
318 0.39 27602944
319 0.39 27525120
320 0.37 27619328
321 0.39 27508736
322 0.37 27754496
323 0.39 27582464
324 0.39 27697152
325 0.39 27488256
326 0.4 27537408
327 0.39 27541504
328 0.39 27561984
329 0.39 27611136
330 0.41 28110848
331 0.4 27705344
332 0.39 27488256
333 0.4 27701248
334 0.38 27578368
335 0.4 28024832
336 0.39 27865088
337 0.39 28004352
338 0.4 28479488
339 0.39 27668480
340 0.39 27529216
341 0.38 27881472
342 0.39 27844608
343 0.42 27688960
344 0.52 28655616
345 0.6 28672000
346 0.39 28385280
347 0.47 28082176
348 0.43 28528640
349 0.4 28323840
350 0.44 28704768
351 0.41 28147712
352 0.4 27914240
353 0.38 27602944
354 0.4 28192768
355 0.39 28438528
356 0.37 27602944
357 0.42 28381184
358 0.39 28078080
359 0.4 27713536
360 0.44 28426240
361 0.41 27951104
362 0.4 27774976
363 0.4 28114944
364 0.39 28979200
365 0.39 28966912
366 0.39 29732864
367 0.4 28872704
368 0.39 28762112
369 0.4 29061120
370 0.42 29634560
371 0.4 29237248
372 0.41 29609984
373 0.41 29167616
374 0.4 29478912
375 0.38 28798976
376 0.4 28811264
377 0.39 29118464
378 0.42 28823552
379 0.43 28798976
380 0.51 29622272
381 0.4 29548544
382 0.49 29634560
383 0.45 29544448
384 0.42 29458432
385 0.46 29523968
386 0.46 29835264
387 0.42 29462528
388 0.47 29888512
389 0.44 29716480
390 0.42 29093888
391 0.47 29589504
392 0.47 29958144
393 0.46 29810688
394 0.44 29892608
395 0.41 29167616
396 0.43 29601792
397 0.42 29024256
398 0.42 29167616
399 0.43 29630464
400 0.45 29519872
401 0.41 29384704
402 0.42 29818880
403 0.4 29167616
404 0.41 29200384
405 0.4 29409280
406 0.39 29081600
407 0.46 30052352
408 0.41 29462528
409 0.42 29171712
410 0.4 28962816
411 0.4 28971008
412 0.42 29659136
413 0.42 29351936
414 0.43 29794304
415 0.42 29810688
416 0.4 29376512
417 0.4 29814784
418 0.39 28950528
419 0.41 29458432
420 0.4 29212672
421 0.39 29351936
422 0.43 29851648
423 0.41 29057024
424 0.43 29630464
425 0.44 29925376
426 0.43 29421568
427 0.45 30056448
428 0.44 29708288
429 0.41 29634560
430 0.43 30142464
431 0.42 30031872
432 0.41 29171712
433 0.4 29184000
434 0.39 29868032
435 0.41 29446144
436 0.45 29736960
437 0.43 30101504
438 0.41 29630464
439 0.46 29970432
440 0.43 30011392
441 0.41 29216768
442 0.42 29908992
443 0.4 29151232
444 0.4 29147136
445 0.42 30027776
446 0.41 29126656
447 0.4 29179904
448 0.4 29184000
449 0.42 29294592
450 0.41 29495296
451 0.4 29155328
452 0.4 29470720
453 0.41 29536256
454 0.41 29339648
455 0.41 29188096
456 0.42 29323264
457 0.4 29188096
458 0.4 29433856
459 0.42 29519872
460 0.42 29298688
461 0.41 30208000
462 0.42 29265920
463 0.41 29298688
464 0.42 29741056
465 0.4 29212672
466 0.4 29622272
467 0.42 29552640
468 0.41 29274112
469 0.41 29556736
470 0.42 29933568
471 0.42 29888512
472 0.42 29417472
473 0.46 30105600
474 0.42 29331456
475 0.44 30027776
476 0.45 30134272
477 0.44 30228480
478 0.41 29261824
479 0.43 29822976
480 0.43 29609984
481 0.43 30011392
482 0.42 29511680
483 0.47 29868032
484 0.42 30117888
485 0.4 29319168
486 0.4 29683712
487 0.41 29597696
488 0.41 29315072
489 0.41 29433856
490 0.42 30031872
491 0.44 29634560
492 0.45 30408704
493 0.44 30089216
494 0.42 29679616
495 0.41 29593600
496 0.4 30101504
497 0.41 29499392
498 0.4 29929472
499 0.41 29667328
500 0.43 29450240
501 0.44 30367744
502 0.68 30441472
503 0.46 30019584
504 0.46 30089216
505 0.44 30294016
506 0.41 29626368
507 0.41 29569024
508 0.42 30011392
509 0.42 29630464
510 0.45 29954048
511 0.42 29663232
512 0.49 29970432
513 0.43 29683712
514 0.42 29868032
515 0.47 29990912
516 0.42 29585408
517 0.41 29696000
518 0.42 29900800
519 0.41 29769728
520 0.41 29777920
521 0.42 30158848
522 0.42 29605888
523 0.42 30273536
524 0.42 29696000
525 0.42 29917184
526 0.44 29491200
527 0.42 29802496
528 0.44 29954048
529 0.52 29978624
530 0.46 30445568
531 0.43 30216192
532 0.42 29872128
533 0.42 29630464
534 0.45 30187520
535 0.45 30228480
536 0.43 29700096
537 0.42 29982720
538 0.44 30261248
539 0.45 30199808
540 0.42 29970432
541 0.42 29655040
542 0.45 29806592
543 0.44 29757440
544 0.47 30609408
545 0.46 30351360
546 0.43 29741056
547 0.42 29732864
548 0.41 29659136
549 0.41 29663232
550 0.45 29798400
551 0.43 29716480
552 0.46 30433280
553 0.44 30490624
554 0.48 30326784
555 0.43 30597120
556 0.43 30572544
557 0.44 29868032
558 0.42 30355456
559 0.45 30023680
560 0.41 29822976
561 0.43 29941760
562 0.42 29786112
563 0.42 30052352
564 0.43 30584832
565 0.42 29667328
566 0.48 30650368
567 0.41 30040064
568 0.43 29741056
569 0.44 29782016
570 0.47 30502912
571 0.43 29827072
572 0.44 29929472
573 0.42 30085120
574 0.43 29786112
575 0.43 29831168
576 0.43 29900800
577 0.48 30662656
578 0.43 29999104
579 0.42 29917184
580 0.44 30281728
581 0.45 30187520
582 0.43 29884416
583 0.44 30695424
584 0.42 30027776
585 0.52 30871552
586 0.46 30617600
587 0.5 30666752
588 0.43 30003200
589 0.45 30191616
590 0.49 30879744
591 0.46 30707712
592 0.46 30629888
593 0.46 30703616
594 0.47 30076928
595 0.43 29929472
596 0.42 30294016
597 0.44 30416896
598 0.43 29990912
599 0.42 30015488
600 0.43 29995008
601 0.44 30216192
602 0.48 30584832
603 0.5 30736384
604 0.43 30081024
605 0.44 30203904
606 0.43 30404608
607 0.43 29990912
608 0.44 30072832
609 0.49 30998528
610 0.43 30199808
611 0.47 30691328
612 0.49 30744576
613 0.45 30236672
614 0.45 30343168
615 0.44 30502912
616 0.43 30519296
617 0.44 30662656
618 0.49 30973952
619 0.44 31100928
620 0.46 30752768
621 0.49 30572544
622 0.47 30740480
623 0.47 30998528
624 0.44 30158848
625 0.43 30228480
626 0.44 30543872
627 0.44 30203904
628 0.43 30519296
629 0.49 30941184
630 0.43 30519296
631 0.44 30867456
632 0.44 30543872
633 0.43 30187520
634 0.44 30806016
635 0.42 30240768
636 0.44 30269440
637 0.44 30285824
638 0.43 30126080
639 0.47 30707712
640 0.47 31019008
641 0.44 30236672
642 0.43 30961664
643 0.43 30257152
644 0.44 30294016
645 0.42 30199808
646 0.43 30367744
647 0.43 30343168
648 0.46 30785536
649 0.49 31055872
650 0.44 30531584
651 0.44 30990336
652 0.48 31088640
653 0.48 30535680
654 0.43 30478336
655 0.44 30306304
656 0.43 30748672
657 0.45 30396416
658 0.46 30670848
659 0.46 31326208
660 0.45 30658560
661 0.46 30375936
662 0.43 30502912
663 0.44 30531584
664 0.5 30949376
665 0.44 30679040
666 0.48 30420992
667 0.46 30445568
668 0.49 30818304
669 0.48 30515200
670 0.45 30855168
671 0.44 30674944
672 0.45 30797824
673 0.43 30498816
674 0.43 30371840
675 0.45 30998528
676 0.43 30384128
677 0.49 30724096
678 0.45 30777344
679 0.49 30965760
680 0.51 30765056
681 0.46 30715904
682 0.47 31375360
683 0.46 31145984
684 0.45 31023104
685 0.44 30687232
686 0.46 30511104
687 0.47 31031296
688 0.45 30445568
689 0.44 30523392
690 0.44 30461952
691 0.47 30765056
692 0.47 30699520
693 0.44 30461952
694 0.49 31207424
695 0.47 30715904
696 0.44 30748672
697 0.44 30511104
698 0.45 31252480
699 0.55 31358976
700 0.44 30494720
701 0.45 30863360
702 0.45 30605312
703 0.45 31121408
704 0.44 30932992
705 0.45 30511104
706 0.45 30973952
707 0.46 31469568
708 0.49 30928896
709 0.46 31199232
710 0.44 30711808
711 0.44 30707712
712 0.45 30662656
713 0.44 30679040
714 0.46 31318016
715 0.49 31195136
716 0.49 31248384
717 0.46 31035392
718 0.46 31014912
719 0.43 30593024
720 0.44 30601216
721 0.44 31031296
722 0.47 31506432
723 0.44 30621696
724 0.46 30650368
725 0.48 31571968
726 0.46 30965760
727 0.45 30822400
728 0.44 30629888
729 0.47 30883840
730 0.46 31166464
731 0.49 31035392
732 0.46 31207424
733 0.47 31109120
734 0.51 31330304
735 0.45 30797824
736 0.46 31141888
737 0.48 31629312
738 0.5 31010816
739 0.5 31801344
740 0.45 31105024
741 0.48 31518720
742 0.46 30932992
743 0.45 30756864
744 0.45 30887936
745 0.46 31289344
746 0.47 30998528
747 0.49 31813632
748 0.47 31322112
749 0.48 31182848
750 0.5 31506432
751 0.46 30928896
752 0.46 31387648
753 0.45 31010816
754 0.45 30810112
755 0.44 31076352
756 0.45 30896128
757 0.51 31404032
758 0.48 31850496
759 0.45 30814208
760 0.52 31592448
761 0.44 30883840
762 0.47 31776768
763 0.45 31068160
764 0.46 30949376
765 0.45 31039488
766 0.51 31318016
767 0.52 31723520
768 0.45 30978048
769 0.52 31608832
770 0.51 31498240
771 0.5 31756288
772 0.46 30883840
773 0.47 31195136
774 0.45 31195136
775 0.46 31465472
776 0.45 30912512
777 0.45 30916608
778 0.45 30916608
779 0.46 31088640
780 0.46 31125504
781 0.46 31174656
782 0.46 30932992
783 0.45 30937088
784 0.46 31244288
785 0.44 30920704
786 0.46 31297536
787 0.45 30949376
788 0.45 31371264
789 0.44 30965760
790 0.45 31166464
791 0.45 31244288
792 0.5 31731712
793 0.45 30965760
794 0.46 30908416
795 0.46 31010816
796 0.51 31617024
797 0.44 31006720
798 0.48 31105024
799 0.45 31240192
800 0.47 31404032