1 0.31 24395776
2 0.35 24735744
3 0.33 24649728
4 0.32 25055232
5 0.33 24899584
6 0.33 24895488
7 0.45 26091520
8 0.35 25747456
9 0.34 25337856
10 0.38 25600000
11 0.38 26136576
12 0.37 26804224
13 0.38 26652672
14 0.35 26099712
15 0.36 26525696
16 0.36 26320896
17 0.36 26644480
18 0.36 26533888
19 0.36 26529792
20 0.37 26988544
21 0.37 27807744
22 0.38 27250688
23 0.38 27430912
24 0.38 28352512
25 0.39 27889664
26 0.39 28266496
27 0.39 27959296
28 0.42 28876800
29 0.45 29151232
30 0.41 29233152
31 0.58 29806592
32 0.5 29958144
33 0.47 29814784
34 0.48 30269440
35 0.45 30257152
36 0.42 29888512
37 0.43 29995008
38 0.43 30089216
39 0.42 29884416
40 0.47 30650368
41 0.65 31625216
42 0.5 31461376
43 0.48 31776768
44 0.7 32071680
45 0.7 32280576
46 0.54 31739904
47 0.48 32014336
48 0.46 31924224
49 0.54 32407552
50 0.47 32559104
51 0.71 33071104
52 0.68 33271808
53 0.88 33472512
54 0.62 33443840
55 0.57 33722368
56 0.61 33792000
57 0.57 33894400
58 0.62 33861632
59 0.92 34152448
60 0.89 34324480
61 0.7 34353152
62 0.54 33918976
63 0.59 34504704
64 0.54 34586624
65 0.64 35000320
66 0.54 34648064
67 0.64 34738176
68 0.78 35368960
69 0.61 35250176
70 0.59 35479552
71 0.58 35377152
72 0.65 36048896
73 0.75 35979264
74 0.89 36216832
75 1.07 36302848
76 0.68 36630528
77 0.69 36511744
78 0.74 36683776
79 0.66 36917248
80 0.95 37224448
81 0.68 37216256
82 0.86 37232640
83 0.63 36810752
84 0.9 37535744
85 1.65 37777408
86 1.04 37761024
87 0.69 37175296
88 0.64 37330944
89 0.65 37609472
90 0.85 38686720
91 0.73 38481920
92 0.72 38502400
93 0.71 38400000
94 0.77 39075840
95 0.7 39428096
96 0.94 39538688
97 0.73 39268352
98 0.74 39288832
99 0.74 39456768
100 0.89 40148992
101 0.81 40099840
102 0.77 39813120
103 0.89 40538112
104 0.79 40837120
105 0.81 40718336
106 0.78 40251392
107 0.79 41259008
108 0.79 40607744
109 0.8 40771584
110 0.8 40849408
111 0.81 41037824
112 0.82 41181184
113 0.84 41369600
114 0.85 41607168
115 0.87 42426368
116 0.87 42115072
117 0.87 42012672
118 0.9 42459136
119 0.91 42745856
120 0.92 42708992
121 0.9 42668032
122 0.93 43175936
123 0.93 43024384
124 0.94 43184128
125 0.97 43646976
126 0.99 43839488
127 1.04 44294144
128 1.14 44564480
129 1.25 44908544
130 1.25 45096960
131 1.22 45080576
132 1.09 45035520
133 1.13 45203456
134 1.11 45297664
135 1.11 45793280
136 1.11 45441024
137 1.17 45694976
138 1.25 46501888
139 1.28 46637056
140 1.33 47030272
141 1.33 47177728
142 1.2 47276032
143 1.22 47054848
144 1.23 46837760
145 1.24 47026176
146 1.28 47214592
147 1.29 47689728
148 1.32 47665152
149 1.33 48078848
150 1.34 47968256
151 1.4 48766976
152 1.39 48930816
153 1.4 48750592
154 1.41 48762880
155 1.44 48975872
156 1.47 49586176
157 1.48 49938432
158 1.5 49410048
159 1.51 49803264
160 1.53 49778688
161 1.57 50429952
162 1.58 50233344
163 1.62 50647040
164 1.61 50573312
165 1.65 50843648
166 1.7 51527680
167 1.7 51195904
168 1.7 51326976
169 1.74 51474432
170 1.78 51744768
171 1.78 52211712
172 1.84 52232192
173 1.85 52707328
174 1.88 52469760
175 1.89 53362688
176 1.92 52940800
177 1.96 53182464
178 1.99 53678080
179 2.0 53735424
180 2.04 53964800
181 2.08 54177792
182 2.1 54153216
183 2.1 54411264
184 2.15 54898688
185 2.19 55447552
186 2.23 54939648
187 2.29 55771136
188 2.27 55730176
189 2.32 56455168
190 2.32 55771136
191 2.37 56369152
192 2.46 56131584
193 2.48 56688640
194 2.48 56569856
195 2.51 56832000
196 2.53 56975360
197 2.57 57487360
198 2.64 57921536
199 2.67 58064896
200 2.72 58486784
201 2.74 58085376
202 2.77 58642432
203 2.86 58744832
204 2.85 58724352
205 2.87 59179008
206 3.0 59240448
207 3.14 60469248
208 3.24 60518400
209 3.07 60854272
210 3.11 61022208
211 3.16 60833792
212 3.2 60657664
213 3.26 60657664
214 3.32 61173760
215 3.35 61386752
216 3.41 62148608
217 3.43 61661184
218 3.43 62054400
219 3.51 62042112
220 3.58 62214144
221 3.65 62578688
222 3.71 62722048
223 3.7 63008768
224 3.76 63131648
225 3.82 63365120
226 3.85 63827968
227 4.0 64532480
228 3.96 64565248
229 4.26 64921600
230 4.51 65249280
231 4.45 65703936
232 4.5 65011712
233 4.97 66244608
234 4.57 66600960
235 5.23 66723840
236 4.97 66756608
237 5.02 67141632
238 5.06 67366912
239 4.94 67690496
240 4.93 67158016
241 4.98 67383296
242 5.23 67653632
243 5.16 68251648
244 5.61 68820992
245 5.14 69017600
246 5.12 68460544
247 5.42 68890624
248 5.24 68923392
249 5.27 68927488
250 5.38 69373952
251 5.46 70078464
252 5.53 69496832
253 5.58 69730304
254 5.66 69992448
255 5.7 70647808
256 5.73 70799360
257 5.94 71147520
258 5.95 71380992
259 5.99 71180288
260 6.12 71864320
261 6.21 72929280
262 6.24 72097792
263 6.37 72691712
264 6.56 72818688
265 6.61 72962048
266 6.58 73109504
267 6.64 73138176
268 6.87 73388032
269 6.97 73596928
270 7.04 74907648
271 7.07 74567680
272 7.12 74989568
273 7.19 75055104
274 7.27 74813440
275 7.41 75481088
276 7.48 75407360
277 7.57 75538432
278 7.73 76353536
279 7.88 76570624
280 7.87 76800000
281 8.1 76779520
282 8.2 77844480
283 8.33 77361152
284 8.4 77799424
285 8.54 77647872
286 8.9 78270464
287 8.67 78094336
288 8.64 78417920
289 8.83 79011840
290 9.08 78970880
291 9.22 80125952
292 9.13 80375808
293 9.27 80134144
294 9.4 80322560
295 9.65 80175104
296 9.68 81203200