1 0.0025 6443008
2 0.0034 6471680
3 0.0027 6455296
4 0.0028 6467584
5 0.0037 6492160
6 0.0033 6504448
7 0.004 6516736
8 0.0034 6529024
9 0.0032 6500352
10 0.0034 6537216
11 0.0034 6516736
12 0.0046 6561792
13 0.0038 6565888
14 0.0041 6557696
15 0.0038 6549504
16 0.0039 6578176
17 0.0046 6590464
18 0.0043 6594560
19 0.0042 6610944
20 0.0054 6602752
21 0.0044 6602752
22 0.0044 6590464
23 0.0046 6615040
24 0.0063 6635520
25 0.0064 6639616
26 0.0065 6643712
27 0.0052 6623232
28 0.0066 6651904
29 0.0064 6660096
30 0.0066 6676480
31 0.0055 6684672
32 0.0059 6705152
33 0.0055 6660096
34 0.0077 6692864
35 0.0057 6701056
36 0.0072 6737920
37 0.0072 6717440
38 0.0076 6742016
39 0.008 6729728
40 0.0069 6742016
41 0.0092 6770688
42 0.0074 6778880
43 0.0091 6778880
44 0.008 6778880
45 0.0081 6774784
46 0.0069 6795264
47 0.0072 6782976
48 0.0106 6844416
49 0.0073 6832128
50 0.0106 6852608
51 0.009 6864896
52 0.0094 6836224
53 0.0079 6836224
54 0.009 6852608
55 0.008 6864896
56 0.0113 6868992
57 0.0122 6893568
58 0.0113 6877184
59 0.0113 6930432
60 0.0124 6934528
61 0.0114 6950912
62 0.0087 6905856
63 0.0099 6901760
64 0.0123 6950912
65 0.009 6893568
66 0.0134 6963200
67 0.0135 6987776
68 0.0091 6967296
69 0.0127 6967296
70 0.0101 6971392
71 0.0097 6987776
72 0.0097 7012352
73 0.0097 7016448
74 0.0114 7069696
75 0.0142 7020544
76 0.0106 7028736
77 0.0148 7032832
78 0.0146 7049216
79 0.0121 7065600
80 0.011 7081984
81 0.0148 7069696
82 0.0159 7077888
83 0.015 7106560
84 0.0112 7114752
85 0.0113 7135232
86 0.0127 7118848
87 0.0155 7151616
88 0.0116 7147520
89 0.0131 7159808
90 0.0118 7143424
91 0.0119 7176192
92 0.0154 7237632
93 0.0165 7184384
94 0.0141 7200768
95 0.0158 7233536
96 0.0179 7249920
97 0.0129 7225344
98 0.018 7323648
99 0.0164 7286784
100 0.0145 7307264
101 0.0182 7331840
102 0.0134 7311360
103 0.0152 7315456
104 0.0137 7323648
105 0.0136 7303168
106 0.0141 7348224
107 0.0137 7327744
108 0.015 7352320
109 0.0185 7372800
110 0.0143 7389184
111 0.0203 7434240
112 0.0202 7499776
113 0.0202 7487488
114 0.0152 7438336
115 0.0167 7426048
116 0.0209 7454720
117 0.0174 7450624
118 0.0206 7512064
119 0.0166 7462912
120 0.0177 7487488
121 0.0156 7491584
122 0.0176 7524352
123 0.0188 7532544
124 0.0175 7507968
125 0.0206 7598080
126 0.0212 7544832
127 0.0183 7643136
128 0.0174 7614464
129 0.021 7663616
130 0.0215 7593984
131 0.0228 7639040
132 0.0191 7614464
133 0.0241 7700480
134 0.0235 7712768
135 0.0191 7692288
136 0.0234 7737344
137 0.0181 7712768
138 0.0201 7753728
139 0.0206 7786496
140 0.0205 7729152
141 0.019 7790592
142 0.0231 7757824
143 0.0189 7774208
144 0.0243 7790592
145 0.0212 7798784
146 0.0236 7892992
147 0.0234 7831552
148 0.0229 7901184
149 0.021 7852032
150 0.0214 7843840
151 0.0246 7917568
152 0.023 7892992
153 0.0251 7868416
154 0.0264 7913472
155 0.0222 7860224
156 0.0215 7897088
157 0.0224 7958528
158 0.0311 7995392
159 0.0283 7942144
160 0.0231 7950336
161 0.0273 7974912
162 0.0238 7970816
163 0.0219 7966720
164 0.0237 8003584
165 0.0275 8052736
166 0.0235 7987200
167 0.0277 8003584
168 0.0289 8118272
169 0.0286 8081408
170 0.0298 8130560
171 0.0257 8069120
172 0.0233 8032256
173 0.0299 8179712
174 0.0288 8151040
175 0.0269 8118272
176 0.0279 8196096
177 0.0257 8118272
178 0.0264 8183808
179 0.0299 8224768
180 0.0246 8200192
181 0.0305 8278016
182 0.0334 8261632
183 0.0311 8278016
184 0.0276 8282112
185 0.0255 8208384
186 0.0254 8241152
187 0.0337 8351744
188 0.0282 8245248
189 0.0313 8269824
190 0.0278 8290304
191 0.0317 8298496
192 0.0281 8343552
193 0.0323 8327168
194 0.0282 8331264
195 0.0346 8417280
196 0.0318 8355840
197 0.0322 8450048
198 0.032 8380416
199 0.0341 8486912
200 0.0279 8421376
201 0.0297 8425472
202 0.0351 8577024
203 0.0289 8491008
204 0.0346 8613888
205 0.0346 8511488
206 0.0306 8470528
207 0.0308 8548352
208 0.0401 8581120
209 0.0341 8544256
210 0.031 8609792
211 0.035 8585216
212 0.0301 8572928
213 0.0301 8568832
214 0.0353 8683520
215 0.0366 8626176
216 0.0362 8667136
217 0.034 8654848
218 0.0348 8650752
219 0.0404 8687616
220 0.0373 8740864
221 0.039 8843264
222 0.0385 8810496
223 0.0422 8818688
224 0.0397 8810496
225 0.0372 8794112
226 0.0363 8785920
227 0.0331 8740864
228 0.0374 8810496
229 0.0394 8900608
230 0.0392 8904704
231 0.0341 8794112
232 0.0393 8802304
233 0.039 8843264
234 0.0381 8904704
235 0.0389 8982528
236 0.0391 8962048
237 0.0422 8929280
238 0.0424 8990720
239 0.0394 8986624
240 0.0388 8978432
241 0.0407 8990720
242 0.0365 8925184
243 0.0375 9052160
244 0.0409 8982528
245 0.0425 9068544
246 0.0456 9113600
247 0.0408 9101312
248 0.0443 9052160
249 0.0466 9121792
250 0.042 9076736
251 0.0478 9138176
252 0.0434 9228288
253 0.043 9220096
254 0.0438 9109504
255 0.0429 9109504
256 0.0469 9256960
257 0.0395 9142272
258 0.0504 9244672
259 0.0446 9281536
260 0.0431 9150464
261 0.039 9187328
262 0.0553 9289728
263 0.0448 9199616
264 0.0442 9261056
265 0.0454 9240576
266 0.0468 9383936
267 0.0453 9330688
268 0.0462 9334784
269 0.0464 9506816
270 0.0418 9318400
271 0.0537 9498624
272 0.0496 9355264
273 0.049 9519104
274 0.0486 9441280
275 0.0534 9482240
276 0.0495 9547776
277 0.0471 9531392
278 0.0548 9572352
279 0.0499 9601024
280 0.0524 9596928
281 0.0508 9658368
282 0.0501 9601024
283 0.0499 9527296
284 0.056 9637888
285 0.0469 9621504
286 0.0557 9715712
287 0.0499 9596928
288 0.0517 9707520
289 0.0472 9678848
290 0.0458 9625600
291 0.0494 9691136
292 0.0508 9777152
293 0.0506 9707520
294 0.0561 9814016
295 0.0537 9834496
296 0.0568 9830400
297 0.0564 9752576
298 0.0561 9895936
299 0.0484 9838592
300 0.057 9920512
301 0.0585 9945088
302 0.055 9969664
303 0.0543 9945088
304 0.0543 9953280
305 0.0543 9883648
306 0.0534 9924608
307 0.0593 10018816
308 0.0557 9912320
309 0.0556 10039296
310 0.06 10031104
311 0.0546 9981952
312 0.0528 10170368
313 0.0558 10080256
314 0.0499 9981952
315 0.0558 10141696
316 0.0596 10113024
317 0.059 10190848
318 0.0559 10067968
319 0.0619 10178560
320 0.0614 10190848
321 0.0598 10190848
322 0.0589 10158080
323 0.0615 10235904
324 0.059 10260480
325 0.0582 10272768
326 0.0571 10207232
327 0.0595 10334208
328 0.0684 10375168
329 0.0648 10342400
330 0.0591 10244096
331 0.0607 10448896
332 0.0611 10452992
333 0.0605 10301440
334 0.0677 10412032
335 0.0674 10321920
336 0.0696 10530816
337 0.0663 10510336
338 0.0613 10420224
339 0.0649 10502144
340 0.0683 10526720
341 0.0634 10440704
342 0.0697 10514432
343 0.0719 10625024
344 0.0721 10584064
345 0.0676 10592256
346 0.066 10653696
347 0.0707 10711040
348 0.0584 10510336
349 0.0688 10723328
350 0.0667 10682368
351 0.0693 10735616
352 0.0657 10784768
353 0.0717 10690560
354 0.0591 10616832
355 0.0635 10756096
356 0.0672 10784768
357 0.0659 10919936
358 0.0711 10833920
359 0.0673 10805248
360 0.0668 10862592
361 0.0708 10891264
362 0.0664 10825728
363 0.0778 10964992
364 0.0737 10846208
365 0.0732 10874880
366 0.0721 10944512
367 0.0685 10878976
368 0.0689 10964992
369 0.073 10936320
370 0.0693 11005952
371 0.0737 11116544
372 0.0777 11210752
373 0.0706 11128832
374 0.0767 11206656
375 0.0693 11239424
376 0.0766 11243520
377 0.0716 11132928
378 0.0743 11272192
379 0.0787 11296768
380 0.085 11378688
381 0.0826 11358208
382 0.0773 11333632
383 0.0795 11341824
384 0.0753 11411456
385 0.0725 11243520
386 0.0724 11268096
387 0.0775 11415552
388 0.0715 11296768
389 0.0847 11395072
390 0.0742 11354112
391 0.0793 11427840
392 0.0776 11501568
393 0.0795 11571200
394 0.0802 11452416
395 0.0832 11472896
396 0.0764 11677696
397 0.0874 11546624
398 0.0785 11571200
399 0.0809 11698176
400 0.0813 11653120
401 0.0822 11673600
402 0.0859 11706368
403 0.0847 11718656
404 0.0799 11649024
405 0.0824 11792384
406 0.081 11661312
407 0.0902 11780096
408 0.0863 11812864
409 0.0845 11878400
410 0.0841 11907072
411 0.0909 11939840
412 0.0801 11776000
413 0.0887 11931648
414 0.0886 11911168
415 0.0836 11997184
416 0.0881 12009472
417 0.09 12066816
418 0.0877 12099584
419 0.0954 12115968
420 0.0855 12103680
421 0.0938 12091392
422 0.0863 12161024
423 0.091 12038144
424 0.0873 12144640
425 0.0881 12038144
426 0.092 12210176
427 0.0887 12292096
428 0.0932 12308480
429 0.0895 12132352
430 0.0953 12292096
431 0.0939 12316672
432 0.0875 12238848
433 0.0956 12288000
434 0.0943 12275712
435 0.0941 12333056
436 0.0933 12398592
437 0.0933 12296192
438 0.0888 12312576
439 0.0891 12455936
440 0.0951 12509184
441 0.0922 12398592
442 0.0868 12345344
443 0.0851 12447744
444 0.0946 12591104
445 0.0952 12529664
446 0.0914 12677120
447 0.0878 12468224
448 0.0967 12533760
449 0.0914 12611584
450 0.0987 12705792
451 0.102 12705792
452 0.0936 12767232
453 0.1031 12771328
454 0.0979 12812288
455 0.1009 12869632
456 0.0924 12697600
457 0.106 12771328
458 0.1049 12906496
459 0.0987 12967936
460 0.111 12931072
461 0.0977 12894208
462 0.1078 12910592
463 0.1038 12992512
464 0.1071 12996608
465 0.0948 13037568
466 0.1053 13090816
467 0.1041 12902400
468 0.1001 12877824
469 0.105 13004800
470 0.1009 13062144
471 0.0977 13123584
472 0.1053 13156352
473 0.1114 13176832
474 0.0927 12947456
475 0.1169 13193216
476 0.1018 13176832
477 0.101 13045760
478 0.1078 13324288
479 0.1039 13176832
480 0.1056 13131776
481 0.1091 13336576
482 0.1137 13250560
483 0.1141 13279232
484 0.1123 13467648
485 0.1104 13348864
486 0.111 13336576
487 0.1125 13451264
488 0.1071 13434880
489 0.1126 13484032
490 0.1106 13553664
491 0.1156 13455360
492 0.1143 13557760
493 0.115 13598720
494 0.1107 13631488
495 0.1144 13680640
496 0.1094 13631488
497 0.1258 13639680
498 0.1155 13651968
499 0.1077 13545472
500 0.1142 13725696
501 0.1275 13737984
502 0.1167 13676544
503 0.1146 13799424
504 0.1001 13496320
505 0.1236 13983744
506 0.1102 13672448
507 0.1202 13733888
508 0.1179 13828096
509 0.1163 14045184
510 0.113 13815808
511 0.1173 13852672
512 0.1191 13955072
513 0.1214 14061568
514 0.1127 14024704
515 0.119 14008320
516 0.1277 14057472
517 0.1149 14163968
518 0.1226 14213120
519 0.1313 14180352
520 0.1274 14274560
521 0.1171 14196736
522 0.1273 14303232
523 0.1238 14172160
524 0.1224 14348288
525 0.1354 14241792
526 0.1217 14278656
527 0.1245 14196736
528 0.1309 14389248
529 0.1305 14454784
530 0.1289 14323712
531 0.1332 14491648
532 0.1274 14405632
533 0.1168 14475264
534 0.1403 14573568
535 0.1359 14536704
536 0.1192 14512128
537 0.1247 14430208
538 0.1381 14692352
539 0.1188 14700544
540 0.1334 14729216
541 0.1289 14794752
542 0.1281 14708736
543 0.1321 14884864
544 0.1294 14876672
545 0.1294 14925824
546 0.1301 14872576
547 0.1375 14786560
548 0.1334 15020032
549 0.1382 14794752
550 0.1389 15003648
551 0.1371 15060992
552 0.1329 15007744
553 0.1222 14864384
554 0.1277 15065088
555 0.1272 15065088
556 0.136 15056896
557 0.1289 15142912
558 0.1222 14856192
559 0.139 15196160
560 0.1435 15171584
561 0.1458 15302656
562 0.1376 15314944
563 0.1394 15319040
564 0.143 15245312
565 0.141 15429632
566 0.1375 15265792
567 0.1425 15360000
568 0.1423 15294464
569 0.1522 15433728
570 0.1409 15646720
571 0.1419 15405056
572 0.1486 15437824
573 0.1376 15413248
574 0.1515 15552512
575 0.135 15556608
576 0.1478 15654912
577 0.1507 15491072
578 0.1475 15626240
579 0.1529 15675392
580 0.1375 15601664
581 0.1406 15798272
582 0.1579 15667200
583 0.1535 15818752
584 0.1453 15810560
585 0.1386 15544320
586 0.1501 15777792
587 0.1432 15630336
588 0.1531 15855616
589 0.1395 16076800
590 0.1529 15917056
591 0.1482 15855616
592 0.1531 15917056
593 0.1648 15912960
594 0.1509 16121856
595 0.1459 16293888
596 0.1518 16138240
597 0.1533 15904768
598 0.158 16044032
599 0.1479 16150528
600 0.1509 16175104
601 0.1479 16183296
602 0.1494 15998976
603 0.1549 16363520
604 0.1568 16232448
605 0.1561 16228352
606 0.1404 16293888
607 0.1442 16240640
608 0.1387 16482304
609 0.1395 16465920
610 0.1426 16433152
611 0.1407 16310272
612 0.1401 16588800
613 0.139 16408576
614 0.1422 16650240
615 0.1533 16355328
616 0.1599 16658432
617 0.157 16334848
618 0.1652 16609280
619 0.1692 16707584
620 0.1558 16637952
621 0.1696 16687104
622 0.1581 16531456
623 0.1687 16912384
624 0.163 16805888
625 0.1736 16740352
626 0.1573 16834560
627 0.166 16670720
628 0.1633 16900096
629 0.1798 16936960
630 0.1691 16928768
631 0.1699 16908288
632 0.1709 17043456
633 0.1682 17002496
634 0.1689 17092608
635 0.167 16982016
636 0.1615 16924672
637 0.1739 17170432
638 0.1695 17047552
639 0.1688 17203200
640 0.19 17129472
641 0.1737 17276928
642 0.1599 17031168
643 0.178 17186816
644 0.1778 17219584
645 0.1723 17494016
646 0.1751 17219584
647 0.174 17338368
648 0.1763 17481728
649 0.178 17412096
650 0.1841 17457152
651 0.1742 17383424
652 0.1807 17575936
653 0.1709 17432576
654 0.1707 17719296
655 0.1751 17649664
656 0.1873 17620992
657 0.1756 17661952
658 0.175 17768448
659 0.1727 17666048
660 0.1771 17690624
661 0.1855 17723392
662 0.1818 17760256
663 0.1807 17944576
664 0.1807 17829888
665 0.1827 17817600
666 0.1869 18046976
667 0.1899 17977344
668 0.1711 18141184
669 0.1768 17903616
670 0.1842 18116608
671 0.1801 18149376
672 0.1752 18108416
673 0.1789 18219008
674 0.1887 18030592
675 0.1884 18071552
676 0.1833 18313216
677 0.1945 18165760
678 0.1917 18169856
679 0.1839 18219008
680 0.1877 18518016
681 0.1892 18382848
682 0.1917 18341888
683 0.1803 18223104
684 0.1876 18391040
685 0.1989 18436096
686 0.1895 18448384
687 0.1856 18493440
688 0.1779 18243584
689 0.1825 18501632
690 0.174 18448384
691 0.1939 18649088
692 0.192 18571264
693 0.1961 18694144
694 0.1885 18534400
695 0.1907 18731008
696 0.1774 18485248
697 0.1994 18771968
698 0.2042 18800640
699 0.2035 18784256
700 0.2027 18878464
701 0.1922 19017728
702 0.1995 19054592
703 0.2004 18956288
704 0.1908 19259392
705 0.1996 19083264
706 0.2028 19070976
707 0.202 19148800
708 0.1938 19206144
709 0.1995 19329024
710 0.1972 19066880
711 0.1979 19087360
712 0.1909 19165184
713 0.2034 19275776
714 0.2202 19320832
715 0.2142 19406848
716 0.195 19435520
717 0.2015 19341312
718 0.196 19181568
719 0.2092 19546112
720 0.2026 19468288
721 0.2081 19349504
722 0.2072 19566592
723 0.2077 19603456
724 0.2121 19505152
725 0.2032 19681280
726 0.2132 19656704
727 0.1949 19423232
728 0.2001 19730432
729 0.2179 19767296
730 0.2119 19668992
731 0.2177 19779584
732 0.2215 19783680
733 0.1984 19611648
734 0.2243 19927040
735 0.2202 20070400
736 0.2105 19922944
737 0.2056 19763200
738 0.2095 20140032
739 0.2195 19902464
740 0.2113 20045824
741 0.214 20148224
742 0.2032 20074496
743 0.2172 20221952
744 0.2143 20168704
745 0.2082 19931136
746 0.2274 20185088
747 0.2408 20135936
748 0.2174 20283392
749 0.221 20189184
750 0.2277 20320256
751 0.218 20307968
752 0.2379 20336640
753 0.2218 20475904
754 0.2262 20500480
755 0.2236 20619264
756 0.213 20635648
757 0.2327 20602880
758 0.2315 20570112
759 0.2237 20512768
760 0.2348 20611072
761 0.2167 20664320
762 0.2185 20721664
763 0.23 20848640
764 0.2268 20770816
765 0.2213 20692992
766 0.2132 21061632
767 0.2296 20852736
768 0.226 21098496
769 0.2355 20901888
770 0.2269 20881408
771 0.2258 20942848
772 0.2437 21028864
773 0.2469 21200896
774 0.2467 21127168
775 0.2453 21168128
776 0.2416 21176320
777 0.2471 21118976
778 0.2425 21303296
779 0.2446 21229568
780 0.2305 21008384
781 0.2447 21315584
782 0.2338 21311488
783 0.2525 21573632
784 0.2313 21524480
785 0.2279 21532672
786 0.2395 21372928
787 0.2442 21463040
788 0.2413 21487616
789 0.2485 21590016
790 0.2473 21581824
791 0.2495 21659648
792 0.2475 21716992
793 0.2483 21598208
794 0.247 21688320
795 0.2412 21688320
796 0.2419 21757952
797 0.2467 21848064
798 0.2447 21991424
799 0.2208 21843968
800 0.2511 21942272