1 0.0027 6443008
2 0.0044 6451200
3 0.0036 6483968
4 0.0028 6467584
5 0.0037 6479872
6 0.0032 6504448
7 0.0031 6492160
8 0.0032 6516736
9 0.0033 6512640
10 0.0034 6553600
11 0.0059 6537216
12 0.0046 6549504
13 0.004 6565888
14 0.0043 6557696
15 0.0046 6565888
16 0.0046 6594560
17 0.004 6590464
18 0.0051 6598656
19 0.0048 6606848
20 0.0043 6610944
21 0.0045 6610944
22 0.0066 6598656
23 0.0062 6623232
24 0.0063 6635520
25 0.0049 6631424
26 0.0049 6635520
27 0.0069 6643712
28 0.0051 6660096
29 0.0052 6668288
30 0.0051 6643712
31 0.0054 6684672
32 0.0053 6676480
33 0.0075 6688768
34 0.0066 6684672
35 0.0056 6672384
36 0.0059 6725632
37 0.0059 6725632
38 0.0061 6721536
39 0.0072 6709248
40 0.007 6725632
41 0.0092 6737920
42 0.0078 6762496
43 0.0069 6778880
44 0.01 6815744
45 0.0068 6766592
46 0.0068 6799360
47 0.011 6840320
48 0.01 6840320
49 0.0101 6819840
50 0.0102 6815744
51 0.0089 6840320
52 0.0075 6836224
53 0.0139 6836224
54 0.0111 6848512
55 0.0095 6860800
56 0.012 6905856
57 0.0111 6877184
58 0.0081 6881280
59 0.0116 6881280
60 0.0091 6868992
61 0.0098 6938624
62 0.0099 6918144
63 0.0088 6926336
64 0.0123 6963200
65 0.0115 6893568
66 0.009 6950912
67 0.011 6971392
68 0.0104 6955008
69 0.0129 6971392
70 0.0125 6991872
71 0.0095 6983680
72 0.0137 7000064
73 0.0104 7024640
74 0.0118 7053312
75 0.0149 7098368
76 0.0119 7069696
77 0.0102 7004160
78 0.0123 7118848
79 0.0108 7069696
80 0.0121 7094272
81 0.0106 7073792
82 0.0131 7086080
83 0.011 7065600
84 0.0112 7102464
85 0.0138 7168000
86 0.0116 7131136
87 0.0115 7135232
88 0.0128 7180288
89 0.0119 7159808
90 0.0119 7176192
91 0.0139 7245824
92 0.0134 7184384
93 0.0142 7196672
94 0.0166 7196672
95 0.0144 7233536
96 0.0175 7237632
97 0.013 7270400
98 0.0174 7323648
99 0.0129 7274496
100 0.0129 7282688
101 0.0131 7278592
102 0.0149 7303168
103 0.0183 7299072
104 0.0145 7323648
105 0.0167 7409664
106 0.0185 7331840
107 0.0139 7364608
108 0.0186 7397376
109 0.0146 7356416
110 0.0143 7360512
111 0.018 7380992
112 0.0159 7401472
113 0.0162 7499776
114 0.0201 7462912
115 0.0199 7475200
116 0.0206 7438336
117 0.0194 7467008
118 0.0168 7479296
119 0.0171 7483392
120 0.0181 7532544
121 0.0156 7491584
122 0.0215 7524352
123 0.0204 7593984
124 0.0174 7532544
125 0.019 7524352
126 0.023 7602176
127 0.0199 7598080
128 0.0227 7643136
129 0.0183 7634944
130 0.0226 7651328
131 0.0218 7696384
132 0.0228 7680000
133 0.0233 7675904
134 0.0231 7692288
135 0.0225 7708672
136 0.0226 7757824
137 0.0195 7720960
138 0.0223 7708672
139 0.0186 7708672
140 0.0232 7745536
141 0.0205 7737344
142 0.0194 7847936
143 0.0233 7761920
144 0.0191 7790592
145 0.0219 7831552
146 0.0209 7864320
147 0.0225 7811072
148 0.0233 7843840
149 0.0236 7823360
150 0.0239 7852032
151 0.0216 7913472
152 0.022 7921664
153 0.0271 7905280
154 0.0209 7864320
155 0.0221 7897088
156 0.0205 7852032
157 0.0254 7966720
158 0.0276 7909376
159 0.0285 7958528
160 0.0274 7999488
161 0.0231 7962624
162 0.0222 7970816
163 0.0276 7966720
164 0.0253 7991296
165 0.0222 7979008
166 0.0282 8065024
167 0.0271 8003584
168 0.0274 8024064
169 0.0284 8036352
170 0.0301 8130560
171 0.0288 8056832
172 0.028 8146944
173 0.0252 8126464
174 0.0257 8101888
175 0.029 8114176
176 0.032 8134656
177 0.0298 8118272
178 0.0244 8142848
179 0.0314 8212480
180 0.0343 8269824
181 0.0339 8278016
182 0.0295 8208384
183 0.0316 8192000
184 0.0309 8220672
185 0.027 8196096
186 0.0316 8323072
187 0.027 8273920
188 0.0311 8237056
189 0.031 8261632
190 0.0306 8343552
191 0.0346 8331264
192 0.0325 8347648
193 0.0319 8413184
194 0.0283 8306688
195 0.0346 8396800
196 0.0334 8433664
197 0.0278 8368128
198 0.0317 8396800
199 0.0327 8388608
200 0.0351 8536064
201 0.0335 8458240
202 0.0372 8445952
203 0.0347 8572928
204 0.0329 8503296
205 0.0328 8560640
206 0.0347 8577024
207 0.0338 8597504
208 0.0312 8536064
209 0.0337 8617984
210 0.0349 8593408
211 0.0346 8638464
212 0.0332 8613888
213 0.0369 8675328
214 0.0367 8712192
215 0.0353 8605696
216 0.031 8609792
217 0.0304 8622080
218 0.0384 8761344
219 0.0388 8777728
220 0.0314 8687616
221 0.0368 8732672
222 0.0357 8785920
223 0.0378 8740864
224 0.0316 8687616
225 0.0369 8777728
226 0.0423 8855552
227 0.038 8876032
228 0.0375 8818688
229 0.0344 8794112
230 0.0382 8830976
231 0.0334 8847360
232 0.0404 8900608
233 0.0381 8925184
234 0.0408 9007104
235 0.0413 8855552
236 0.0446 8970240
237 0.0395 8867840
238 0.0405 8916992
239 0.0411 9035776
240 0.0391 8970240
241 0.0415 9060352
242 0.0406 8953856
243 0.0422 9097216
244 0.0406 8974336
245 0.0444 8966144
246 0.0474 9150464
247 0.0387 9011200
248 0.0476 9125888
249 0.0466 9031680
250 0.0415 9138176
251 0.0426 9089024
252 0.048 9228288
253 0.0446 9232384
254 0.0484 9175040
255 0.0474 9154560
256 0.0437 9203712
257 0.046 9187328
258 0.0491 9265152
259 0.0396 9199616
260 0.0403 9306112
261 0.0404 9252864
262 0.0409 9347072
263 0.0408 9228288
264 0.0414 9330688
265 0.0411 9363456
266 0.0413 9269248
267 0.0438 9428992
268 0.0422 9424896
269 0.0421 9330688
270 0.0426 9371648
271 0.0417 9347072
272 0.0431 9461760
273 0.0437 9478144
274 0.043 9494528
275 0.0431 9416704
276 0.0438 9457664
277 0.0442 9449472
278 0.0429 9437184
279 0.0433 9449472
280 0.0442 9510912
281 0.0442 9609216
282 0.05 9641984
283 0.0488 9523200
284 0.0457 9535488
285 0.0566 9650176
286 0.0537 9625600
287 0.052 9719808
288 0.056 9711616
289 0.045 9621504
290 0.0461 9711616
291 0.0553 9834496
292 0.0557 9732096
293 0.0478 9658368
294 0.0515 9728000
295 0.0483 9719808
296 0.0532 9818112
297 0.0566 9826304
298 0.059 9863168
299 0.0537 9904128
300 0.053 9867264
301 0.0572 9818112
302 0.0592 9859072
303 0.0537 9908224
304 0.0485 9863168
305 0.0579 9867264
306 0.0568 10006528
307 0.0589 9998336
308 0.0532 9912320
309 0.0624 10035200
310 0.0547 9998336
311 0.0585 10096640
312 0.0552 9990144
313 0.0585 10137600
314 0.0564 10080256
315 0.0576 10088448
316 0.0654 10149888
317 0.0609 10211328
318 0.0617 10125312
319 0.0589 10227712
320 0.0616 10227712
321 0.0581 10223616
322 0.0539 10166272
323 0.0594 10153984
324 0.065 10305536
325 0.0639 10321920
326 0.064 10342400
327 0.0597 10207232
328 0.0585 10338304
329 0.0531 10211328
330 0.0648 10252288
331 0.0617 10383360
332 0.0601 10399744
333 0.0645 10399744
334 0.0711 10493952
335 0.0621 10493952
336 0.0618 10338304
337 0.0621 10530816
338 0.0675 10354688
339 0.0579 10436608
340 0.0635 10616832
341 0.066 10616832
342 0.0684 10604544
343 0.072 10555392
344 0.0613 10473472
345 0.0614 10473472
346 0.0628 10502144
347 0.064 10604544
348 0.0639 10637312
349 0.0695 10698752
350 0.0684 10739712
351 0.0694 10686464
352 0.0734 10649600
353 0.0709 10743808
354 0.0689 10792960
355 0.0605 10752000
356 0.0672 10817536
357 0.0722 10887168
358 0.0816 10854400
359 0.0711 10764288
360 0.0723 10891264
361 0.0708 10768384
362 0.0798 10919936
363 0.068 10960896
364 0.0769 10977280
365 0.0705 10960896
366 0.074 10964992
367 0.0673 10936320
368 0.0742 10932224
369 0.0715 10977280
370 0.1192 11051008
371 0.077 11059200
372 0.0732 11145216
373 0.0702 11063296
374 0.0753 11132928
375 0.0757 11051008
376 0.0769 11218944
377 0.0753 11218944
378 0.0773 11341824
379 0.0778 11276288
380 0.0725 11358208
381 0.0789 11161600
382 0.0781 11247616
383 0.0777 11276288
384 0.0752 11456512
385 0.0784 11366400
386 0.0782 11436032
387 0.0762 11440128
388 0.0792 11317248
389 0.0788 11399168
390 0.0768 11325440
391 0.0786 11526144
392 0.0803 11476992
393 0.0798 11501568
394 0.0858 11550720
395 0.0776 11603968
396 0.0815 11538432
397 0.0837 11550720
398 0.0848 11603968
399 0.0767 11612160
400 0.08 11628544
401 0.0832 11747328
402 0.0768 11603968
403 0.0806 11665408
404 0.0842 11689984
405 0.086 11816960
406 0.0787 11821056
407 0.0877 11825152
408 0.0876 11804672
409 0.0899 11800576
410 0.0884 11898880
411 0.0895 11890688
412 0.0851 11997184
413 0.091 11816960
414 0.0887 12029952
415 0.0866 12009472
416 0.0805 11886592
417 0.0862 12066816
418 0.0851 12111872
419 0.0858 12099584
420 0.0907 12001280
421 0.082 11980800
422 0.0893 12087296
423 0.0896 12038144
424 0.095 12169216
425 0.0903 12267520
426 0.0882 12210176
427 0.0855 12263424
428 0.0847 12075008
429 0.0939 12304384
430 0.0928 12378112
431 0.0964 12210176
432 0.0899 12247040
433 0.083 12189696
434 0.0906 12226560
435 0.0932 12406784
436 0.0939 12447744
437 0.098 12316672
438 0.0971 12468224
439 0.0954 12460032
440 0.0926 12345344
441 0.0978 12529664
442 0.095 12505088
443 0.0942 12578816
444 0.0891 12611584
445 0.095 12578816
446 0.1008 12587008
447 0.1078 12623872
448 0.0922 12718080
449 0.0949 12464128
450 0.1054 12656640
451 0.0915 12550144
452 0.0965 12685312
453 0.096 12627968
454 0.098 12812288
455 0.1004 12881920
456 0.1022 12832768
457 0.0964 12832768
458 0.0974 12763136
459 0.1004 12902400
460 0.0984 12922880
461 0.0998 12861440
462 0.1067 12931072
463 0.1052 12951552
464 0.0957 12840960
465 0.0958 13086720
466 0.1013 13041664
467 0.1107 12914688
468 0.1015 12898304
469 0.1008 12906496
470 0.1153 12898304
471 0.1152 13021184
472 0.1184 13160448
473 0.1045 13025280
474 0.1098 13135872
475 0.0968 13021184
476 0.108 13250560
477 0.106 13316096
478 0.106 13230080
479 0.1181 13303808
480 0.1083 13123584
481 0.107 13398016
482 0.1451 13213696
483 0.1171 13303808
484 0.1242 13406208
485 0.1116 13279232
486 0.1162 13438976
487 0.1147 13484032
488 0.1371 13545472
489 0.1406 13545472
490 0.1217 13369344
491 0.1111 13574144
492 0.1128 13508608
493 0.103 13418496
494 0.1124 13582336
495 0.105 13406208
496 0.1154 13455360
497 0.1088 13602816
498 0.1149 13754368
499 0.1237 13651968
500 0.1202 13750272
501 0.1103 13680640
502 0.1134 13791232
503 0.1243 13832192
504 0.1148 13770752
505 0.1071 13713408
506 0.1106 13705216
507 0.1192 13791232
508 0.1271 13942784
509 0.1156 13967360
510 0.1195 13979648
511 0.1211 13910016
512 0.117 14094336
513 0.1249 14020608
514 0.1155 13930496
515 0.1219 13979648
516 0.1151 13905920
517 0.1231 14180352
518 0.1272 14098432
519 0.1165 13967360
520 0.1167 14192640
521 0.1315 14249984
522 0.1221 14139392
523 0.1183 14258176
524 0.135 14258176
525 0.1268 14352384
526 0.1201 14364672
527 0.1239 14442496
528 0.1253 14430208
529 0.1313 14413824
530 0.1169 14225408
531 0.1302 14434304
532 0.1264 14553088
533 0.1235 14368768
534 0.1332 14409728
535 0.122 14610432
536 0.1285 14704640
537 0.1304 14696448
538 0.1374 14725120
539 0.1372 14635008
540 0.1132 14626816
541 0.1245 14626816
542 0.1342 14737408
543 0.1297 14733312
544 0.127 14839808
545 0.1298 14819328
546 0.1321 14860288
547 0.138 14929920
548 0.1331 14917632
549 0.1425 14893056
550 0.136 15056896
551 0.1382 14929920
552 0.1393 14860288
553 0.1432 14917632
554 0.1408 15077376
555 0.1304 15130624
556 0.1374 15159296
557 0.1357 15060992
558 0.1401 15134720
559 0.1395 15179776
560 0.1362 15253504
561 0.144 15183872
562 0.14 15233024
563 0.1373 15220736
564 0.1367 15347712
565 0.1416 15130624
566 0.1454 15450112
567 0.1386 15343616
568 0.1476 15437824
569 0.139 15527936
570 0.1488 15343616
571 0.1449 15421440
572 0.1497 15659008
573 0.1335 15507456
574 0.1432 15519744
575 0.1447 15556608
576 0.1433 15511552
577 0.1493 15622144
578 0.1501 15626240
579 0.1412 15593472
580 0.1351 15421440
581 0.14 15536128
582 0.1479 15855616
583 0.1542 15896576
584 0.1447 15642624
585 0.1494 15851520
586 0.1449 15847424
587 0.1477 15593472
588 0.1441 15917056
589 0.1465 15921152
590 0.149 15921152
591 0.1512 15982592
592 0.1511 15998976
593 0.155 15933440
594 0.1525 16048128
595 0.1453 15945728
596 0.1634 16117760
597 0.1512 16109568
598 0.15 16121856
599 0.1566 16154624
600 0.1576 16035840
601 0.1629 16187392
602 0.1537 16146432
603 0.1515 16203776
604 0.1564 16265216
605 0.1627 16187392
606 0.1499 16396288
607 0.1663 16433152
608 0.1587 16355328
609 0.1564 16277504
610 0.1614 16343040
611 0.168 16367616
612 0.1713 16429056
613 0.1691 16502784
614 0.1548 16531456
615 0.1641 16416768
616 0.1577 16560128
617 0.1592 16433152
618 0.161 16642048
619 0.1568 16703488
620 0.1604 16764928
621 0.1621 16711680
622 0.1605 16740352
623 0.165 16773120
624 0.1482 16609280
625 0.1743 16842752
626 0.1603 16928768
627 0.1537 16601088
628 0.1653 16826368
629 0.1639 16703488
630 0.1644 16945152
631 0.1712 16896000
632 0.1732 16990208
633 0.1698 16928768
634 0.1747 17002496
635 0.1722 17166336
636 0.1784 17059840
637 0.1646 17108992
638 0.1724 16994304
639 0.1765 17285120
640 0.1625 17154048
641 0.1635 17231872
642 0.1659 17240064
643 0.1785 17256448
644 0.1804 17309696
645 0.1755 17215488
646 0.1775 17379328
647 0.1759 17412096
648 0.1753 17293312
649 0.1838 17367040
650 0.1702 17354752
651 0.173 17469440
652 0.189 17526784
653 0.1718 17473536
654 0.1778 17518592
655 0.1764 17539072
656 0.1754 17833984
657 0.1703 17727488
658 0.1757 17756160
659 0.1842 17682432
660 0.1611 17874944
661 0.1751 17756160
662 0.1923 17661952
663 0.183 17793024
664 0.1937 17747968
665 0.1789 17846272
666 0.1788 17952768
667 0.1796 18092032
668 0.1814 18059264
669 0.1806 18010112
670 0.1905 18186240
671 0.1878 18067456
672 0.1739 18124800
673 0.1937 18153472
674 0.176 18116608
675 0.1976 18087936
676 0.198 18231296
677 0.1921 18288640
678 0.1968 18145280
679 0.1926 18317312
680 0.189 18309120
681 0.1892 18345984
682 0.1856 18231296
683 0.1824 18366464
684 0.1891 18518016
685 0.1959 18522112
686 0.1905 18472960
687 0.1892 18481152
688 0.2002 18415616
689 0.1886 18661376
690 0.1845 18620416
691 0.1995 18513920
692 0.1893 18628608
693 0.1918 18538496
694 0.2021 18620416
695 0.197 18694144
696 0.1986 18788352
697 0.191 18923520
698 0.2024 18767872
699 0.1918 18853888
700 0.2026 18878464
701 0.1809 18800640
702 0.1896 18907136
703 0.1982 18857984
704 0.2042 19116032
705 0.2058 19091456
706 0.2027 19087360
707 0.2027 19238912
708 0.2126 19116032
709 0.2003 19140608
710 0.1942 19181568
711 0.2042 19267584
712 0.2134 19247104
713 0.2044 19197952
714 0.1994 19202048
715 0.2076 19472384
716 0.2129 19378176
717 0.2008 19570688
718 0.2054 19410944
719 0.2098 19529728
720 0.2025 19517440
721 0.2059 19451904
722 0.2144 19509248
723 0.2069 19640320
724 0.2117 19456000
725 0.2082 19771392
726 0.1912 19369984
727 0.2114 19496960
728 0.2015 19595264
729 0.2029 19632128
730 0.1979 19906560
731 0.2232 19832832
732 0.2208 19681280
733 0.2068 19910656
734 0.2101 19906560
735 0.2112 19849216
736 0.2185 20111360
737 0.211 20021248
738 0.2129 20008960
739 0.1946 19886080
740 0.1903 20078592
741 0.19 20197376
742 0.1889 20099072
743 0.192 20103168
744 0.1922 20045824
745 0.2025 20082688
746 0.2317 20115456
747 0.2095 20131840
748 0.2173 20275200
749 0.2309 20373504
750 0.2236 20414464
751 0.2165 20451328
752 0.2307 20385792
753 0.214 20557824
754 0.2225 20537344
755 0.2178 20262912
756 0.2173 20422656
757 0.2241 20779008
758 0.2243 20553728
759 0.2086 20635648
760 0.2343 20623360
761 0.2094 20709376
762 0.2271 20516864
763 0.2337 20971520
764 0.2307 20799488
765 0.2257 20865024
766 0.2432 20881408
767 0.2303 20824064
768 0.2409 21082112
769 0.2256 21020672
770 0.2143 20791296
771 0.2384 21123072
772 0.2296 20918272
773 0.2438 21069824
774 0.2361 21123072
775 0.2287 21135360
776 0.2252 20983808
777 0.2459 21213184
778 0.242 21151744
779 0.216 20983808
780 0.238 21401600
781 0.2391 21233664
782 0.244 21430272
783 0.235 21450752
784 0.2217 21274624
785 0.226 21409792
786 0.2384 21585920
787 0.2281 21508096
788 0.2229 21245952
789 0.2252 21409792
790 0.25 21553152
791 0.2386 21577728
792 0.2332 21581824
793 0.2443 21716992
794 0.2427 22073344
795 0.2482 21745664
796 0.2384 21794816
797 0.2332 22007808
798 0.2444 21843968
799 0.2433 21823488
800 0.2466 21950464