1 0.0429 8990720
2 0.0388 9011200
3 0.0411 9011200
4 0.0397 9039872
5 0.04 9015296
6 0.041 9076736
7 0.0454 9129984
8 0.0449 9138176
9 0.0415 9162752
10 0.0461 9170944
11 0.0423 9203712
12 0.0428 9207808
13 0.0473 9236480
14 0.0439 9256960
15 0.0486 9265152
16 0.0442 9256960
17 0.0494 9322496
18 0.0495 9347072
19 0.0501 9375744
20 0.0505 9400320
21 0.0509 9416704
22 0.0476 9412608
23 0.0521 9527296
24 0.0482 9490432
25 0.0526 9506816
26 0.0492 9531392
27 0.0534 9551872
28 0.0499 9543680
29 0.0545 9596928
30 0.0513 9592832
31 0.0565 9740288
32 0.0603 9715712
33 0.0538 9695232
34 0.0541 9728000
35 0.0562 9764864
36 0.0554 9789440
37 0.0595 9826304
38 0.0565 9863168
39 0.056 9883648
40 0.0575 9924608
41 0.0585 9957376
42 0.0622 9994240
43 0.0585 10022912
44 0.0588 10076160
45 0.0627 10104832
46 0.0599 10129408
47 0.0646 10178560
48 0.0612 10203136
49 0.0615 10248192
50 0.0628 10293248
51 0.0646 10289152
52 0.0672 10342400
53 0.066 10366976
54 0.0686 10412032
55 0.0656 10452992
56 0.067 10489856
57 0.0668 10522624
58 0.0673 10522624
59 0.0675 10592256
60 0.0722 10625024
61 0.0706 10670080
62 0.0707 10743808
63 0.0703 10817536
64 0.0748 10850304
65 0.0781 10915840
66 0.0719 10936320
67 0.0736 10940416
68 0.0776 10977280
69 0.0784 11014144
70 0.075 11116544
71 0.0753 11104256
72 0.0769 11149312
73 0.0771 11206656
74 0.0777 11235328
75 0.0793 11268096
76 0.08 11292672
77 0.0805 11345920
78 0.0837 11399168
79 0.0892 11554816
80 0.0827 11481088
81 0.0821 11538432
82 0.0837 11575296
83 0.0855 11649024
84 0.0843 11702272
85 0.0897 11726848
86 0.0914 11800576
87 0.0878 11853824
88 0.0879 11935744
89 0.0893 11980800
90 0.0944 12025856
91 0.0918 12058624
92 0.0915 12132352
93 0.097 12197888
94 0.0929 12259328
95 0.0936 12320768
96 0.0951 12361728
97 0.0967 12390400
98 0.1007 12468224
99 0.0971 12525568
100 0.0977 12582912
101 0.099 12636160
102 0.1032 12701696
103 0.1031 12730368
104 0.1052 12804096
105 0.1031 12857344
106 0.1047 12898304
107 0.1082 12967936
108 0.1087 13029376
109 0.1098 13058048
110 0.1085 13127680
111 0.1106 13205504
112 0.1084 13262848
113 0.1131 13307904
114 0.1121 13361152
115 0.1105 13447168
116 0.1118 13463552
117 0.1131 13537280
118 0.1149 13594624
119 0.1173 13762560
120 0.1144 13688832
121 0.117 13787136
122 0.1161 13848576
123 0.1175 13881344
124 0.1228 13971456
125 0.1185 14045184
126 0.1217 14102528
127 0.1221 14188544
128 0.1248 14245888
129 0.123 14319616
130 0.1297 14508032
131 0.1261 14434304
132 0.1261 14495744
133 0.1323 14573568
134 0.1275 14667776
135 0.1292 14712832
136 0.1319 14786560
137 0.1313 14872576
138 0.1323 14917632
139 0.1415 15155200
140 0.1353 15089664
141 0.1351 15126528
142 0.1379 15196160
143 0.14 15257600
144 0.1393 15351808
145 0.1412 15425536
146 0.1406 15527936
147 0.1437 15613952
148 0.1446 15699968
149 0.154 15810560
150 0.1447 15839232
151 0.1446 15941632
152 0.1493 16007168
153 0.1496 16068608
154 0.1477 16179200
155 0.1484 16248832
156 0.1542 16343040
157 0.1503 16388096
158 0.1654 16494592
159 0.1539 16572416
160 0.1545 16695296
161 0.1549 16695296
162 0.1558 16740352
163 0.1569 16875520
164 0.1616 16982016
165 0.1622 17018880
166 0.1664 17113088
167 0.1633 17186816
168 0.1637 17268736
169 0.1633 17330176
170 0.1708 17403904
171 0.1683 17481728
172 0.1673 17596416
173 0.1693 17641472
174 0.1776 17793024
175 0.1758 17805312
176 0.1725 17870848
177 0.1735 17928192
178 0.1761 18051072
179 0.179 18137088
180 0.1818 18300928
181 0.1845 18321408
182 0.1845 18386944
183 0.1867 18493440
184 0.1834 18620416
185 0.1837 18714624
186 0.1895 18792448
187 0.1905 18853888
188 0.1898 18944000
189 0.1882 19054592
190 0.1905 19144704
191 0.1965 19222528
192 0.1938 19316736
193 0.2009 19427328
194 0.2004 19501056
195 0.1967 19578880
196 0.1976 19636224
197 0.2005 19808256
198 0.2057 19877888
199 0.2059 19955712
200 0.2048 20058112
201 0.2046 20164608
202 0.2068 20234240
203 0.2125 20299776
204 0.2096 20385792
205 0.2152 20480000
206 0.2126 20594688
207 0.2142 20627456
208 0.2157 20750336
209 0.2664 20758528
210 0.2256 20824064
211 0.2232 20979712
212 0.2185 21016576
213 0.2229 21131264
214 0.2256 21233664
215 0.2246 21336064
216 0.2279 21417984
217 0.2309 21770240
218 0.2275 21618688
219 0.23 21716992
220 0.2305 21852160
221 0.2298 21958656
222 0.2333 22048768
223 0.2364 22102016
224 0.238 22245376
225 0.2351 22343680
226 0.2406 22401024
227 0.2402 22528000
228 0.2429 22638592
229 0.248 22777856
230 0.2426 22847488
231 0.2443 22949888
232 0.2554 23031808
233 0.247 23150592
234 0.2507 23248896
235 0.2544 23375872
236 0.2629 23678976
237 0.2556 23576576
238 0.2534 23687168
239 0.2584 23769088
240 0.262 23879680
241 0.2636 24055808
242 0.2685 24088576
243 0.2658 24219648
244 0.2655 24322048
245 0.2684 24535040
246 0.2659 24494080
247 0.2732 24633344
248 0.2673 24760320
249 0.2777 25104384
250 0.2717 24956928
251 0.2744 25071616
252 0.278 25153536
253 0.2828 25296896
254 0.2773 25370624
255 0.2829 25481216
256 0.2848 25620480
257 0.2906 25788416
258 0.2904 25837568
259 0.2873 26001408
260 0.2943 26103808
261 0.2945 26206208
262 0.3017 26329088
263 0.2952 26451968
264 0.2961 26587136
265 0.2979 26693632
266 0.2985 26808320
267 0.2989 26947584
268 0.3081 27041792
269 0.3104 27140096
270 0.3284 27316224
271 0.3085 27418624
272 0.3089 27516928
273 0.3135 27639808
274 0.3187 28000256
275 0.3105 27848704
276 0.3333 27983872
277 0.3149 28123136
278 0.3212 28229632
279 0.3191 28385280
280 0.319 28499968
281 0.32 28581888
282 0.3313 28925952
283 0.3281 28852224
284 0.3284 29003776
285 0.3268 29118464
286 0.3402 29241344
287 0.33 29511680
288 0.3378 29646848
289 0.381 29765632
290 0.3351 29925376
291 0.335 30019584
292 0.3383 30183424
293 0.3435 30285824
294 0.3422 30400512
295 0.3446 30539776
296 0.3466 30662656
297 0.3442 30793728
298 0.3499 30904320
299 0.3534 31154176
300 0.356 31174656
301 0.3582 31309824
302 0.3611 31428608
303 0.3574 31539200
304 0.3565 31682560
305 0.368 31956992
306 0.3638 31989760
307 0.3621 32083968
308 0.371 32645120
309 0.3697 32399360
310 0.3722 32505856
311 0.3707 32628736
312 0.3796 32874496
313 0.3791 32960512
314 0.3827 33042432
315 0.3817 33243136
316 0.3857 33288192
317 0.382 33476608
318 0.3908 33603584
319 0.3901 33730560
320 0.3854 33869824
321 0.3873 34029568
322 0.396 34181120
323 0.3902 34308096
324 0.3908 34439168
325 0.3921 34582528
326 0.3987 34734080
327 0.3999 35053568
328 0.4003 34967552
329 0.4024 35176448
330 0.4068 35299328
331 0.4109 35430400
332 0.4042 35602432
333 0.4119 35721216
334 0.4225 36126720
335 0.435 36061184
336 0.421 36184064
337 0.4246 36483072
338 0.4241 36675584
339 0.4268 36823040
340 0.4244 36700160
341 0.4295 36876288
342 0.4308 37048320
343 0.4363 37261312
344 0.4276 37294080
345 0.4381 37482496
346 0.4331 37634048
347 0.4354 37748736
348 0.4446 37916672
349 0.4447 38080512
350 0.4518 38256640
351 0.446 38400000
352 0.474 38526976
353 0.4622 39034880
354 0.5001 38871040
355 0.4902 39305216
356 0.4553 39202816
357 0.4685 39366656
358 0.4644 39497728
359 0.4794 39903232
360 0.4716 39870464
361 0.464 39964672
362 0.4714 40144896
363 0.4678 40280064
364 0.4672 40460288
365 0.4737 40595456
366 0.4802 40759296
367 0.4793 40960000
368 0.4808 41099264
369 0.487 41336832
370 0.4803 41451520
371 0.494 41562112
372 0.4865 41758720
373 0.4878 41926656
374 0.4906 42057728
375 0.4969 42250240
376 0.5091 42455040
377 0.5039 42590208
378 0.5032 42741760
379 0.5032 42905600
380 0.5068 43102208
381 0.5165 43311104
382 0.5075 43466752
383 0.5247 43630592
384 0.5222 43864064
385 0.5134 43925504
386 0.5199 44113920
387 0.5195 44265472
388 0.526 44478464
389 0.5257 44625920
390 0.5283 44793856
391 0.542 45072384
392 0.5325 45129728
393 0.5301 45293568
394 0.5463 45506560
395 0.547 46182400
396 0.5432 45805568
397 0.5654 45957120
398 0.552 46145536
399 0.5528 46526464
400 0.5562 46485504
401 0.552 46620672
402 0.5547 46837760
403 0.5718 46997504
404 0.5578 47169536
405 0.5633 47329280
406 0.5742 47595520
407 0.5635 47718400
408 0.5741 47910912
409 0.5677 48037888
410 0.5825 48250880
411 0.5728 48402432
412 0.5721 48562176
413 0.5768 48791552
414 0.5881 48951296
415 0.5852 49102848
416 0.5946 49299456
417 0.5836 49414144
418 0.5945 49651712
419 0.5938 49786880
420 0.593 50012160
421 0.592 50167808
422 0.6085 50397184
423 0.599 50569216
424 0.6065 50737152
425 0.6049 50933760
426 0.6394 51179520
427 0.6087 51273728
428 0.6211 51499008
429 0.6217 51638272
430 0.6147 51830784
431 0.6276 51982336
432 0.6331 52948992
433 0.6215 52326400
434 0.628 52559872
435 0.6394 52944896
436 0.6283 52879360
437 0.6356 53714944
438 0.6305 53227520
439 0.6424 53456896
440 0.6376 53657600
441 0.6413 53850112
442 0.6593 54030336
443 0.6523 54988800
444 0.6517 54415360
445 0.6465 54616064
446 0.6604 54763520
447 0.6535 54919168
448 0.6598 55156736
449 0.6574 55332864
450 0.6731 55521280
451 0.6693 55726080
452 0.6634 55898112
453 0.6717 56119296
454 0.6717 56307712
455 0.6795 56500224
456 0.6806 56680448
457 0.6757 56852480
458 0.6957 57073664
459 0.6876 58052608
460 0.684 57446400
461 0.695 57643008
462 0.7036 58789888
463 0.6962 58044416
464 0.6987 58212352
465 0.694 58368000
466 0.6999 58556416
467 0.7017 58798080
468 0.7107 59023360
469 0.7114 59183104
470 0.7078 59412480
471 0.7129 59564032
472 0.7233 59805696
473 0.7188 60624896
474 0.7323 60186624
475 0.7239 60387328
476 0.723 60583936
477 0.7363 60796928
478 0.7351 60989440
479 0.7409 61075456
480 0.7609 61288448
481 0.7401 62246912
482 0.7365 61698048
483 0.7604 62095360
484 0.7424 62083072
485 0.7425 62287872
486 0.7491 62480384
487 0.7685 63418368
488 0.76 62865408
489 0.754 63098880
490 0.7556 63250432
491 0.7579 63504384
492 0.7636 63680512
493 0.7672 63881216
494 0.7615 64131072
495 0.7779 64331776
496 0.7939 64516096
497 0.7769 64753664
498 0.7899 64942080
499 0.7918 65105920
500 0.7929 65368064
501 0.786 65568768
502 0.7861 65777664
503 0.7953 65957888
504 0.7956 66195456
505 0.7972 66408448
506 0.8155 66580480
507 0.8029 66838528
508 0.8179 67170304
509 0.848 67366912
510 0.8385 67522560
511 0.8117 67629056
512 0.8416 67878912
513 0.8594 68124672
514 0.8306 68374528
515 0.8604 69054464
516 0.8326 68800512
517 0.8302 68968448
518 0.8433 69251072
519 0.8429 69459968
520 0.8371 69668864
521 0.8427 69861376
522 0.8398 70090752
523 0.852 70328320
524 0.8519 70545408
525 0.8496 70717440
526 0.8637 70946816
527 0.8746 71188480
528 0.8622 71397376
529 0.8801 71618560
530 0.8768 71835648
531 0.9198 72433664
532 0.8731 72298496
533 0.884 72515584
534 0.8816 72736768
535 0.8833 72998912
536 0.897 73261056
537 0.897 73412608
538 0.8836 73641984
539 0.8964 74223616
540 0.8967 74096640
541 0.8893 74276864
542 0.9042 74891264
543 0.9076 74768384
544 0.9225 74973184
545 0.9069 75235328
546 0.9105 75456512
547 0.9238 75702272
548 0.9219 76099584
549 0.9369 76111872
550 0.9221 76324864
551 0.9423 76550144
552 0.9376 77484032
553 0.9304 77824000
554 0.9379 77447168
555 0.939 77508608
556 0.9318 77729792
557 0.9419 78159872
558 0.9502 78180352
559 0.9447 78405632
560 0.9632 78680064
561 0.9639 78905344
562 0.9639 79147008
563 0.9604 79503360
564 0.9614 79544320
565 0.9628 79839232
566 0.9625 80019456
567 0.9771 80318464
568 0.9712 80506880
569 0.9769 80769024
570 0.9903 81002496
571 0.9788 81248256
572 0.9836 81666048
573 0.9869 81743872
574 1.0371 81977344
575 1.0005 82186240
576 0.9934 82489344
577 1.0015 82706432
578 0.9981 82980864
579 1.0159 83210240
580 1.0211 83419136
581 1.0109 83668992
582 1.0128 84660224
583 1.0228 84172800
584 1.0179 84398080
585 1.0219 84668416
586 1.0433 84910080
587 1.0324 85147648
588 1.0303 85368832
589 1.0337 85749760
590 1.0528 85815296
591 1.0655 86102016
592 1.0413 86462464
593 1.038 86585344
594 1.0504 86810624
595 1.0497 87048192
596 1.0526 87326720
597 1.0546 87592960
598 1.0569 87838720
599 1.0608 88080384
600 1.0882 88313856
601 1.0653 88510464
602 1.1042 88813568
603 1.1103 89018368
604 1.0775 89300992
605 1.0893 89931776
606 1.0857 89862144
607 1.0884 90058752
608 1.0908 90337280
609 1.1071 90742784
610 1.1282 90841088
611 1.1557 91787264
612 1.1524 91717632
613 1.1369 91684864
614 1.1288 91799552
615 1.1151 92119040
616 1.1288 92360704
617 1.1189 92561408
618 1.1512 93003776
619 1.1182 93134848
620 1.1186 93425664
621 1.1361 93655040
622 1.1355 93913088
623 1.1414 94208000
624 1.1766 95256576
625 1.1809 94662656
626 1.1422 94957568
627 1.1925 95191040
628 1.1687 95465472
629 1.1549 95797248
630 1.1515 95993856
631 1.1547 96235520
632 1.1554 96477184
633 1.2006 96759808
634 1.1731 97030144
635 1.1828 97337344
636 1.1776 97509376
637 1.1944 97878016
638 1.1788 98037760
639 1.1965 98320384
640 1.1912 98582528
641 1.2092 98856960
642 1.2193 99115008
643 1.2026 99360768
644 1.2273 99659776
645 1.2071 100655104
646 1.2073 100937728
647 1.2044 100454400
648 1.2552 100720640
649 1.2595 101433344
650 1.2249 101249024
651 1.2562 101564416
652 1.2196 101793792
653 1.2425 102039552
654 1.2458 102330368
655 1.2387 102567936
656 1.245 102875136
657 1.2396 103092224
658 1.2934 103841792
659 1.2452 103661568
660 1.2547 103927808
661 1.2621 104206336
662 1.2549 104472576
663 1.2929 104787968
664 1.2815 105807872
665 1.2723 105316352
666 1.2667 105607168
667 1.2704 105893888
668 1.288 106147840
669 1.2927 106438656
670 1.3196 107491328
671 1.3399 107249664
672 1.335 107241472
673 1.2978 107548672
674 1.3314 108429312
675 1.3174 108019712
676 1.3121 108331008
677 1.3337 108625920
678 1.3088 108912640
679 1.3166 109268992
680 1.3584 110206976
681 1.32 110456832
682 1.342 110129152
683 1.3503 110292992
684 1.332 110600192
685 1.3543 110882816
686 1.3659 111153152
687 1.3667 111460352
688 1.3466 111714304
689 1.3646 112201728
690 1.3571 112386048
691 1.3626 112570368
692 1.3686 113618944
693 1.3817 113156096
694 1.3705 114032640
695 1.383 113717248
696 1.3694 114008064
697 1.3772 114274304
698 1.406 114540544
699 1.3957 114806784
700 1.3844 115150848
701 1.3878 115429376
702 1.4048 115884032
703 1.4213 116051968
704 1.4241 117014528
705 1.4313 116621312
706 1.4179 116916224
707 1.411 117227520
708 1.4176 117534720
709 1.4301 117825536
710 1.4228 118087680
711 1.4446 118407168
712 1.4362 118706176
713 1.4535 119013376
714 1.457 119287808
715 1.442 119595008
716 1.4691 119918592
717 1.4621 120238080
718 1.4571 120483840
719 1.5014 120766464
720 1.4968 121323520
721 1.4901 121401344
722 1.4731 121970688
723 1.4657 121987072
724 1.4723 122281984
725 1.4741 122556416
726 1.4858 122929152
727 1.5119 123232256
728 1.4824 123473920
729 1.4872 123809792
730 1.4948 124436480
731 1.5277 124407808
732 1.5649 124755968
733 1.5202 125063168
734 1.5167 125349888
735 1.5233 125665280
736 1.516 125964288
737 1.5148 126271488
738 1.5591 127045632
739 1.5213 126906368
740 1.5432 127197184
741 1.5368 127598592
742 1.5695 127803392
743 1.5355 128155648
744 1.5422 128434176
745 1.6001 129122304
746 1.5486 129040384
747 1.5664 129339392
748 1.556 129683456
749 1.5773 129986560
750 1.5635 130260992
751 1.6013 130646016
752 1.578 130920448
753 1.5923 131256320
754 1.592 131760128
755 1.6139 131870720
756 1.5898 132182016
757 1.5979 132501504
758 1.6608 132792320
759 1.6249 133128192
760 1.6912 134057984
761 1.614 133746688
762 1.6095 134062080
763 1.6209 134426624
764 1.6193 134696960
765 1.6299 135012352
766 1.6265 135323648
767 1.6331 135647232
768 1.692 136044544
769 1.6448 136339456
770 1.6618 136638464
771 1.6804 137064448
772 1.6876 137658368
773 1.6574 137592832
774 1.6701 137940992
775 1.7243 138260480
776 1.6949 138932224
777 1.6756 138960896
778 1.6759 139206656
779 1.6761 139522048
780 1.7105 140460032
781 1.685 140128256
782 1.6994 140664832
783 1.7356 140771328
784 1.7288 141090816
785 1.78 141787136
786 1.7642 142180352
787 1.7841 142467072
788 1.7229 142389248
789 1.7261 142766080
790 1.7578 143233024
791 1.7307 143360000
792 1.7427 143679488
793 1.7395 144027648
794 1.7417 144482304
795 1.7562 144703488
796 1.8022 145494016
797 1.747 145383424
798 1.7734 145653760
799 1.7829 145993728
800 1.7653 146345984