1 0.0389 8994816
2 0.0405 8982528
3 0.053 9011200
4 0.041 9027584
5 0.0477 9031680
6 0.0425 9089024
7 0.041 9121792
8 0.0426 9134080
9 0.0455 9154560
10 0.0461 9170944
11 0.0466 9203712
12 0.0429 9216000
13 0.0475 9228288
14 0.0439 9261056
15 0.044 9269248
16 0.0442 9293824
17 0.0492 9322496
18 0.046 9363456
19 0.0503 9363456
20 0.0463 9400320
21 0.0509 9416704
22 0.0514 9445376
23 0.0483 9465856
24 0.0521 9482240
25 0.0527 9502720
26 0.0505 9523200
27 0.0494 9564160
28 0.0507 9584640
29 0.0564 9601024
30 0.0517 9592832
31 0.0609 9728000
32 0.0518 9682944
33 0.0521 9670656
34 0.0574 9732096
35 0.0544 9760768
36 0.0556 9797632
37 0.0543 9830400
38 0.0549 9822208
39 0.0558 9900032
40 0.0603 9936896
41 0.0587 9957376
42 0.0618 9998336
43 0.0581 10002432
44 0.0584 10076160
45 0.0609 10088448
46 0.06 10145792
47 0.0646 10170368
48 0.065 10211328
49 0.0616 10248192
50 0.0635 10248192
51 0.0707 10362880
52 0.0632 10313728
53 0.0654 10375168
54 0.0647 10416128
55 0.0651 10452992
56 0.07 10485760
57 0.0705 10514432
58 0.0709 10555392
59 0.0678 10559488
60 0.0683 10596352
61 0.0685 10678272
62 0.0735 10772480
63 0.0717 10805248
64 0.0722 10854400
65 0.0732 10903552
66 0.0734 10887168
67 0.0735 10899456
68 0.0729 10977280
69 0.0741 11018240
70 0.0745 11075584
71 0.075 11100160
72 0.0768 11100160
73 0.0762 11157504
74 0.081 11218944
75 0.0777 11235328
76 0.088 11431936
77 0.0848 11399168
78 0.0798 11362304
79 0.0812 11407360
80 0.0815 11448320
81 0.0863 11526144
82 0.0878 11591680
83 0.0872 11632640
84 0.0889 11694080
85 0.0846 11726848
86 0.0889 11804672
87 0.091 11849728
88 0.0922 11923456
89 0.0929 11964416
90 0.0899 12038144
91 0.0952 12062720
92 0.0954 12128256
93 0.0925 12156928
94 0.0933 12247040
95 0.094 12320768
96 0.0945 12361728
97 0.0991 12414976
98 0.0969 12431360
99 0.0976 12525568
100 0.0994 12582912
101 0.1035 12627968
102 0.1006 12681216
103 0.1004 12709888
104 0.1022 12812288
105 0.1027 12890112
106 0.1023 12918784
107 0.109 12972032
108 0.1132 13119488
109 0.109 13062144
110 0.1064 13090816
111 0.1101 13209600
112 0.1083 13217792
113 0.11 13295616
114 0.1137 13373440
115 0.1112 13393920
116 0.1119 13479936
117 0.1122 13557760
118 0.1176 13598720
119 0.1143 13680640
120 0.1162 13705216
121 0.1171 13803520
122 0.1208 13840384
123 0.1217 13922304
124 0.1179 13996032
125 0.1211 14036992
126 0.1202 14098432
127 0.1249 14180352
128 0.1276 14295040
129 0.1237 14303232
130 0.1291 14397440
131 0.1301 14442496
132 0.1296 14536704
133 0.1291 14569472
134 0.1326 14655488
135 0.1338 14704640
136 0.135 14794752
137 0.1333 14856192
138 0.1338 14897152
139 0.1341 14958592
140 0.1402 15106048
141 0.1368 15081472
142 0.1407 15200256
143 0.1377 15233024
144 0.142 15347712
145 0.1392 15413248
146 0.1418 15511552
147 0.1442 15597568
148 0.1417 15695872
149 0.1472 15785984
150 0.1479 15839232
151 0.1455 15929344
152 0.1474 15998976
153 0.1475 16068608
154 0.1626 16261120
155 0.158 16338944
156 0.1505 16343040
157 0.1611 16420864
158 0.1637 16515072
159 0.157 16588800
160 0.1574 16654336
161 0.1612 16744448
162 0.1696 16769024
163 0.1593 16863232
164 0.1647 16969728
165 0.1736 17031168
166 0.1647 17158144
167 0.1703 17190912
168 0.1747 17264640
169 0.167 17330176
170 0.1656 17371136
171 0.1747 17473536
172 0.1694 17551360
173 0.1848 17723392
174 0.1772 17686528
175 0.1748 17805312
176 0.1771 17870848
177 0.1828 18051072
178 0.1846 18079744
179 0.1771 18141184
180 0.1846 18223104
181 0.2 18313216
182 0.1862 18382848
183 0.1886 18477056
184 0.1886 18591744
185 0.1918 18788352
186 0.1937 18808832
187 0.1912 18853888
188 0.1901 18960384
189 0.1906 19038208
190 0.1955 19132416
191 0.1974 19238912
192 0.1955 19279872
193 0.1939 19369984
194 0.1951 19501056
195 0.1987 19566592
196 0.2037 19677184
197 0.2034 19775488
198 0.2015 19886080
199 0.2037 19963904
200 0.2087 20070400
201 0.2095 20152320
202 0.2125 20230144
203 0.2096 20299776
204 0.2104 20357120
205 0.211 20480000
206 0.2233 20779008
207 0.2184 20606976
208 0.2197 20729856
209 0.2203 20758528
210 0.2165 20824064
211 0.2177 20938752
212 0.2243 21016576
213 0.22 21159936
214 0.2228 21225472
215 0.2244 21336064
216 0.2313 21422080
217 0.2302 21495808
218 0.2307 21618688
219 0.2298 21712896
220 0.2332 21827584
221 0.2367 22159360
222 0.2371 22040576
223 0.2381 22102016
224 0.236 22204416
225 0.2379 22335488
226 0.238 22401024
227 0.2429 22544384
228 0.2458 22642688
229 0.246 22740992
230 0.2481 22802432
231 0.2499 22937600
232 0.2502 23035904
233 0.2566 23109632
234 0.2515 23244800
235 0.2498 23367680
236 0.2562 23482368
237 0.2587 23580672
238 0.2594 23674880
239 0.2599 23789568
240 0.2621 23887872
241 0.2669 23998464
242 0.2594 24100864
243 0.2656 24207360
244 0.2762 24403968
245 0.2791 24424448
246 0.2736 24539136
247 0.272 24641536
248 0.2765 25104384
249 0.2722 24862720
250 0.2706 24920064
251 0.277 25079808
252 0.2794 25149440
253 0.2791 25321472
254 0.2797 25411584
255 0.2834 25522176
256 0.2824 25587712
257 0.2872 25743360
258 0.2888 25874432
259 0.291 26005504
260 0.2904 26083328
261 0.3024 26210304
262 0.2972 26337280
263 0.2931 26456064
264 0.2983 26574848
265 0.2975 26693632
266 0.3064 26816512
267 0.3048 26927104
268 0.3051 27037696
269 0.3067 27164672
270 0.3082 27267072
271 0.3178 27418624
272 0.3097 27516928
273 0.3073 27602944
274 0.3135 27758592
275 0.312 27848704
276 0.3204 28327936
277 0.3138 28135424
278 0.3134 28241920
279 0.329 28344320
280 0.3193 28483584
281 0.3212 28614656
282 0.3286 28704768
283 0.3244 28864512
284 0.3255 29011968
285 0.3291 29102080
286 0.3331 29249536
287 0.3366 29499392
288 0.3368 29634560
289 0.3343 29782016
290 0.341 29917184
291 0.3379 29990912
292 0.3403 30167040
293 0.3443 30261248
294 0.3461 30408704
295 0.343 30539776
296 0.3457 30633984
297 0.3464 30760960
298 0.3549 30896128
299 0.3686 31391744
300 0.3717 31133696
301 0.352 31318016
302 0.3526 31436800
303 0.364 31567872
304 0.362 31715328
305 0.3615 31825920
306 0.3616 31973376
307 0.3778 32104448
308 0.3683 32215040
309 0.3646 32395264
310 0.369 32509952
311 0.3729 32628736
312 0.372 32796672
313 0.3727 32919552
314 0.3788 33042432
315 0.3761 33193984
316 0.382 33320960
317 0.3873 33468416
318 0.3881 33587200
319 0.3941 33742848
320 0.3889 33882112
321 0.392 34353152
322 0.3989 34172928
323 0.3907 34267136
324 0.3964 34435072
325 0.403 34574336
326 0.4115 34713600
327 0.399 34877440
328 0.4021 34996224
329 0.4023 35172352
330 0.4059 35291136
331 0.4094 35655680
332 0.4051 35586048
333 0.4139 35868672
334 0.4142 35856384
335 0.4152 36016128
336 0.4204 36143104
337 0.4196 36294656
338 0.4323 36417536
339 0.425 36601856
340 0.426 36749312
341 0.425 36868096
342 0.4345 37019648
343 0.4341 37265408
344 0.4279 37289984
345 0.4359 37486592
346 0.4517 37662720
347 0.4489 38027264
348 0.4375 37908480
349 0.4433 38068224
350 0.4429 38240256
351 0.4486 38400000
352 0.4438 38526976
353 0.4469 38703104
354 0.4577 38887424
355 0.461 39018496
356 0.452 39202816
357 0.455 39350272
358 0.4557 39485440
359 0.4691 39669760
360 0.4579 39821312
361 0.4731 39972864
362 0.471 40148992
363 0.4708 40288256
364 0.4784 40460288
365 0.4725 40628224
366 0.4814 40787968
367 0.4767 40960000
368 0.4835 41119744
369 0.482 41271296
370 0.4972 41512960
371 0.4823 41562112
372 0.4911 41766912
373 0.4894 41930752
374 0.5041 42217472
375 0.496 42209280
376 0.5039 42414080
377 0.5141 42557440
378 0.5043 42741760
379 0.4996 42942464
380 0.5026 43061248
381 0.5069 43311104
382 0.5132 43462656
383 0.5121 43626496
384 0.5155 43778048
385 0.516 43954176
386 0.522 44179456
387 0.5193 44298240
388 0.5324 44535808
389 0.536 44613632
390 0.5282 44814336
391 0.5338 44957696
392 0.53 45121536
393 0.5394 45277184
394 0.545 45465600
395 0.5355 45617152
396 0.5464 45805568
397 0.5496 46026752
398 0.5437 46145536
399 0.5473 46321664
400 0.5558 46432256
401 0.5584 46669824
402 0.564 46837760
403 0.5605 46997504
404 0.5704 47226880
405 0.5622 47390720
406 0.5608 47529984
407 0.5635 47661056
408 0.5633 47869952
409 0.5649 48078848
410 0.5906 48250880
411 0.5736 48541696
412 0.5719 48545792
413 0.5754 48726016
414 0.5809 48939008
415 0.5892 49442816
416 0.5894 49291264
417 0.5854 49459200
418 0.5915 49831936
419 0.5882 49827840
420 0.5966 50085888
421 0.6071 50171904
422 0.5958 50372608
423 0.602 50561024
424 0.6044 50741248
425 0.6031 50925568
426 0.6144 51236864
427 0.6055 51286016
428 0.623 51458048
429 0.6157 51642368
430 0.6143 51822592
431 0.6201 51986432
432 0.6332 52183040
433 0.6386 52359168
434 0.6224 52539392
435 0.6233 52736000
436 0.6329 52899840
437 0.6343 53084160
438 0.6494 53882880
439 0.6428 54050816
440 0.6353 53665792
441 0.6441 53850112
442 0.644 54022144
443 0.6515 54226944
444 0.6457 54366208
445 0.6635 54595584
446 0.6655 54779904
447 0.6548 54960128
448 0.6532 55148544
449 0.6678 55336960
450 0.6564 55492608
451 0.6806 55824384
452 0.6609 55922688
453 0.6757 56123392
454 0.6793 56315904
455 0.6701 56492032
456 0.6882 56680448
457 0.68 56868864
458 0.6812 57073664
459 0.6798 57249792
460 0.6863 57417728
461 0.7084 58019840
462 0.6865 57835520
463 0.6929 58023936
464 0.7082 58212352
465 0.714 59019264
466 0.7023 59256832
467 0.6969 58830848
468 0.7007 58998784
469 0.7085 59199488
470 0.7053 59424768
471 0.7104 59580416
472 0.718 59793408
473 0.7235 60350464
474 0.7131 60198912
475 0.7199 60399616
476 0.7247 60567552
477 0.7274 60760064
478 0.7429 60993536
479 0.7376 61095936
480 0.7381 61276160
481 0.7428 61489152
482 0.7508 62197760
483 0.7366 61861888
484 0.741 62070784
485 0.7478 62279680
486 0.7546 62480384
487 0.748 62648320
488 0.7615 62898176
489 0.7647 63107072
490 0.753 63307776
491 0.7635 63508480
492 0.7657 63725568
493 0.7641 63909888
494 0.7647 64086016
495 0.7766 64323584
496 0.7871 64712704
497 0.7743 64761856
498 0.7792 64958464
499 0.8 65572864
500 0.7837 65363968
501 0.7973 65527808
502 0.7988 65794048
503 0.7967 66035712
504 0.809 66310144
505 0.8198 66412544
506 0.7999 66621440
507 0.801 66826240
508 0.8115 67047424
509 0.83 67280896
510 0.828 67452928
511 0.811 67653632
512 0.8406 67915776
513 0.8203 68124672
514 0.836 68345856
515 0.8302 68648960
516 0.8326 69390336
517 0.8316 69029888
518 0.8523 69185536
519 0.8396 69443584
520 0.8512 69664768
521 0.848 69869568
522 0.8448 70119424
523 0.8601 70328320
524 0.8491 70557696
525 0.8557 70758400
526 0.8597 70987776
527 0.8768 71196672
528 0.8626 71409664
529 0.8672 71622656
530 0.8617 71847936
531 0.8746 72048640
532 0.8692 72290304
533 0.9077 72462336
534 0.8742 72732672
535 0.8889 72970240
536 0.8802 73183232
537 0.8835 73408512
538 0.8869 73592832
539 0.8896 73854976
540 0.8939 74104832
541 0.8986 74522624
542 0.8936 74567680
543 0.9051 74792960
544 0.9086 74981376
545 0.9055 75210752
546 0.9218 75472896
547 0.9263 75694080
548 0.9185 75894784
549 0.9178 76111872
550 0.9449 76312576
551 0.9254 76566528
552 0.9253 76800000
553 0.936 77033472
554 0.9306 77283328
555 0.9566 77488128
556 0.9503 77742080
557 0.9421 77950976
558 0.9504 78184448
559 0.9581 79081472
560 0.9718 78692352
561 0.9513 78905344
562 0.9582 79142912
563 0.973 79368192
564 0.9741 80121856
565 0.9702 79835136
566 0.9854 80068608
567 0.9649 80318464
568 0.9789 80891904
569 0.9854 80773120
570 0.9812 80994304
571 1.0198 81313792
572 0.9919 81461248
573 0.9914 81702912
574 1.003 81932288
575 0.994 82194432
576 0.9892 82444288
577 1.0157 82739200
578 0.9996 82956288
579 1.0074 83238912
580 1.0283 83456000
581 1.0148 83881984
582 1.0112 83976192
583 1.0418 84180992
584 1.0192 84402176
585 1.0371 84664320
586 1.0232 84926464
587 1.0242 85139456
588 1.0457 85368832
589 1.0467 85872640
590 1.1189 85975040
591 1.035 86126592
592 1.0553 86331392
593 1.0622 86544384
594 1.0475 87560192
595 1.0517 87068672
596 1.0832 87412736
597 1.0563 87568384
598 1.0767 87834624
599 1.0726 88064000
600 1.0698 88301568
601 1.0622 88555520
602 1.071 88817664
603 1.0787 89042944
604 1.0865 89272320
605 1.0843 89575424
606 1.0813 89825280
607 1.087 90079232
608 1.1134 90333184
609 1.0977 90591232
610 1.0943 90812416
611 1.1003 91045888
612 1.1088 91410432
613 1.1 91586560
614 1.1522 91803648
615 1.1287 92684288
616 1.1265 92344320
617 1.131 92598272
618 1.1227 92860416
619 1.132 93102080
620 1.122 93392896
621 1.1356 93868032
622 1.132 93859840
623 1.1309 94167040
624 1.136 94400512
625 1.1465 95518720
626 1.178 94916608
627 1.1562 95182848
628 1.1766 95444992
629 1.1497 95719424
630 1.1819 96342016
631 1.1663 96243712
632 1.1646 96432128
633 1.1644 96763904
634 1.1649 97030144
635 1.1714 97275904
636 1.1823 97529856
637 1.1976 97767424
638 1.19 98045952
639 1.1975 98312192
640 1.1938 98586624
641 1.1929 98820096
642 1.2115 99115008
643 1.2159 100069376
644 1.1979 99663872
645 1.2011 99913728
646 1.2077 100175872
647 1.2094 100421632
648 1.2185 100691968
649 1.2187 100995072
650 1.2183 101257216
651 1.2488 101523456
652 1.2499 101761024
653 1.2318 102047744
654 1.2694 102391808
655 1.2359 102584320
656 1.2741 102866944
657 1.244 103120896
658 1.3042 103391232
659 1.2774 103657472
660 1.2813 103923712
661 1.2673 104206336
662 1.2649 104493056
663 1.2796 104865792
664 1.2714 105058304
665 1.2674 105340928
666 1.2624 105553920
667 1.2693 105852928
668 1.2812 106151936
669 1.3064 106397696
670 1.2982 106676224
671 1.353 107589632
672 1.2869 107245568
673 1.2895 107532288
674 1.3251 108539904
675 1.3203 108359680
676 1.3427 108331008
677 1.3032 108597248
678 1.3299 108924928
679 1.3416 109862912
680 1.325 110313472
681 1.3109 109748224
682 1.3227 110026752
683 1.3451 110297088
684 1.3554 110587904
685 1.3348 110837760
686 1.3518 111718400
687 1.3517 111452160
688 1.3472 111702016
689 1.4232 112754688
690 1.4096 112537600
691 1.4116 112947200
692 1.3815 112918528
693 1.4093 113766400
694 1.3658 113422336
695 1.3707 113721344
696 1.3644 114008064
697 1.4122 114507776
698 1.5836 115097600
699 1.3738 114864128
700 1.3933 115695616
701 1.3885 115433472
702 1.4098 115724288
703 1.3952 116039680
704 1.4053 116322304
705 1.4089 116621312
706 1.4221 117067776
707 1.4149 117223424
708 1.4161 117542912
709 1.4463 117788672
710 1.5959 118099968
711 1.4286 118419456
712 1.4221 118718464
713 1.4679 119521280
714 1.4392 119279616
715 1.4376 119578624
716 1.4408 119914496
717 1.4451 120193024
718 1.4777 120725504
719 1.5761 120770560
720 1.4655 121237504
721 1.4616 121384960
722 1.4744 121696256
723 1.4751 121987072
724 1.4659 122298368
725 1.4825 122617856
726 1.4893 122888192
727 1.4914 123219968
728 1.489 123482112
729 1.4896 123846656
730 1.4956 124084224
731 1.5016 124440576
732 1.5061 125796352
733 1.5037 125046784
734 1.5251 125341696
735 1.5147 125657088
736 1.5139 125972480
737 1.5342 126423040
738 1.5182 126607360
739 1.5236 126861312
740 1.552 127209472
741 1.5323 127520768
742 1.5405 127815680
743 1.5355 128122880
744 1.5492 128442368
745 1.5669 129552384
746 1.5596 130105344
747 1.5631 129384448
748 1.568 129712128
749 1.5906 131121152
750 1.5727 130297856
751 1.6119 130633728
752 1.584 130949120
753 1.6237 131248128
754 1.7606 131551232
755 1.5864 131878912
756 1.588 132153344
757 1.5943 132509696
758 1.6466 133869568
759 1.6128 133136384
760 1.6019 133443584
761 1.6662 133742592
762 1.6359 134938624
763 1.8174 134385664
764 1.6922 134766592
765 1.6498 135372800
766 1.6516 135311360
767 1.6468 135671808
768 1.6626 136065024
769 1.6394 136339456
770 1.8236 136630272
771 1.6548 137986048
772 1.6534 137494528
773 1.7045 137592832
774 1.6633 138063872
775 1.696 138260480
776 1.7198 138649600
777 1.6641 138854400
778 1.6761 139210752
779 1.6857 139550720
780 1.6805 139812864
781 1.7174 140619776
782 1.7312 140455936
783 1.8015 140787712
784 1.7154 141099008
785 1.7076 141549568
786 1.8866 141746176
787 1.7349 142188544
788 1.756 142381056
789 1.7298 142712832
790 1.7813 143851520
791 1.7512 143384576
792 1.7321 144695296
793 1.7422 144449536
794 1.7629 145162240
795 1.7741 144707584
796 1.7417 145031168
797 1.7418 145362944
798 1.7497 145661952
799 1.8079 146001920
800 1.7624 146329600