1 0.0527 9015296
2 0.0462 9007104
3 0.0548 9068544
4 0.06 9011200
5 0.0455 9007104
6 0.0423 9035776
7 0.045 9035776
8 0.0543 9170944
9 0.0456 9105408
10 0.0486 9207808
11 0.0491 9154560
12 0.052 9170944
13 0.0511 9277440
14 0.0487 9224192
15 0.0472 9293824
16 0.0502 9269248
17 0.0518 9412608
18 0.0467 9310208
19 0.0586 9396224
20 0.0569 9396224
21 0.0561 9420800
22 0.072 9515008
23 0.0587 9531392
24 0.0662 9584640
25 0.0553 9617408
26 0.0619 9564160
27 0.0599 9674752
28 0.0667 9691136
29 0.0614 9748480
30 0.0632 9719808
31 0.0595 9814016
32 0.0628 9854976
33 0.0607 9846784
34 0.0592 9834496
35 0.0676 9867264
36 0.0598 9945088
37 0.068 10022912
38 0.0728 9990144
39 0.0672 10014720
40 0.0665 10059776
41 0.0727 10125312
42 0.0667 10158080
43 0.0696 10289152
44 0.0704 10260480
45 0.0691 10321920
46 0.0783 10375168
47 0.069 10334208
48 0.1991 10379264
49 0.0679 10391552
50 0.0767 10489856
51 0.0744 10493952
52 0.0728 10575872
53 0.0825 10657792
54 0.081 10809344
55 0.0756 10805248
56 0.0797 10780672
57 0.0842 10862592
58 0.081 10899456
59 0.0793 10944512
60 0.0768 10960896
61 0.0783 10973184
62 0.0795 11071488
63 0.0849 11186176
64 0.0863 11165696
65 0.0853 11251712
66 0.0816 11239424
67 0.0846 11231232
68 0.0894 11370496
69 0.0904 11456512
70 0.0882 11390976
71 0.0919 11485184
72 0.0927 11567104
73 0.0923 11542528
74 0.1382 11743232
75 0.2264 11788288
76 0.1199 11845632
77 0.2019 11816960
78 0.1017 11976704
79 0.1031 11948032
80 0.1069 12054528
81 0.1002 12120064
82 0.1111 12148736
83 0.1067 12247040
84 0.11 12304384
85 0.1091 12247040
86 0.0975 12218368
87 0.1069 12275712
88 0.1034 12337152
89 0.1075 12476416
90 0.1074 12451840
91 0.1114 12537856
92 0.1572 12570624
93 0.1693 12697600
94 0.1201 12713984
95 0.117 12890112
96 0.1329 12890112
97 0.287 12947456
98 0.13 13025280
99 0.1567 13139968
100 0.1272 13070336
101 0.1334 13271040
102 0.1318 13316096
103 0.1303 13320192
104 0.1799 13463552
105 0.1951 13434880
106 0.1781 13484032
107 0.1701 13656064
108 0.2127 13651968
109 0.2083 13709312
110 0.1763 13787136
111 0.1533 13828096
112 0.1383 13811712
113 0.1311 13922304
114 0.1246 13979648
115 0.1282 14086144
116 0.1271 14127104
117 0.1447 14221312
118 0.1489 14262272
119 0.1917 14360576
120 0.2272 14434304
121 0.1517 14516224
122 0.15 14581760
123 0.1803 14807040
124 0.1764 14741504
125 0.1987 14893056
126 0.2063 14884864
127 0.1431 14917632
128 0.1463 14983168
129 0.1451 15065088
130 0.2104 15134720
131 0.1505 15220736
132 0.2294 15335424
133 0.178 15388672
134 0.1635 15503360
135 0.1724 15671296
136 0.1758 15646720
137 0.2351 15708160
138 0.2076 15732736
139 0.2296 15847424
140 0.2321 15998976
141 0.2618 15945728
142 0.2163 16080896
143 0.264 16154624
144 0.2736 16334848
145 0.2629 16359424
146 0.2642 16400384
147 0.2335 16678912
148 0.2202 16568320
149 0.2223 16695296
150 0.2592 16871424
151 0.2201 16846848
152 0.1971 16994304
153 0.1749 17002496
154 0.2026 17141760
155 0.1845 17240064
156 0.1932 17326080
157 0.1871 17346560
158 0.1774 17448960
159 0.2091 17518592
160 0.2028 17633280
161 0.3227 17743872
162 0.1924 17899520
163 0.2156 17911808
164 0.2043 18079744
165 0.2238 18108416
166 0.2155 18108416
167 0.2288 18386944
168 0.248 18354176
169 0.3017 18399232
170 0.2274 18485248
171 0.2463 18554880
172 0.236 18595840
173 0.2011 18632704
174 0.2341 18755584
175 0.2079 18829312
176 0.218 19001344
177 0.2061 18886656
178 0.2583 19120128
179 0.3822 19173376
180 0.3036 19234816
181 0.3856 19345408
182 0.3582 19427328
183 0.2881 19570688
184 0.4041 19652608
185 0.3081 19681280
186 0.3043 19767296
187 0.2213 19738624
188 0.3499 19968000
189 0.2412 20168704
190 0.2352 20070400
191 0.226 20176896
192 0.2327 20340736
193 0.2468 20594688
194 0.2989 20553728
195 0.2369 20713472
196 0.2797 20774912
197 0.2394 20819968
198 0.262 21024768
199 0.2459 21041152
200 0.2447 21209088
201 0.2564 21135360
202 0.2423 21209088
203 0.2599 21663744
204 0.2404 21360640
205 0.2551 21729280
206 0.2488 21651456
207 0.2537 21749760
208 0.2587 21884928
209 0.2471 21921792
210 0.2698 22142976
211 0.2544 22114304
212 0.2703 22302720
213 0.2559 22310912
214 0.2581 22413312
215 0.2795 22790144
216 0.2584 22626304
217 0.2806 22786048
218 0.2678 22847488
219 0.269 23040000
220 0.2825 23343104
221 0.2699 23429120
222 0.2791 23392256
223 0.2759 23343104
224 0.2702 23441408
225 0.2982 23756800
226 0.2821 23904256
227 0.2859 23920640
228 0.3031 24256512
229 0.2795 24035328
230 0.2981 24240128
231 0.2892 24264704
232 0.2801 24338432
233 0.3044 24510464
234 0.2986 24616960
235 0.291 24756224
236 0.3165 24846336
237 0.304 25235456
238 0.2977 25321472
239 0.3256 25432064
240 0.3118 25513984
241 0.2985 25411584
242 0.3231 25722880
243 0.3277 25706496
244 0.3126 26071040
245 0.3151 25858048
246 0.3188 26046464
247 0.3198 26099712
248 0.3355 26423296
249 0.49 26501120
250 0.4252 26820608