1 0.0386 8998912
2 0.0387 8970240
3 0.0407 9003008
4 0.0425 9056256
5 0.0411 9048064
6 0.0407 9113600
7 0.0411 9138176
8 0.0412 9146368
9 0.0457 9154560
10 0.0429 9166848
11 0.0437 9179136
12 0.044 9207808
13 0.0473 9228288
14 0.0478 9248768
15 0.0452 9252864
16 0.0439 9256960
17 0.0451 9330688
18 0.0451 9351168
19 0.0459 9371648
20 0.0465 9412608
21 0.0471 9424896
22 0.0472 9449472
23 0.048 9465856
24 0.0481 9494528
25 0.0508 9510912
26 0.0489 9498624
27 0.0537 9551872
28 0.0503 9584640
29 0.0507 9605120
30 0.0537 9617408
31 0.0574 9740288
32 0.0529 9646080
33 0.0568 9703424
34 0.0567 9748480
35 0.0538 9768960
36 0.054 9764864
37 0.0545 9830400
38 0.0595 9846784
39 0.0557 9895936
40 0.0566 9945088
41 0.0577 9932800
42 0.0618 9994240
43 0.0627 10027008
44 0.0632 10063872
45 0.0594 10108928
46 0.0599 10145792
47 0.0699 10256384
48 0.0652 10203136
49 0.0663 10235904
50 0.0625 10276864
51 0.0646 10293248
52 0.064 10338304
53 0.0644 10399744
54 0.0645 10424320
55 0.0656 10452992
56 0.0698 10485760
57 0.068 10514432
58 0.0716 10547200
59 0.0716 10588160
60 0.0698 10620928
61 0.0728 10661888
62 0.0698 10743808
63 0.0716 10813440
64 0.0744 10850304
65 0.072 10911744
66 0.0773 11030528
67 0.0766 10936320
68 0.0766 10969088
69 0.076 11010048
70 0.0791 11063296
71 0.0756 11112448
72 0.0763 11153408
73 0.0768 11149312
74 0.0783 11235328
75 0.078 11284480
76 0.08 11300864
77 0.0792 11317248
78 0.0843 11403264
79 0.0802 11452416
80 0.0813 11493376
81 0.0841 11522048
82 0.0866 11575296
83 0.0836 11644928
84 0.0845 11706368
85 0.0875 11730944
86 0.0899 11796480
87 0.0919 11845632
88 0.0883 11923456
89 0.0932 11964416
90 0.0896 12038144
91 0.0898 12079104
92 0.0923 12128256
93 0.092 12201984
94 0.0939 12255232
95 0.0984 12316672
96 0.0944 12353536
97 0.0993 12414976
98 0.0961 12476416
99 0.0977 12533760
100 0.0992 12574720
101 0.1022 12636160
102 0.1039 12701696
103 0.1649 12709888
104 0.1027 12800000
105 0.1026 12869632
106 0.1073 12902400
107 0.1076 12959744
108 0.1079 13021184
109 0.1089 13074432
110 0.1099 13131776
111 0.1067 13209600
112 0.1101 13246464
113 0.1098 13307904
114 0.1109 13369344
115 0.1109 13434880
116 0.1117 13447168
117 0.1117 13500416
118 0.1149 13602816
119 0.1186 13668352
120 0.1138 13713408
121 0.1197 13787136
122 0.1207 13840384
123 0.1188 13914112
124 0.1177 13983744
125 0.119 14004224
126 0.125 14118912
127 0.1227 14184448
128 0.1238 14249984
129 0.1387 14401536
130 0.128 14397440
131 0.1278 14434304
132 0.1307 14536704
133 0.1283 14569472
134 0.1334 14663680
135 0.1306 14712832
136 0.1336 14798848
137 0.1348 14860288
138 0.1331 14921728
139 0.135 14987264
140 0.1343 15069184
141 0.1359 15122432
142 0.1402 15196160
143 0.1415 15273984
144 0.1395 15310848
145 0.1412 15417344
146 0.1393 15532032
147 0.1433 15601664
148 0.1422 15699968
149 0.1472 15785984
150 0.1477 15835136
151 0.1486 15949824
152 0.1485 16003072
153 0.1521 16097280
154 0.1525 16171008
155 0.1534 16265216
156 0.1508 16334848
157 0.1561 16531456
158 0.157 16515072
159 0.1547 16572416
160 0.1539 16703488
161 0.1546 16695296
162 0.1564 16797696
163 0.1616 16867328
164 0.1626 16973824
165 0.1632 17031168
166 0.161 17117184
167 0.1635 17182720
168 0.1677 17264640
169 0.1637 17342464
170 0.166 17424384
171 0.1707 17477632
172 0.1682 17575936
173 0.1729 17625088
174 0.1717 17690624
175 0.1758 17805312
176 0.1771 17858560
177 0.1764 17965056
178 0.1801 18071552
179 0.1815 18149376
180 0.1791 18227200
181 0.1811 18321408
182 0.1805 18350080
183 0.1827 18493440
184 0.1867 18591744
185 0.1868 18702336
186 0.1857 18808832
187 0.1889 18857984
188 0.1887 18898944
189 0.191 19046400
190 0.1936 19136512
191 0.1937 19226624
192 0.1926 19320832
193 0.1944 19419136
194 0.2033 19673088
195 0.2002 19570688
196 0.205 19836928
197 0.2021 19759104
198 0.2027 19886080
199 0.2109 19955712
200 0.2053 20062208
201 0.2083 20164608
202 0.2079 20193280
203 0.2098 20291584
204 0.2117 20406272
205 0.2158 20492288
206 0.2117 20586496
207 0.2137 20594688
208 0.2222 20889600
209 0.2147 20725760
210 0.2185 20807680
211 0.2209 20979712
212 0.2222 21004288
213 0.2207 21139456
214 0.2264 21237760
215 0.2238 21331968
216 0.2299 21495808
217 0.229 21499904
218 0.2333 21606400
219 0.2292 21725184
220 0.2284 21852160
221 0.2312 21905408
222 0.2353 22040576
223 0.2346 22142976
224 0.2341 22212608
225 0.2357 22339584
226 0.2373 22441984
227 0.239 22503424
228 0.2413 22646784
229 0.2418 22745088
230 0.2459 22827008
231 0.2467 22937600
232 0.2508 23035904
233 0.249 23158784
234 0.2503 23207936
235 0.2489 23367680
236 0.2549 23490560
237 0.2588 23543808
238 0.2573 23674880
239 0.2569 23769088
240 0.2619 23883776
241 0.2578 24002560
242 0.2635 24121344
243 0.2706 24199168
244 0.2705 24313856
245 0.2696 24432640
246 0.2646 24547328
247 0.271 24645632
248 0.2763 24756224
249 0.281 24862720
250 0.2762 24956928
251 0.2739 25051136
252 0.2789 25157632
253 0.2803 25305088
254 0.2806 25407488
255 0.2862 25518080
256 0.2911 25624576
257 0.2832 25751552
258 0.2887 26112000
259 0.2912 26005504
260 0.2888 26132480
261 0.2906 26218496
262 0.2931 26345472
263 0.2934 26472448
264 0.2989 26591232
265 0.2991 26705920
266 0.3052 26836992
267 0.3 26935296
268 0.3026 27037696
269 0.3009 27160576
270 0.3093 27295744
271 0.3083 27414528
272 0.3044 27533312
273 0.3136 27672576
274 0.3158 27750400
275 0.3137 27885568
276 0.3143 27996160
277 0.316 28131328
278 0.3202 28221440
279 0.3163 28348416
280 0.3256 28491776
281 0.3209 28602368
282 0.3237 28729344
283 0.3316 28844032
284 0.3283 28999680
285 0.3393 29106176
286 0.3406 29278208
287 0.3361 29491200
288 0.3462 29900800
289 0.3608 29863936
290 0.3362 29913088
291 0.3432 30011392
292 0.3435 30142464
293 0.3384 30289920
294 0.3416 30400512
295 0.3475 30531584
296 0.3453 30629888
297 0.3505 30793728
298 0.3554 30900224
299 0.3495 31019008
300 0.3644 31154176
301 0.3604 31330304
302 0.3571 31432704
303 0.3602 31559680
304 0.3611 31711232
305 0.3677 31834112
306 0.3616 31952896
307 0.3637 32120832
308 0.3679 32243712
309 0.3722 32387072
310 0.3723 32530432
311 0.3707 32632832
312 0.377 32751616
313 0.3747 32923648
314 0.3818 33046528
315 0.3796 33185792
316 0.3862 33320960
317 0.3828 33492992
318 0.3862 33894400
319 0.3922 33738752
320 0.3952 33878016
321 0.3877 34029568
322 0.3977 34181120
323 0.395 34291712
324 0.3966 34455552
325 0.3955 34578432
326 0.4057 34729984
327 0.3981 34897920
328 0.4014 35004416
329 0.4124 35151872
330 0.4365 35287040
331 0.4085 35430400
332 0.4181 35606528
333 0.4087 35704832
334 0.4127 35852288
335 0.4116 36016128
336 0.4138 36155392
337 0.4249 36499456
338 0.4194 36446208
339 0.4276 36532224
340 0.4207 36720640
341 0.4218 36884480
342 0.4313 37031936
343 0.4282 37179392
344 0.4287 37335040
345 0.4394 37777408
346 0.4316 37584896
347 0.4429 37814272
348 0.4419 37904384
349 0.4439 38084608
350 0.453 38248448
351 0.4573 38395904
352 0.4442 38555648
353 0.4485 38707200
354 0.4524 38842368
355 0.4536 39018496
356 0.4546 39194624
357 0.4662 39493632
358 0.4567 39505920
359 0.4657 39673856
360 0.4645 39817216
361 0.4627 39964672
362 0.4692 40153088
363 0.4691 40296448
364 0.4703 40452096
365 0.4953 40624128
366 0.472 40804352
367 0.4775 40943616
368 0.485 41095168
369 0.4838 41275392
370 0.4843 41439232
371 0.4896 41578496
372 0.4925 41758720
373 0.4877 41943040
374 0.4901 42090496
375 0.4932 42250240
376 0.4971 42418176
377 0.496 42586112
378 0.5196 42913792
379 0.5034 42901504
380 0.5062 43102208
381 0.5048 43261952
382 0.5135 43470848
383 0.5091 43630592
384 0.514 43778048
385 0.5201 43950080
386 0.5188 44118016
387 0.5211 44281856
388 0.5264 44474368
389 0.5276 44634112
390 0.5325 44797952
391 0.5287 44924928
392 0.5357 45137920
393 0.5354 45289472
394 0.5371 45461504
395 0.5372 45641728
396 0.552 45797376
397 0.5459 45973504
398 0.5427 46145536
399 0.5428 46317568
400 0.5487 46460928
401 0.5475 46665728
402 0.5536 46821376
403 0.5595 47005696
404 0.5547 47169536
405 0.5667 47812608
406 0.5791 47591424
407 0.5729 47706112
408 0.5821 47902720
409 0.582 48066560
410 0.5791 48259072
411 0.5733 48402432
412 0.5723 48570368
413 0.5932 48762880
414 0.5956 48939008
415 0.5855 49074176
416 0.5818 49303552
417 0.595 49446912
418 0.5831 49659904
419 0.5967 49811456
420 0.6041 49971200
421 0.5977 50167808
422 0.6148 50700288
423 0.6027 50552832
424 0.602 50704384
425 0.6104 50896896
426 0.6156 51068928
427 0.623 51286016
428 0.6139 51462144
429 0.6091 51654656
430 0.6267 51834880
431 0.619 51986432
432 0.6216 52285440
433 0.6436 52355072
434 0.6407 52944896
435 0.6284 52727808
436 0.6373 52912128
437 0.6299 53092352
438 0.6303 53272576
439 0.6376 53456896
440 0.6407 53665792
441 0.641 53833728
442 0.6396 54026240
443 0.6421 54231040
444 0.6623 54464512
445 0.6825 54595584
446 0.6567 54755328
447 0.6667 54960128
448 0.6553 55111680
449 0.6729 55316480
450 0.6667 55595008
451 0.6714 55713792
452 0.6654 55902208
453 0.6667 56123392
454 0.6685 56299520
455 0.6714 56487936
456 0.6725 56651776
457 0.6767 56852480
458 0.682 57069568
459 0.6819 57249792
460 0.686 57458688
461 0.7006 57647104
462 0.6906 57839616
463 0.691 58040320
464 0.6997 58212352
465 0.7805 59183104
466 0.7132 59088896
467 0.7218 58802176
468 0.7085 59011072
469 0.7111 59199488
470 0.715 59396096
471 0.7116 59580416
472 0.7146 60293120
473 0.7174 59990016
474 0.7387 60157952
475 0.7349 60379136
476 0.7273 60583936
477 0.7268 60805120
478 0.7348 61108224
479 0.7294 61100032
480 0.7545 61284352
481 0.7483 61526016
482 0.7415 61689856
483 0.7415 61870080
484 0.7561 62058496
485 0.746 62283776
486 0.747 62464000
487 0.7482 62676992
488 0.7556 62881792
489 0.7582 63115264
490 0.7617 63291392
491 0.763 64143360
492 0.7614 63713280
493 0.7569 63918080
494 0.7872 64122880
495 0.7821 64319488
496 0.7731 64528384
497 0.7768 64757760
498 0.8344 64999424
499 0.7812 65130496
500 0.8071 65355776
501 0.8063 66265088
502 0.7875 65777664
503 0.799 65990656
504 0.8141 66187264
505 0.8197 67129344
506 0.8187 66613248
507 0.8101 66838528
508 0.825 67039232
509 0.8086 67260416
510 0.8513 67862528
511 0.8125 67670016
512 0.8349 67895296
513 0.832 68247552
514 0.8255 68624384
515 0.8236 68571136
516 0.8261 68775936
517 0.8391 69009408
518 0.8608 69222400
519 0.8561 69427200
520 0.8601 70553600
521 0.8446 69890048
522 0.8658 70115328
523 0.8502 70336512
524 0.869 70520832
525 0.8543 70791168
526 0.8813 70971392
527 0.8569 71188480
528 0.8717 71393280
529 0.8915 71634944
530 0.8887 71835648
531 0.8678 72060928
532 0.8762 72294400
533 0.8734 72507392
534 0.886 72740864
535 0.8866 72966144
536 0.8882 73768960
537 0.8804 73379840
538 0.8912 73633792
539 0.8919 73842688
540 0.897 74092544
541 0.8925 74301440
542 0.9042 74559488
543 0.9157 74756096
544 0.9148 74993664
545 0.9023 75218944
546 0.917 75456512
547 0.9157 75681792
548 0.9208 76099584
549 0.9347 76120064
550 0.9243 76349440
551 0.9281 76578816
552 0.9281 76812288
553 0.9351 77041664
554 0.9294 77266944
555 1.0069 77524992
556 0.9517 78233600
557 0.952 77955072
558 0.9586 78815232
559 0.9666 78467072
560 0.9542 78688256
561 0.9506 78901248
562 0.9739 79138816
563 0.9536 79351808
564 0.9657 79618048
565 0.9916 79908864
566 0.9692 80048128
567 0.9815 80801792
568 0.9721 80539648
569 0.9924 80769024
570 1.0003 81002496
571 0.9868 81235968
572 0.9967 81469440
573 0.9955 81698816
574 1.0224 81948672
575 0.9932 82235392
576 0.9938 82481152
577 0.9961 83365888
578 0.9992 82956288
579 0.9989 83193856
580 1.0137 83456000
581 1.0032 83705856
582 1.0194 83910656
583 1.0202 84164608
584 1.0145 84398080
585 1.0293 84672512
586 1.0249 85012480
587 1.0266 85139456
588 1.0366 85368832
589 1.062 85639168
590 1.0383 85856256
591 1.0398 86159360
592 1.0387 86351872
593 1.0638 86605824
594 1.045 86822912
595 1.0662 87064576
596 1.0533 87330816
597 1.0614 88449024
598 1.053 87838720
599 1.0915 88072192
600 1.0661 88305664
601 1.073 88522752
602 1.0766 88784896
603 1.077 89784320
604 1.1048 89321472
605 1.0921 89808896
606 1.0882 89825280
607 1.0979 90038272
608 1.0986 90324992
609 1.0893 90595328
610 1.0992 90820608
611 1.1019 91070464
612 1.1448 91365376
613 1.1167 91590656
614 1.1095 92594176
615 1.1065 92094464
616 1.1163 92336128
617 1.129 92590080
618 1.1162 92868608
619 1.1266 93122560
620 1.1261 93401088
621 1.1394 93667328
622 1.1518 93974528
623 1.1391 94171136
624 1.1404 94511104
625 1.1906 94658560
626 1.1407 94887936
627 1.1688 95182848
628 1.1545 95543296
629 1.1486 95682560
630 1.1539 95993856
631 1.1588 96227328
632 1.1617 96436224
633 1.1643 96722944
634 1.1709 97030144
635 1.1815 97271808
636 1.1852 97464320
637 1.1911 98643968
638 1.2006 98050048
639 1.1989 98951168
640 1.1835 98570240
641 1.1882 98816000
642 1.2123 99119104
643 1.2041 99373056
644 1.1986 99672064
645 1.2148 99872768
646 1.207 100184064
647 1.2372 100413440
648 1.2096 100732928
649 1.215 100982784
650 1.221 101253120
651 1.2313 101486592
652 1.2309 101789696
653 1.2254 102043648
654 1.2299 102326272
655 1.2495 103006208
656 1.274 102912000
657 1.324 103120896
658 1.2862 103395328
659 1.2638 103641088
660 1.2484 103940096
661 1.2589 104873984
662 1.2704 104501248
663 1.2777 104808448
664 1.2675 105058304
665 1.278 105340928
666 1.2732 105607168
667 1.3189 105914368
668 1.2763 106139648
669 1.3032 107057152
670 1.3412 106708992
671 1.3057 107446272
672 1.2918 107229184
673 1.3059 107515904
674 1.3407 107806720
675 1.2962 108077056
676 1.3291 108331008
677 1.3055 108638208
678 1.3146 108916736
679 1.3058 109174784
680 1.3161 109465600
681 1.3277 109731840
682 1.3211 110026752
683 1.3261 110284800
684 1.3685 110596096
685 1.335 111525888
686 1.3425 111165440
687 1.3512 111452160
688 1.3676 111706112
689 1.348 112013312
690 1.3499 112373760
691 1.3577 112525312
692 1.3687 112857088
693 1.3835 113164288
694 1.3647 113422336
695 1.3733 113721344
696 1.4329 113995776
697 1.3792 114274304
698 1.3848 114552832
699 1.3821 114847744
700 1.3972 115232768
701 1.4259 115417088
702 1.4018 115736576
703 1.3981 116051968
704 1.3933 116318208
705 1.4171 116633600
706 1.4138 116940800
707 1.4042 117243904
708 1.4167 117522432
709 1.4183 117825536
710 1.4319 118607872
711 1.4687 118468608
712 1.4273 118714368
713 1.4509 119001088
714 1.4409 119287808
715 1.4371 119590912
716 1.481 120299520
717 1.4465 120504320
718 1.4634 120496128
719 1.5487 121098240
720 1.574 121495552
721 1.6245 121851904
722 1.5023 122171392
723 1.5181 122429440
724 1.5584 122421248
725 1.5085 122724352
726 1.5263 123060224
727 1.4832 123183104
728 1.5062 123510784
729 1.4931 123834368
730 1.4984 124121088
731 1.5971 124694528
732 1.6581 125194240
733 1.6439 125648896
734 1.554 125419520
735 1.526 125943808
736 1.5117 127221760
737 1.7707 126717952
738 1.5487 126558208
739 1.5311 126898176
740 1.5367 127193088
741 1.53 127516672
742 1.5672 127803392
743 1.5989 129200128
744 1.5439 128409600
745 1.5584 128749568
746 1.6029 129040384
747 1.5871 129884160
748 1.5706 129683456
749 1.5778 130084864
750 1.7035 130588672
751 1.607 130818048
752 1.5799 130924544
753 1.6331 131276800
754 1.5844 131903488
755 1.6078 131878912
756 1.6107 133267456
757 1.6427 132472832
758 1.5981 132857856
759 1.6087 133111808
760 1.6348 133873664
761 1.6126 134021120
762 1.6253 135012352
763 1.6594 134586368
764 1.6561 134684672
765 1.6966 135000064
766 1.6348 135434240
767 1.6507 135630848
768 1.6376 136187904
769 1.6914 136331264
770 1.6367 136613888
771 1.659 136990720
772 1.6505 137302016
773 1.6653 137728000
774 1.6724 137945088
775 1.6621 138235904
776 1.715 138575872
777 1.6752 138891264
778 1.7523 139227136
779 1.703 139522048
780 1.7036 140013568
781 1.6896 140152832
782 1.6926 140472320
783 1.729 140775424
784 1.6891 141111296
785 1.702 141430784
786 1.7089 141733888
787 1.7357 142102528
788 1.7141 142389248
789 1.7164 142725120
790 1.7267 143040512
791 1.7409 144273408
792 1.7813 143728640
793 1.7294 144031744
794 1.7634 144338944
795 1.7549 145096704
796 1.785 145014784
797 1.7511 145739776
798 1.8182 145784832
799 1.7686 146141184
800 1.7757 146325504