1 0.0444 8957952
2 0.0406 8966144
3 0.0475 8945664
4 0.0452 9003008
5 0.0462 9031680
6 0.044 9060352
7 0.0436 9056256
8 0.0472 9072640
9 0.0479 9089024
10 0.0469 9150464
11 0.0454 9138176
12 0.049 9199616
13 0.0486 9220096
14 0.0489 9224192
15 0.0535 9281536
16 0.0494 9273344
17 0.0521 9297920
18 0.0506 9326592
19 0.0542 9363456
20 0.0509 9420800
21 0.0539 9412608
22 0.0559 9437184
23 0.0516 9478144
24 0.054 9498624
25 0.0559 9527296
26 0.0537 9564160
27 0.0573 9609216
28 0.0562 9637888
29 0.062 9670656
30 0.059 9703424
31 0.0631 9732096
32 0.058 9773056
33 0.062 9842688
34 0.0639 9830400
35 0.0615 9904128
36 0.0604 9916416
37 0.0598 9953280
38 0.0601 10027008
39 0.0607 9998336
40 0.0604 10076160
41 0.0675 10104832
42 0.0631 10141696
43 0.0641 10182656
44 0.0662 10223616
45 0.0662 10268672
46 0.0664 10317824
47 0.0687 10350592
48 0.0675 10391552
49 0.0711 10465280
50 0.0694 10461184
51 0.0719 10498048
52 0.0713 10551296
53 0.0708 10661888
54 0.0713 10715136
55 0.0742 10719232
56 0.0741 10780672
57 0.0753 10838016
58 0.0743 10838016
59 0.0779 10911744
60 0.0779 11022336
61 0.0818 11010048
62 0.0813 11055104
63 0.079 11067392
64 0.0824 11153408
65 0.0847 11173888
66 0.0833 11259904
67 0.0854 11235328
68 0.0901 11259904
69 0.083 11337728
70 0.0853 11456512
71 0.0877 11440128
72 0.0887 11493376
73 0.0888 11587584
74 0.0845 11612160
75 0.0898 11698176
76 0.0931 11759616
77 0.0901 11726848
78 0.0897 11767808
79 0.0908 11833344
80 0.0918 11886592
81 0.0968 11960320
82 0.097 12021760
83 0.0942 12038144
84 0.0964 12111872
85 0.1002 12177408
86 0.1008 12230656
87 0.1033 12353536
88 0.1015 12337152
89 0.1022 12394496
90 0.1021 12455936
91 0.1184 12591104
92 0.1092 12566528
93 0.1103 12738560
94 0.1059 12820480
95 0.1077 12759040
96 0.11 12836864
97 0.1174 12939264
98 0.115 12910592
99 0.111 12976128
100 0.1131 13160448
101 0.1113 13176832
102 0.116 13262848
103 0.1191 13238272
104 0.1218 13316096
105 0.1213 13369344
106 0.1217 13430784
107 0.1179 13508608
108 0.1208 13570048
109 0.12 13651968
110 0.1308 13783040
111 0.1256 13819904
112 0.125 13840384
113 0.1294 13942784
114 0.1262 13983744
115 0.1288 14065664
116 0.1276 14196736
117 0.1265 14180352
118 0.1378 14405632
119 0.1322 14417920
120 0.1346 14479360
121 0.1395 14528512
122 0.1403 14663680
123 0.1383 14692352
124 0.137 14667776
125 0.1391 14749696
126 0.144 14823424
127 0.1409 14966784
128 0.1422 15024128
129 0.1416 15056896
130 0.1427 15130624
131 0.1455 15257600
132 0.1473 15249408
133 0.1524 15327232
134 0.1538 15400960
135 0.1505 15478784
136 0.1531 15548416
137 0.1517 15724544
138 0.1555 15699968
139 0.1626 15994880
140 0.1539 15839232
141 0.1551 15904768
142 0.1633 16019456
143 0.1603 16076800
144 0.1646 16162816
145 0.1652 16334848
146 0.16 16367616
147 0.1686 16437248
148 0.1689 16584704
149 0.1683 16695296
150 0.1726 16723968
151 0.1728 16838656
152 0.172 16875520
153 0.1763 17080320
154 0.1706 17190912
155 0.172 17231872
156 0.1741 17309696
157 0.1798 17342464
158 0.1766 17502208
159 0.1834 17498112
160 0.1827 17653760
161 0.1804 17715200
162 0.1851 17768448
163 0.1872 17924096
164 0.1853 18018304
165 0.1916 18104320
166 0.1909 18063360
167 0.1927 18137088
168 0.1963 18259968
169 0.1939 18411520
170 0.191 18370560
171 0.1945 18526208
172 0.1951 18579456
173 0.2016 18624512
174 0.2016 18710528
175 0.2069 18833408
176 0.2061 18976768
177 0.2026 18890752
178 0.2035 19017728
179 0.2028 19050496
180 0.2112 19140608
181 0.2168 19308544
182 0.2078 19304448
183 0.211 19525632
184 0.2163 19611648
185 0.214 19591168
186 0.2145 19664896
187 0.2206 19767296
188 0.2396 19976192
189 0.2184 19959808
190 0.2227 20180992
191 0.2206 20180992
192 0.2221 20275200
193 0.2244 20410368
194 0.2279 20422656
195 0.2267 20590592
196 0.2332 20615168
197 0.2296 20770816
198 0.2398 20889600
199 0.2338 20897792
200 0.2348 21078016
201 0.2382 21221376
202 0.2407 21278720
203 0.2426 21307392
204 0.2402 21405696
205 0.2419 21610496
206 0.2462 21635072
207 0.2453 21770240
208 0.2531 22114304
209 0.2472 22065152
210 0.2509 22003712
211 0.2556 22097920
212 0.2504 22241280
213 0.2632 22384640
214 0.2595 22618112
215 0.261 22523904
216 0.2602 22753280
217 0.2624 22736896
218 0.2597 22867968
219 0.2739 23207936
220 0.2669 23085056
221 0.2711 23556096
222 0.2668 23273472
223 0.2717 23384064
224 0.2705 23527424
225 0.2686 23572480
226 0.274 23748608
227 0.2723 23846912
228 0.2759 23977984
229 0.2801 23998464
230 0.2796 24104960
231 0.2952 24313856
232 0.2813 24424448
233 0.2853 24625152
234 0.2861 24621056
235 0.2921 24801280
236 0.2978 25038848
237 0.2903 25190400
238 0.2918 25075712
239 0.3044 25305088
240 0.3005 25321472
241 0.309 25497600
242 0.307 25595904
243 0.4068 25853952
244 0.3541 26050560
245 0.3429 26140672
246 0.3662 26193920
247 0.3168 26066944
248 0.3215 26288128
249 0.3238 26353664
250 0.3225 26484736