1 0.003 6676480
2 0.0031 6688768
3 0.0031 6696960
4 0.0032 6692864
5 0.0033 6696960
6 0.0044 6717440
7 0.0034 6701056
8 0.0036 6729728
9 0.0035 6713344
10 0.0036 6721536
11 0.0046 6750208
12 0.0039 6750208
13 0.0038 6729728
14 0.0039 6733824
15 0.004 6746112
16 0.004 6746112
17 0.0059 6770688
18 0.0053 6782976
19 0.0042 6766592
20 0.0043 6770688
21 0.0058 6811648
22 0.0057 6803456
23 0.0046 6782976
24 0.0047 6819840
25 0.0048 6832128
26 0.0059 6811648
27 0.0048 6836224
28 0.0065 6832128
29 0.0049 6803456
30 0.0052 6856704
31 0.0084 6836224
32 0.0051 6828032
33 0.0065 6856704
34 0.0054 6881280
35 0.0072 6852608
36 0.0071 6856704
37 0.0068 6877184
38 0.0056 6860800
39 0.0081 6881280
40 0.0057 6868992
41 0.0058 6873088
42 0.0063 6901760
43 0.0082 6922240
44 0.006 6893568
45 0.0074 6914048
46 0.0075 6934528
47 0.0086 6934528
48 0.0064 6918144
49 0.0078 6938624
50 0.0065 6930432
51 0.0066 6930432
52 0.008 6959104
53 0.0067 6950912
54 0.0068 6959104
55 0.0071 6959104
56 0.007 7004160
57 0.0084 6995968
58 0.0071 6975488
59 0.0087 7004160
60 0.0087 7020544
61 0.0074 7024640
62 0.0075 7004160
63 0.0076 7028736
64 0.0089 7024640
65 0.0095 7016448
66 0.0078 7024640
67 0.0104 7057408
68 0.0093 7061504
69 0.0084 7073792
70 0.0095 7069696
71 0.0085 7090176
72 0.0082 7065600
73 0.0084 7069696
74 0.0085 7073792
75 0.012 7110656
76 0.0085 7094272
77 0.0087 7135232
78 0.0101 7131136
79 0.0095 7147520
80 0.0089 7122944
81 0.0127 7163904
82 0.0126 7172096
83 0.0092 7147520
84 0.0093 7159808
85 0.0094 7168000
86 0.0094 7172096
87 0.0108 7204864
88 0.0096 7180288
89 0.0096 7184384
90 0.0111 7221248
91 0.0098 7200768
92 0.01 7213056
93 0.0141 7237632
94 0.0101 7258112
95 0.0142 7254016
96 0.0103 7233536
97 0.0103 7241728
98 0.0104 7290880
99 0.0145 7286784
100 0.0106 7262208
101 0.0116 7315456
102 0.0112 7315456
103 0.0122 7311360
104 0.0111 7299072
105 0.011 7299072
106 0.0111 7335936
107 0.0112 7307264
108 0.0131 7344128
109 0.0114 7331840
110 0.0115 7340032
111 0.013 7356416
112 0.0118 7385088
113 0.016 7385088
114 0.0119 7393280
115 0.0133 7397376
116 0.0121 7401472
117 0.0123 7421952
118 0.0121 7385088
119 0.0123 7421952
120 0.0135 7430144
121 0.0131 7409664
122 0.0136 7442432
123 0.0131 7442432
124 0.013 7434240
125 0.0142 7458816
126 0.0175 7471104
127 0.0175 7467008
128 0.0146 7495680
129 0.0133 7471104
130 0.0148 7491584
131 0.0178 7516160
132 0.0135 7507968
133 0.015 7524352
134 0.0137 7528448
135 0.0183 7548928
136 0.0182 7557120
137 0.0182 7581696
138 0.0141 7557120
139 0.0143 7585792
140 0.0143 7634944
141 0.0187 7634944
142 0.0144 7610368
143 0.0146 7622656
144 0.015 7630848
145 0.0148 7634944
146 0.0193 7675904
147 0.0148 7655424
148 0.0172 7725056
149 0.0165 7688192
150 0.0154 7720960
151 0.0152 7712768
152 0.0198 7729152
153 0.0158 7700480
154 0.02 7745536
155 0.0155 7716864
156 0.0176 7757824
157 0.0162 7774208
158 0.0174 7774208
159 0.0163 7749632
160 0.0161 7766016
161 0.0162 7761920
162 0.0208 7802880
163 0.0179 7806976
164 0.0313 7815168
165 0.0166 7802880
166 0.0217 7839744
167 0.0217 7913472
168 0.0215 7847936
169 0.0188 7847936
170 0.0176 7860224
171 0.0187 7852032
172 0.0174 7839744
173 0.0188 7876608
174 0.0176 7892992
175 0.0183 7950336
176 0.018 7929856
177 0.0181 7933952
178 0.0194 7913472
179 0.0181 7905280
180 0.0227 7954432
181 0.0182 7921664
182 0.0186 7929856
183 0.0184 7966720
184 0.0187 7983104
185 0.0231 7983104
186 0.0189 7958528
187 0.0234 7995392
188 0.0191 8019968
189 0.0201 8019968
190 0.0205 8019968
191 0.0194 8028160
192 0.0195 8052736
193 0.024 8040448
194 0.0198 8024064
195 0.0238 8052736
196 0.0198 8044544
197 0.0198 8036352
198 0.0202 8081408
199 0.0247 8093696
200 0.0203 8060928
201 0.0218 8110080
202 0.0247 8110080
203 0.0206 8114176
204 0.0206 8093696
205 0.0222 8126464
206 0.021 8175616
207 0.0209 8130560
208 0.021 8114176
209 0.021 8126464
210 0.0258 8179712
211 0.0212 8146944
212 0.0256 8216576
213 0.0261 8179712
214 0.0217 8212480
215 0.0216 8179712
216 0.0219 8232960
217 0.0222 8261632
218 0.0265 8249344
219 0.0265 8253440
220 0.0268 8355840
221 0.0226 8228864
222 0.0271 8273920
223 0.0274 8282112
224 0.0243 8286208
225 0.0272 8298496
226 0.0228 8278016
227 0.0229 8302592
228 0.0236 8302592
229 0.025 8314880
230 0.0294 8400896
231 0.0233 8318976
232 0.0238 8368128
233 0.025 8376320
234 0.0239 8347648
235 0.0241 8404992
236 0.0284 8400896
237 0.0242 8380416
238 0.0245 8421376
239 0.0247 8421376
240 0.0288 8413184
241 0.0246 8425472
242 0.0262 8450048
243 0.0247 8404992
244 0.0252 8458240
245 0.0302 8560640
246 0.0255 8470528
247 0.0254 8536064
248 0.0269 8499200
249 0.0303 8503296
250 0.0258 8515584
251 0.0304 8495104
252 0.0269 8519680
253 0.0262 8544256
254 0.0263 8540160
255 0.0265 8531968
256 0.0262 8572928
257 0.027 8568832
258 0.0267 8634368
259 0.0268 8605696
260 0.0283 8617984
261 0.0274 8720384
262 0.0275 8597504
263 0.0274 8597504
264 0.0285 8630272
265 0.0274 8626176
266 0.0276 8667136
267 0.0282 8630272
268 0.029 8663040
269 0.0294 8687616
270 0.0294 8695808
271 0.0283 8675328
272 0.0287 8761344
273 0.0284 8691712
274 0.0287 8724480
275 0.03 8736768
276 0.0294 8769536
277 0.0303 8757248
278 0.0289 8753152
279 0.0293 8765440
280 0.0335 8806400
281 0.031 8785920
282 0.0296 8781824
283 0.0305 8802304
284 0.0296 8818688
285 0.0342 8839168
286 0.0299 8835072
287 0.0315 8847360
288 0.0301 8839168
289 0.0348 8867840
290 0.0305 8867840
291 0.0317 8880128
292 0.0305 8876032
293 0.0309 8908800
294 0.031 8900608
295 0.031 8957952
296 0.0354 8953856
297 0.0314 8949760
298 0.0357 8953856
299 0.0317 8953856
300 0.0316 8990720
301 0.0321 9080832
302 0.0365 9007104
303 0.0321 9003008
304 0.0327 8990720
305 0.0321 9035776
306 0.0328 9043968
307 0.0324 9011200
308 0.0339 9064448
309 0.033 9076736
310 0.0343 9093120
311 0.0331 9080832
312 0.0335 9064448
313 0.0379 9093120
314 0.0335 9093120
315 0.0334 9093120
316 0.0339 9158656
317 0.0342 9105408
318 0.0341 9125888
319 0.0341 9166848
320 0.0354 9179136
321 0.0345 9199616
322 0.0349 9207808
323 0.0359 9203712
324 0.0346 9183232
325 0.0348 9199616
326 0.0394 9232384
327 0.0356 9228288
328 0.0407 9269248
329 0.0357 9248768
330 0.0361 9261056
331 0.0399 9277440
332 0.0358 9244672
333 0.0363 9330688
334 0.036 9310208
335 0.0375 9334784
336 0.0369 9318400
337 0.0374 9347072
338 0.0367 9347072
339 0.0378 9383936
340 0.0415 9433088
341 0.0372 9408512
342 0.0386 9428992
343 0.0374 9457664
344 0.0377 9457664
345 0.0378 9490432
346 0.0387 9486336
347 0.0374 9445376
348 0.038 9498624
349 0.0427 9515008
350 0.0396 9510912
351 0.0384 9601024
352 0.0428 9564160
353 0.039 9560064
354 0.0389 9572352
355 0.0396 9580544
356 0.0395 9560064
357 0.0408 9568256
358 0.0396 9568256
359 0.0393 9596928
360 0.0402 9592832
361 0.04 9605120
362 0.0398 9654272
363 0.0412 9641984
364 0.041 9650176
365 0.0404 9682944
366 0.0404 9711616
367 0.0419 9703424
368 0.0422 9707520
369 0.0459 9809920
370 0.0416 9715712
371 0.0424 9744384
372 0.0411 9723904
373 0.0419 9744384
374 0.0415 9760768
375 0.043 9768960
376 0.0414 9785344
377 0.0421 9789440
378 0.0434 9801728
379 0.0486 10125312
380 0.0422 9850880
381 0.0436 9846784
382 0.0427 9846784
383 0.0466 9879552
384 0.0431 9879552
385 0.0429 9895936
386 0.0431 9904128
387 0.0447 9891840
388 0.0437 10031104
389 0.0477 10489856
390 0.0433 9924608
391 0.0443 9940992
392 0.0436 9945088
393 0.0437 9949184
394 0.0487 10002432
395 0.0456 10027008
396 0.0448 10039296
397 0.0447 10010624
398 0.0452 10067968
399 0.0454 10063872
400 0.0465 10051584
401 0.0494 10125312
402 0.0449 10137600
403 0.0499 10133504
404 0.0454 10088448
405 0.0461 10190848
406 0.0456 10129408
407 0.0559 10182656
408 0.0462 10162176
409 0.047 10145792
410 0.0471 10190848
411 0.0479 10199040
412 0.0477 10223616
413 0.0474 10215424
414 0.0482 10223616
415 0.0499 10326016
416 0.0482 10260480
417 0.0478 10248192
418 0.0485 10293248
419 0.0486 10289152
420 0.0485 10305536
421 0.0488 10321920
422 0.0487 10366976
423 0.0491 10342400
424 0.0492 10366976
425 0.0492 10362880
426 0.0496 10358784
427 0.0496 10391552
428 0.0495 10412032
429 0.0502 10403840
430 0.049 10412032
431 0.0509 10424320
432 0.0502 10469376
433 0.0505 10448896
434 0.0545 10489856
435 0.0503 10436608
436 0.0521 10481664
437 0.0499 10469376
438 0.0499 10522624
439 0.052 10555392
440 0.052 10547200
441 0.0507 10530816
442 0.0528 10645504
443 0.0554 10596352
444 0.0552 10620928
445 0.0515 10620928
446 0.0559 10612736
447 0.0517 10596352
448 0.0516 10649600
449 0.0528 10653696
450 0.0564 10690560
451 0.0521 10657792
452 0.054 10674176
453 0.0529 10641408
454 0.0568 10727424
455 0.0542 10739712
456 0.0526 10764288
457 0.0532 10743808
458 0.053 10772480
459 0.0581 10772480
460 0.0551 11546624
461 0.0564 10813440
462 0.0539 10825728
463 0.0586 10829824
464 0.0547 10907648
465 0.0546 10813440
466 0.0547 10891264
467 0.055 10825728
468 0.0593 10895360
469 0.0547 10891264
470 0.0568 10944512
471 0.0575 10924032
472 0.0554 10932224
473 0.0571 10952704
474 0.0647 11792384
475 0.0573 10956800
476 0.0575 10948608
477 0.0583 10993664
478 0.0567 11018240
479 0.0581 11030528
480 0.0567 11010048
481 0.0616 11018240
482 0.057 11034624
483 0.0571 11063296
484 0.0618 11141120
485 0.0618 11108352
486 0.0583 11190272
487 0.0579 11096064
488 0.0594 11124736
489 0.0626 11141120
490 0.063 11190272
491 0.0603 11132928
492 0.0603 11165696
493 0.0587 11141120
494 0.0595 11169792
495 0.0634 11231232
496 0.0599 11321344
497 0.0618 11218944
498 0.0612 11259904
499 0.0606 11296768
500 0.0602 11251712
501 0.0648 11288576
502 0.0603 11333632
503 0.0611 11325440
504 0.062 11452416
505 0.062 11419648
506 0.0656 11390976
507 0.0655 11452416
508 0.0634 11497472
509 0.0659 11472896
510 0.0667 11563008
511 0.0621 11440128
512 0.0621 11431936
513 0.062 11464704
514 0.0647 11509760
515 0.0671 11476992
516 0.0634 11476992
517 0.0629 11542528
518 0.0671 11526144
519 0.064 11517952
520 0.0635 11530240
521 0.0684 11603968
522 0.0644 11689984
523 0.069 11603968
524 0.0788 12181504
525 0.0706 11685888
526 0.0659 11603968
527 0.0653 11747328
528 0.0662 11649024
529 0.0653 11628544
530 0.0698 11681792
531 0.0653 11771904
532 0.0657 11714560
533 0.0675 11726848
534 0.0672 11747328
535 0.0706 11784192
536 0.0662 11759616
537 0.0664 11784192
538 0.0676 11804672
539 0.0713 11800576
540 0.0721 11808768
541 0.068 11821056
542 0.067 11829248
543 0.0671 11825152
544 0.0696 11988992
545 0.0695 11907072
546 0.0723 11849728
547 0.0681 11870208
548 0.0693 11943936
549 0.0683 11931648
550 0.0731 11956224
551 0.0687 11943936
552 0.0701 11988992
553 0.0749 12009472
554 0.07 12038144
555 0.0699 11972608
556 0.0706 12021760
557 0.0728 12017664
558 0.0708 12054528
559 0.07 12042240
560 0.0699 12066816
561 0.0711 12058624
562 0.0714 12107776
563 0.0712 12206080
564 0.073 12165120
565 0.0711 12185600
566 0.0716 12120064
567 0.0742 12152832
568 0.0717 12181504
569 0.0723 12181504
570 0.0766 12201984
571 0.0738 12206080
572 0.0725 12275712
573 0.0772 12316672
574 0.0734 12251136
575 0.0812 12374016
576 0.0759 12324864
577 0.0747 12304384
578 0.0749 12361728
579 0.0744 12316672
580 0.0793 12361728
581 0.0788 12369920
582 0.0746 12419072
583 0.075 12390400
584 0.0752 12443648
585 0.0751 12410880
586 0.0752 12480512
587 0.0769 12496896
588 0.0796 12447744
589 0.0773 12521472
590 0.0756 12521472
591 0.0806 12505088
592 0.0777 12558336
593 0.083 13058048
594 0.0769 12591104
595 0.0768 12673024
596 0.085 13873152
597 0.0822 12570624
598 0.0772 12632064
599 0.0775 12644352
600 0.0802 12685312
601 0.0822 12713984
602 0.0836 12648448
603 0.0798 12709888
604 0.0807 12726272
605 0.0787 12775424
606 0.0836 12808192
607 0.0835 12824576
608 0.0792 12713984
609 0.2164 12693504
610 0.0801 12857344
611 0.0804 12754944
612 0.0893 14381056
613 0.0806 12795904
614 0.0847 14049280
615 0.0845 12886016
616 0.0807 12918784
617 0.0853 12988416
618 0.0831 12955648
619 0.0813 12976128
620 0.0873 14422016
621 0.0834 12955648
622 0.0865 13860864
623 0.086 12984320
624 0.0822 13066240
625 0.0836 13049856
626 0.0825 13082624
627 0.0877 13025280
628 0.0831 13033472
629 0.218 13123584
630 0.0829 13070336
631 0.0852 13168640
632 0.0847 13168640
633 0.0938 14639104
634 0.0843 13230080
635 0.0852 13242368
636 0.0859 13225984
637 0.089 13250560
638 0.0846 13250560
639 0.0849 13275136
640 0.0908 13283328
641 0.0874 13307904
642 0.087 13340672
643 0.0869 13389824
644 0.0869 13344768
645 0.0898 13393920
646 0.0881 13414400
647 0.0868 13422592
648 0.091 13443072
649 0.2242 13475840
650 0.093 14966784
651 0.0922 13606912
652 0.0875 13516800
653 0.0882 13455360
654 0.0933 13541376
655 0.0884 13631488
656 0.0908 13561856
657 0.0952 14901248
658 0.0899 13606912
659 0.091 13627392
660 0.0894 13676544
661 0.0895 13717504
662 0.0957 13668352
663 0.0913 13684736
664 0.0897 13770752
665 0.0905 13697024
666 0.0972 13766656
667 0.0917 13733888
668 0.2414 13733888
669 0.0966 13860864
670 0.0923 13848576
671 0.0914 13836288
672 0.0924 13938688
673 0.0929 13807616
674 0.0976 13914112
675 0.0941 13828096
676 0.0929 13967360
677 0.0946 13926400
678 0.0946 13979648
679 0.0932 13950976
680 0.0938 13975552
681 0.0983 14004224
682 0.0947 14053376
683 0.0952 14077952
684 0.1034 14786560
685 0.0989 14143488
686 0.0949 14127104
687 0.1001 14155776
688 0.2291 14139392
689 0.0978 14147584
690 0.106 14245888
691 0.1009 14241792
692 0.0971 14139392
693 0.0967 14245888
694 0.0978 14270464
695 0.0964 14241792
696 0.1006 14299136
697 0.1005 14401536
698 0.0984 14282752
699 0.0971 14311424
700 0.0986 14372864
701 0.1001 14368768
702 0.0994 14450688
703 0.0971 14376960
704 0.1063 16044032
705 0.1014 14413824
706 0.1008 14442496
707 0.0984 14639104
708 0.2331 14528512
709 0.1002 14495744
710 0.1121 14585856
711 0.0996 14483456
712 0.1004 14659584
713 0.0998 14512128
714 0.1007 14639104
715 0.1006 14577664
716 0.1005 14606336
717 0.1023 14651392
718 0.1019 14704640
719 0.1003 14635008
720 0.11 15982592
721 0.1075 16605184
722 0.1023 14766080
723 0.1019 14757888
724 0.1018 14868480
725 0.1027 14802944
726 0.1083 14823424
727 0.1038 14815232
728 0.2479 14823424
729 0.1053 14835712
730 0.1027 14950400
731 0.1103 14958592
732 0.1077 14934016
733 0.1041 14954496
734 0.1048 14950400
735 0.1049 15036416
736 0.105 15015936
737 0.1096 15220736
738 0.1102 15085568
739 0.1047 15052800
740 0.1055 15097856
741 0.1067 15052800
742 0.1052 15134720
743 0.1071 15175680
744 0.1065 15187968
745 0.1082 15093760
746 0.108 15142912
747 0.1066 15179776
748 0.247 15278080
749 0.1069 15278080
750 0.107 15224832
751 0.1072 15286272
752 0.1118 15302656
753 0.1076 15257600
754 0.1078 15323136
755 0.1131 15360000
756 0.1089 15351808
757 0.1098 15372288
758 0.1092 15405056
759 0.1136 15396864
760 0.1138 15495168
761 0.1222 15503360
762 0.1108 15478784
763 0.11 15511552
764 0.1142 15753216
765 0.1213 17317888
766 0.1155 15564800
767 0.289 15572992
768 0.112 15589376
769 0.2622 15589376
770 0.1156 15613952
771 0.1135 15691776
772 0.1134 15630336
773 0.1215 15884288
774 0.1117 15642624
775 0.1166 15720448
776 0.1132 15773696
777 0.1161 15732736
778 0.1141 15781888
779 0.1194 15814656
780 0.1149 15790080
781 0.1155 15859712
782 0.1139 15773696
783 0.1151 15892480
784 0.1152 15851520
785 0.1158 15941632
786 0.114 15908864
787 0.1158 15900672
788 0.115 15953920
789 0.2724 16015360
790 0.116 15958016
791 0.12 15970304
792 0.118 15982592
793 0.1202 16039936
794 0.1172 16162816
795 0.1218 16076800
796 0.1176 16093184
797 0.1184 16097280
798 0.1189 16093184
799 0.1167 16162816
800 0.1191 17444864