1 0.0388 8994816
2 0.0393 8970240
3 0.0393 8982528
4 0.0396 9039872
5 0.2335 9015296
6 0.0404 9076736
7 0.0448 9121792
8 0.0429 9129984
9 0.0429 9146368
10 0.0419 9138176
11 0.0442 9175040
12 0.0431 9175040
13 0.043 9199616
14 0.0492 9261056
15 0.0439 9236480
16 0.0463 9277440
17 0.0447 9289728
18 0.0469 9342976
19 0.048 9355264
20 0.0467 9408512
21 0.0467 9424896
22 0.0515 9445376
23 0.0479 9433088
24 0.0528 9478144
25 0.2447 9494528
26 0.0538 9527296
27 0.0493 9527296
28 0.0501 9543680
29 0.0549 9601024
30 0.0505 9592832
31 0.0555 9654272
32 0.0563 9674752
33 0.0524 9707520
34 0.054 9732096
35 0.0536 9768960
36 0.0537 9801728
37 0.0547 9789440
38 0.059 9854976
39 0.0556 9859072
40 0.0579 9920512
41 0.0585 9953280
42 0.0578 9961472
43 0.0598 10022912
44 0.2322 10072064
45 0.0603 10072064
46 0.0598 10100736
47 0.0603 10133504
48 0.0622 10207232
49 0.062 10203136
50 0.0636 10256384
51 0.0641 10289152
52 0.0635 10342400
53 0.064 10346496
54 0.0644 10383360
55 0.0651 10416128
56 0.0674 10489856
57 0.0678 10514432
58 0.0713 10551296
59 0.0714 10588160
60 0.0704 10629120
61 0.0731 10665984
62 0.0697 10743808
63 0.07 10776576
64 0.2548 10854400
65 0.0718 10862592
66 0.0728 10956800
67 0.0736 10977280
68 0.0744 11010048
69 0.0749 11018240
70 0.0751 11079680
71 0.0766 11112448
72 0.0769 11145216
73 0.0777 11198464
74 0.079 11235328
75 0.0788 11284480
76 0.0801 11313152
77 0.0804 11354112
78 0.0811 11403264
79 0.0811 11452416
80 0.2704 11472896
81 0.0856 11526144
82 0.0844 11575296
83 0.0877 11636736
84 0.0849 11657216
85 0.0871 11718656
86 0.0867 11763712
87 0.0889 11833344
88 0.088 11874304
89 0.0886 11972608
90 0.0935 12025856
91 0.0903 12038144
92 0.0916 12083200
93 0.0923 12152832
94 0.0932 12251136
95 0.0983 12312576
96 0.0947 12316672
97 0.0954 12365824
98 0.2761 12423168
99 0.0974 12529664
100 0.0981 12546048
101 0.104 12677120
102 0.0993 12648448
103 0.1013 12742656
104 0.1021 12763136
105 0.1035 12865536
106 0.1031 12918784
107 0.1054 12939264
108 0.1062 13021184
109 0.1095 13062144
110 0.1062 13090816
111 0.107 13164544
112 0.1071 13213696
113 0.1133 13303808
114 0.1098 13361152
115 0.1115 13418496
116 0.1134 13463552
117 0.1117 13549568
118 0.3051 13561856
119 0.1155 13656064
120 0.1162 13705216
121 0.1151 13746176
122 0.1179 13803520
123 0.1172 13918208
124 0.1208 13967360
125 0.1206 14020608
126 0.1201 14106624
127 0.1225 14192640
128 0.1217 14213120
129 0.1233 14270464
130 0.1265 14389248
131 0.1267 14413824
132 0.1276 14532608
133 0.1266 14536704
134 0.1294 14651392
135 0.3243 14671872
136 0.1319 14786560
137 0.1308 14827520
138 0.1359 14921728
139 0.1323 14995456
140 0.1385 15060992
141 0.1352 15089664
142 0.137 15196160
143 0.1375 15261696
144 0.1367 15347712
145 0.1426 15425536
146 0.1401 15478784
147 0.1449 15601664
148 0.1423 15654912
149 0.1428 15736832
150 0.1484 15847424
151 0.1457 15900672
152 0.1459 15970304
153 0.1504 16109568
154 0.1475 16171008
155 0.3295 16244736
156 0.1491 16289792
157 0.15 16441344
158 0.1519 16506880
159 0.1527 16543744
160 0.154 16658432
161 0.1599 16744448
162 0.1607 16773120
163 0.159 16822272
164 0.1584 16936960
165 0.162 17018880
166 0.1624 17100800
167 0.1624 17186816
168 0.1773 17330176
169 0.3045 17309696
170 0.3266 17371136
171 0.1706 17473536
172 0.1684 17547264
173 0.1713 17629184
174 0.1718 17702912
175 0.1707 17813504
176 0.1758 17870848
177 0.1747 17973248
178 0.175 18030592
179 0.3591 18112512
180 0.1777 18235392
181 0.1793 18309120
182 0.1802 18345984
183 0.1817 18456576
184 0.1847 18591744
185 0.1852 18665472
186 0.1888 18792448
187 0.1878 18821120
188 0.1875 18903040
189 0.189 19009536
190 0.1913 19144704
191 0.1989 19222528
192 0.1957 19300352
193 0.1957 19394560
194 0.1981 19464192
195 0.1991 19574784
196 0.1986 19664896
197 0.2033 19771392
198 0.2014 19894272
199 0.3876 19943424
200 0.2062 20058112
201 0.205 20115456
202 0.2108 20221952
203 0.2119 20291584
204 0.2092 20357120
205 0.215 20480000
206 0.2116 20553728
207 0.2143 20570112
208 0.2144 20692992
209 0.217 20729856
210 0.2182 20783104
211 0.2205 20938752
212 0.2186 20975616
213 0.2283 21213184
214 0.2214 21184512
215 0.2307 21319680
216 0.2285 21426176
217 0.2284 21487616
218 0.4313 21618688
219 0.234 21725184
220 0.2298 21856256
221 0.2324 21905408
222 0.2323 21999616
223 0.2377 22114304
224 0.2394 22241280
225 0.2445 22335488
226 0.2385 22401024
227 0.2383 22503424
228 0.2415 22597632
229 0.2483 22761472
230 0.2464 22843392
231 0.2443 22900736
232 0.2459 23040000
233 0.2486 23109632
234 0.2496 23265280
235 0.2533 23375872
236 0.2519 23474176
237 0.2556 23543808
238 0.2743 23781376
239 0.2628 23805952
240 0.2582 23887872
241 0.2604 23961600
242 0.2618 24092672
243 0.2617 24207360
244 0.2708 24309760
245 0.2727 24555520
246 0.269 24543232
247 0.2671 24657920
248 0.269 24715264
249 0.2792 25141248
250 0.2727 24920064
251 0.2712 25063424
252 0.2822 25149440
253 0.2813 25300992
254 0.2768 25366528
255 0.2797 25513984
256 0.2799 25591808
257 0.2871 25743360
258 0.2885 25874432
259 0.2881 26001408
260 0.2879 26112000
261 0.2904 26177536
262 0.2906 26349568
263 0.2915 26447872
264 0.2981 26591232
265 0.2985 26693632
266 0.3124 26820608
267 0.2987 26943488
268 0.2987 27004928
269 0.3063 27148288
270 0.3077 27291648
271 0.3035 27422720
272 0.3131 27529216
273 0.3071 27602944
274 0.3127 27783168
275 0.3124 27869184
276 0.3168 27959296
277 0.3151 28127232
278 0.3176 28192768
279 0.3165 28381184
280 0.3278 28479488
281 0.3208 28631040
282 0.3228 28704768
283 0.3244 28872704
284 0.3244 28966912
285 0.3283 29138944
286 0.3323 29241344
287 0.3299 29466624
288 0.3303 29655040
289 0.3327 29777920
290 0.3399 29941760
291 0.3478 30019584
292 0.3389 30126080
293 0.3428 30277632
294 0.3415 30412800
295 0.3473 30539776
296 0.3638 30859264
297 0.3458 30797824
298 0.3499 30912512
299 0.3789 31252480
300 0.3589 31191040
301 0.3545 31309824
302 0.3686 31776768
303 0.3611 31563776
304 0.3596 31682560
305 0.3655 32059392
306 0.3593 31952896
307 0.3673 32124928
308 0.3736 32247808
309 0.3705 32382976
310 0.3708 32501760
311 0.369 32645120
312 0.3716 32751616
313 0.3769 32878592
314 0.3807 33300480
315 0.3804 33148928
316 0.3771 33329152
317 0.3797 33476608
318 0.3848 33595392
319 0.3875 33726464
320 0.3861 33894400
321 0.3938 34242560
322 0.3942 34172928
323 0.3923 34308096
324 0.3938 34435072
325 0.4115 34566144
326 0.3954 34713600
327 0.4041 34848768
328 0.4027 35000320
329 0.4081 35172352
330 0.4021 35299328
331 0.4075 35434496
332 0.4102 35586048
333 0.4097 35708928
334 0.4147 35864576
335 0.4157 36012032
336 0.4184 36175872
337 0.4165 36294656
338 0.4215 36380672
339 0.42 36556800
340 0.4274 36671488
341 0.4221 36888576
342 0.4318 37036032
343 0.4375 37187584
344 0.4388 37322752
345 0.439 37498880
346 0.4467 37654528
347 0.4405 37761024
348 0.4489 37965824
349 0.447 38187008
350 0.4438 38252544
351 0.4508 38391808
352 0.4605 38547456
353 0.4541 38682624
354 0.4575 38866944
355 0.4575 39018496
356 0.4531 39202816
357 0.4675 39510016
358 0.4618 39526400
359 0.461 39673856
360 0.4651 39780352
361 0.463 39981056
362 0.4741 40148992
363 0.4691 40280064
364 0.4788 40443904
365 0.4774 40632320
366 0.4783 40787968
367 0.4758 40914944
368 0.5087 41291776
369 0.4847 41279488
370 0.4815 41443328
371 0.4875 41590784
372 0.4959 41762816
373 0.499 41943040
374 0.496 42156032
375 0.4952 42242048
376 0.4941 42389504
377 0.501 42536960
378 0.5088 42737664
379 0.5006 42905600
380 0.5068 43085824
381 0.5085 43311104
382 0.5097 43466752
383 0.5154 43622400
384 0.514 43778048
385 0.5251 44048384
386 0.5268 44109824
387 0.5321 44294144
388 0.5244 44433408
389 0.53 44593152
390 0.5247 44802048
391 0.5254 44969984
392 0.5363 45133824
393 0.5359 45277184
394 0.5417 45551616
395 0.5443 45699072
396 0.546 45936640
397 0.5375 45936640
398 0.5446 46145536
399 0.5435 46309376
400 0.5494 46452736
401 0.5498 46637056
402 0.5517 46804992
403 0.5622 46972928
404 0.5683 47165440
405 0.5578 47366144
406 0.5643 47521792
407 0.5917 47775744
408 0.586 47865856
409 0.5705 48074752
410 0.586 48357376
411 0.569 48377856
412 0.5901 48599040
413 0.5744 48775168
414 0.5761 48951296
415 0.5772 49135616
416 0.5899 49389568
417 0.587 49451008
418 0.597 49647616
419 0.6055 49811456
420 0.609 50229248
421 0.5935 50163712
422 0.5959 50343936
423 0.5932 50569216
424 0.6053 50757632
425 0.6062 50896896
426 0.6077 51089408
427 0.6118 51273728
428 0.6177 51462144
429 0.6267 51642368
430 0.6103 51798016
431 0.6171 51986432
432 0.6313 52203520
433 0.6275 52387840
434 0.6265 52547584
435 0.6317 53329920
436 0.6268 52928512
437 0.6279 53092352
438 0.647 53276672
439 0.6423 53460992
440 0.6495 53657600
441 0.6398 53846016
442 0.6398 54042624
443 0.6455 54231040
444 0.655 54411264
445 0.6468 54571008
446 0.6517 54763520
447 0.6699 54935552
448 0.6607 55111680
449 0.6732 55349248
450 0.6587 55529472
451 0.6657 55721984
452 0.6722 55918592
453 0.6735 56119296
454 0.6921 56320000
455 0.6885 56483840
456 0.6733 56680448
457 0.6734 56864768
458 0.681 57061376
459 0.6984 57266176
460 0.6826 57417728
461 0.7188 57663488
462 0.6964 57831424
463 0.713 58081280
464 0.7053 58253312
465 0.7191 58421248
466 0.6958 58597376
467 0.7045 58793984
468 0.7072 59002880
469 0.7194 59215872
470 0.7296 59383808
471 0.7109 59588608
472 0.7298 59756544
473 0.7288 59994112
474 0.7188 60157952
475 0.7259 60387328
476 0.7421 60751872
477 0.7357 60764160
478 0.7345 60977152
479 0.7338 61095936
480 0.7411 61300736
481 0.7309 61517824
482 0.7527 61681664
483 0.7549 61870080
484 0.7407 62062592
485 0.7455 62283776
486 0.757 62464000
487 0.7468 62685184
488 0.7581 62976000
489 0.7645 63094784
490 0.7536 63299584
491 0.7596 63463424
492 0.773 63721472
493 0.7684 63901696
494 0.7779 64118784
495 0.7885 64307200
496 0.772 64528384
497 0.7748 64708608
498 0.7789 64974848
499 0.7875 65142784
500 0.7973 65388544
501 0.8061 65548288
502 0.8254 65744896
503 0.796 65998848
504 0.8061 66166784
505 0.7921 66371584
506 0.8059 66621440
507 0.8008 66826240
508 0.804 67735552
509 0.8096 67284992
510 0.8158 67469312
511 0.8083 67645440
512 0.8134 67846144
513 0.8513 68132864
514 0.8378 68493312
515 0.8232 68595712
516 0.8256 68780032
517 0.8289 69029888
518 0.8356 69226496
519 0.8392 69443584
520 0.8442 69677056
521 0.8474 70033408
522 0.8415 70127616
523 0.8547 70451200
524 0.8529 70582272
525 0.8496 70782976
526 0.8788 70987776
527 0.8779 71647232
528 0.8641 71409664
529 0.8722 71618560
530 0.8643 71847936
531 0.8738 72114176
532 0.8845 72253440
533 0.8803 72577024
534 0.8775 72712192
535 0.8922 72990720
536 0.8843 73183232
537 0.8873 73469952
538 0.8829 73605120
539 0.8921 73854976
540 0.8993 74092544
541 0.903 74313728
542 0.9079 74547200
543 0.9047 74768384
544 0.9279 74936320
545 0.9197 75202560
546 0.921 75419648
547 0.9227 75735040
548 0.9194 76455936
549 0.9323 76185600
550 0.9556 76357632
551 0.9185 76566528
552 0.9342 76988416
553 0.9449 77029376
554 0.9518 77635584
555 0.9668 77574144
556 0.9508 77750272
557 0.9479 78553088
558 0.9603 78172160
559 0.9457 78430208
560 0.9472 78639104
561 0.9632 78884864
562 0.9538 79138816
563 0.9954 79319040
564 0.9659 79544320
565 0.9671 79798272
566 0.9636 80052224
567 0.9646 80273408
568 0.9727 80531456
569 0.9957 80945152
570 1.0286 81317888
571 1.0488 81235968
572 1.057 81981440
573 1.0158 81743872
574 0.988 81920000
575 0.9867 82153472
576 1.0287 82518016
577 0.995 82702336
578 1.0225 83468288
579 1.0056 83197952
580 1.0048 83443712
581 1.0228 83673088
582 1.0171 83943424
583 1.0285 84176896
584 1.0202 84398080
585 1.0265 85245952
586 1.0258 84975616
587 1.0393 85336064
588 1.0333 85512192
589 1.0351 85921792
590 1.0389 85815296
591 1.0364 86097920
592 1.041 86343680
593 1.0447 86548480
594 1.0583 86835200
595 1.05 87076864
596 1.0554 87490560
597 1.0554 87564288
598 1.1026 87822336
599 1.0622 88072192
600 1.0738 88322048
601 1.0717 88555520
602 1.0682 88813568
603 1.0893 89128960
604 1.0792 89653248
605 1.079 89583616
606 1.0873 90333184
607 1.1034 90959872
608 1.0897 90583040
609 1.0924 90570752
610 1.0925 90804224
611 1.0999 91078656
612 1.1007 91357184
613 1.116 91561984
614 1.1029 91795456
615 1.1484 92098560
616 1.1177 93130752
617 1.1382 92688384
618 1.1313 92823552
619 1.133 93097984
620 1.1495 93376512
621 1.1225 93626368
622 1.1526 93908992
623 1.1361 94175232
624 1.1396 94400512
625 1.1742 94687232
626 1.184 94904320
627 1.1683 95182848
628 1.1519 96280576
629 1.1682 95715328
630 1.1625 96858112
631 1.1727 96227328
632 1.1683 97140736
633 1.165 96759808
634 1.1691 97026048
635 1.1961 97284096
636 1.1845 97509376
637 1.1829 97804288
638 1.1774 98045952
639 1.1961 98275328
640 1.2131 98525184
641 1.234 99364864
642 1.2217 99942400
643 1.2154 99356672
644 1.213 99618816
645 1.2212 100831232
646 1.2313 100335616
647 1.2172 100470784
648 1.2195 101490688
649 1.2114 100954112
650 1.2265 101285888
651 1.2302 101507072
652 1.2284 101797888
653 1.2647 102039552
654 1.2423 102346752
655 1.2679 102776832
656 1.249 103301120
657 1.2365 103141376
658 1.2773 103579648
659 1.2519 103653376
660 1.2528 103886848
661 1.2517 104206336
662 1.2569 104505344
663 1.2593 104771584
664 1.26 105062400
665 1.3195 105394176
666 1.2716 105594880
667 1.278 105897984
668 1.2762 106135552
669 1.2775 106434560
670 1.3011 106692608
671 1.286 106979328
672 1.3119 107311104
673 1.297 107515904
674 1.3503 108064768
675 1.3118 108720128
676 1.3313 108331008
677 1.3432 108744704
678 1.3231 108896256
679 1.3276 109191168
680 1.3203 109457408
681 1.3238 109735936
682 1.39 110022656
683 1.3558 110280704
684 1.3262 110592000
685 1.3689 110870528
686 1.3429 111153152
687 1.3577 111452160
688 1.345 111726592
689 1.3561 112676864
690 1.3524 112287744
691 1.3871 112656384
692 1.3583 112832512
693 1.3614 113160192
694 1.3623 113405952
695 1.3653 113717248
696 1.3747 114761728
697 1.3947 114286592
698 1.4169 114831360
699 1.3797 114847744
700 1.3834 115113984
701 1.4527 115421184
702 1.4466 115748864
703 1.4027 116031488
704 1.4056 116314112
705 1.3969 116604928
706 1.4881 116928512
707 1.4163 117223424
708 1.4335 117530624
709 1.4439 117821440
710 1.4275 118099968
711 1.4424 118505472
712 1.4274 118714368
713 1.4347 119009280
714 1.4627 119287808
715 1.4503 119570432
716 1.4539 119898112
717 1.482 120197120
718 1.5063 120524800
719 1.4681 120782848
720 1.4996 121618432
721 1.4676 121376768
722 1.4633 121675776
723 1.475 122507264
724 1.5108 122290176
725 1.4882 122593280
726 1.4777 122920960
727 1.478 123219968
728 1.4922 123502592
729 1.5798 124923904
730 1.4995 124121088
731 1.503 124411904
732 1.5132 124960768
733 1.5121 126152704
734 1.5831 125362176
735 1.5448 125652992
736 1.5217 125956096
737 1.5571 126275584
738 1.5399 126922752
739 1.5773 126857216
740 1.5324 127201280
741 1.5336 127475712
742 1.5419 127823872
743 1.5721 128106496
744 1.56 128450560
745 1.5772 128700416
746 1.5515 129040384
747 1.5642 129822720
748 1.5692 129761280
749 1.5612 129998848
750 1.574 130297856
751 1.5667 130633728
752 1.5938 130940928
753 1.5745 131239936
754 1.6322 131530752
755 1.6362 131866624
756 1.6477 132341760
757 1.6335 132608000
758 1.673 133337088
759 1.6514 133152768
760 1.7016 134180864
761 1.641 133734400
762 1.6168 134213632
763 1.6171 134619136
764 1.6223 134668288
765 1.6278 135012352
766 1.6363 135303168
767 1.6543 135643136
768 1.6411 136040448
769 1.6897 136572928
770 1.6771 136650752
771 1.6619 136982528
772 1.6605 137289728
773 1.6755 137564160
774 1.6856 138027008
775 1.7218 138371072
776 1.6881 139419648
777 1.7104 138919936
778 1.6662 139210752
779 1.6957 139517952
780 1.6851 139845632
781 1.7191 140500992
782 1.6947 140431360
783 1.6994 140783616
784 1.6986 141369344
785 1.718 141430784
786 1.7297 141746176
787 1.7362 142094336
788 1.7363 142405632
789 1.727 142774272
790 1.7527 143650816
791 1.7313 143507456
792 1.7294 143708160
793 1.7568 144949248
794 1.7454 144543744
795 1.7397 144695296
796 1.744 145022976
797 1.7844 145358848
798 1.7705 145649664
799 1.7593 146001920
800 1.7597 146337792