1 0.1467 18042880
2 0.1474 18141184
3 0.1475 18096128
4 0.1515 18100224
5 0.1477 18128896
6 0.1537 18120704
7 0.1524 18075648
8 0.1491 18173952
9 0.1527 18153472
10 0.15 18223104
11 0.1498 18350080
12 0.1549 18407424
13 0.153 18370560
14 0.1499 18395136
15 0.1525 18259968
16 0.1595 18538496
17 0.1836 18440192
18 0.1663 18444288
19 0.1616 18386944
20 0.1766 18395136
21 0.169 18571264
22 0.1786 18792448
23 0.156 18702336
24 0.157 18722816
25 0.177 18706432
26 0.1659 18755584
27 0.1618 18767872
28 0.1701 18714624
29 0.1629 18829312
30 0.1646 18862080
31 0.1716 18976768
32 0.1714 19103744
33 0.1666 19181568
34 0.1651 19111936
35 0.1678 19128320
36 0.1753 19324928
37 0.1674 19173376
38 0.1637 19193856
39 0.1692 19238912
40 0.1718 19218432
41 0.1746 19472384
42 0.1792 19402752
43 0.1723 19513344
44 0.1757 19554304
45 0.1806 19705856
46 0.1755 19611648
47 0.1803 19632128
48 0.1724 19673088
49 0.1889 19734528
50 0.1826 19623936
51 0.1842 19787776
52 0.1764 19742720
53 0.175 19759104
54 0.182 20037632
55 0.1805 19841024
56 0.1796 19668992
57 0.1769 19693568
58 0.1764 19865600
59 0.1839 19976192
60 0.1828 19886080
61 0.1797 19771392
62 0.1859 19939328
63 0.1848 19894272
64 0.189 20041728
65 0.1987 20033536
66 0.1851 20062208
67 0.1869 19898368
68 0.1948 20140032
69 0.1882 20103168
70 0.1939 20025344
71 0.1813 20107264
72 0.1884 20090880
73 0.1922 20328448
74 0.1919 20029440
75 0.1848 20148224
76 0.1955 20320256
77 0.1881 20287488
78 0.1868 20066304
79 0.1859 20246528
80 0.1845 20234240
81 0.1976 20148224
82 0.1864 20303872
83 0.1938 20467712
84 0.1895 20316160
85 0.1923 20348928
86 0.1905 20365312
87 0.1894 20226048
88 0.1954 20307968
89 0.1972 20627456
90 0.2047 20643840
91 0.1948 20451328
92 0.2051 20303872
93 0.1904 20459520
94 0.2014 20484096
95 0.2034 20520960
96 0.1989 20840448
97 0.2056 20549632
98 0.201 20418560
99 0.2058 20459520
100 0.2173 20762624
101 0.2023 20799488
102 0.1995 20676608
103 0.2041 20652032
104 0.2047 20508672
105 0.2042 20635648
106 0.2062 20774912
107 0.2005 20815872
108 0.2041 20791296
109 0.1999 20729856
110 0.2202 20860928
111 0.2146 20955136
112 0.195 20652032
113 0.2046 20758528
114 0.1989 20848640
115 0.2011 20865024
116 0.2131 20951040
117 0.1993 20746240
118 0.206 21008384
119 0.202 20926464
120 0.2044 21053440
121 0.2047 20959232
122 0.2133 20979712
123 0.2048 20983808
124 0.2188 21127168
125 0.2022 21045248
126 0.2268 21032960
127 0.2056 21069824
128 0.2129 21135360
129 0.2003 21131264
130 0.2187 21204992
131 0.2153 21028864
132 0.2081 21184512
133 0.2006 21053440
134 0.2092 21221376
135 0.2016 21204992
136 0.2037 21266432
137 0.2101 21372928
138 0.2083 21250048
139 0.2039 21360640
140 0.2058 21176320
141 0.2085 21405696
142 0.2073 21356544
143 0.2076 21385216
144 0.2073 21401600
145 0.2131 21434368
146 0.2106 21434368
147 0.2223 21504000
148 0.2114 21483520
149 0.2166 21577728
150 0.2185 21626880
151 0.2117 21544960
152 0.2124 21585920
153 0.2151 21712896
154 0.2167 21626880
155 0.2141 21626880
156 0.2099 21622784
157 0.2161 21651456
158 0.2178 21819392
159 0.2365 21655552
160 0.2186 21704704
161 0.255 21745664
162 0.2219 21864448
163 0.22 21827584
164 0.2313 21860352
165 0.2181 21839872
166 0.2186 21966848
167 0.2268 21966848
168 0.2166 21733376
169 0.2302 21811200
170 0.2589 21909504
171 0.236 21893120
172 0.2445 21921792
173 0.2434 22065152
174 0.2392 21966848
175 0.2368 21934080
176 0.2466 22011904
177 0.229 22212608
178 0.23 22138880
179 0.2184 22069248
180 0.2252 22093824
181 0.2244 22085632
182 0.2216 22151168
183 0.2215 22171648
184 0.2296 22302720
185 0.2353 22200320
186 0.2254 22224896
187 0.2216 22216704
188 0.2289 22224896
189 0.2303 22155264
190 0.2203 22290432
191 0.2219 22151168
192 0.2294 22327296
193 0.2271 22208512
194 0.2381 22372352
195 0.2265 22355968
196 0.2246 22364160
197 0.2284 22437888
198 0.2217 22446080
199 0.2295 22441984
200 0.2259 22487040
201 0.2304 22519808
202 0.2229 22368256
203 0.2288 22515712
204 0.2255 22401024
205 0.2337 22519808
206 0.2235 22441984
207 0.2406 22806528
208 0.2292 22597632
209 0.2296 22659072
210 0.2272 22650880
211 0.2382 22777856
212 0.2346 22765568
213 0.228 22704128
214 0.2302 22753280
215 0.2298 22605824
216 0.2353 22663168
217 0.2324 22810624
218 0.2467 22704128
219 0.2518 22913024
220 0.2473 22740992
221 0.23 22732800
222 0.2391 22810624
223 0.2442 22974464
224 0.2395 22925312
225 0.2547 22994944
226 0.2376 23019520
227 0.233 22999040
228 0.2461 23126016
229 0.2706 22994944
230 0.2675 22982656
231 0.2772 23044096
232 0.2535 23085056
233 0.2351 22982656
234 0.2804 23183360
235 0.3021 23109632
236 0.2519 23400448
237 0.2471 23285760
238 0.2381 23212032
239 0.2628 23285760
240 0.2731 23171072
241 0.2553 23412736
242 0.2604 23265280
243 0.2424 23339008
244 0.2435 23187456
245 0.2408 23543808
246 0.2539 23465984
247 0.2427 23396352
248 0.2434 23388160
249 0.2506 23494656
250 0.2449 23449600
251 0.2465 23441408
252 0.2424 23490560
253 0.2464 23478272
254 0.243 23588864
255 0.2511 23539712
256 0.2426 23572480
257 0.2547 23543808
258 0.2539 23658496
259 0.2445 23625728
260 0.2592 23633920
261 0.2496 23633920
262 0.2502 23633920
263 0.2783 23822336
264 0.2802 23678976
265 0.2572 23617536
266 0.2652 23859200
267 0.266 23924736
268 0.2911 23842816
269 0.2692 23949312
270 0.2526 23793664
271 0.2515 23846912
272 0.2495 23834624
273 0.2548 23859200
274 0.2575 23896064
275 0.2491 23764992
276 0.2601 23982080
277 0.2614 24035328
278 0.2542 23826432
279 0.2547 24002560
280 0.2597 24068096
281 0.2591 24006656
282 0.2539 24051712
283 0.2631 24215552
284 0.2578 23941120
285 0.2701 23998464
286 0.2666 24219648
287 0.265 24141824
288 0.2579 24231936
289 0.2622 24211456
290 0.2619 24203264
291 0.2578 24084480
292 0.2857 24264704
293 0.2637 24121344
294 0.274 24477696
295 0.2908 24281088
296 0.2844 24371200
297 0.2743 24236032
298 0.2694 24367104
299 0.2854 24403968
300 0.2617 24399872
301 0.2788 24436736
302 0.2595 24416256
303 0.2633 24465408
304 0.2641 24326144
305 0.2633 24514560
306 0.2659 24371200
307 0.2646 24543232
308 0.262 24403968
309 0.2681 24555520
310 0.2653 24604672
311 0.2714 24612864
312 0.2626 24616960
313 0.2756 24530944
314 0.2794 24563712
315 0.2642 24657920
316 0.2701 24551424
317 0.2737 24702976
318 0.2639 24809472
319 0.3053 24707072
320 0.2882 24829952
321 0.3035 24813568
322 0.2788 24817664
323 0.2764 24948736
324 0.2765 24866816
325 0.3029 24850432
326 0.278 24956928
327 0.2836 24899584
328 0.2701 24936448
329 0.2814 25022464
330 0.29 24944640
331 0.2737 24989696
332 0.2761 25014272
333 0.2772 25067520
334 0.2848 25018368
335 0.2796 25198592
336 0.2883 25128960
337 0.2765 25120768
338 0.2939 25034752
339 0.2958 25190400
340 0.2764 25042944
341 0.2722 25227264
342 0.2865 25370624
343 0.2889 25255936
344 0.2861 25231360
345 0.2833 25194496
346 0.2777 25276416
347 0.2763 25325568
348 0.2759 25333760
349 0.2814 25337856
350 0.2821 25362432
351 0.2755 25260032
352 0.282 25399296
353 0.2873 25399296
354 0.3049 25518080
355 0.3179 25550848
356 0.2846 25387008
357 0.2817 25493504
358 0.2816 25530368
359 0.2861 25808896
360 0.2809 25407488
361 0.2843 25595904
362 0.2844 25575424
363 0.289 25579520
364 0.2894 25624576
365 0.2817 25657344
366 0.2896 25825280
367 0.3317 25710592
368 0.3172 25911296
369 0.2921 25755648
370 0.3092 25800704
371 0.2876 25759744
372 0.2983 26034176
373 0.2967 25862144
374 0.31 25804800
375 0.286 25903104
376 0.3104 25915392
377 0.306 26025984
378 0.285 25772032
379 0.2916 25788416
380 0.2972 26017792
381 0.2949 25952256
382 0.2972 26001408
383 0.295 26066944
384 0.2945 26107904
385 0.291 26034176
386 0.3195 25960448
387 0.2949 26046464
388 0.2961 26116096
389 0.296 26116096
390 0.2924 26107904
391 0.2918 25993216
392 0.292 26181632
393 0.3007 26292224
394 0.3035 26353664
395 0.2968 26234880
396 0.3041 26419200
397 0.3006 26382336
398 0.3001 26238976
399 0.2988 26296320
400 0.3151 26198016
401 0.2955 26316800
402 0.3001 26378240
403 0.2998 26222592
404 0.3117 26374144
405 0.3073 26382336
406 0.3134 26480640
407 0.3016 26521600
408 0.3239 26472448
409 0.3039 26615808
410 0.3128 26370048
411 0.3059 26566656
412 0.3112 26669056
413 0.3117 26689536
414 0.3075 26648576
415 0.3168 26583040
416 0.3223 26783744
417 0.3189 26783744
418 0.3126 26583040
419 0.3152 26939392
420 0.3117 26824704
421 0.3067 26796032
422 0.3104 26624000
423 0.3072 26718208
424 0.2989 26624000
425 0.3114 26873856
426 0.3066 26816512
427 0.3064 26828800
428 0.318 26882048
429 0.3129 26865664
430 0.3135 26886144
431 0.315 26959872
432 0.3255 27049984
433 0.3239 26992640
434 0.3102 26968064
435 0.3194 27086848
436 0.3142 26968064
437 0.3243 27131904
438 0.3223 27230208
439 0.3193 27181056
440 0.3225 27099136
441 0.3165 26996736
442 0.3495 27107328
443 0.3242 27291648
444 0.3205 27324416
445 0.3171 27156480
446 0.3279 27168768
447 0.313 27213824
448 0.352 27262976
449 0.3156 27107328
450 0.315 27262976
451 0.3112 27291648
452 0.3199 27394048
453 0.3164 27365376
454 0.3148 27344896
455 0.3266 27377664
456 0.3175 27369472
457 0.3442 27586560
458 0.3151 27262976
459 0.3342 27332608
460 0.3599 27553792
461 0.3268 27406336
462 0.3329 27557888
463 0.3165 27492352
464 0.3506 27721728
465 0.3433 27480064
466 0.3199 27553792
467 0.32 27566080
468 0.3285 27652096
469 0.3758 27545600
470 0.3584 27643904
471 0.3193 27512832
472 0.3187 27652096
473 0.3463 27807744
474 0.3345 27684864
475 0.3317 27791360
476 0.3217 27754496
477 0.3295 27668480
478 0.3298 27885568
479 0.3254 27836416
480 0.3258 27811840
481 0.3239 27697152
482 0.3295 27918336
483 0.3484 27852800
484 0.332 27873280
485 0.3342 27922432
486 0.3265 27779072
487 0.3425 27852800
488 0.3484 27934720
489 0.3404 27889664
490 0.3399 28057600
491 0.336 28180480
492 0.3327 28082176
493 0.3381 28303360
494 0.3292 28098560
495 0.3319 28086272
496 0.3318 28114944
497 0.3382 28151808
498 0.3361 28286976
499 0.344 28233728
500 0.3345 28176384
501 0.3368 28262400
502 0.3358 28377088
503 0.3334 28246016
504 0.3383 28336128
505 0.3302 28352512
506 0.3395 28340224
507 0.3387 28184576
508 0.3283 28393472
509 0.3407 28336128
510 0.3385 28454912
511 0.3377 28450816
512 0.3414 28557312
513 0.3325 28495872
514 0.3647 28426240
515 0.333 28426240
516 0.3482 28598272
517 0.3412 28524544
518 0.3378 28569600
519 0.3365 28561408
520 0.3505 28499968
521 0.342 28696576
522 0.3513 28635136
523 0.344 28667904
524 0.3364 28692480
525 0.3457 28688384
526 0.3488 28573696
527 0.3435 28741632
528 0.3609 28717056
529 0.3495 28811264
530 0.3604 28921856
531 0.3549 29040640
532 0.359 28823552
533 0.3733 28815360
534 0.351 28872704
535 0.3642 28880896
536 0.3519 29048832
537 0.3582 29016064
538 0.3474 28958720
539 0.3773 28966912
540 0.3688 28917760
541 0.3793 29069312
542 0.3849 29040640
543 0.3738 28975104
544 0.3799 29057024
545 0.3583 29077504
546 0.3507 29102080
547 0.3541 29118464
548 0.3965 29069312
549 0.3662 29126656
550 0.3624 29356032
551 0.362 29298688
552 0.3488 29274112
553 0.3557 29200384
554 0.3565 29179904
555 0.3463 29270016
556 0.3572 29396992
557 0.3511 29315072
558 0.3556 29487104
559 0.3555 29503488
560 0.3504 29483008
561 0.3539 29519872
562 0.3556 29532160
563 0.3618 29597696
564 0.3613 29700096
565 0.3761 29622272
566 0.374 29732864
567 0.3515 29655040
568 0.3587 29630464
569 0.3615 29687808
570 0.3806 29851648
571 0.3728 29765632
572 0.4321 29642752
573 0.4173 29728768
574 0.3998 29831168
575 0.4258 29917184
576 0.3607 29913088
577 0.3633 30003200
578 0.3628 29827072
579 0.3605 29962240
580 0.3683 30076928
581 0.3622 30097408
582 0.362 30019584
583 0.3689 30179328
584 0.3659 30076928
585 0.4288 30048256
586 0.4157 30027776
587 0.4256 30117888
588 0.4455 30138368
589 0.4168 30199808
590 0.395 30298112
591 0.3906 30355456
592 0.3657 30322688
593 0.3837 30380032
594 0.3683 30396416
595 0.3677 30265344
596 0.3746 30380032
597 0.3616 30269440
598 0.3725 30187520
599 0.3625 30285824
600 0.3673 30289920
601 0.3697 30302208
602 0.4269 30269440
603 0.4301 30294016
604 0.4273 30306304
605 0.4199 30334976
606 0.3698 30334976
607 0.3766 30416896
608 0.3766 30277632
609 0.3697 30306304
610 0.3737 30392320
611 0.3708 30347264
612 0.3754 30347264
613 0.3973 30380032
614 0.398 30380032
615 0.3991 30236672
616 0.3766 30384128
617 0.398 30400512
618 0.3718 30420992
619 0.3841 30633984
620 0.3971 30494720
621 0.3773 30453760
622 0.3927 30396416
623 0.4011 30584832
624 0.3977 30580736
625 0.3748 30552064
626 0.3934 30576640
627 0.3864 30662656
628 0.3796 30597120
629 0.4012 30597120
630 0.3868 30629888
631 0.4013 30904320
632 0.4529 30744576
633 0.4389 30822400
634 0.4015 30838784
635 0.3953 30740480
636 0.3947 30773248
637 0.4012 31035392
638 0.3978 30887936
639 0.3825 30785536
640 0.3935 30801920
641 0.3846 30896128
642 0.7099 30896128
643 0.3815 30949376
644 0.3903 30863360
645 2.2993 30916608
646 0.4009 30957568
647 0.3864 30961664
648 0.3935 31117312
649 0.3906 31002624
650 0.3881 31158272
651 0.3915 31141888
652 0.3828 30904320
653 0.4014 31174656
654 0.3985 31211520
655 0.3942 31178752
656 0.3888 31109120
657 0.3917 31043584
658 0.4062 31297536
659 0.3815 31178752
660 0.395 31084544
661 0.3899 31100928
662 0.396 31137792
663 0.3945 31256576
664 0.392 31125504
665 0.3951 31289344
666 0.3901 31170560
667 0.403 31371264
668 0.3883 31358976
669 0.401 31260672
670 0.3889 31252480
671 0.3974 31264768
672 0.3979 31428608
673 0.4189 31498240
674 0.4005 31522816
675 0.3968 31629312
676 0.4021 31551488
677 0.3914 31604736
678 0.407 31739904
679 0.4085 31801344
680 0.4019 31649792
681 0.4063 31907840
682 0.4061 31838208
683 0.4047 31707136
684 0.4105 31674368
685 0.4163 31756288
686 0.3991 31821824
687 0.4002 31629312
688 0.3998 31813632
689 0.4164 31830016
690 0.4208 31936512
691 0.4205 31866880
692 0.4105 31866880
693 0.4166 31776768
694 0.4087 32051200
695 0.406 31924224
696 0.4143 32116736
697 0.4135 31854592
698 0.4308 32014336
699 0.4144 32116736
700 0.4233 32088064
701 0.4098 32137216
702 0.4206 32161792
703 0.4254 32223232
704 0.4125 31981568
705 0.4219 32276480
706 0.4332 32141312
707 0.4518 32124928
708 0.4237 32260096
709 0.4278 32096256
710 0.4418 32215040
711 0.4479 32239616
712 0.5384 32227328
713 0.4451 32313344
714 0.5622 32227328
715 0.4197 32280576
716 0.4049 32161792
717 0.4174 32452608
718 0.4244 32382976
719 0.406 32350208
720 0.4095 32415744
721 0.4245 32272384
722 0.4633 32337920
723 0.4663 32481280
724 0.4515 32411648
725 0.4363 32583680
726 0.4729 32530432
727 0.4374 32681984
728 0.4277 32530432
729 0.4143 32526336
730 0.4088 32522240
731 0.4214 32567296
732 0.4102 32595968
733 0.4283 32813056
734 0.4294 32632832
735 0.4351 32673792
736 0.4267 32849920
737 0.4189 32530432
738 0.4157 32706560
739 0.4251 32870400
740 0.4195 32575488
741 0.4471 32710656
742 0.4455 32694272
743 0.4308 32784384
744 0.4337 32821248
745 0.4314 32849920
746 0.4238 32952320
747 0.4333 32886784
748 0.4307 32755712
749 0.4323 32882688
750 0.4298 32923648
751 0.4285 32944128
752 0.435 33124352
753 0.4421 33222656
754 0.4568 32989184
755 0.4287 33280000
756 0.434 33161216
757 0.4222 33058816
758 0.435 33005568
759 0.4317 33239040
760 0.4204 33120256
761 0.4312 33148928
762 0.424 33153024
763 0.4274 33173504
764 0.4227 33185792
765 0.4308 33464320
766 0.423 33234944
767 0.4339 33304576
768 0.4732 33230848
769 0.4411 33165312
770 0.4675 33390592
771 0.4247 33165312
772 0.4383 33456128
773 0.4251 33366016
774 0.4284 33386496
775 0.4446 33607680
776 0.4478 33345536
777 0.449 33488896
778 0.4272 33292288
779 0.4341 33480704
780 0.4264 33505280
781 0.4369 33640448
782 0.4328 33533952
783 0.4437 33492992
784 0.4395 33447936
785 0.4463 33632256
786 0.4439 33710080
787 0.4648 33521664
788 0.4716 33619968
789 0.4691 33640448
790 0.4524 33841152
791 0.4551 33685504
792 0.4836 33771520
793 0.4412 33689600
794 0.452 33890304
795 0.4473 33775616
796 0.443 33742848
797 0.4388 33820672
798 0.4583 34074624
799 0.4649 33984512
800 0.4744 34070528