1 0.0034 6467584
2 0.0027 6463488
3 0.0031 6488064
4 0.0037 6492160
5 0.0031 6488064
6 0.003 6492160
7 0.0032 6537216
8 0.0041 6553600
9 0.0034 6545408
10 0.0033 6545408
11 0.0044 6569984
12 0.0036 6594560
13 0.0038 6610944
14 0.0037 6586368
15 0.0038 6610944
16 0.0039 6639616
17 0.005 6647808
18 0.005 6651904
19 0.0043 6680576
20 0.0043 6656000
21 0.0045 6692864
22 0.0044 6668288
23 0.0065 6696960
24 0.0068 6713344
25 0.0062 6733824
26 0.0049 6717440
27 0.0068 6750208
28 0.005 6766592
29 0.0061 6762496
30 0.0052 6787072
31 0.0054 6799360
32 0.0068 6803456
33 0.0054 6782976
34 0.0071 6819840
35 0.0058 6840320
36 0.0082 6860800
37 0.0071 6852608
38 0.006 6885376
39 0.0074 6877184
40 0.0062 6864896
41 0.0068 6893568
42 0.0099 6909952
43 0.0066 6946816
44 0.0069 6959104
45 0.0075 6975488
46 0.0071 6971392
47 0.0072 6979584
48 0.0072 6971392
49 0.0072 6983680
50 0.0074 7036928
51 0.0076 7024640
52 0.0078 7028736
53 0.0077 7053312
54 0.0081 7069696
55 0.0084 7098368
56 0.0081 7102464
57 0.009 7086080
58 0.0084 7122944
59 0.0096 7122944
60 0.0085 7147520
61 0.0092 7127040
62 0.0088 7168000
63 0.0088 7147520
64 0.009 7168000
65 0.0094 7196672
66 0.0093 7213056
67 0.0101 7229440
68 0.0113 7221248
69 0.0095 7245824
70 0.0098 7249920
71 0.0098 7278592
72 0.0113 7282688
73 0.0102 7282688
74 0.0101 7307264
75 0.0101 7294976
76 0.0102 7303168
77 0.0125 7372800
78 0.0109 7360512
79 0.0112 7385088
80 0.011 7393280
81 0.0113 7397376
82 0.0114 7405568
83 0.0118 7430144
84 0.0116 7413760
85 0.0117 7467008
86 0.0128 7479296
87 0.0119 7487488
88 0.0163 7499776
89 0.0119 7512064
90 0.0168 7520256
91 0.0125 7544832
92 0.0168 7553024
93 0.0125 7548928
94 0.0169 7585792
95 0.0178 7614464
96 0.0173 7626752
97 0.0146 7626752
98 0.0138 7626752
99 0.0133 7622656
100 0.0148 7647232
101 0.0188 7770112
102 0.0137 7725056
103 0.0142 7745536
104 0.014 7761920
105 0.0143 7753728
106 0.0186 7782400
107 0.0197 7774208
108 0.0145 7815168
109 0.0224 7864320
110 0.0153 7839744
111 0.0191 7843840
112 0.0189 7856128
113 0.0166 7876608
114 0.0175 7876608
115 0.0155 7905280
116 0.0203 7909376
117 0.0182 7929856
118 0.0176 7938048
119 0.0162 7962624
120 0.021 7974912
121 0.0185 8007680
122 0.018 7999488
123 0.0166 8028160
124 0.0213 8032256
125 0.0197 8052736
126 0.0189 8056832
127 0.0188 8081408
128 0.0213 8101888
129 0.0209 8085504
130 0.0183 8130560
131 0.0225 8179712
132 0.0226 8146944
133 0.0199 8175616
134 0.0202 8171520
135 0.0227 8192000
136 0.0185 8187904
137 0.0197 8257536
138 0.0218 8232960
139 0.0222 8261632
140 0.0249 8273920
141 0.0198 8278016
142 0.02 8323072
143 0.0221 8318976
144 0.0256 8355840
145 0.024 8364032
146 0.0219 8380416
147 0.0201 8409088
148 0.0255 8413184
149 0.0219 8421376
150 0.0254 8458240
151 0.0208 8478720
152 0.021 8482816
153 0.0258 8491008
154 0.0221 8511488
155 0.0212 8519680
156 0.0269 8552448
157 0.0266 8572928
158 0.0253 8564736
159 0.0248 8609792
160 0.0233 8605696
161 0.0243 8605696
162 0.0268 8675328
163 0.0252 8646656
164 0.0249 8658944
165 0.026 8679424
166 0.0239 8724480
167 0.0291 8720384
168 0.0286 8749056
169 0.0275 8785920
170 0.0273 8761344
171 0.0267 8777728
172 0.027 8798208
173 0.0293 8826880
174 0.0277 8859648
175 0.0268 8863744
176 0.0264 8867840
177 0.0347 8867840
178 0.0324 8933376
179 0.0304 8892416
180 0.0317 8921088
181 0.029 8949760
182 0.0283 8945664
183 0.032 8970240
184 0.0271 9003008
185 0.027 9023488
186 0.0296 9007104
187 0.0284 9048064
188 0.0332 9043968
189 0.0317 9072640
190 0.0309 9097216
191 0.0316 9113600
192 0.0284 9117696
193 0.0305 9101312
194 0.0304 9117696
195 0.0306 9154560
196 0.0336 9170944
197 0.0336 9191424
198 0.0323 9203712
199 0.0323 9211904
200 0.0311 9252864
201 0.0325 9236480
202 0.0337 9297920
203 0.0332 9297920
204 0.0325 9318400
205 0.0354 9326592
206 0.0336 9359360
207 0.0356 9371648
208 0.032 9388032
209 0.0333 9383936
210 0.0375 9420800
211 0.0346 9527296
212 0.0325 9478144
213 0.0327 9531392
214 0.036 9560064
215 0.0344 9527296
216 0.0335 9555968
217 0.0366 9584640
218 0.0418 9584640
219 0.0386 9592832
220 0.0383 9621504
221 0.0391 9625600
222 0.0404 9641984
223 0.0368 9699328
224 0.048 9707520
225 0.0362 9678848
226 0.0398 9723904
227 0.0408 9748480
228 0.0423 9752576
229 0.0399 9768960
230 0.0417 9773056
231 0.0422 9797632
232 0.0427 9818112
233 0.041 9904128
234 0.0406 9867264
235 0.0395 9887744
236 0.0379 9883648
237 0.0398 9883648
238 0.0373 9928704
239 0.042 9957376
240 0.0412 10063872
241 0.0422 9998336
242 0.0425 10027008
243 0.0467 10006528
244 0.0466 10043392
245 0.0381 10047488
246 0.0407 10166272
247 0.0415 10084352
248 0.0408 10076160
249 0.0425 10194944
250 0.0412 10137600
251 0.0396 10145792
252 0.0404 10174464
253 0.0463 10211328
254 0.0433 10215424
255 0.0404 10186752
256 0.0408 10178560
257 0.0455 10272768
258 0.0434 10276864
259 0.0416 10301440
260 0.0486 10289152
261 0.0479 10317824
262 0.0481 10354688
263 0.0445 10358784
264 0.0471 10498048
265 0.0505 10436608
266 0.045 10407936
267 0.0485 10452992
268 0.0463 10436608
269 0.046 10448896
270 0.0501 10510336
271 0.0462 10502144
272 0.0449 10506240
273 0.051 10518528
274 0.0485 10530816
275 0.0485 10510336
276 0.0457 10592256
277 0.0457 10604544
278 0.0512 10567680
279 0.0475 10629120
280 0.0511 10637312
281 0.0519 10649600
282 0.0468 10719232
283 0.0488 10698752
284 0.0488 10678272
285 0.0478 10747904
286 0.0509 10772480
287 0.0521 10731520
288 0.0504 10788864
289 0.0499 10878976
290 0.0561 10874880
291 0.0509 10829824
292 0.0591 10899456
293 0.05 10956800
294 0.0511 10899456
295 0.052 10936320
296 0.0516 10932224
297 0.0545 11018240
298 0.0573 11026432
299 0.0519 11026432
300 0.0511 11063296
301 0.0611 11083776
302 0.0602 11108352
303 0.0538 11067392
304 0.057 11186176
305 0.0575 11235328
306 0.0571 11325440
307 0.0542 11173888
308 0.0531 11177984
309 0.0563 11218944
310 0.0539 11210752
311 0.0549 11370496
312 0.0572 11268096
313 0.0648 11313152
314 0.0531 11333632
315 0.0552 11362304
316 0.056 11374592
317 0.0613 11436032
318 0.0579 11481088
319 0.0584 11448320
320 0.0595 11456512
321 0.0624 11530240
322 0.0599 11493376
323 0.0635 11522048
324 0.0592 11517952
325 0.0584 11599872
326 0.0605 11612160
327 0.056 11653120
328 0.0575 11661312
329 0.0579 11628544
330 0.0574 11673600
331 0.0584 11751424
332 0.066 11739136
333 0.0613 11866112
334 0.0585 11816960
335 0.0589 11776000
336 0.0591 11804672
337 0.0639 11874304
338 0.0636 11833344
339 0.067 11882496
340 0.0652 11866112
341 0.0613 11935744
342 0.0607 11952128
343 0.0603 11980800
344 0.0683 11997184
345 0.0683 12021760
346 0.0651 11980800
347 0.0621 12066816
348 0.0642 12091392
349 0.0664 12185600
350 0.0627 12095488
351 0.0631 12087296
352 0.0701 12181504
353 0.0654 12238848
354 0.0626 12210176
355 0.0725 12271616
356 0.0693 12222464
357 0.0702 12238848
358 0.065 12275712
359 0.0719 12296192
360 0.0734 12316672
361 0.0691 12308480
362 0.0683 12365824
363 0.0683 12382208
364 0.0707 12398592
365 0.0668 12431360
366 0.0688 12410880
367 0.0664 12464128
368 0.0692 12488704
369 0.0677 12496896
370 0.0714 12500992
371 0.0702 12464128
372 0.0737 12623872
373 0.0697 12595200
374 0.0685 12652544
375 0.0772 12673024
376 0.0684 12722176
377 0.0681 12664832
378 0.0701 12693504
379 0.0727 12718080
380 0.0724 12759040
381 0.0705 12795904
382 0.0742 12771328
383 0.0777 12865536
384 0.0733 12849152
385 0.0731 12787712
386 0.0711 12800000
387 0.0692 12935168
388 0.0789 12947456
389 0.0789 12922880
390 0.0702 12865536
391 0.0753 13045760
392 0.0738 12972032
393 0.0712 12988416
394 0.0726 13062144
395 0.0738 13123584
396 0.0747 13164544
397 0.073 13045760
398 0.0728 13107200
399 0.0751 13119488
400 0.0807 13230080
401 0.0747 13295616
402 0.0775 13266944
403 0.0804 13320192
404 0.0807 13287424
405 0.085 13381632
406 0.0809 13389824
407 0.077 13361152
408 0.0831 13459456
409 0.0839 13402112
410 0.0844 13422592
411 0.1108 13414400
412 0.0797 13520896
413 0.0776 13512704
414 0.0798 13725696
415 0.0794 13606912
416 0.087 13606912
417 0.0833 13635584
418 0.0899 13692928
419 0.0839 13692928
420 0.084 13680640
421 0.0888 13697024
422 0.0852 13889536
423 0.082 13746176
424 0.0868 13836288
425 0.0811 13799424
426 0.0898 13815808
427 0.0875 13844480
428 0.0893 13950976
429 0.085 13832192
430 0.0871 13918208
431 0.0853 14032896
432 0.0869 13918208
433 0.0824 13946880
434 0.0864 14114816
435 0.0851 14163968
436 0.086 14155776
437 0.0857 14233600
438 0.0857 14147584
439 0.0855 14176256
440 0.0902 14221312
441 0.0877 14241792
442 0.0944 14278656
443 0.0906 14356480
444 0.0918 14307328
445 0.0955 14397440
446 0.0925 14323712
447 0.0888 14336000
448 0.0923 14401536
449 0.0881 14471168
450 0.0887 14467072
451 0.0896 14487552
452 0.0906 14516224
453 0.0908 14503936
454 0.0969 14557184
455 0.0984 14647296
456 0.0912 14557184
457 0.0907 14667776
458 0.0907 14622720
459 0.0905 14659584
460 0.0962 14692352
461 0.1 14663680
462 0.0932 14692352
463 0.093 14729216
464 0.1006 14815232
465 0.1018 14798848
466 0.0909 14721024
467 0.0935 14798848
468 0.0961 14766080
469 0.0979 14893056
470 0.095 14815232
471 0.0963 14897152
472 0.0977 14983168
473 0.0985 14950400
474 0.0971 15134720
475 0.0961 15007744
476 0.0999 15073280
477 0.0984 15052800
478 0.0961 15126528
479 0.101 15093760
480 0.1048 15314944
481 0.0999 15093760
482 0.1029 15187968
483 0.1057 15233024
484 0.0975 15208448
485 0.098 15278080
486 0.1038 15224832
487 0.1044 15323136
488 0.107 15380480
489 0.1068 15355904
490 0.1044 15507456
491 0.1014 15458304
492 0.0995 15409152
493 0.1013 15597568
494 0.1096 15499264
495 0.109 15527936
496 0.107 15597568
497 0.109 15605760
498 0.1028 15532032
499 0.1035 15679488
500 0.1013 15720448
501 0.1044 15699968
502 0.1084 15634432
503 0.1034 15704064
504 0.1117 15777792
505 0.1073 15814656
506 0.1032 15695872
507 0.1112 15777792
508 0.1052 15724544
509 0.1148 15876096
510 0.1094 15970304
511 0.1135 16105472
512 0.1086 15872000
513 0.1114 16011264
514 0.1077 16068608
515 0.1098 16015360
516 0.1092 16089088
517 0.1162 16146432
518 0.1159 16162816
519 0.1091 16187392
520 0.1113 16052224
521 0.1165 16224256
522 0.11 16211968
523 0.1119 16289792
524 0.1172 16347136
525 0.1105 16330752
526 0.1121 16310272
527 0.1212 16384000
528 0.1152 16404480
529 0.1212 16445440
530 0.1145 16494592
531 0.1113 16482304
532 0.1148 16551936
533 0.1133 16576512
534 0.1133 16560128
535 0.118 16613376
536 0.1147 16564224
537 0.1178 16658432
538 0.1129 16670720
539 0.1176 16801792
540 0.1175 16728064
541 0.1196 16748544
542 0.1191 16781312
543 0.1177 16801792
544 0.1226 16875520
545 0.12 17002496
546 0.1239 16879616
547 0.1186 16953344
548 0.1206 16986112
549 0.1181 16965632
550 0.1249 16977920
551 0.1229 17211392
552 0.1206 17092608
553 0.1214 16982016
554 0.1248 17092608
555 0.1284 17108992
556 0.1207 17121280
557 0.1277 17162240
558 0.1244 17240064
559 0.1268 17338368
560 0.128 17252352
561 0.1212 17285120
562 0.1239 17313792
563 0.1328 17362944
564 0.1241 17358848
565 0.1328 17391616
566 0.1259 17371136
567 0.1244 17485824
568 0.1239 17534976
569 0.1291 17436672
570 0.1379 17567744
571 0.1282 17620992
572 0.1304 17784832
573 0.1262 17551360
574 0.1317 17666048
575 0.1258 17678336
576 0.1353 17690624
577 0.129 17772544
578 0.1302 17743872
579 0.1296 17858560
580 0.1322 17895424
581 0.1334 18038784
582 0.1296 17858560
583 0.1304 17907712
584 0.1321 17965056
585 0.1297 17977344
586 0.1393 17973248
587 0.1338 18051072
588 0.1362 18014208
589 0.1348 18132992
590 0.1334 18169856
591 0.1326 18100224
592 0.135 18153472
593 0.141 18214912
594 0.1383 18255872
595 0.1408 18296832
596 0.1357 18345984
597 0.1389 18341888
598 0.1346 18341888
599 0.1353 18321408
600 0.135 18436096
601 0.1378 18444288
602 0.1485 18444288
603 0.1394 18477056
604 0.1424 18522112
605 0.1365 18550784
606 0.1365 18567168
607 0.1376 18587648
608 0.1419 18657280
609 0.1452 18657280
610 0.1395 18796544
611 0.14 18718720
612 0.1483 18653184
613 0.1426 18866176
614 0.1433 18808832
615 0.1407 18743296
616 0.1446 18960384
617 0.1497 18862080
618 0.1415 18935808
619 0.1421 18984960
620 0.1472 18976768
621 0.1413 19030016
622 0.1485 18964480
623 0.1505 19099648
624 0.1809 19050496
625 0.1447 19079168
626 0.1477 19206144
627 0.1455 19222528
628 0.1438 19111936
629 0.1575 19271680
630 0.1566 19292160
631 0.1473 19316736
632 0.1482 19390464
633 0.1511 19447808
634 0.149 19468288
635 0.1548 19496960
636 0.1471 19521536
637 0.1537 19562496
638 0.1595 19558400
639 0.154 19943424
640 0.1507 19644416
641 0.1484 19644416
642 0.1525 19759104
643 0.1598 19750912
644 0.1506 19750912
645 0.1566 19795968
646 0.1574 19820544
647 0.1609 19914752
648 0.156 19783680
649 0.1532 19877888
650 0.1566 19972096
651 0.1553 19935232
652 0.1553 19980288
653 0.1583 20054016
654 0.1624 20033536
655 0.1599 20160512
656 0.1581 20152320
657 0.1581 20221952
658 0.1545 20062208
659 0.1648 20152320
660 0.1635 20250624
661 0.1603 20316160
662 0.1603 20316160
663 0.1643 20381696
664 0.1599 20402176
665 0.1724 20914176
666 0.1743 20500480
667 0.163 20508672
668 0.1613 20516864
669 0.1647 20520960
670 0.1651 20570112
671 0.1649 20594688
672 0.1666 20672512
673 0.1692 20729856
674 0.1735 20779008
675 0.1711 20635648
676 0.1689 20832256
677 0.1634 20754432
678 0.1755 20975616
679 0.1705 20889600
680 0.1751 20905984
681 0.1667 21049344
682 0.173 20951040
683 0.1778 21012480
684 0.1671 21090304
685 0.1716 21368832
686 0.1764 21114880
687 0.1721 21180416
688 0.1803 21250048
689 0.1787 21340160
690 0.2488 21553152
691 0.1846 21495808
692 0.173 21348352
693 0.1979 21348352
694 0.1781 21450752
695 0.1725 21430272
696 0.176 21729280
697 0.1693 21413888
698 0.1743 21528576
699 0.1715 21569536
700 0.171 21618688
701 0.1779 21630976
702 0.1778 21610496
703 0.1864 21704704
704 0.1829 21803008
705 0.1795 21929984
706 0.1799 21798912
707 0.1835 21946368
708 0.1789 22020096
709 0.1756 21925888
710 0.1777 22069248
711 0.1794 22073344
712 0.1783 22073344
713 0.2039 22196224
714 0.1787 21987328
715 0.1804 21995520
716 0.1795 22179840
717 0.1825 22364160
718 0.1817 22216704
719 0.1848 22253568
720 0.1969 22454272
721 0.1811 22323200
722 0.1844 22228992
723 0.181 22347776
724 0.1885 22376448
725 0.1906 22433792
726 0.191 22519808
727 0.1869 22433792
728 0.1979 22597632
729 0.1959 22568960
730 0.1887 22573056
731 0.1904 22618112
732 0.1868 22749184
733 0.1912 22732800
734 0.1924 22757376
735 0.1878 22691840
736 0.1875 22732800
737 0.1854 22732800
738 0.2104 23023616
739 0.2011 22888448
740 0.1949 22978560
741 0.1891 23007232
742 0.1892 22921216
743 0.2052 23171072
744 0.2073 23121920
745 0.1979 23126016
746 0.1932 23207936
747 0.192 23293952
748 0.1998 23154688
749 0.1974 23252992
750 0.1985 23347200
751 0.2139 23621632
752 0.1977 23408640
753 0.1987 23322624
754 0.1951 23429120
755 0.2071 23425024
756 0.2087 23388160
757 0.204 23658496
758 0.1971 23539712
759 0.2008 23650304
760 0.2003 23748608
761 0.1992 23629824
762 0.1953 23633920
763 0.2036 23879680
764 0.2036 23797760
765 0.2005 23867392
766 0.2116 23814144
767 0.2069 23949312