1 0.0034 6471680
2 0.0035 6483968
3 0.0029 6479872
4 0.0046 6492160
5 0.0029 6483968
6 0.0038 6520832
7 0.004 6537216
8 0.0035 6545408
9 0.0033 6524928
10 0.0042 6574080
11 0.0045 6561792
12 0.0037 6594560
13 0.0047 6594560
14 0.0046 6606848
15 0.0049 6610944
16 0.004 6610944
17 0.0047 6643712
18 0.0052 6651904
19 0.0043 6676480
20 0.0054 6656000
21 0.0046 6692864
22 0.0051 6709248
23 0.0057 6692864
24 0.0047 6688768
25 0.0064 6733824
26 0.005 6750208
27 0.005 6750208
28 0.0051 6733824
29 0.0056 6762496
30 0.0065 6754304
31 0.0055 6799360
32 0.0068 6807552
33 0.0074 6807552
34 0.006 6795264
35 0.0058 6823936
36 0.0066 6856704
37 0.0092 6860800
38 0.0082 6881280
39 0.007 6885376
40 0.0086 6897664
41 0.007 6897664
42 0.0091 6922240
43 0.0068 6926336
44 0.0074 6926336
45 0.0098 6967296
46 0.0067 6938624
47 0.0069 6955008
48 0.0094 6971392
49 0.0073 7024640
50 0.0087 7028736
51 0.0074 7004160
52 0.0092 7036928
53 0.0075 7028736
54 0.0077 7041024
55 0.0089 7077888
56 0.0092 7077888
57 0.008 7114752
58 0.0098 7102464
59 0.009 7110656
60 0.0086 7106560
61 0.0084 7159808
62 0.0087 7176192
63 0.012 7180288
64 0.0099 7151616
65 0.0091 7200768
66 0.013 7200768
67 0.0093 7245824
68 0.011 7229440
69 0.0094 7258112
70 0.0094 7225344
71 0.0098 7282688
72 0.0108 7290880
73 0.0099 7299072
74 0.01 7331840
75 0.0103 7335936
76 0.0102 7340032
77 0.0108 7352320
78 0.0104 7331840
79 0.0123 7360512
80 0.0129 7380992
81 0.0108 7368704
82 0.0108 7413760
83 0.0111 7401472
84 0.0112 7413760
85 0.0113 7471104
86 0.012 7462912
87 0.0118 7491584
88 0.0163 7512064
89 0.0118 7479296
90 0.0163 7524352
91 0.0125 7524352
92 0.0178 7548928
93 0.014 7548928
94 0.0173 7585792
95 0.0126 7593984
96 0.0128 7589888
97 0.0152 7651328
98 0.0188 7655424
99 0.0148 7647232
100 0.0205 7680000
101 0.0154 7696384
102 0.0174 7745536
103 0.0155 7720960
104 0.014 7761920
105 0.0144 7753728
106 0.0167 7819264
107 0.0146 7790592
108 0.0187 7802880
109 0.0178 7823360
110 0.0148 7847936
111 0.0192 7839744
112 0.0197 7872512
113 0.0153 7876608
114 0.0151 7852032
115 0.0168 7892992
116 0.0216 7921664
117 0.0175 7942144
118 0.0174 7929856
119 0.0215 7958528
120 0.0177 7966720
121 0.0187 7999488
122 0.0215 8011776
123 0.0208 8032256
124 0.0179 8019968
125 0.0169 8056832
126 0.0219 8060928
127 0.0185 8089600
128 0.0202 8093696
129 0.0194 8105984
130 0.0178 8130560
131 0.023 8151040
132 0.0177 8155136
133 0.0212 8167424
134 0.0204 8179712
135 0.0208 8196096
136 0.0216 8212480
137 0.0208 8224768
138 0.0225 8237056
139 0.0212 8265728
140 0.0207 8318976
141 0.0212 8294400
142 0.0217 8343552
143 0.0215 8323072
144 0.0252 8339456
145 0.0234 8368128
146 0.022 8388608
147 0.0226 8384512
148 0.0211 8384512
149 0.0244 8441856
150 0.024 8495104
151 0.0278 8495104
152 0.0274 8474624
153 0.0234 8491008
154 0.0255 8503296
155 0.0253 8515584
156 0.0283 8556544
157 0.0244 8581120
158 0.0242 8556544
159 0.0296 8597504
160 0.0262 8609792
161 0.0283 8617984
162 0.0263 8626176
163 0.025 8658944
164 0.0256 8667136
165 0.0244 8679424
166 0.0248 8708096
167 0.0237 8736768
168 0.0257 8724480
169 0.0292 8753152
170 0.0249 8777728
171 0.0292 8814592
172 0.0264 8806400
173 0.0258 8822784
174 0.0295 8839168
175 0.0263 8826880
176 0.0269 8888320
177 0.0273 8851456
178 0.0276 8916992
179 0.0251 8904704
180 0.028 8912896
181 0.0313 8962048
182 0.0282 8941568
183 0.0261 8970240
184 0.0279 8982528
185 0.0278 9007104
186 0.0331 9019392
187 0.0275 9011200
188 0.0316 9035776
189 0.0297 9060352
190 0.0315 9134080
191 0.0337 9093120
192 0.035 9105408
193 0.0302 9109504
194 0.0352 9134080
195 0.0308 9125888
196 0.0309 9158656
197 0.033 9175040
198 0.0303 9191424
199 0.0343 9232384
200 0.0298 9248768
201 0.0326 9236480
202 0.0317 9277440
203 0.032 9318400
204 0.0332 9314304
205 0.0302 9334784
206 0.033 9355264
207 0.0327 9351168
208 0.0354 9469952
209 0.0325 9408512
210 0.0318 9388032
211 0.0331 9449472
212 0.0324 9486336
213 0.0324 9502720
214 0.0332 9510912
215 0.0334 9539584
216 0.035 9523200
217 0.035 9633792
218 0.0378 9555968
219 0.0382 9576448
220 0.0329 9584640
221 0.036 9650176
222 0.0387 9654272
223 0.0386 9682944
224 0.0372 9658368
225 0.0407 9682944
226 0.0364 9740288
227 0.0365 9744384
228 0.0374 9760768
229 0.0374 9777152
230 0.0397 9756672
231 0.0376 9785344
232 0.043 9830400
233 0.0376 9822208
234 0.0405 9854976
235 0.0374 9834496
236 0.0425 9883648
237 0.0386 9879552
238 0.0385 9904128
239 0.0385 9924608
240 0.0388 9940992
241 0.0438 9977856
242 0.0431 9965568
243 0.0398 10010624
244 0.0402 10031104
245 0.0435 10018816
246 0.0452 10158080
247 0.0446 10076160
248 0.0457 10080256
249 0.0436 10227712
250 0.0461 10117120
251 0.0427 10149888
252 0.0449 10170368
253 0.0477 10174464
254 0.0469 10194944
255 0.0419 10166272
256 0.0501 10256384
257 0.0411 10235904
258 0.0484 10244096
259 0.0472 10309632
260 0.0441 10313728
261 0.0436 10330112
262 0.0449 10330112
263 0.048 10383360
264 0.0483 10387456
265 0.0447 10493952
266 0.0446 10412032
267 0.0446 10457088
268 0.0446 10452992
269 0.0437 10444800
270 0.0463 10514432
271 0.0511 10518528
272 0.0465 10432512
273 0.046 10498048
274 0.0454 10604544
275 0.0478 10575872
276 0.0476 10567680
277 0.0462 10571776
278 0.0503 10739712
279 0.0452 10604544
280 0.0511 10649600
281 0.0521 10702848
282 0.0511 10694656
283 0.0475 10764288
284 0.0509 10809344
285 0.0544 10768384
286 0.0553 10805248
287 0.0507 10801152
288 0.0486 10809344
289 0.0524 10870784
290 0.0484 10817536
291 0.0528 10866688
292 0.0525 10883072
293 0.0523 10874880
294 0.0522 10915840
295 0.0497 11022336
296 0.0507 10969088
297 0.0535 10973184
298 0.0534 11001856
299 0.0506 10989568
300 0.05 11079680
301 0.0555 11096064
302 0.0625 11075584
303 0.0544 11100160
304 0.0588 11161600
305 0.0575 11268096
306 0.0534 11149312
307 0.0591 11218944
308 0.0575 11206656
309 0.055 11231232
310 0.0585 11223040
311 0.0533 11218944
312 0.0547 11300864
313 0.0801 11395072
314 0.0557 11292672
315 0.0543 11345920
316 0.055 11341824
317 0.0561 11427840
318 0.0564 11472896
319 0.0566 11419648
320 0.0566 11423744
321 0.0588 11493376
322 0.0561 11472896
323 0.0578 11661312
324 0.0569 11599872
325 0.0582 11583488
326 0.0586 11587584
327 0.0571 11665408
328 0.058 11603968
329 0.0575 11624448
330 0.0604 11632640
331 0.0608 11677696
332 0.0629 11706368
333 0.0597 11706368
334 0.061 11751424
335 0.0595 11829248
336 0.0624 11841536
337 0.061 11812864
338 0.061 11890688
339 0.0648 11792384
340 0.0619 11907072
341 0.0669 11862016
342 0.066 11968512
343 0.0646 11972608
344 0.0628 11907072
345 0.0708 11988992
346 0.0622 11993088
347 0.0686 12144640
348 0.0675 12070912
349 0.061 11984896
350 0.0668 12107776
351 0.0635 12165120
352 0.0671 12103680
353 0.0633 12165120
354 0.0689 12218368
355 0.0718 12230656
356 0.0717 12238848
357 0.0711 12251136
358 0.0741 12255232
359 0.072 12300288
360 0.065 12304384
361 0.069 12349440
362 0.0692 12369920
363 0.0678 12386304
364 0.068 12378112
365 0.071 12472320
366 0.0732 12435456
367 0.0733 12496896
368 0.0745 12517376
369 0.0706 12484608
370 0.0743 12505088
371 0.0781 12550144
372 0.0732 12574720
373 0.0686 12591104
374 0.0692 12660736
375 0.0696 12701696
376 0.0704 12701696
377 0.0757 12693504
378 0.0739 12623872
379 0.0679 12705792
380 0.0708 12816384
381 0.0698 12800000
382 0.0714 12783616
383 0.071 12840960
384 0.0801 12857344
385 0.0759 12922880
386 0.0762 12853248
387 0.0723 12931072
388 0.0804 12943360
389 0.0744 12931072
390 0.0803 12939264
391 0.0769 13041664
392 0.0777 13000704
393 0.0806 13062144
394 0.0749 13127680
395 0.0821 13078528
396 0.074 13148160
397 0.0796 13205504
398 0.0736 13172736
399 0.0792 13107200
400 0.0774 13238272
401 0.077 13176832
402 0.082 13332480
403 0.074 13328384
404 0.0779 13307904
405 0.0778 13463552
406 0.0772 13381632
407 0.0812 13377536
408 0.0788 13447168
409 0.0791 13455360
410 0.0818 13438976
411 0.0814 13467648
412 0.0877 13504512
413 0.0859 13541376
414 0.0804 13541376
415 0.0788 13574144
416 0.0813 13578240
417 0.0856 13660160
418 0.0778 13660160
419 0.0827 13664256
420 0.0833 13676544
421 0.0862 13705216
422 0.0867 13799424
423 0.0847 13766656
424 0.0834 13758464
425 0.0806 13717504
426 0.0863 13799424
427 0.0895 13824000
428 0.09 13848576
429 0.0941 13926400
430 0.0877 14077952
431 0.0842 13963264
432 0.0852 13963264
433 0.087 13991936
434 0.0829 13946880
435 0.089 14127104
436 0.0892 14176256
437 0.0874 14131200
438 0.0865 14168064
439 0.0877 14155776
440 0.0877 14221312
441 0.0934 14221312
442 0.0878 14245888
443 0.0904 14336000
444 0.0942 14364672
445 0.0903 14364672
446 0.0916 14376960
447 0.0893 14331904
448 0.0924 14557184
449 0.0891 14381056
450 0.0891 14434304
451 0.0964 14450688
452 0.0974 14495744
453 0.0969 14512128
454 0.0917 14581760
455 0.0987 14610432
456 0.0953 14553088
457 0.0921 14561280
458 0.0935 14606336
459 0.0979 14671872
460 0.0948 14589952
461 0.0956 14692352
462 0.0962 14655488
463 0.1014 14782464
464 0.0973 14831616
465 0.0965 14774272
466 0.0944 14848000
467 0.0941 14831616
468 0.097 14757888
469 0.0943 14913536
470 0.094 14917632
471 0.1027 14876672
472 0.1002 14962688
473 0.0962 14995456
474 0.1007 14974976
475 0.0975 15011840
476 0.0959 15073280
477 0.1007 15106048
478 0.0974 15175680
479 0.1037 15126528
480 0.0992 15278080
481 0.1016 15233024
482 0.1007 15249408
483 0.102 15233024
484 0.1053 15269888
485 0.1046 15278080
486 0.1003 15216640
487 0.1031 15290368
488 0.1026 15257600
489 0.1059 15597568
490 0.0999 15458304
491 0.0978 15486976
492 0.1014 15708160
493 0.1046 15478784
494 0.1053 15515648
495 0.1052 15568896
496 0.1033 15613952
497 0.1027 15577088
498 0.1047 15634432
499 0.1108 15654912
500 0.1058 15626240
501 0.1035 15593472
502 0.1057 15683584
503 0.1064 15736832
504 0.1128 15769600
505 0.1133 15773696
506 0.1051 15802368
507 0.1076 15798272
508 0.1042 15839232
509 0.1113 16072704
510 0.1128 15896576
511 0.1124 15974400
512 0.1087 15945728
513 0.1148 15986688
514 0.1118 16039936
515 0.1179 16039936
516 0.1129 16048128
517 0.1092 16023552
518 0.1167 16179200
519 0.1165 16195584
520 0.1121 16130048
521 0.1104 16211968
522 0.1138 16203776
523 0.1107 16277504
524 0.1189 16310272
525 0.1191 16314368
526 0.113 16220160
527 0.1151 16416768
528 0.1163 16408576
529 0.1126 16445440
530 0.1155 16453632
531 0.1115 16490496
532 0.1166 16572416
533 0.1137 16465920
534 0.1199 16482304
535 0.1181 16564224
536 0.115 16605184
537 0.1216 16646144
538 0.1185 16683008
539 0.1175 16588800
540 0.1174 16707584
541 0.1164 16752640
542 0.1174 16801792
543 0.1244 16830464
544 0.1187 16896000
545 0.119 16867328
546 0.1251 16867328
547 0.1242 17006592
548 0.1189 16965632
549 0.1219 16891904
550 0.1201 17108992
551 0.127 17088512
552 0.127 17080320
553 0.1182 16994304
554 0.1275 17100800
555 0.126 17154048
556 0.1192 17117184
557 0.1242 17080320
558 0.1214 17141760
559 0.1205 17166336
560 0.1215 17170432
561 0.1214 17244160
562 0.1197 17223680
563 0.1262 17309696
564 0.1249 17301504
565 0.1317 17485824
566 0.1282 17453056
567 0.1236 17391616
568 0.1238 17522688
569 0.1264 17571840
570 0.1253 17571840
571 0.129 17633280
572 0.1279 17641472
573 0.1312 17702912
574 0.1273 17674240
575 0.127 17694720
576 0.1358 17723392
577 0.1321 17776640
578 0.1288 17805312
579 0.1329 17977344
580 0.1283 17879040
581 0.129 17883136
582 0.1304 17887232
583 0.1308 17825792
584 0.1379 17924096
585 0.1293 18022400
586 0.1356 18026496
587 0.1313 18014208
588 0.1389 18063360
589 0.1349 18051072
590 0.1393 18116608
591 0.1324 18128896
592 0.1347 18145280
593 0.1392 18157568
594 0.1333 18214912
595 0.1373 18202624
596 0.1358 18247680
597 0.1378 18251776
598 0.1344 18255872
599 0.1339 18325504
600 0.1399 18341888
601 0.1377 18427904
602 0.1443 18571264
603 0.1401 18391040
604 0.1475 18481152
605 0.1377 18513920
606 0.1355 18583552
607 0.1416 18579456
608 0.1379 18563072
609 0.1424 18636800
610 0.1514 18874368
611 0.1396 18788352
612 0.1395 18759680
613 0.1448 18767872
614 0.1418 18739200
615 0.1401 18743296
616 0.1431 18751488
617 0.1466 18886656
618 0.1499 18984960
619 0.1445 19001344
620 0.1468 19001344
621 0.1445 19042304
622 0.1508 19058688
623 0.1432 19140608
624 0.147 19120128
625 0.1461 19218432
626 0.1622 19177472
627 0.1476 19206144
628 0.1454 19275776
629 0.152 19333120
630 0.1488 19324928
631 0.1457 19357696
632 0.1519 19394560
633 0.1567 19341312
634 0.1496 19435520
635 0.1554 19492864
636 0.1485 19496960
637 0.1518 19591168
638 0.1582 19771392
639 0.1618 19693568
640 0.15 19668992
641 0.1527 19664896
642 0.1505 19701760
643 0.1572 19845120
644 0.1523 19640320
645 0.1557 19795968
646 0.1534 19824640
647 0.1541 19890176
648 0.16 19894272
649 0.1548 19906560
650 0.1542 19984384
651 0.1601 19984384
652 0.1574 20029440
653 0.1548 20029440
654 0.1585 20094976
655 0.1628 20119552
656 0.1574 20025344
657 0.1625 20144128
658 0.1674 20246528
659 0.1645 20393984
660 0.1658 20254720
661 0.1643 20545536
662 0.1604 20328448
663 0.1649 20312064
664 0.1716 20557824
665 0.1667 20348928
666 0.1659 20443136
667 0.1623 20484096
668 0.1678 20504576
669 0.1659 20533248
670 0.1609 20594688
671 0.1614 20549632
672 0.1681 20688896
673 0.1632 20639744
674 0.1676 20819968
675 0.1672 20627456
676 0.1664 20963328
677 0.1658 20836352
678 0.1673 20811776
679 0.1635 20770816
680 0.1715 21078016
681 0.1719 20832256
682 0.1721 20955136
683 0.1731 21000192
684 0.174 21078016
685 0.1665 21082112
686 0.175 21106688
687 0.1767 21106688
688 0.1699 21258240
689 0.1675 21209088
690 0.1692 21229568
691 0.1809 21360640
692 0.1762 21508096
693 0.1748 21336064
694 0.1784 21458944
695 0.1707 21413888
696 0.1746 21434368
697 0.1799 21671936
698 0.1798 21483520
699 0.1857 21655552
700 0.1764 21565440
701 0.1739 21516288
702 0.1752 21680128
703 0.1791 21729280
704 0.1754 21708800
705 0.1874 22175744
706 0.1795 21774336
707 0.1781 21803008
708 0.1797 21811200
709 0.1835 21946368
710 0.1804 21827584
711 0.1773 21975040
712 0.1806 22007808
713 0.1843 21995520
714 0.1832 22134784
715 0.1777 22126592
716 0.1822 22265856
717 0.1823 22183936
718 0.1845 22261760
719 0.1872 22237184
720 0.1926 22228992
721 0.1955 22646784
722 0.194 22335488
723 0.1885 22790144
724 0.1858 22290432
725 0.1832 22302720
726 0.1932 22417408
727 0.189 22687744
728 0.1919 22765568
729 0.1939 22675456
730 0.1876 22622208
731 0.1882 22630400
732 0.1872 22777856
733 0.1919 22728704
734 0.188 22650880
735 0.1987 22839296
736 0.1911 22831104
737 0.191 22900736
738 0.1902 22896640
739 0.1912 23023616
740 0.1894 22933504
741 0.1953 23007232
742 0.19 23003136
743 0.189 23146496
744 0.1983 23093248
745 0.1894 23158784
746 0.1972 23195648
747 0.2028 23212032
748 0.2042 23220224
749 0.1924 23273472
750 0.1956 23330816
751 0.1994 23429120
752 0.1961 23379968
753 0.2009 23461888
754 0.1964 23482368
755 0.1989 23330816
756 0.2079 23486464
757 0.1991 23625728
758 0.2001 23552000
759 0.1962 23654400
760 0.2097 24145920
761 0.2006 23744512
762 0.1974 23769088
763 0.1982 23818240
764 0.1978 23699456
765 0.2095 23859200
766 0.1996 23744512
767 0.2008 23851008