1 0.0042 6615040
2 0.0047 6684672
3 0.0069 6746112
4 0.0064 6766592
5 0.0075 6864896
6 0.0086 6914048
7 0.0138 6963200
8 0.0133 7036928
9 0.012 7069696
10 0.0142 7135232
11 0.018 7184384
12 0.0193 7237632
13 0.016 7254016
14 0.0223 7372800
15 0.0224 7385088
16 0.02 7442432
17 0.0268 7499776
18 0.023 7524352
19 0.0274 7606272
20 0.0281 7647232
21 0.0277 7737344
22 0.0275 7802880
23 0.0298 7880704
24 0.0323 7909376
25 0.0321 7950336
26 0.0319 8011776
27 0.0328 8028160
28 0.0418 8110080
29 0.036 8159232
30 0.0349 8179712
31 0.0379 8253440
32 0.0393 8335360
33 0.0431 8388608
34 0.0419 8400896
35 0.0408 8495104
36 0.0421 8540160
37 0.0452 8572928
38 0.0485 8699904
39 0.0448 8683520
40 0.0483 8749056
41 0.0569 8863744
42 0.0627 8822784
43 0.0556 9003008
44 0.0536 9060352
45 0.0524 9101312
46 0.0511 9117696
47 0.0547 9125888
48 0.0564 9207808
49 0.054 9228288
50 0.0593 9359360
51 0.0622 9404416
52 0.0612 9445376
53 0.0628 9469952
54 0.0602 9539584
55 0.0682 9601024
56 0.065 9641984
57 0.0654 9732096
58 0.0646 9781248
59 0.0767 9887744
60 0.0817 9838592
61 0.0686 9871360
62 0.0739 9912320
63 0.0731 9986048
64 0.077 10080256
65 0.0716 10055680
66 0.0742 10240000
67 0.0808 10223616
68 0.076 10280960
69 0.076 10252288
70 0.0812 10354688
71 0.0859 10383360
72 0.0794 10416128
73 0.0827 10543104
74 0.0894 10604544
75 0.0826 10625024
76 0.0832 10743808
77 0.088 10809344
78 0.0851 10842112
79 0.0943 10878976
80 0.0915 10993664
81 0.0952 11014144
82 0.089 10973184
83 0.0953 11087872
84 0.0907 11116544
85 0.0967 11190272
86 0.0974 11251712
87 0.0947 11218944
88 0.101 11345920
89 0.0986 11395072
90 0.0984 11378688
91 0.098 11497472
92 0.107 11481088
93 0.0984 11526144
94 0.1015 11571200
95 0.1079 11743232
96 0.106 11689984
97 0.1443 11796480
98 0.1089 11771904
99 0.1083 11796480
100 0.1098 11870208
101 0.1179 12058624
102 0.1132 12009472
103 0.1192 12132352
104 0.112 12156928
105 0.1159 12283904
106 0.1192 12374016
107 0.1193 12333056
108 0.1233 12472320
109 0.1193 12390400
110 0.1192 12414976
111 0.119 12488704
112 0.1225 12521472
113 0.1209 12574720
114 0.1241 12627968
115 0.1261 12668928
116 0.1274 12754944
117 0.1272 12877824
118 0.1261 12861440
119 0.1263 12935168
120 0.1368 13070336
121 0.128 13115392
122 0.1392 13082624
123 0.1325 13193216
124 0.1336 13242368
125 0.1374 13283328
126 0.1347 13291520
127 0.1372 13410304
128 0.1387 13414400
129 0.1381 13422592
130 0.14 13553664
131 0.1417 13594624
132 0.1475 13647872
133 0.1452 13692928
134 0.1431 13664256
135 0.1517 13819904
136 0.1464 13840384
137 0.1497 13889536
138 0.1455 13963264
139 0.1506 14082048
140 0.1557 14032896
141 0.1512 14016512
142 0.1499 14086144
143 0.1572 14168064
144 0.1552 14155776
145 0.1586 14290944
146 0.1573 14381056
147 0.1569 14381056
148 0.1551 14413824
149 0.161 14536704
150 0.1591 14536704
151 0.164 14585856
152 0.1704 14761984
153 0.1678 14835712
154 0.1644 14802944
155 0.1752 14913536
156 0.1677 14987264
157 0.1733 14946304
158 0.175 15052800
159 0.1713 15060992
160 0.1707 15159296
161 0.1766 15351808
162 0.1717 15220736
163 0.1792 15298560
164 0.1803 15302656
165 0.1766 15400960
166 0.1888 15609856
167 0.1787 15507456
168 0.1859 15572992
169 0.1802 15556608
170 0.1833 15605760
171 0.1863 15691776
172 0.1845 15712256
173 0.1867 15831040
174 0.1852 15880192
175 0.1865 15917056
176 0.1936 15966208
177 0.1872 15945728
178 0.1901 16007168
179 0.1906 16138240
180 0.1985 16191488
181 0.2069 16314368
182 0.1977 16273408
183 0.1974 16355328
184 0.202 16404480
185 0.1977 16478208
186 0.2001 16494592
187 0.1992 16506880
188 0.2036 16539648
189 0.2032 16654336
190 0.2084 16691200
191 0.2067 16740352
192 0.2098 16760832
193 0.2104 16863232
194 0.2103 16969728
195 0.2085 16982016
196 0.215 16928768
197 0.213 16990208
198 0.2163 17080320
199 0.2191 17108992
200 0.2153 17014784
201 0.2169 17182720
202 0.2189 17354752
203 0.221 17248256
204 0.2232 17268736
205 0.2279 17612800
206 0.2336 17670144
207 0.2283 17465344
208 0.2248 17494016
209 0.2273 17637376
210 0.2306 17809408
211 0.2468 17870848
212 0.2275 17793024
213 0.2267 17821696
214 0.2377 17993728
215 0.2301 17956864
216 0.2366 17989632
217 0.2319 17997824
218 0.2333 18067456
219 0.2359 18173952
220 0.2362 18075648
221 0.2374 18325504
222 0.2453 18309120
223 0.2422 18399232
224 0.2424 18419712
225 0.2466 18436096
226 0.2498 18575360
227 0.2478 18493440
228 0.241 18624512
229 0.2459 18567168
230 0.2482 18624512
231 0.2495 18821120
232 0.2464 18878464
233 0.2494 18993152
234 0.2522 18952192
235 0.2526 19021824
236 0.2521 19120128
237 0.255 19038208
238 0.2572 19107840
239 0.2606 19251200
240 0.257 19263488
241 0.2554 19386368
242 0.2576 19480576
243 0.2619 19484672
244 0.2616 19476480
245 0.2623 19574784
246 0.2626 19562496
247 0.2628 19656704
248 0.2663 19578880
249 0.2718 19763200
250 0.2671 19775488
251 0.2674 19746816
252 0.2707 19906560
253 0.2693 19857408
254 0.2736 19976192
255 0.272 20094976
256 0.2748 20148224
257 0.2755 20135936
258 0.2767 20189184
259 0.2768 20234240
260 0.2795 20275200
261 0.2824 20320256
262 0.287 20393984
263 0.2904 20328448
264 0.286 20500480
265 0.2932 20664320
266 0.2876 20660224
267 0.288 20582400
268 0.287 20701184
269 0.2866 20803584
270 0.2955 20717568
271 0.2886 20897792
272 0.2897 20893696
273 0.2892 20844544
274 0.2903 21024768
275 0.2997 21110784
276 0.2971 21192704
277 0.2977 20996096
278 0.2952 21012480
279 0.2959 21221376
280 0.2979 21225472
281 0.3021 21250048
282 0.2997 21307392
283 0.2972 21450752
284 0.3012 21491712
285 0.3065 21618688
286 0.3075 21635072
287 0.3045 21491712
288 0.3021 21712896
289 0.3123 21913600
290 0.3113 21790720
291 0.3111 21901312
292 0.3106 22028288
293 0.3191 21880832
294 0.3184 22093824
295 0.3192 22208512
296 0.3225 22167552
297 0.3192 22257664
298 0.3189 22372352
299 0.3156 22298624
300 0.3242 22421504