1 0.0038 6631424
2 0.0048 6692864
3 0.0058 6746112
4 0.0067 6795264
5 0.0078 6864896
6 0.0088 6885376
7 0.0098 6963200
8 0.0108 7016448
9 0.0128 7053312
10 0.0138 7139328
11 0.014 7184384
12 0.015 7241728
13 0.0163 7282688
14 0.0177 7331840
15 0.0197 7413760
16 0.0222 7434240
17 0.0231 7499776
18 0.0221 7557120
19 0.0228 7602176
20 0.0239 7667712
21 0.0252 7757824
22 0.0269 7766016
23 0.029 7860224
24 0.0282 7905280
25 0.0296 7950336
26 0.0317 7983104
27 0.0328 8101888
28 0.0326 8089600
29 0.0335 8118272
30 0.035 8204288
31 0.0356 8273920
32 0.0392 8298496
33 0.0414 8372224
34 0.0432 8503296
35 0.0474 8466432
36 0.0419 8556544
37 0.0454 8564736
38 0.0451 8638464
39 0.049 8671232
40 0.0554 8736768
41 0.0494 8785920
42 0.0482 8835072
43 0.0554 8982528
44 0.0525 9015296
45 0.0579 9052160
46 0.0548 9109504
47 0.0539 9170944
48 0.0564 9252864
49 0.0594 9244672
50 0.0545 9277440
51 0.058 9363456
52 0.0601 9449472
53 0.0595 9494528
54 0.0634 9543680
55 0.0623 9588736
56 0.0641 9580544
57 0.0654 9736192
58 0.0666 9773056
59 0.0658 9830400
60 0.0723 9789440
61 0.0698 9973760
62 0.0716 9977856
63 0.0712 10031104
64 0.0739 10080256
65 0.0738 10059776
66 0.0735 10104832
67 0.0768 10153984
68 0.0755 10289152
69 0.0792 10260480
70 0.0783 10387456
71 0.0811 10375168
72 0.0816 10416128
73 0.0814 10493952
74 0.0815 10604544
75 0.085 10575872
76 0.0854 10682368
77 0.0867 10731520
78 0.0912 10944512
79 0.0887 10977280
80 0.0885 10838016
81 0.0895 10989568
82 0.0926 10964992
83 0.0983 11141120
84 0.0915 11059200
85 0.0974 11116544
86 0.0982 11272192
87 0.0977 11218944
88 0.0995 11259904
89 0.0972 11341824
90 0.1062 11378688
91 0.0975 11431936
92 0.0984 11472896
93 0.1072 11603968
94 0.1068 11579392
95 0.1019 11632640
96 0.1113 11685888
97 0.1086 11735040
98 0.1166 11796480
99 0.1104 11829248
100 0.1115 11943936
101 0.1168 12013568
102 0.1109 12009472
103 0.1132 12079104
104 0.1138 12128256
105 0.1158 12234752
106 0.1173 12275712
107 0.1211 12455936
108 0.1171 12386304
109 0.1391 12468224
110 0.121 12410880
111 0.1285 12521472
112 0.1209 12537856
113 0.1223 12582912
114 0.1228 12636160
115 0.1324 12689408
116 0.1287 12800000
117 0.1261 12902400
118 0.127 12877824
119 0.1268 12996608
120 0.1323 12955648
121 0.132 13037568
122 0.1308 13086720
123 0.134 13131776
124 0.1331 13180928
125 0.1344 13291520
126 0.1362 13254656
127 0.1364 13389824
128 0.1389 13410304
129 0.14 13492224
130 0.1427 13504512
131 0.1457 13582336
132 0.143 13586432
133 0.1413 13688832
134 0.1427 13692928
135 0.1455 13737984
136 0.1499 13848576
137 0.1483 13807616
138 0.146 13901824
139 0.1539 13955072
140 0.1512 14041088
141 0.1533 14090240
142 0.1526 14094336
143 0.1652 14139392
144 0.1566 14192640
145 0.155 14344192
146 0.1599 14319616
147 0.1574 14389248
148 0.1572 14438400
149 0.1643 14544896
150 0.1583 14585856
151 0.1734 14770176
152 0.1664 14749696
153 0.1651 14807040
154 0.1659 14807040
155 0.1677 14831616
156 0.1752 14987264
157 0.1706 14946304
158 0.1729 14983168
159 0.17 15130624
160 0.1713 15159296
161 0.1732 15163392
162 0.1709 15163392
163 0.1757 15265792
164 0.1758 15298560
165 0.1917 15454208
166 0.1776 15470592
167 0.1813 15519744
168 0.1815 15515648
169 0.1803 15540224
170 0.1796 15634432
171 0.1849 15720448
172 0.183 15794176
173 0.1874 15769600
174 0.1928 15880192
175 0.1842 15863808
176 0.1906 16064512
177 0.1926 15949824
178 0.1944 16089088
179 0.1932 16044032
180 0.1916 16093184
181 0.2065 16285696
182 0.197 16343040
183 0.1971 16277504
184 0.1951 16347136
185 0.1965 16416768
186 0.2304 16478208
187 0.2129 16535552
188 0.1976 16596992
189 0.206 16568320
190 0.2098 16625664
191 0.2047 16785408
192 0.2019 16691200
193 0.2057 16805888
194 0.2136 16769024
195 0.2135 16822272
196 0.2107 17031168
197 0.2137 17051648
198 0.2198 17031168
199 0.2099 17108992
200 0.2112 17014784
201 0.2146 17043456
202 0.2197 17227776
203 0.2192 17297408
204 0.2255 17330176
205 0.2274 17514496
206 0.221 17510400
207 0.2277 17412096
208 0.2239 17489920
209 0.222 17702912
210 0.2289 17571840
211 0.2297 17735680
212 0.2261 17743872
213 0.23 17883136
214 0.2381 18128896
215 0.2337 17956864
216 0.2309 17829888
217 0.2374 18067456
218 0.2333 18104320
219 0.2367 18124800
220 0.2347 18153472
221 0.2401 18210816
222 0.2393 18288640
223 0.2388 18456576
224 0.2452 18415616
225 0.2424 18497536
226 0.2422 18415616
227 0.2465 18497536
228 0.2451 18534400
229 0.2518 18833408
230 0.2442 18718720
231 0.2498 18817024
232 0.251 18948096
233 0.2513 18911232
234 0.2513 19009536
235 0.2489 19083264
236 0.2585 18948096
237 0.258 19161088
238 0.2568 19230720
239 0.2657 19288064
240 0.2571 19333120
241 0.2606 19296256
242 0.2603 19517440
243 0.2568 19427328
244 0.2575 19562496
245 0.2644 19623936
246 0.2588 19533824
247 0.263 19668992
248 0.2803 19660800
249 0.2717 19664896
250 0.2699 19640320
251 0.27 19881984
252 0.2739 19906560
253 0.2688 19804160
254 0.271 19918848
255 0.2741 20058112
256 0.2757 20180992
257 0.2761 20140032
258 0.2784 20291584
259 0.2819 20221952
260 0.2798 20381696
261 0.2808 20332544
262 0.2888 20332544
263 0.2802 20525056
264 0.2807 20561920
265 0.281 20590592
266 0.2861 20602880
267 0.2833 20643840
268 0.2907 20692992
269 0.2885 20787200
270 0.2897 20860928
271 0.2937 20762624
272 0.2889 20922368
273 0.2954 20975616
274 0.292 20832256
275 0.2969 21032960
276 0.2945 21028864
277 0.2933 20992000
278 0.2956 21237760
279 0.3046 21446656
280 0.2981 21372928
281 0.3011 21291008
282 0.2966 21282816
283 0.3018 21352448
284 0.3046 21397504
285 0.3114 21647360
286 0.3041 21467136
287 0.3115 21549056
288 0.3182 21843968
289 0.3031 21737472
290 0.3112 21876736
291 0.3146 22106112
292 0.3141 22224896
293 0.3168 21864448
294 0.3202 22081536
295 0.3245 22265856
296 0.3234 22298624
297 0.3249 22347776
298 0.3216 22208512
299 0.3211 22208512
300 0.3186 22200320