1 0.0034 8495104
2 0.0064 8536064
3 0.0077 8585216
4 0.0067 8626176
5 0.0077 8687616
6 0.0085 8740864
7 0.0093 8785920
8 0.0133 8843264
9 0.0111 8884224
10 0.0111 8966144
11 0.0163 9007104
12 0.0137 9060352
13 0.0138 9117696
14 0.0189 9154560
15 0.0166 9203712
16 0.0174 9252864
17 0.0181 9314304
18 0.0193 9355264
19 0.0197 9400320
20 0.0202 9461760
21 0.0229 9572352
22 0.022 9601024
23 0.0235 9641984
24 0.0244 9678848
25 0.0242 9732096
26 0.0338 9785344
27 0.0265 9814016
28 0.0283 9871360
29 0.032 9924608
30 0.0334 9986048
31 0.03 10059776
32 0.0314 10088448
33 0.031 10133504
34 0.033 10186752
35 0.0378 10223616
36 0.0347 10272768
37 0.0352 10321920
38 0.0367 10375168
39 0.0407 10424320
40 0.0418 10473472
41 0.0424 10522624
42 0.0392 10653696
43 0.0412 10686464
44 0.0436 10768384
45 0.0616 10866688
46 0.0446 10878976
47 0.0446 10887168
48 0.0453 10907648
49 0.0459 10993664
50 0.0471 11005952
51 0.0488 11038720
52 0.0502 11079680
53 0.0507 11132928
54 0.0557 11214848
55 0.0518 11227136
56 0.0524 11280384
57 0.0547 11325440
58 0.0552 11390976
59 0.0562 11436032
60 0.0565 11526144
61 0.0578 11563008
62 0.0584 11608064
63 0.059 11657216
64 0.0643 11685888
65 0.0609 11747328
66 0.0611 11812864
67 0.0622 11862016
68 0.0676 11902976
69 0.0637 11960320
70 0.0689 12001280
71 0.0698 12054528
72 0.0674 12087296
73 0.0675 12132352
74 0.0725 12251136
75 0.0741 12242944
76 0.071 12283904
77 0.075 12349440
78 0.0714 12361728
79 0.0746 12427264
80 0.0731 12460032
81 0.0786 12525568
82 0.081 12791808
83 0.08 12619776
84 0.0776 12673024
85 0.0774 12730368
86 0.0784 12775424
87 0.0846 12828672
88 0.0803 12849152
89 0.0805 12926976
90 0.086 12972032
91 0.087 13017088
92 0.0849 13078528
93 0.0887 13119488
94 0.0876 13152256
95 0.0872 13221888
96 0.0876 13271040
97 0.089 13320192
98 0.0893 13381632
99 0.0962 13426688
100 0.094 13467648
101 0.0927 13529088
102 0.0949 13586432
103 0.0953 13635584
104 0.0952 13692928
105 0.0963 13750272
106 0.0992 13778944
107 0.0987 13824000
108 0.0985 13885440
109 0.1003 13918208
110 0.1025 13955072
111 0.103 14020608
112 0.1046 14077952
113 0.1053 14118912
114 0.1034 14180352
115 0.1053 14229504
116 0.1108 14299136
117 0.1078 14348288
118 0.1101 14397440
119 0.1102 14516224
120 0.1112 14528512
121 0.1162 14606336
122 0.1132 14655488
123 0.115 14696448
124 0.1134 14749696
125 0.1168 14798848
126 0.121 14901248
127 0.1159 14893056
128 0.1183 14934016
129 0.1251 15069184
130 0.1448 15159296
131 0.1207 15085568
132 0.1218 15126528
133 0.1315 15237120
134 0.1233 15228928
135 0.1255 15265792
136 0.125 15302656
137 0.1285 15364096
138 0.1262 15405056
139 0.132 15466496
140 0.1297 15519744
141 0.1292 15572992
142 0.132 15605760
143 0.1319 15671296
144 0.1385 15745024
145 0.1335 15802368
146 0.1345 15843328
147 0.1385 15884288
148 0.1394 15962112
149 0.1383 16048128
150 0.1428 16023552
151 0.1382 16080896
152 0.1417 16130048
153 0.1413 16179200
154 0.1432 16203776
155 0.1477 16273408
156 0.1449 16318464
157 0.1459 16367616
158 0.1445 16416768
159 0.1462 16441344
160 0.1465 16523264
161 0.1478 16556032
162 0.1498 16596992
163 0.1485 16662528
164 0.1517 16719872
165 0.1516 16764928
166 0.1527 16814080
167 0.1542 16875520
168 0.157 16900096
169 0.159 17006592
170 0.1558 16994304
171 0.1567 17047552
172 0.1612 17088512
173 0.164 17133568
174 0.1595 17199104
175 0.1622 17235968
176 0.1623 17281024
177 0.1649 17334272
178 0.1681 17383424
179 0.1639 17420288
180 0.1654 17510400
181 0.168 17530880
182 0.1672 17584128
183 0.1713 17633280
184 0.1762 17678336
185 0.1721 17752064
186 0.1777 17784832
187 0.1718 17809408
188 0.1781 17936384
189 0.1787 17924096
190 0.175 17965056
191 0.1731 18034688
192 0.1747 18108416
193 0.1782 18112512
194 0.1779 18161664
195 0.1788 18247680
196 0.1805 18296832
197 0.1819 18350080
198 0.1833 18399232
199 0.1799 18440192
200 0.1854 18485248
201 0.1849 18530304
202 0.1964 18644992
203 0.1939 18632704
204 0.1895 18546688
205 0.1903 18759680
206 0.1905 18800640
207 0.1927 18853888
208 0.1922 18915328
209 0.1977 18956288
210 0.194 18989056
211 0.1974 19034112
212 0.1962 19087360
213 0.1972 19140608
214 0.2006 19206144
215 0.2 19226624
216 0.2095 19357696
217 0.2021 19333120
218 0.2018 19394560
219 0.2042 19435520
220 0.2047 19496960
221 0.2057 19533824
222 0.2049 19447808
223 0.207 19619840
224 0.2074 19685376
225 0.2086 19742720
226 0.2076 19787776
227 0.2144 19816448
228 0.2122 19877888
229 0.2147 19910656
230 0.2135 19836928
231 0.2143 20054016
232 0.2182 19980288
233 0.2245 20275200
234 0.2165 20197376
235 0.2176 20246528
236 0.2182 20164608
237 0.2192 20217856
238 0.2239 20525056
239 0.228 20578304
240 0.2214 20623360
241 0.2317 20594688
242 0.2265 20713472
243 0.2253 20799488
244 0.2279 20836352
245 0.2288 20860928
246 0.2327 20918272
247 0.2276 20963328
248 0.2301 21000192
249 0.2369 21069824
250 0.2322 20979712
251 0.2368 21032960
252 0.2373 21270528
253 0.2385 21262336
254 0.241 21307392
255 0.2368 21217280
256 0.2426 21393408
257 0.2431 21430272
258 0.2429 21553152
259 0.2478 21536768
260 0.2463 21594112
261 0.2429 21626880
262 0.2424 21540864
263 0.2456 21590016
264 0.2582 21880832
265 0.25 21831680
266 0.2504 21876736
267 0.2476 21934080
268 0.2537 22077440
269 0.2482 22003712
270 0.2513 22077440
271 0.2522 22134784
272 0.2538 22167552
273 0.2543 22200320
274 0.2542 22249472
275 0.2561 22298624
276 0.2581 22224896
277 0.2569 22417408
278 0.2618 22331392
279 0.2629 22503424
280 0.2606 22548480
281 0.2691 22585344
282 0.2622 22626304
283 0.2635 22695936
284 0.262 22732800
285 0.2616 22757376
286 0.2637 22851584
287 0.2669 22740992
288 0.2685 22937600
289 0.2749 22978560
290 0.272 23093248
291 0.2763 23146496
292 0.2831 23302144
293 0.2723 23220224
294 0.2751 23269376
295 0.2771 23343104
296 0.2798 23400448
297 0.2835 23437312
298 0.2755 23470080
299 0.2839 23597056
300 0.2773 23441408