1 0.0412 11010048
2 0.0456 11218944
3 0.0506 11444224
4 0.0556 11669504
5 0.0602 11870208
6 0.0647 12140544
7 0.0714 12296192
8 0.0756 12521472
9 0.0778 12763136
10 0.0841 12947456
11 0.0923 13180928
12 0.0931 13393920
13 0.0994 13619200
14 0.1077 13828096
15 0.1095 14045184
16 0.1134 14266368
17 0.1235 14491648
18 0.1281 14675968
19 0.1336 14934016
20 0.1325 15114240
21 0.1394 15323136
22 0.1465 15532032
23 0.148 15724544
24 0.1531 15958016
25 0.1587 16191488
26 0.1714 16470016
27 0.1712 16642048
28 0.1763 16883712
29 0.1783 17092608
30 0.1877 17281024
31 0.1913 17494016
32 0.1972 17719296
33 0.2019 17940480
34 0.204 18137088
35 0.2265 18391040
36 0.213 18546688
37 0.2195 18780160
38 0.228 18980864
39 0.2322 19193856
40 0.2386 19398656
41 0.2392 19632128
42 0.2467 19812352
43 0.2524 20017152
44 0.2581 20275200
45 0.2691 20525056
46 0.271 20516864
47 0.2693 20856832
48 0.2739 21098496
49 0.2803 21327872
50 0.2869 21512192
51 0.2907 21712896
52 0.3023 22085632
53 0.3025 22093824
54 0.3094 22482944
55 0.3177 22556672
56 0.3243 22892544
57 0.327 22958080
58 0.3297 23302144
59 0.3306 23519232
60 0.337 23756800
61 0.3498 23945216
62 0.356 24162304
63 0.3542 24346624
64 0.3576 24588288
65 0.3637 24813568
66 0.3844 25055232
67 0.3713 25128960
68 0.3872 25354240
69 0.3844 25645056
70 0.3907 25866240
71 0.395 26062848
72 0.3987 26140672
73 0.405 26472448
74 0.4157 26722304
75 0.4152 26894336
76 0.4206 26988544
77 0.4253 27316224
78 0.4362 27787264
79 0.4313 27734016
80 0.4345 27430912
81 0.4419 28143616
82 0.4478 28401664
83 0.4536 28598272
84 0.5214 28282880
85 0.4595 28479488
86 0.4706 29208576
87 0.5057 29491200
88 0.4944 29155328
89 0.4814 29310976
90 0.487 30060544
91 0.4912 30257152
92 0.5027 30474240
93 0.5016 30670848
94 0.5277 31076352
95 0.5179 31105024
96 0.5189 31285248
97 0.5303 31526912
98 0.5258 31186944
99 0.5368 31457280
100 0.5453 32149504
101 0.5414 32362496
102 0.5593 32612352
103 0.5618 33087488
104 0.564 33013760
105 0.5865 33497088
106 0.5753 33439744
107 0.5757 33636352
108 0.5886 33341440
109 0.5856 34209792
110 0.6016 34578432
111 0.6003 34738176
112 0.6135 34942976
113 0.6115 35143680
114 0.6239 35348480
115 0.6237 35647488
116 0.6358 35844096
117 0.6317 36020224
118 0.6424 35672064
119 0.6603 36864000
120 0.655 36622336
121 0.6514 36790272
122 0.6529 37036032
123 0.6609 36691968
124 0.6766 37715968
125 0.6696 37654528
126 0.683 37457920
127 0.6896 38064128
128 0.6878 38273024
129 0.6914 38502400
130 0.7019 38707200
131 0.7029 39084032
132 0.7129 39280640
133 0.7133 39464960
134 0.7293 39333888
135 0.7405 40075264
136 0.7334 40062976
137 0.736 40361984
138 0.7402 40435712
139 0.753 40677376
140 0.7531 40865792
141 0.7634 41250816
142 0.7696 41324544
143 0.7667 40980480
144 0.7756 41717760
145 0.7886 41930752
146 0.7991 42504192
147 0.7968 42250240
148 0.7995 42557440
149 0.7976 42786816
150 0.8045 43216896
151 0.8019 43171840
152 0.8134 42881024
153 0.8111 43560960
154 0.8255 43794432
155 0.8202 43470848
156 0.8467 44216320
157 0.8368 44486656
158 0.8487 44638208
159 0.8536 45199360
160 0.8506 44617728
161 0.8566 45264896
162 0.8577 44937216
163 0.8617 44945408
164 0.8692 45473792
165 0.8691 45617152
166 0.893 46084096
167 0.8862 46014464
168 0.8883 46354432
169 0.8949 46436352
170 0.9072 46919680
171 0.9015 46845952
172 0.9141 47124480
173 0.9441 47304704
174 0.9333 47484928
175 0.9229 47661056
176 0.9349 47947776
177 0.936 47570944
178 0.9443 48320512
179 0.9408 47980544
180 0.9583 48852992
181 0.95 48926720
182 0.9541 49131520
183 0.9602 48828416
184 0.9675 49631232
185 0.977 49328128
186 0.9914 49975296
187 0.9984 50208768
188 1.0001 50618368
189 0.9995 50618368
190 1.0056 50950144
191 1.0083 50782208
192 1.0141 50765824
193 1.0144 50925568
194 1.0337 51134464
195 1.0324 51347456
196 1.0299 51552256
197 1.0419 51773440
198 1.0506 51961856
199 1.0672 52350976
200 1.0625 52551680
201 1.067 52604928
202 1.0722 52817920
203 1.0778 53260288
204 1.0702 53227520
205 1.0873 54067200
206 1.0978 53870592
207 1.0968 54132736
208 1.1068 54161408
209 1.1063 54374400
210 1.135 54611968
211 1.1148 54964224
212 1.1226 54996992
213 1.1264 55209984
214 1.1396 55422976
215 1.1343 55853056
216 1.1517 55824384
217 1.1673 56221696
218 1.1496 56508416
219 1.1618 56729600
220 1.1629 57049088
221 1.1693 57688064
222 1.1826 57360384
223 1.1822 57839616
224 1.1933 58036224
225 1.1977 58716160
226 1.2178 58646528
227 1.2227 58830848
228 1.2209 58859520
229 1.2236 59318272
230 1.3386 59473920
231 1.4517 59940864
232 1.3614 60219392
233 1.2744 60211200
234 1.2588 60260352
235 1.268 60456960
236 1.271 60731392
237 1.3795 61014016
238 1.5573 61292544
239 1.3788 61366272
240 1.295 61751296
241 1.395 62234624
242 1.3117 61943808
243 1.3077 62541824
244 1.3061 62496768
245 1.3095 62439424
246 1.3273 63000576
247 1.3086 62853120
248 1.3325 63070208
249 1.3314 63504384
250 1.3286 63471616
251 1.3339 64176128
252 1.4033 64307200
253 1.3555 64106496
254 1.378 64307200
255 1.3587 64913408
256 1.3686 65175552
257 1.3757 65503232
258 1.3933 65662976
259 1.3877 65363968
260 1.3929 65527808
261 1.3827 65810432
262 1.4315 66523136
263 1.537 66535424
264 1.4528 66752512
265 1.4219 66998272
266 1.4213 67108864
267 1.4294 67325952
268 1.4327 67547136
269 1.448 67731456
270 1.4813 68489216
271 1.4642 68648960
272 1.4694 68907008
273 1.452 68567040
274 1.4679 68771840
275 1.4719 69238784
276 1.48 69742592
277 1.479 69537792
278 1.487 69652480
279 1.4778 69873664
280 1.4965 70254592
281 1.4988 70680576
282 1.4969 70483968
283 1.5023 71114752
284 1.5242 71401472
285 1.5183 71307264
286 1.5197 71315456
287 1.5376 71970816
288 1.5558 72220672
289 1.5429 71999488
290 1.5616 72187904
291 1.5632 72880128
292 1.5785 72953856
293 1.5843 73031680
294 1.5496 72982528
295 1.5658 73170944
296 1.5559 73412608
297 1.5814 74059776
298 1.5776 73850880
299 1.5863 74227712
300 1.5893 74252288