1 0.0443 11022336
2 0.0456 11198464
3 0.0501 11399168
4 0.0586 11620352
5 0.0593 11808768
6 0.0665 12095488
7 0.0683 12267520
8 0.0735 12431360
9 0.077 12652544
10 0.0865 12869632
11 0.0908 13062144
12 0.092 13250560
13 0.0972 13463552
14 0.1009 13684736
15 0.106 13905920
16 0.1106 14082048
17 0.1194 14303232
18 0.1208 14491648
19 0.1271 14696448
20 0.1483 15044608
21 0.1378 15106048
22 0.1375 15323136
23 0.1447 15523840
24 0.1523 15720448
25 0.1533 15921152
26 0.1659 16191488
27 0.1646 16322560
28 0.1762 16674816
29 0.1741 16814080
30 0.2036 17121280
31 0.1848 17203200
32 0.191 17403904
33 0.1979 17616896
34 0.2008 17805312
35 0.2032 18006016
36 0.2107 18239488
37 0.2121 18386944
38 0.2183 18616320
39 0.2241 18804736
40 0.2294 19005440
41 0.2321 19193856
42 0.237 19419136
43 0.2411 19587072
44 0.2428 19816448
45 0.2532 20000768
46 0.2566 20189184
47 0.26 20299776
48 0.2645 20500480
49 0.2769 20951040
50 0.2771 21049344
51 0.2831 21266432
52 0.2923 21598208
53 0.2913 21671936
54 0.2986 21856256
55 0.3004 22061056
56 0.3097 22261760
57 0.3119 22523904
58 0.319 22626304
59 0.3225 22990848
60 0.3326 23199744
61 0.3303 23248896
62 0.3413 23592960
63 0.3502 23789568
64 0.3575 23871488
65 0.3497 24207360
66 0.36 24387584
67 0.3598 24580096
68 0.3648 24772608
69 0.3717 24875008
70 0.3747 25186304
71 0.3782 25382912
72 0.3895 25571328
73 0.3855 25657344
74 0.3935 25980928
75 0.4015 26353664
76 0.406 26447872
77 0.41 26550272
78 0.4123 26763264
79 0.4246 27049984
80 0.4174 27176960
81 0.4267 27340800
82 0.4314 27553792
83 0.4429 27258880
84 0.4448 28188672
85 0.4446 28172288
86 0.4529 27824128
87 0.456 28553216
88 0.4676 28815360
89 0.4675 29040640
90 0.4674 29143040
91 0.4706 28819456
92 0.4816 29528064
93 0.4828 29741056
94 0.4951 29954048
95 0.4957 29634560
96 0.4997 30371840
97 0.5017 30076928
98 0.512 30773248
99 0.5258 30461952
100 0.5656 31330304
101 0.5335 31506432
102 0.5383 31694848
103 0.5408 31371264
104 0.5527 31830016
105 0.5554 32436224
106 0.5618 32690176
107 0.5656 32669696
108 0.5678 32874496
109 0.5812 32718848
110 0.5747 33275904
111 0.5796 33562624
112 0.5871 33701888
113 0.588 33865728
114 0.5908 34066432
115 0.6071 34390016
116 0.6022 34131968
117 0.6126 34779136
118 0.6147 35155968
119 0.6252 35340288
120 0.6285 35024896
121 0.637 35729408
122 0.6387 35934208
123 0.6496 36134912
124 0.6506 36143104
125 0.6492 35991552
126 0.6591 36720640
127 0.6674 36937728
128 0.673 37122048
129 0.6856 37400576
130 0.6749 37007360
131 0.6751 37199872
132 0.6863 37965824
133 0.69 38162432
134 0.6947 38322176
135 0.7126 38014976
136 0.7145 38797312
137 0.7161 38916096
138 0.7164 39088128
139 0.7245 39276544
140 0.7356 39899136
141 0.7375 39829504
142 0.7382 39886848
143 0.7386 39546880
144 0.7481 40247296
145 0.76 40476672
146 0.7517 40669184
147 0.7532 40890368
148 0.7714 40980480
149 0.7722 41254912
150 0.7793 41451520
151 0.7833 41259008
152 0.7807 41861120
153 0.7944 41656320
154 0.7973 42688512
155 0.7929 42455040
156 0.7961 42135552
157 0.7994 42323968
158 0.8271 43048960
159 0.8181 43335680
160 0.8233 43462656
161 0.842 43925504
162 0.8269 43319296
163 0.8353 44097536
164 0.8364 44322816
165 0.8449 44503040
166 0.8396 44597248
167 0.8504 45035520
168 0.8545 44580864
169 0.8673 44777472
170 0.8646 44965888
171 0.8799 45174784
172 0.8816 44994560
173 0.8848 45039616
174 0.8875 45707264
175 0.8913 45899776
176 0.9003 46166016
177 0.9042 45842432
178 0.9103 46936064
179 0.905 46768128
180 0.9091 46452736
181 0.921 47157248
182 0.9413 47386624
183 0.9375 47583232
184 0.9356 47730688
185 0.9491 48226304
186 0.9533 48115712
187 0.9512 48324608
188 0.9487 48529408
189 0.9731 48742400
190 0.9718 48975872
191 0.9702 49258496
192 0.9914 48873472
193 0.9801 49573888
194 0.985 49803264
195 0.9967 49983488
196 1.002 50339840
197 1.0013 50376704
198 1.0079 50974720
199 1.0259 50794496
200 1.009 50909184
201 1.05 50733056
202 1.0328 51101696
203 1.0441 51331072
204 1.048 51511296
205 1.0504 51814400
206 1.0744 52285440
207 1.0592 52207616
208 1.0668 52404224
209 1.0644 52588544
210 1.0935 52957184
211 1.0985 53149696
212 1.0753 53198848
213 1.0914 53399552
214 1.1034 53596160
215 1.1015 53780480
216 1.1054 53972992
217 1.1153 54435840
218 1.1246 54370304
219 1.1211 54587392
220 1.1308 54861824
221 1.1307 55435264
222 1.1395 55328768
223 1.1394 55418880
224 1.1639 55619584
225 1.148 55762944
226 1.1443 56180736
227 1.1499 56221696
228 1.1776 56848384
229 1.1845 57077760
230 1.1769 57376768
231 1.1785 57360384
232 1.1941 57982976
233 1.1805 57778176
234 1.1991 58212352
235 1.2017 58404864
236 1.2036 58560512
237 1.2114 58785792
238 1.2362 59023360
239 1.2194 59174912
240 1.2418 59580416
241 1.2389 60047360
242 1.2397 59764736
243 1.2393 60342272
244 1.2751 60207104
245 1.2523 60354560
246 1.2548 60559360
247 1.2668 61067264
248 1.2767 60968960
249 1.2875 61464576
250 1.2751 61833216
251 1.3096 62033920
252 1.2831 61927424
253 1.3176 62492672
254 1.2963 62156800
255 1.3043 62353408
256 1.3258 62558208
257 1.3125 62742528
258 1.31 62914560
259 1.3313 63660032
260 1.3246 63340544
261 1.3211 63524864
262 1.3305 63709184
263 1.3413 63963136
264 1.3578 64643072
265 1.3515 64634880
266 1.3712 64536576
267 1.3614 64696320
268 1.4177 64970752
269 1.4085 65372160
270 1.3895 65724416
271 1.3721 65961984
272 1.3921 65724416
273 1.3938 66404352
274 1.3804 66129920
275 1.3973 66338816
276 1.4949 66596864
277 1.5983 67018752
278 1.5116 67313664
279 1.4273 67301376
280 1.4148 67514368
281 1.4453 67747840
282 1.4307 68186112
283 1.4457 67960832
284 1.4388 68493312
285 1.4462 68341760
286 1.4732 68861952
287 1.464 68689920
288 1.4694 68947968
289 1.4757 69128192
290 1.4609 69320704
291 1.4672 69996544
292 1.5059 69722112
293 1.5136 69984256
294 1.4872 70107136
295 1.5112 70672384
296 1.5113 70524928
297 1.5154 71036928
298 1.5156 70971392
299 1.5395 71159808
300 1.5181 71307264