1 0.2206 21897216
2 0.2264 22036480
3 0.2493 22519808
4 0.2582 22593536
5 0.2456 23072768
6 0.2625 23179264
7 0.2931 23937024
8 0.274 24035328
9 0.284 24080384
10 0.2956 24801280
11 0.3022 24928256
12 0.3178 25116672
13 0.3216 25530368
14 0.3259 25964544
15 0.3382 26005504
16 0.3487 26279936
17 0.3505 26550272
18 0.3645 27226112
19 0.3698 27324416
20 0.3849 27680768
21 0.4005 27955200
22 0.3977 28168192
23 0.4043 28647424
24 0.4011 28938240
25 0.425 29372416
26 0.4243 29618176
27 0.4439 29708288
28 0.4484 30064640
29 0.4599 30224384
30 0.4664 30523392
31 0.4782 30830592
32 0.4795 31260672
33 0.4978 31584256
34 0.4861 32112640
35 0.5054 32198656
36 0.5015 32563200
37 0.5279 32698368
38 0.5216 33067008
39 0.5371 33263616
40 0.5381 33673216
41 0.5522 33914880
42 0.5677 34254848
43 0.5614 34832384
44 0.6039 34992128
45 0.6406 35229696
46 0.6124 35667968
47 0.6123 35868672
48 0.6288 36110336
49 0.6642 36610048
50 0.6355 36941824
51 0.6605 37482496
52 0.6481 37462016
53 0.6648 37642240
54 0.6668 37621760
55 0.7097 38010880
56 0.689 38375424
57 0.7144 38785024
58 0.6992 39112704
59 0.7793 39231488
60 0.7398 39636992
61 0.7847 39927808
62 0.7489 40173568
63 0.7455 40685568
64 0.7634 40927232
65 0.7663 41345024
66 0.7646 41648128
67 0.7736 41648128
68 0.7811 42184704
69 0.8046 42340352
70 0.7958 42528768
71 0.8186 42971136
72 0.8245 43347968
73 0.818 43573248
74 0.8807 44019712
75 0.8365 44437504
76 0.8494 44449792
77 0.8549 44777472
78 0.8584 45133824
79 0.8597 45326336
80 0.8747 45805568
81 0.9813 46129152
82 0.9151 46534656
83 0.9794 46706688
84 0.93 47321088
85 0.9372 47542272
86 0.9389 47624192
87 0.9488 48160768
88 0.9472 48230400
89 0.9703 48553984
90 0.9765 49012736
91 0.9683 49246208
92 0.9918 49799168
93 1.0024 49881088
94 1.023 50335744
95 1.0273 50798592
96 1.0461 51011584
97 1.0286 51412992
98 1.0471 51511296
99 1.0599 52023296
100 1.0714 52154368
101 1.0698 52334592
102 1.0869 52760576
103 1.1104 52965376
104 1.0989 53403648
105 1.1147 53571584
106 1.1118 54099968
107 1.1823 54513664
108 1.1284 54525952
109 1.1661 54808576
110 1.1657 55296000
111 1.1523 55808000
112 1.1852 55808000
113 1.1862 56274944
114 1.1952 56365056
115 1.2147 56516608
116 1.2035 56496128
117 1.2471 56836096
118 1.2865 57487360
119 1.2663 57774080
120 1.2417 58015744
121 1.2425 58179584
122 1.2976 58675200
123 1.2724 58908672
124 1.3034 59215872
125 1.2761 59211776
126 1.3067 59740160
127 1.2734 60006400
128 1.3099 60231680
129 1.2985 60526592
130 1.3449 61018112
131 1.3385 61247488
132 1.3622 61538304
133 1.3659 61976576
134 1.4625 62021632
135 1.3741 62312448
136 1.3697 62779392
137 1.3691 63094784
138 1.406 63475712
139 1.4817 63635456
140 1.4691 64016384
141 1.4263 64204800
142 1.4384 64495616
143 1.4412 65134592
144 1.4569 65347584
145 1.4647 65355776
146 1.4405 65359872
147 1.5561 65609728
148 1.5364 65880064
149 1.5025 66195456
150 1.4945 66748416
151 1.4984 66785280
152 1.5179 67072000
153 1.5104 67817472
154 1.6795 67694592
155 1.5776 68108288
156 1.551 68403200
157 1.5763 68931584
158 1.6194 68956160
159 1.6319 69238784
160 1.6035 69718016
161 1.6605 69836800
162 1.7202 70414336
163 1.6512 70864896
164 1.6245 71012352
165 1.6258 71340032
166 1.6497 71733248
167 1.8364 71942144
168 1.7669 72380416
169 1.7791 72568832
170 1.7077 72933376
171 1.7733 73162752
172 1.7211 73609216
173 1.735 74027008
174 1.7114 74420224
175 1.7999 74645504
176 1.8147 75399168
177 1.771 75313152
178 1.7158 75550720
179 1.756 76005376
180 1.7445 76308480
181 1.739 76587008
182 1.7639 76767232
183 1.8147 77078528
184 1.8015 77524992
185 1.7911 77910016
186 1.7961 78381056
187 1.8369 78450688
188 1.8164 78589952
189 1.8283 78876672
190 1.8394 79261696
191 1.8416 79941632
192 1.8498 80035840
193 1.8909 80183296
194 1.8803 81072128
195 1.8743 81403904
196 1.8749 81096704
197 1.897 81772544
198 1.9379 82001920
199 1.9493 82354176
200 1.9618 82624512
201 1.9708 83288064
202 1.9449 83288064
203 2.0538 83509248
204 2.1423 83816448
205 2.0042 84271104
206 2.1426 84488192
207 2.0102 84799488
208 2.0413 85172224
209 2.0162 85508096
210 2.0944 85860352
211 2.0522 86056960
212 2.0512 86495232
213 2.1122 86798336
214 2.2326 87113728
215 2.2562 87257088
216 2.2276 87764992
217 2.1015 87928832
218 2.098 88559616
219 2.0986 88494080
220 2.3243 89030656
221 2.0878 89206784
222 2.1092 89858048
223 2.1236 89755648
224 2.1589 89948160
225 2.1487 90804224
226 2.1641 90734592
227 2.1463 91451392
228 2.1737 91492352
229 2.1783 91516928
230 2.1903 92188672
231 2.1979 92262400
232 2.2104 92598272
233 2.2023 92917760
234 2.2406 93671424
235 2.227 93458432
236 2.2614 94187520
237 2.2485 94502912
238 2.2534 94572544
239 2.2457 95211520
240 2.2699 95260672
241 2.2856 95232000
242 2.3045 95080448
243 2.3843 94941184
244 2.2677 95268864
245 2.3474 95911936
246 2.3242 96247808
247 2.2926 96182272
248 2.3204 96788480
249 2.3295 96743424
250 2.3648 97157120
251 2.3574 97624064
252 2.4821 97619968
253 2.4285 98304000
254 2.4069 98643968
255 2.4067 98578432
256 2.3983 99041280
257 2.4033 99614720
258 2.4725 99500032
259 2.4317 100048896
260 2.3894 100253696
261 2.3616 100458496
262 2.6183 100745216
263 2.6177 101175296
264 2.5981 101322752
265 2.5127 101675008
266 2.8519 101945344
267 2.7086 102232064
268 2.5251 102535168
269 2.5081 103362560
270 2.5226 103178240
271 2.5158 103780352
272 2.5618 104091648
273 2.5593 104579072
274 2.6973 104427520
275 2.6592 104939520
276 2.588 105369600
277 2.6038 105582592
278 2.5705 105783296
279 2.602 106012672
280 2.6255 106213376
281 2.6482 106610688
282 2.634 106987520
283 2.6528 107606016
284 2.6447 107831296
285 2.7032 108224512
286 2.7002 108068864
287 2.7469 108404736
288 2.7014 108802048
289 2.6895 109510656
290 2.7028 109789184
291 2.773 109633536
292 2.7466 109989888
293 2.7366 110600192
294 2.7467 110579712
295 2.7369 111284224
296 2.7953 111267840
297 2.8372 111489024
298 2.8865 111755264
299 2.8995 112091136
300 2.9031 112406528