1 0.1922 21598208
2 0.2007 21774336
3 0.2011 21970944
4 0.2053 22331392
5 0.25 22482944
6 0.2249 22917120
7 0.216 22847488
8 0.2241 22974464
9 0.2284 23207936
10 0.2315 23429120
11 0.2257 23654400
12 0.244 23756800
13 0.2428 23867392
14 0.2511 24141824
15 0.2484 24387584
16 0.2539 24416256
17 0.2622 24637440
18 0.2579 24928256
19 0.2681 25030656
20 0.2777 25432064
21 0.2738 25530368
22 0.2777 25522176
23 0.2827 25870336
24 0.2869 26177536
25 0.2887 26185728
26 0.2973 26365952
27 0.3024 26644480
28 0.2988 26746880
29 0.3049 27119616
30 0.3108 27262976
31 0.3101 27332608
32 0.3283 27754496
33 0.321 27901952
34 0.3271 28016640
35 0.3406 28233728
36 0.3287 28270592
37 0.3455 28590080
38 0.3478 28852224
39 0.3467 28905472
40 0.3472 29081600
41 0.3527 29376512
42 0.3617 29323264
43 0.3637 29515776
44 0.3625 29700096
45 0.3727 30056448
46 0.3686 30056448
47 0.3878 30302208
48 0.382 30474240
49 0.3926 30752768
50 0.3918 30797824
51 0.3816 31129600
52 0.4035 31350784
53 0.394 31465472
54 0.4144 31731712
55 0.4118 31809536
56 0.4152 31907840
57 0.4224 32088064
58 0.4199 32387072
59 0.4486 32636928
60 0.4279 32845824
61 0.4584 33148928
62 0.4506 33206272
63 0.4581 33419264
64 0.4409 33517568
65 0.4631 33845248
66 0.4581 34045952
67 0.471 34148352
68 0.468 34566144
69 0.4748 34734080
70 0.4778 34611200
71 0.4849 34959360
72 0.4839 35205120
73 0.4904 35196928
74 0.4861 35434496
75 0.4981 35745792
76 0.4987 35864576
77 0.5077 36163584
78 0.4959 36098048
79 0.5068 36392960
80 0.5214 36511744
81 0.5173 36872192
82 0.5262 36888576
83 0.5218 36966400
84 0.5359 37429248
85 0.5413 37498880
86 0.536 37621760
87 0.546 37777408
88 0.54 38006784
89 0.5562 38252544
90 0.5461 38285312
91 0.562 38498304
92 0.5688 38871040
93 0.5536 38965248
94 0.5831 39292928
95 0.5703 39182336
96 0.5772 39522304
97 0.5908 39776256
98 0.587 39911424
99 0.6033 40177664
100 0.5955 40243200
101 0.5931 40591360
102 0.6076 40833024
103 0.6087 40910848
104 0.6051 41115648
105 0.6219 41111552
106 0.6244 41492480
107 0.6229 41598976
108 0.6414 41701376
109 0.6352 42016768
110 0.6338 42323968
111 0.6498 42209280
112 0.6485 42389504
113 0.6477 42725376
114 0.649 42885120
115 0.6697 43188224
116 0.6623 43192320
117 0.6634 43663360
118 0.6829 43704320
119 0.6769 43700224
120 0.6769 44142592
121 0.6813 44228608
122 0.7019 44523520
123 0.6893 44564480
124 0.7049 44679168
125 0.6986 45256704
126 0.7236 45223936
127 0.7136 45252608
128 0.7173 45395968
129 0.7223 46047232
130 0.7404 46252032
131 0.7274 46510080
132 0.7345 46841856
133 0.7505 46755840
134 0.7503 46977024
135 0.7633 47271936
136 0.7538 47120384
137 0.7552 47579136
138 0.7443 47554560
139 0.766 47865856
140 0.786 47894528
141 0.764 48017408
142 0.7885 48521216
143 0.78 48300032
144 0.7795 48689152
145 0.7826 48709632
146 0.8027 49131520
147 0.7919 49102848
148 0.8003 49266688
149 0.8007 49455104
150 0.8054 49786880
151 0.8428 50302976
152 0.8183 50024448
153 0.8242 50339840
154 0.8323 50409472
155 0.837 50982912
156 0.843 51240960
157 0.8379 50999296
158 0.8319 51212288
159 0.8386 51621888
160 0.8457 51720192
161 0.8451 51687424
162 0.8738 52015104
163 0.8711 52051968
164 0.8623 52248576
165 0.8648 52420608
166 0.8735 52727808
167 0.8713 52932608
168 0.8759 53125120
169 0.8781 52965376
170 0.8843 52895744
171 0.8916 52953088
172 0.9019 53186560
173 0.8995 53489664
174 0.9176 53813248
175 0.9265 54140928
176 0.9252 54403072
177 0.9248 54353920
178 0.9469 54566912
179 0.9352 54513664
180 0.9316 54624256
181 0.9288 55005184
182 0.9398 55562240
183 0.9425 55644160
184 0.9521 55447552
185 0.9546 55947264
186 0.9623 56233984
187 0.9643 55898112
188 0.964 56254464
189 0.9708 56438784
190 0.9762 56926208
191 0.9849 56803328
192 0.9833 57303040
193 0.9881 57024512
194 0.9957 57212928
195 1.0022 57516032
196 0.9921 57544704
197 1.0058 58290176
198 1.011 58306560
199 1.0007 58273792
200 1.007 58388480
201 1.0266 58970112
202 1.0172 58658816
203 1.0236 59002880
204 1.0366 59641856
205 1.0226 59314176
206 1.0613 59633664
207 1.0637 59637760
208 1.0491 60096512
209 1.0546 60272640
210 1.0545 60325888
211 1.0712 60542976
212 1.1475 60616704
213 1.072 61050880
214 1.078 61181952
215 1.0948 61374464
216 1.0855 61333504
217 1.0906 61763584
218 1.0922 62140416
219 1.0943 62009344
220 1.0988 62152704
221 1.1839 62296064
222 1.2231 62550016
223 1.1208 62619648
224 1.1281 62980096
225 1.1307 63352832
226 1.1211 63602688
227 1.1157 63410176
228 1.129 64073728
229 1.1355 63905792
230 1.1672 63770624
231 1.1478 63856640
232 1.1537 63922176
233 1.1486 63942656
234 1.1648 64557056
235 1.1678 64569344
236 1.1759 64483328
237 1.1888 65146880
238 1.1879 65093632
239 1.213 65175552
240 1.1863 65720320
241 1.2111 65441792
242 1.1774 65589248
243 1.1989 65986560
244 1.1931 66306048
245 1.1951 66461696
246 1.2258 66355200
247 1.2162 66895872
248 1.2031 67219456
249 1.2102 66985984
250 1.232 67137536
251 1.2199 67334144
252 1.2256 67493888
253 1.2348 67760128
254 1.2411 68042752
255 1.2388 68210688
256 1.2444 68280320
257 1.2496 68833280
258 1.2529 68591616
259 1.2587 69013504
260 1.2732 68935680
261 1.2977 69238784
262 1.2704 69754880
263 1.3033 69758976
264 1.2763 69935104
265 1.2956 70508544
266 1.3069 70656000
267 1.2913 70447104
268 1.3132 70905856
269 1.3166 71114752
270 1.3139 71671808
271 1.3301 71897088
272 1.3157 71823360
273 1.3174 71987200
274 1.3551 72208384
275 1.3178 72171520
276 1.337 72380416
277 1.3532 72634368
278 1.3314 73236480
279 1.3593 73019392
280 1.3554 73342976
281 1.3677 73416704
282 1.3521 73625600
283 1.3936 74121216
284 1.367 73916416
285 1.3798 74358784
286 1.399 74481664
287 1.3732 74801152
288 1.3905 75124736
289 1.3846 75182080
290 1.3983 75145216
291 1.4162 75563008
292 1.4058 75862016
293 1.4404 75673600
294 1.4389 75796480
295 1.4139 76140544
296 1.4201 76079104
297 1.4349 76431360
298 1.4317 77029376
299 1.437 76935168
300 1.4485 77316096