1 0.0435 9273344
2 0.0491 9396224
3 0.0589 9564160
4 0.0889 9736192
5 0.0909 9965568
6 0.0629 10092544
7 0.0659 10276864
8 0.0758 10567680
9 0.0756 10608640
10 0.0794 10756096
11 0.0816 10944512
12 0.0853 11071488
13 0.0912 11280384
14 0.0956 11431936
15 0.0972 11624448
16 0.1018 11788288
17 0.1091 11968512
18 0.1125 12132352
19 0.1304 12476416
20 0.1169 12464128
21 0.123 12627968
22 0.129 12804096
23 0.135 13021184
24 0.1378 13135872
25 0.1389 13291520
26 0.1482 13459456
27 0.1498 13643776
28 0.152 13799424
29 0.157 13983744
30 0.1641 14147584
31 0.162 14331904
32 0.1674 14467072
33 0.1697 14602240
34 0.1774 14807040
35 0.1775 14979072
36 0.1803 15106048
37 0.1863 15306752
38 0.2017 15540224
39 0.194 15638528
40 0.2002 15843328
41 0.2035 16007168
42 0.208 16162816
43 0.2151 16449536
44 0.2154 16527360
45 0.2228 16683008
46 0.2259 16867328
47 0.2329 17104896
48 0.2323 17178624
49 0.2391 17321984
50 0.246 17571840
51 0.2482 17772544
52 0.2522 17850368
53 0.2521 18001920
54 0.2563 18173952
55 0.265 18345984
56 0.2658 18497536
57 0.2726 18669568
58 0.2731 18898944
59 0.2743 18931712
60 0.284 19283968
61 0.2846 19238912
62 0.2956 19431424
63 0.2996 19615744
64 0.295 19701760
65 0.2996 20029440
66 0.3071 20185088
67 0.3122 20217856
68 0.3177 20512768
69 0.3174 20680704
70 0.3183 20721664
71 0.3251 20885504
72 0.3274 21135360
73 0.3319 21319680
74 0.341 21487616
75 0.3374 21667840
76 0.3484 21700608
77 0.3519 22003712
78 0.3521 22007808
79 0.3573 22224896
80 0.3654 22433792
81 0.3726 22622208
82 0.374 22863872
83 0.3721 22986752
84 0.3735 23150592
85 0.3807 23408640
86 0.3864 23576576
87 0.3895 23592960
88 0.41 24096768
89 0.4029 24219648
90 0.4018 24227840
91 0.4063 24371200
92 0.4109 24387584
93 0.4176 24584192
94 0.42 24834048
95 0.4249 25038848
96 0.4283 25059328
97 0.4355 25366528
98 0.4355 25534464
99 0.4385 25681920
100 0.4408 25837568
101 0.4467 25903104
102 0.457 26075136
103 0.4583 26411008
104 0.4617 26570752
105 0.4689 26730496
106 0.4707 26394624
107 0.4788 27070464
108 0.4792 27230208
109 0.4799 27394048
110 0.4893 27574272
111 0.4918 27717632
112 0.4962 27889664
113 0.4989 28049408
114 0.4997 28184576
115 0.504 28393472
116 0.5148 28622848
117 0.5177 28233728
118 0.5193 28913664
119 0.5215 28540928
120 0.5258 29282304
121 0.5366 29630464
122 0.5325 29073408
123 0.5384 29728768
124 0.5547 30003200
125 0.5604 30068736
126 0.5566 30228480
127 0.576 30400512
128 0.5711 30052352
129 0.5666 30728192
130 0.5712 30367744
131 0.5696 31096832
132 0.5757 31211520
133 0.5802 31391744
134 0.5901 31023104
135 0.5879 31715328
136 0.5885 31846400
137 0.5998 32047104
138 0.5966 31715328
139 0.6093 32116736
140 0.6858 32645120
141 0.6155 32198656
142 0.6294 33193984
143 0.6645 33181696
144 0.655 33222656
145 0.6464 33341440
146 0.6644 33562624
147 0.7663 33734656
148 0.6461 33845248
149 0.6641 34353152
150 0.6625 33652736
151 0.6511 33804288
152 0.6515 34516992
153 0.6596 34136064
154 0.6665 35151872
155 0.6645 34480128
156 0.6664 35139584
157 0.6711 35299328
158 0.6826 35491840
159 0.6777 35655680
160 0.6898 35475456
161 0.691 35565568
162 0.7028 36311040
163 0.7056 35921920
164 0.7042 36593664
165 0.7169 36884480
166 0.7149 36732928
167 0.7119 37068800
168 0.7251 36745216
169 0.7282 37515264
170 0.7259 37076992
171 0.735 37736448
172 0.7429 37670912
173 0.7437 37519360
174 0.7476 38236160
175 0.7525 38539264
176 0.7594 38834176
177 0.7729 38584320
178 0.7687 39141376
179 0.7718 39497728
180 0.7722 39415808
181 0.7775 39563264
182 0.7885 39735296
183 0.7848 39866368
184 0.7911 39555072
185 0.7952 39694336
186 0.8076 39829504
187 0.8025 39972864
188 0.8082 40669184
189 0.8117 40828928
190 0.8207 40984576
191 0.8179 41156608
192 0.8261 40787968
193 0.8275 40964096
194 0.834 41635840
195 0.8334 41271296
196 0.8509 42147840
197 0.8503 42143744
198 0.8505 41771008
199 0.8497 42463232
200 0.8643 42471424
201 0.8722 42545152
202 0.8584 42954752
203 0.8728 42606592
204 0.8703 43282432
205 0.8906 43548672
206 0.8893 43704320
207 0.8989 43544576
208 0.8986 43507712
209 0.9113 44609536
210 0.9049 44347392
211 0.9032 43982848
212 0.9139 44146688
213 0.9153 44871680
214 0.917 44507136
215 0.9286 45621248
216 0.9414 45334528
217 0.9523 45109248
218 0.9322 44638208
219 0.9385 45318144
220 0.9466 45449216
221 0.9469 45694976
222 0.9572 45281280
223 0.983 46444544
224 0.9556 45625344
225 0.9617 45780992
226 0.9665 46477312
227 0.9722 46100480
228 0.9677 46796800
229 0.9797 46391296
230 0.9836 46567424
231 0.9902 46911488
232 0.9951 47575040
233 0.9885 47726592
234 0.999 47882240
235 0.9989 47497216
236 1.0084 48177152
237 1.0137 47837184
238 1.0137 48001024
239 1.0152 48672768
240 1.017 48852992
241 1.027 48996352
242 1.0556 49168384
243 1.0362 48824320
244 1.0427 49508352
245 1.0414 49139712
246 1.0407 49831936
247 1.0549 49991680
248 1.0541 50147328
249 1.056 50282496
250 1.0616 50487296
251 1.0659 50606080
252 1.0724 50274304
253 1.0796 50442240
254 1.0769 50569216
255 1.0858 50765824
256 1.0855 50974720
257 1.0905 51089408
258 1.0972 51265536
259 1.0932 51429376
260 1.1146 51728384
261 1.1234 51744768
262 1.1274 51904512
263 1.1565 52371456
264 1.143 52699136
265 1.1398 52432896
266 1.1646 52772864
267 1.1459 52834304
268 1.1408 53473280
269 1.1372 53084160
270 1.1466 53223424
271 1.141 53440512
272 1.1452 53542912
273 1.152 53747712
274 1.1667 53919744
275 1.1524 54050816
276 1.1718 54235136
277 1.1733 54398976
278 1.1763 54562816
279 1.1889 54693888
280 1.1866 54984704
281 1.2104 55570432
282 1.203 55177216
283 1.1972 55369728
284 1.2069 55533568
285 1.2126 56033280
286 1.2073 56037376
287 1.2154 56029184
288 1.2167 56152064
289 1.2071 56356864
290 1.2222 57106432
291 1.2315 56684544
292 1.2288 56840192
293 1.2358 57016320
294 1.2415 57176064
295 1.2443 57327616
296 1.2506 57466880
297 1.2469 57692160
298 1.2472 57839616
299 1.2574 57999360
300 1.2539 58163200