1 0.0454 9175040
2 0.0465 9347072
3 0.0529 9572352
4 0.06 9797632
5 0.0622 9994240
6 0.066 10285056
7 0.0755 10465280
8 0.0803 10629120
9 0.0813 10825728
10 0.0898 11038720
11 0.0928 11243520
12 0.098 11431936
13 0.1055 11747328
14 0.1098 11845632
15 0.1155 12091392
16 0.1216 12414976
17 0.1259 12480512
18 0.1308 12681216
19 0.1312 12894208
20 0.1506 13103104
21 0.1449 13287424
22 0.146 13438976
23 0.1533 13717504
24 0.304 13897728
25 0.1625 14069760
26 0.1708 14319616
27 0.174 14479360
28 0.1891 14712832
29 0.1849 14958592
30 0.1938 15175680
31 0.1942 15405056
32 0.2014 15593472
33 0.209 15781888
34 0.211 15966208
35 0.2148 16171008
36 0.3947 16375808
37 0.2245 16543744
38 0.2376 16822272
39 0.2353 16994304
40 0.2427 17186816
41 0.2446 17387520
42 0.2547 17571840
43 0.2593 17874944
44 0.294 18206720
45 0.2807 18165760
46 0.2758 18370560
47 0.2791 18575360
48 0.2855 18661376
49 0.2963 19046400
50 0.3058 19283968
51 0.3141 19476480
52 0.5082 19632128
53 0.3163 19849216
54 0.339 20049920
55 0.3214 20230144
56 0.3283 20447232
57 0.3343 20516864
58 0.5287 20889600
59 0.3414 20967424
60 0.3441 21118976
61 0.3549 21426176
62 0.3644 21741568
63 0.3625 22011904
64 0.3672 22200320
65 0.3769 22237184
66 0.3772 22450176
67 0.3833 22609920
68 0.3918 23052288
69 0.3966 23035904
70 0.402 23474176
71 0.4048 23552000
72 0.4088 23621632
73 0.4143 23969792
74 0.4207 24190976
75 0.5988 24346624
76 0.4371 24551424
77 0.4411 24633344
78 0.4401 24952832
79 0.4446 25014272
80 0.4522 25366528
81 0.4546 25415680
82 0.4615 25550848
83 0.4676 25542656
84 0.4779 26144768
85 0.4764 25841664
86 0.4796 26017792
87 0.4901 26750976
88 0.4908 26406912
89 0.4955 27103232
90 0.4995 27295744
91 0.5277 27635712
92 0.5145 27721728
93 0.5162 27918336
94 0.5216 28131328
95 0.5305 28323840
96 0.5466 28569600
97 0.5392 28762112
98 0.5586 29216768
99 0.5483 28614656
100 0.5578 29351936
101 0.5624 29544448
102 0.7406 29872128
103 0.5817 29556736
104 0.5837 30265344
105 0.583 29921280
106 0.5893 30650368
107 0.6045 30859264
108 0.6026 31051776
109 0.6066 31252480
110 0.6121 31444992
111 0.6148 31657984
112 0.623 31834112
113 0.6315 31518720
114 0.6296 31686656
115 0.6466 32567296
116 0.6456 32735232
117 0.6442 32415744
118 0.6555 33112064
119 0.6544 33308672
120 0.6598 33460224
121 0.676 33845248
122 0.6755 34033664
123 0.8583 34217984
124 0.683 34402304
125 0.6888 34627584
126 0.6955 34439168
127 0.7097 35434496
128 0.7097 34816000
129 0.7231 35823616
130 0.7213 35192832
131 0.7282 35897344
132 0.7309 35602432
133 0.7332 36311040
134 0.7417 36495360
135 0.7571 36450304
136 0.759 36868096
137 0.7572 36544512
138 0.7606 37244928
139 0.7678 37945344
140 0.7745 37117952
141 0.7812 38146048
142 0.789 37711872
143 0.9616 37711872
144 0.7931 38412288
145 0.7994 38125568
146 0.7959 38854656
147 0.8078 38948864
148 0.8075 38715392
149 0.8282 39473152
150 0.828 39112704
151 0.8365 39346176
152 0.8307 40022016
153 0.8387 39723008
154 0.9526 40435712
155 0.8432 40632320
156 0.8527 40828928
157 0.8573 41041920
158 0.8683 41218048
159 0.8765 41480192
160 0.8809 42070016
161 0.8801 41828352
162 0.8764 41517056
163 0.8927 41701376
164 0.8973 42491904
165 0.8996 42676224
166 0.9087 42348544
167 0.9137 42512384
168 0.9129 43274240
169 0.9127 43429888
170 0.9233 43499520
171 0.9494 43565056
172 0.9342 43540480
173 0.9378 43220992
174 0.9506 43933696
175 0.9494 43610112
176 0.9537 43794432
177 0.975 44064768
178 0.9664 44740608
179 0.9701 44937216
180 0.9803 45137920
181 0.9843 45748224
182 0.9873 45015040
183 0.9959 45207552
184 1.0019 45428736
185 1.0002 45608960
186 0.9995 45756416
187 1.0289 45998080
188 1.0149 46706688
189 1.0186 46878720
190 1.0278 46571520
191 1.0359 46804992
192 1.0362 47497216
193 1.0455 47173632
194 1.0521 47460352
195 1.0489 48164864
196 1.0615 47824896
197 1.0603 48553984
198 1.0697 48754688
199 1.078 48955392
200 1.083 49164288
201 1.1082 49266688
202 1.0966 49336320
203 1.1041 49303552
204 1.0938 49389568
205 1.1147 49770496
206 1.1225 49950720
207 1.1583 50806784
208 1.1332 50585600
209 1.1435 50900992
210 1.152 50982912
211 1.1503 51167232
212 1.1558 51367936
213 1.17 52080640
214 1.1689 51765248
215 1.1747 51961856
216 1.1808 52170752
217 1.1805 52338688
218 1.1842 52580352
219 1.199 52772864
220 1.1979 52961280
221 1.2021 53166080
222 1.2171 53354496
223 1.2094 54075392
224 1.2139 53760000
225 1.2215 53919744
226 1.2464 54190080
227 1.2354 54341632
228 1.2403 54550528
229 1.2399 54751232
230 1.2497 54947840
231 1.2677 55259136
232 1.2662 55455744
233 1.2675 55685120
234 1.2758 55894016
235 1.2742 56025088
236 1.2928 56217600
237 1.2923 56459264
238 1.3002 56619008
239 1.2914 56827904
240 1.3032 57049088
241 1.3023 57257984
242 1.3174 57425920
243 1.3188 57921536
244 1.3243 58114048
245 1.3431 58679296
246 1.3393 58470400
247 1.3531 59117568
248 1.3498 59047936
249 1.3564 59305984
250 1.3615 59305984
251 1.3657 59461632
252 1.3707 59695104
253 1.3842 60514304
254 1.3828 60317696
255 1.3894 60559360
256 1.3955 60755968
257 1.4048 60952576
258 1.4034 61112320
259 1.4112 61341696
260 1.4174 61550592
261 1.4233 62050304
262 1.4268 61943808
263 1.4363 62386176
264 1.4408 62365696
265 1.4384 62504960
266 1.4385 62697472
267 1.4545 62930944
268 1.4725 63139840
269 1.4637 63860736
270 1.4712 63528960
271 1.4914 64040960
272 1.4836 63885312
273 1.473 64139264
274 1.4884 64315392
275 1.4881 64561152
276 1.5068 64688128
277 1.4983 64888832
278 1.5068 65114112
279 1.504 65282048
280 1.5161 65511424
281 1.5233 65961984
282 1.5204 65871872
283 1.5415 66105344
284 1.5358 66301952
285 1.5509 66543616
286 1.5625 66732032
287 1.5547 66924544
288 1.58 67325952
289 1.5675 67309568
290 1.5702 67538944
291 1.5755 67690496
292 1.5684 67891200
293 1.5916 68280320
294 1.5875 68292608
295 1.5999 69009408
296 1.5896 68739072
297 1.6335 68919296
298 1.6684 69173248
299 1.6478 69652480
300 1.6596 70021120