1 0.0414 9179136
2 0.051 9400320
3 0.0511 9551872
4 0.0559 9764864
5 0.0658 9998336
6 0.0679 10260480
7 0.0796 10452992
8 0.0758 10633216
9 0.0808 10838016
10 0.0907 11026432
11 0.0953 11251712
12 0.0961 11395072
13 0.1065 11649024
14 0.1071 11812864
15 0.1187 12161024
16 0.1169 12288000
17 0.1221 12443648
18 0.1272 12644352
19 0.1321 12849152
20 0.1461 13111296
21 0.1438 13279232
22 0.1462 13438976
23 0.1565 13717504
24 0.1594 13910016
25 0.1615 14065664
26 0.1701 14315520
27 0.1737 14520320
28 0.18 14704640
29 0.1863 14983168
30 0.1902 15163392
31 0.1937 15364096
32 0.2034 15589376
33 0.2046 15790080
34 0.2091 15986688
35 0.2139 16187392
36 0.2184 16355328
37 0.2292 16580608
38 0.2299 16789504
39 0.2333 16994304
40 0.2385 17145856
41 0.2431 17350656
42 0.2501 17580032
43 0.2574 17760256
44 0.2638 18001920
45 0.2652 18190336
46 0.2734 18362368
47 0.2819 18591744
48 0.2853 18714624
49 0.288 18989056
50 0.2941 19111936
51 0.3113 19329024
52 0.316 19644416
53 0.3138 19845120
54 0.3176 19914752
55 0.3254 20111360
56 0.325 20275200
57 0.335 20656128
58 0.3379 20918272
59 0.3399 20967424
60 0.3506 21155840
61 0.3528 21401600
62 0.3584 21610496
63 0.3646 21889024
64 0.3981 22228992
65 0.3764 22380544
66 0.379 22577152
67 0.383 22777856
68 0.3916 22962176
69 0.3941 23003136
70 0.4025 23474176
71 0.4026 23547904
72 0.4105 23789568
73 0.4178 24170496
74 0.4194 24051712
75 0.4266 24236032
76 0.4298 24576000
77 0.4355 24616960
78 0.4412 24829952
79 0.4437 25014272
80 0.4469 25346048
81 0.4544 25391104
82 0.4605 25538560
83 0.4634 25919488
84 0.4793 26165248
85 0.4769 25821184
86 0.4782 26513408
87 0.4906 26279936
88 0.4864 26955776
89 0.4954 26619904
90 0.5034 26796032
91 0.5103 27545600
92 0.5111 27193344
93 0.516 27934720
94 0.5219 28135424
95 0.5264 28352512
96 0.5314 27992064
97 0.5385 28233728
98 0.5379 28958720
99 0.557 29200384
100 0.5515 28819456
101 0.5604 29532160
102 0.5647 29868032
103 0.5732 30081024
104 0.5857 30257152
105 0.5885 29941760
106 0.5881 30142464
107 0.6045 31162368
108 0.6013 31059968
109 0.6074 30928896
110 0.6134 31453184
111 0.617 31313920
112 0.6209 31875072
113 0.6271 32079872
114 0.6283 32256000
115 0.6376 31920128
116 0.6416 32210944
117 0.6504 32927744
118 0.6552 32567296
119 0.6586 33615872
120 0.6599 33509376
121 0.6825 33341440
122 0.6862 34365440
123 0.6914 34230272
124 0.6936 33894400
125 0.6874 34615296
126 0.7035 34983936
127 0.7 35123200
128 0.7076 35348480
129 0.712 35532800
130 0.7209 35217408
131 0.7376 35377152
132 0.7419 35565568
133 0.7388 36306944
134 0.7393 36491264
135 0.7468 36179968
136 0.7469 36888576
137 0.7615 36540416
138 0.7647 37261312
139 0.7674 36929536
140 0.7752 37642240
141 0.7771 37859328
142 0.7759 38072320
143 0.791 37720064
144 0.7987 38440960
145 0.7991 38084608
146 0.7981 38866944
147 0.8072 39030784
148 0.8175 39743488
149 0.8165 39444480
150 0.8223 39116800
151 0.8288 39837696
152 0.8301 40013824
153 0.8376 40235008
154 0.8481 40648704
155 0.8489 40644608
156 0.8445 40280064
157 0.8605 40509440
158 0.8888 41480192
159 0.8793 41361408
160 0.8708 41619456
161 0.8833 41967616
162 0.8848 42020864
163 0.8829 41717760
164 0.8887 42504192
165 0.9073 42164224
166 0.906 42905600
167 0.9103 42549248
168 0.9109 43270144
169 0.9216 42946560
170 0.9265 43008000
171 0.9293 43544576
172 0.9309 43028480
173 0.9405 43741184
174 0.9628 44023808
175 0.9617 43601920
176 0.9518 44355584
177 0.9625 44523520
178 0.9806 44220416
179 0.9719 44929024
180 0.9737 45133824
181 0.9751 44822528
182 1.176 45568000
183 0.9913 45731840
184 0.998 45953024
185 1.0038 45600768
186 1.035 46448640
187 1.0203 45969408
188 1.0176 46710784
189 1.0363 47292416
190 1.0238 47071232
191 1.0337 47624192
192 1.0356 46981120
193 1.0463 47718400
194 1.0471 47980544
195 1.0584 48164864
196 1.0631 48369664
197 1.0728 48631808
198 1.0715 48754688
199 1.0725 48959488
200 1.0744 49168384
201 1.1082 49254400
202 1.0927 49287168
203 1.1005 49352704
204 1.1227 49500160
205 1.1503 50122752
206 1.1675 50098176
207 1.1824 50401280
208 1.1718 51040256
209 1.1489 50774016
210 1.1493 50995200
211 1.1533 51339264
212 1.1571 51363840
213 1.1601 51601408
214 1.1579 51781632
215 1.173 51937280
216 1.1801 52662272
217 1.1895 52338688
218 1.1932 52568064
219 1.1863 52772864
220 1.2036 52961280
221 1.2191 53424128
222 1.2328 53592064
223 1.2083 53555200
224 1.2255 54214656
225 1.2354 53960704
226 1.23 54145024
227 1.2388 54857728
228 1.2401 54583296
229 1.2469 55005184
230 1.4338 55463936
231 1.3072 55296000
232 1.2579 55431168
233 1.2755 56156160
234 1.2803 56217600
235 1.2734 56406016
236 1.2711 56221696
237 1.2833 56426496
238 1.3102 56619008
239 1.2957 56852480
240 1.3102 57044992
241 1.3011 57249792
242 1.3157 57454592
243 1.3223 57880576
244 1.3301 58118144
245 1.3444 58327040
246 1.3408 58470400
247 1.3475 58712064
248 1.3516 58920960
249 1.3605 59088896
250 1.3591 59514880
251 1.3712 59486208
252 1.3733 59695104
253 1.4754 60182528
254 1.3866 60477440
255 1.3972 60542976
256 1.4124 61214720
257 1.5777 61493248
258 1.3998 61149184
259 1.4021 61353984
260 1.4147 61542400
261 1.4212 61763584
262 1.4296 61923328
263 1.432 62148608
264 1.4402 62349312
265 1.4439 62537728
266 1.4546 62713856
267 1.4859 62955520
268 1.4594 63119360
269 1.459 63356928
270 1.4689 63561728
271 1.4707 63688704
272 1.4802 63983616
273 1.4756 64135168
274 1.477 64323584
275 1.4925 64520192
276 1.5002 64716800
277 1.5037 64921600
278 1.5163 65576960
279 1.5129 65515520
280 1.5197 65499136
281 1.5312 65765376
282 1.5291 65908736
283 1.5317 66084864
284 1.5404 66301952
285 1.553 66478080
286 1.5472 66732032
287 1.5533 66887680
288 1.5542 67084288
289 1.5649 67325952
290 1.5935 67493888
291 1.5754 67727360
292 1.571 67895296
293 1.582 68091904
294 1.6107 68288512
295 1.5911 68489216
296 1.5944 68702208
297 1.5978 68894720
298 1.6003 69099520
299 1.6117 69345280
300 1.6239 69529600