1 0.0412 9166848
2 0.0514 9351168
3 0.053 9555968
4 0.068 9740288
5 0.0653 10002432
6 0.0718 10219520
7 0.0748 10317824
8 0.0787 10522624
9 0.0859 10739712
10 0.09 10985472
11 0.0946 11108352
12 0.1038 11321344
13 0.1073 11501568
14 0.1079 11694080
15 0.1178 11939840
16 0.1233 12083200
17 0.1232 12275712
18 0.1303 12464128
19 0.1308 12652544
20 0.1489 12976128
21 0.141 13066240
22 0.1539 13209600
23 0.1595 13443072
24 0.1585 13615104
25 0.1701 13950976
26 0.1816 14057472
27 0.1749 14196736
28 0.1825 14413824
29 0.1851 14622720
30 0.1886 14901248
31 0.1935 15097856
32 0.199 15273984
33 0.2006 15409152
34 0.2156 15659008
35 0.2171 15847424
36 0.2685 15958016
37 0.2221 16228352
38 0.2334 16400384
39 0.2336 16592896
40 0.2366 16719872
41 0.2443 16928768
42 0.2508 17088512
43 0.2523 17334272
44 0.2569 17514496
45 0.2683 17686528
46 0.2755 18034688
47 0.2804 18137088
48 0.2834 18223104
49 0.2915 18485248
50 0.2896 18685952
51 0.2953 18878464
52 0.3072 18948096
53 0.3125 19402752
54 0.3103 19300352
55 0.319 19742720
56 0.3256 19845120
57 0.3347 20045824
58 0.3398 20275200
59 0.3343 20463616
60 0.3436 20631552
61 0.3511 20897792
62 0.3531 21123072
63 0.3601 21315584
64 0.3697 21303296
65 0.3694 21639168
66 0.3791 21864448
67 0.3846 21999616
68 0.3829 22192128
69 0.3887 22413312
70 0.3871 22585344
71 0.4041 22753280
72 0.4007 22814720
73 0.4104 23183360
74 0.4136 23351296
75 0.4176 23494656
76 0.4219 23711744
77 0.4256 23900160
78 0.4322 24104960
79 0.4331 24092672
80 0.4394 24436736
81 0.4486 24780800
82 0.4555 24838144
83 0.4646 25194496
84 0.4614 25227264
85 0.4633 25489408
86 0.4701 25567232
87 0.4891 25542656
88 0.4835 26009600
89 0.4797 26128384
90 0.4966 26394624
91 0.4957 26480640
92 0.4993 26152960
93 0.5053 26869760
94 0.5114 27049984
95 0.5177 26742784
96 0.5209 27496448
97 0.5304 27639808
98 0.5306 27840512
99 0.5417 28073984
100 0.5384 28377088
101 0.5546 27983872
102 0.56 28831744
103 0.5639 28364800
104 0.5672 29081600
105 0.5845 29241344
106 0.5777 29450240
107 0.6035 29736960
108 0.5866 29859840
109 0.5894 30040064
110 0.6019 30330880
111 0.6072 30507008
112 0.611 30187520
113 0.639 30359552
114 0.621 30572544
115 0.6266 31297536
116 0.6334 31535104
117 0.6447 31698944
118 0.6551 32034816
119 0.6463 31510528
120 0.6598 32280576
121 0.6548 31891456
122 0.6666 32096256
123 0.6636 32849920
124 0.6695 33095680
125 0.6788 33050624
126 0.6784 32952320
127 0.694 33701888
128 0.694 34324480
129 0.6992 33886208
130 0.7044 34222080
131 0.7073 33894400
132 0.7123 34684928
133 0.7276 34811904
134 0.724 34983936
135 0.7332 34643968
136 0.7324 35385344
137 0.7447 35557376
138 0.7497 35696640
139 0.7563 36147200
140 0.7537 35581952
141 0.7553 36265984
142 0.7674 35962880
143 0.7632 36712448
144 0.772 36851712
145 0.7745 36450304
146 0.7807 36683776
147 0.7859 37572608
148 0.7948 37117952
149 0.8039 37232640
150 0.8081 37400576
151 0.8036 37650432
152 0.8158 38338560
153 0.8168 38014976
154 0.8193 39149568
155 0.8252 38318080
156 0.8285 38502400
157 0.8411 38752256
158 0.8466 38932480
159 0.9667 39149568
160 0.931 39350272
161 0.9733 40316928
162 1.2602 40345600
163 1.3292 39964672
164 1.3037 40734720
165 1.48 40087552
166 1.2184 40804352
167 0.9535 40271872
168 1.0237 40964096
169 1.0474 41328640
170 1.0147 41304064
171 0.971 41488384
172 1.2712 41709568
173 1.34 41435136
174 1.0513 41738240
175 1.0681 41709568
176 0.9824 42463232
177 0.9388 42147840
178 0.9787 42713088
179 0.9825 42938368
180 1.0662 43266048
181 0.975 43282432
182 1.0299 43495424
183 1.186 43257856
184 1.0462 43966464
185 0.9968 44183552
186 0.9817 43892736
187 1.1171 43933696
188 1.0961 44298240
189 1.0248 45117440
190 1.0024 45019136
191 1.0122 44670976
192 1.0187 45514752
193 1.1418 45723648
194 1.0605 45903872
195 1.0618 46256128
196 1.1787 46436352
197 1.0391 46804992
198 1.0594 46972928
199 1.051 46858240
200 1.0656 47161344
201 1.0626 47099904
202 1.0711 47099904
203 1.0757 47616000
204 1.089 48193536
205 1.0908 47996928
206 1.106 48312320
207 1.1172 48332800
208 1.1293 48476160
209 1.1231 48967680
210 1.1084 48865280
211 1.1216 49029120
212 1.1375 49577984
213 1.1319 49152000
214 1.1371 49909760
215 1.1349 49500160
216 1.1414 49725440
217 1.1537 50327552
218 1.1533 50339840
219 1.1588 50544640
220 1.2185 51007488
221 1.1952 50991104
222 1.1843 51597312
223 1.1877 51523584
224 1.2014 51982336
225 1.205 52449280
226 1.2156 52133888
227 1.2075 52805632
228 1.2397 52264960
229 1.2212 52453376
230 1.2347 52629504
231 1.2484 53444608
232 1.2497 53198848
233 1.2377 53616640
234 1.2488 54022144
235 1.2377 53952512
236 1.2722 54120448
237 1.2736 54362112
238 1.264 54943744
239 1.2774 55144448
240 1.2848 54976512
241 1.2741 54996992
242 1.2708 54939648
243 1.2943 55320576
244 1.2921 56143872
245 1.2904 55955456
246 1.3036 56020992
247 1.3011 55885824
248 1.3202 56586240
249 1.3991 56893440
250 1.7231 57208832
251 1.6034 57098240
252 1.5198 57372672
253 1.598 57638912
254 1.487 58216448
255 1.4574 57933824
256 1.5441 58073088
257 1.5308 58089472
258 1.5214 58613760
259 1.488 58818560
260 1.5502 58757120
261 1.4219 58998784
262 1.3846 58974208
263 1.5225 59416576
264 1.411 59822080
265 1.4138 59805696
266 1.4017 59969536
267 1.4163 59924480
268 1.4907 60534784
269 1.4368 60563456
270 1.45 60743680
271 1.4249 60674048
272 1.4401 60829696
273 1.4636 61788160
274 1.434 61214720
275 1.4551 61964288
276 1.4605 61657088
277 1.4679 62582784
278 1.4712 62218240
279 1.467 62365696
280 1.4792 62332928
281 1.4725 62787584
282 1.4828 62926848
283 1.4849 63135744
284 1.5179 63078400
285 1.5224 64069632
286 1.4919 63782912
287 1.5226 64225280
288 1.5215 64573440
289 1.53 64856064
290 1.5237 64241664
291 1.5341 64393216
292 1.5587 64548864
293 1.5383 64716800
294 1.5498 65388544
295 1.5482 65355776
296 1.5486 65601536
297 1.5487 65544192
298 1.5622 65724416
299 1.5719 66191360
300 1.5844 66117632