1 0.044 9261056
2 0.0531 9502720
3 0.0632 9854976
4 0.069 10051584
5 0.0757 10289152
6 0.0844 10608640
7 0.0865 10813440
8 0.0909 11087872
9 0.0975 11452416
10 0.1059 11599872
11 0.1084 11874304
12 0.117 12132352
13 0.1275 12488704
14 0.1294 12701696
15 0.1453 13004800
16 0.1473 13176832
17 0.1576 13611008
18 0.1553 13717504
19 0.1674 14004224
20 0.1728 14221312
21 0.1754 14467072
22 0.2017 14757888
23 0.1895 15065088
24 0.194 15224832
25 0.2051 15564800
26 0.2059 15810560
27 0.2165 16068608
28 0.2224 16404480
29 0.236 16584704
30 0.2339 16908288
31 0.2485 17104896
32 0.2477 17457152
33 0.2635 17719296
34 0.2598 17870848
35 0.2698 18137088
36 0.2707 18464768
37 0.2945 18780160
38 0.2982 18915328
39 0.2982 19210240
40 0.3008 19451904
41 0.3148 19660800
42 0.3195 19988480
43 0.3252 20242432
44 0.3368 20418560
45 0.3306 20623360
46 0.3397 20848640
47 0.3418 21303296
48 0.3453 21442560
49 0.3648 21610496
50 0.3677 22134784
51 0.3714 22237184
52 0.379 22614016
53 0.3857 22708224
54 0.3893 23093248
55 0.4085 23425024
56 0.4118 23810048
57 0.4133 23838720
58 0.4263 24236032
59 0.4229 24412160
60 0.4586 24821760
61 0.444 24805376
62 0.4473 25452544
63 0.46 25600000
64 0.4663 25620480
65 0.4642 26025984
66 0.4696 26013696
67 0.4822 26615808
68 0.4864 26796032
69 0.487 27009024
70 0.4926 27230208
71 0.5013 27463680
72 0.5065 27705344
73 0.5126 28053504
74 0.5259 28282880
75 0.5365 28590080
76 0.5368 28307456
77 0.5393 29036544
78 0.5489 28753920
79 0.5569 29548544
80 0.5649 29421568
81 0.5817 29655040
82 0.5784 30511104
83 0.5874 30142464
84 0.5885 30982144
85 0.5968 31219712
86 0.6025 31391744
87 0.6087 31637504
88 0.6134 31932416
89 0.6241 31727616
90 0.6247 32403456
91 0.6331 32661504
92 0.6385 32903168
93 0.6547 33177600
94 0.656 32923648
95 0.6607 33730560
96 0.6637 33443840
97 0.6681 34177024
98 0.6944 34156544
99 0.6862 34705408
100 0.7167 35074048
101 0.7156 35385344
102 0.7179 35586048
103 0.7214 35840000
104 0.7317 36241408
105 0.7369 35786752
106 0.7574 36290560
107 0.7465 36913152
108 0.7512 37163008
109 0.7883 37801984
110 0.7799 37838848
111 0.7847 37552128
112 0.7832 38301696
113 0.7863 38035456
114 0.8005 38293504
115 0.7921 39026688
116 0.8121 39288832
117 0.8128 39542784
118 0.8284 40198144
119 0.8316 40460288
120 0.8343 39747584
121 0.8421 40001536
122 0.843 40796160
123 0.8516 40583168
124 0.8601 41558016
125 0.8638 41627648
126 0.8642 41828352
127 0.8751 41570304
128 0.8889 42614784
129 0.9023 42590208
130 0.9092 42639360
131 0.9114 43122688
132 0.9089 43352064
133 0.9182 43769856
134 0.9276 43433984
135 0.9325 44625920
136 0.9473 44363776
137 0.9396 44490752
138 0.9431 44388352
139 0.9528 44613632
140 0.9654 44339200
141 0.9682 45199360
142 0.9759 45363200
143 1.0014 45289472
144 1.0019 46198784
145 0.9931 46170112
146 0.9926 45842432
147 1.0357 46821376
148 1.017 46882816
149 1.0172 46616576
150 1.0246 46907392
151 1.0411 47685632
152 1.0287 47382528
153 1.048 48197632
154 1.051 48410624
155 1.0717 48533504
156 1.0644 48525312
157 1.071 49303552
158 1.0805 49569792
159 1.0949 49782784
160 1.0995 50286592
161 1.1002 50843648
162 1.1175 50024448
163 1.1232 50565120
164 1.1266 50913280
165 1.1298 51064832
166 1.1388 51380224
167 1.1593 51556352
168 1.1432 51818496
169 1.1674 52269056
170 1.1657 52330496
171 1.1764 52932608
172 1.1806 52850688
173 1.2052 53264384
174 1.1971 53317632
175 1.197 53592064
176 1.1974 53850112
177 1.2085 54091776
178 1.22 54452224
179 1.2134 54571008
180 1.2316 55406592
181 1.2496 55468032
182 1.2383 55439360
183 1.2398 55640064
184 1.261 55857152
185 1.2655 56119296
186 1.2646 56365056
187 1.2737 56631296
188 1.3048 56913920
189 1.3005 57360384
190 1.3125 57434112
191 1.3357 58007552
192 1.3187 58347520
193 1.3397 58281984
194 1.3176 58642432
195 1.3303 58757120
196 1.3389 58941440
197 1.339 59166720
198 1.3641 59408384
199 1.3512 60170240
200 1.3541 59957248
201 1.368 60669952
202 1.375 60780544
203 1.3675 60702720
204 1.3916 60936192
205 1.4042 61591552
206 1.4018 61718528
207 1.4219 62373888
208 1.436 62255104
209 1.4221 62320640
210 1.4325 62631936
211 1.4305 62836736
212 1.4551 63422464
213 1.4455 63606784
214 1.4765 64139264
215 1.4814 64393216
216 1.4771 64512000
217 1.4814 64651264
218 1.5 64888832
219 1.5259 65437696
220 1.5533 65708032
221 1.5393 66195456
222 1.5182 66146304
223 1.5186 66850816
224 1.5381 66658304
225 1.5413 67198976
226 1.5596 67207168
227 1.5454 67547136
228 1.5615 68231168
229 1.5995 67997696
230 1.5884 68542464
231 1.5775 68595712
232 1.5895 69259264
233 1.5897 69079040
234 1.5954 69271552
235 1.6191 69545984
236 1.6292 70004736
237 1.6097 70508544
238 1.623 70754304
239 1.6196 70586368
240 1.6631 70868992
241 1.6626 71610368
242 1.6483 71352320
243 1.663 71598080
244 1.6722 72310784
245 1.6851 72163328
246 1.6799 72368128
247 1.669 72572928
248 1.6962 72900608
249 1.6877 73142272
250 1.7079 73375744
251 1.7002 73625600
252 1.7136 73977856
253 1.7305 74608640
254 1.7387 74842112
255 1.748 75214848
256 1.7467 75440128
257 1.7389 75182080
258 1.7496 75390976
259 1.8067 75956224
260 1.8691 76283904
261 2.0778 76230656
262 1.8867 76451840
263 1.7715 76738560
264 1.7949 77262848
265 1.7918 77332480
266 1.813 77996032
267 1.8036 77725696
268 1.8321 78200832
269 1.8091 78229504
270 1.8224 79073280
271 1.8347 78766080
272 1.8479 79007744
273 1.8442 79261696
274 1.8529 79548416
275 1.8605 79867904
276 1.866 80035840
277 1.878 80244736
278 1.8978 80228352
279 1.8919 80240640
280 1.9069 80572416
281 1.8991 80257024
282 1.9316 80498688
283 1.9074 80691200
284 1.9227 80973824
285 1.9281 81256448
286 1.9432 81502208
287 1.9459 81793024
288 1.953 82370560
289 1.9588 82640896
290 1.9566 82579456
291 1.9612 82780160
292 1.981 83550208
293 1.9657 83378176
294 1.9856 83562496
295 2.0168 84324352
296 2.0114 84418560
297 1.993 84819968
298 2.0254 85118976
299 2.0443 85073920
300 2.029 85147648