1 0.1143 9175040
2 0.0528 9375744
3 0.0612 9658368
4 0.0683 9867264
5 0.072 10072064
6 0.0691 10264576
7 0.073 10465280
8 0.0778 10616832
9 0.0865 10817536
10 0.088 11063296
11 0.0962 11268096
12 0.101 11489280
13 0.1027 11657216
14 0.109 11845632
15 0.113 12058624
16 0.1181 12275712
17 0.1242 12492800
18 0.1376 12722176
19 0.2099 12980224
20 0.1428 13078528
21 0.1423 13283328
22 0.1487 13479936
23 0.1528 13676544
24 0.1579 13942784
25 0.1652 14094336
26 0.1685 14319616
27 0.1758 14499840
28 0.1808 14721024
29 0.1879 14942208
30 0.1939 15171584
31 0.1964 15405056
32 0.1997 15593472
33 0.2045 15785984
34 0.2116 15982592
35 0.2162 16191488
36 0.2234 16371712
37 0.2259 16584704
38 0.232 16781312
39 0.2374 16969728
40 0.2432 17272832
41 0.2513 17391616
42 0.2531 17559552
43 0.2591 17784832
44 0.26 17940480
45 0.2706 18186240
46 0.2762 18370560
47 0.2801 18673664
48 0.2867 18792448
49 0.2923 18870272
50 0.299 19247104
51 0.3014 19447808
52 0.3092 19525632
53 0.3125 19722240
54 0.3188 20045824
55 0.3205 20254720
56 0.3279 20426752
57 0.3342 20627456
58 0.3389 20881408
59 0.3475 21086208
60 0.3516 21147648
61 0.3563 21422080
62 0.3628 21741568
63 0.3647 22011904
64 0.3728 22192128
65 0.372 22347776
66 0.3822 22564864
67 0.3838 22736896
68 0.4001 22962176
69 0.3933 23003136
70 0.4033 23367680
71 0.4108 23605248
72 0.4107 23625728
73 0.4167 23826432
74 0.4181 24121344
75 0.4299 24260608
76 0.429 24539136
77 0.4394 24629248
78 0.4383 24928256
79 0.4472 25161728
80 0.4513 25354240
81 0.4608 25591808
82 0.4627 25726976
83 0.4657 25948160
84 0.4742 26116096
85 0.4771 26554368
86 0.4791 26546176
87 0.4845 26238976
88 0.4921 26947584
89 0.4974 26578944
90 0.4998 27328512
91 0.5098 27533312
92 0.5125 27795456
93 0.5347 27549696
94 0.5241 27627520
95 0.5242 28336128
96 0.5397 28532736
97 0.6034 28893184
98 0.5484 28942336
99 0.5639 29196288
100 0.551 29351936
101 0.554 29556736
102 0.5657 29868032
103 0.5727 30056448
104 0.5823 29732864
105 0.5888 30068736
106 0.5958 30138368
107 0.5961 30855168
108 0.616 31207424
109 0.6159 30728192
110 0.6148 31457280
111 0.6164 31621120
112 0.623 31322112
113 0.6363 32055296
114 0.6556 32411648
115 0.646 31920128
116 0.6435 32800768
117 0.6506 32399360
118 0.7553 33095680
119 0.6597 33042432
120 0.668 32972800
121 0.6671 33837056
122 0.6773 34017280
123 0.6829 34226176
124 0.6881 33927168
125 0.6873 34095104
126 0.6973 34418688
127 0.7156 35139584
128 0.7045 35340288
129 0.7138 35516416
130 0.7259 35434496
131 0.7235 35889152
132 0.7342 35598336
133 0.7348 36302848
134 0.7411 36507648
135 0.7451 36683776
136 0.7496 36868096
137 0.7612 37253120
138 0.7591 37269504
139 0.7687 37445632
140 0.7828 37117952
141 0.773 37335040
142 0.7819 38060032
143 0.7847 37744640
144 0.7992 38436864
145 0.8052 38121472
146 0.8149 38477824
147 0.8048 39043072
148 0.8183 39235584
149 0.8106 39452672
150 0.8229 39628800
151 0.8237 39829504
152 0.832 40022016
153 0.8322 40235008
154 0.8484 40443904
155 0.851 40640512
156 0.851 40828928
157 0.8745 41029632
158 0.9095 41263104
159 0.8657 41439232
160 0.8773 41631744
161 0.8687 41840640
162 0.8766 41504768
163 0.8899 42233856
164 0.9005 41955328
165 0.8991 42680320
166 0.9003 42307584
167 0.9151 42635264
168 0.9146 42754048
169 0.9197 42950656
170 0.9205 43499520
171 0.9423 43077632
172 0.9398 43548672
173 0.9383 43192320
174 0.9663 43950080
175 0.9559 44122112
176 0.9515 43823104
177 0.9575 44539904
178 0.9618 44707840
179 0.9693 44400640
180 0.9878 45133824
181 0.9855 45338624
182 0.9849 45514752
183 0.9919 45731840
184 0.9905 45936640
185 1.0174 46133248
186 1.0003 46309376
187 1.0227 46518272
188 1.014 46190592
189 1.0232 46379008
190 1.0302 47099904
191 1.0372 47296512
192 1.0347 46985216
193 1.0347 47702016
194 1.0503 47431680
195 1.0543 47632384
196 1.0554 48353280
197 1.0681 48029696
198 1.0797 48771072
199 1.0786 48979968
200 1.0878 49188864
201 1.0824 49049600
202 1.0964 49283072
203 1.1006 49307648
204 1.1024 49676288
205 1.1179 49754112
206 1.1159 49950720
207 1.1397 50405376
208 1.1295 50573312
209 1.1467 50774016
210 1.1381 50950144
211 1.1596 51154944
212 1.1592 51376128
213 1.1541 51580928
214 1.1682 51773440
215 1.1868 51978240
216 1.197 52174848
217 1.1783 52371456
218 1.1842 52539392
219 1.1984 52760576
220 1.1972 52961280
221 1.2076 53407744
222 1.2227 53366784
223 1.2151 53678080
224 1.2156 53829632
225 1.2285 54362112
226 1.2308 54157312
227 1.2293 54333440
228 1.2438 55058432
229 1.2422 54751232
230 1.2439 54935552
231 1.2506 55263232
232 1.2628 55476224
233 1.2675 55689216
234 1.28 55832576
235 1.2738 56053760
236 1.2851 56393728
237 1.2954 56459264
238 1.294 57118720
239 1.2922 56815616
240 1.3069 57053184
241 1.2999 57212928
242 1.3218 57696256
243 1.3253 57958400
244 1.3254 58232832
245 1.3317 58314752
246 1.3305 58466304
247 1.3395 58662912
248 1.344 58867712
249 1.3688 59101184
250 1.357 59301888
251 1.3733 59736064
252 1.3771 60100608
253 1.3895 60665856
254 1.381 60317696
255 1.3856 60551168
256 1.3921 60747776
257 1.4023 61116416
258 1.4097 61153280
259 1.4179 61353984
260 1.4237 61542400
261 1.4169 61739008
262 1.4209 61943808
263 1.435 62193664
264 1.4292 62337024
265 1.4401 62533632
266 1.4473 62742528
267 1.4472 62930944
268 1.4713 63119360
269 1.4824 63844352
270 1.4692 63537152
271 1.4713 63717376
272 1.4693 63885312
273 1.4829 64094208
274 1.5038 64380928
275 1.4963 64548864
276 1.4956 64897024
277 1.5206 64917504
278 1.5196 65302528
279 1.5031 65286144
280 1.5245 65519616
281 1.5324 65708032
282 1.5162 65937408
283 1.5482 66084864
284 1.5352 66277376
285 1.5305 66539520
286 1.5544 66674688
287 1.5578 66895872
288 1.5604 67137536
289 1.5535 67297280
290 1.5688 67493888
291 1.5729 67702784
292 1.5881 68366336
293 1.5875 68079616
294 1.5893 68329472
295 1.599 68481024
296 1.5956 68698112
297 1.6054 68931584
298 1.609 69099520
299 1.6121 69296128
300 1.6109 69500928