1 0.0502 9236480
2 0.0506 9400320
3 0.0549 9580544
4 0.0549 9719808
5 0.0609 9924608
6 0.0655 10084352
7 0.0671 10309632
8 0.071 10493952
9 0.0734 10625024
10 0.0777 10780672
11 0.0828 10936320
12 0.0865 11100160
13 0.0939 11288576
14 0.0973 11440128
15 0.0971 11583488
16 0.102 11784192
17 0.109 11964416
18 0.113 12124160
19 0.1183 12320768
20 0.1237 12505088
21 0.139 12689408
22 0.1238 12808192
23 0.1301 12963840
24 0.1367 13135872
25 0.1416 13299712
26 0.1419 13479936
27 0.1454 13594624
28 0.1544 13799424
29 0.1582 14004224
30 0.1579 14151680
31 0.1647 14303232
32 0.1647 14483456
33 0.1695 14622720
34 0.1773 14807040
35 0.1767 14958592
36 0.1797 15101952
37 0.1849 15298560
38 0.1927 15462400
39 0.1924 15597568
40 0.2026 15921152
41 0.2052 16007168
42 0.2054 16142336
43 0.2253 16416768
44 0.2232 16519168
45 0.2263 16683008
46 0.2225 16871424
47 0.2273 17018880
48 0.2312 17158144
49 0.2396 17506304
50 0.2362 17502208
51 0.2407 17674240
52 0.2505 17854464
53 0.2559 18010112
54 0.2573 18169856
55 0.2655 18345984
56 0.2662 18497536
57 0.2673 18677760
58 0.2715 18849792
59 0.2798 19042304
60 0.2781 19042304
61 0.2841 19374080
62 0.2884 19533824
63 0.2989 19681280
64 0.2975 19865600
65 0.3002 20033536
66 0.3319 20176896
67 0.3089 20336640
68 0.3144 20389888
69 0.3128 20684800
70 0.318 20840448
71 0.3348 20881408
72 0.3278 21053440
73 0.3319 21213184
74 0.4065 21594112
75 0.3389 21659648
76 0.3424 21692416
77 0.3465 21852160
78 0.3552 22024192
79 0.3554 22306816
80 0.3607 22536192
81 0.3641 22556672
82 0.3675 22859776
83 0.3755 22892544
84 0.377 23207936
85 0.3809 23416832
86 0.3851 23445504
87 0.3888 23592960
88 0.3929 23945216
89 0.399 24080384
90 0.4055 24231936
91 0.4081 24293376
92 0.4098 24432640
93 0.4204 24752128
94 0.4182 24866816
95 0.4225 25001984
96 0.4331 25096192
97 0.4308 25358336
98 0.4358 25382912
99 0.4467 25649152
100 0.4451 25726976
101 0.4494 26030080
102 0.4469 26234880
103 0.4593 26275840
104 0.4654 26312704
105 0.4658 26308608
106 0.4702 26382336
107 0.471 27041792
108 0.4857 26902528
109 0.4842 27373568
110 0.4935 27742208
111 0.4872 27213824
112 0.4982 27357184
113 0.501 28049408
114 0.5025 28217344
115 0.51 28401664
116 0.5163 28622848
117 0.5189 28241920
118 0.5188 28389376
119 0.5288 28565504
120 0.5311 28680192
121 0.5277 29405184
122 0.5376 29564928
123 0.5368 29757440
124 0.548 29892608
125 0.5471 30064640
126 0.5533 29818880
127 0.5542 29888512
128 0.5609 30302208
129 0.5641 30736384
130 0.5689 30920704
131 0.5705 31055872
132 0.5745 31211520
133 0.5753 31387648
134 0.579 31559680
135 0.5887 31682560
136 0.615 31473664
137 0.5998 31797248
138 0.5987 31682560
139 0.6066 31854592
140 0.598 32501760
141 0.6085 32178176
142 0.6138 32894976
143 0.613 33058816
144 0.6208 32677888
145 0.6284 33353728
146 0.6336 33538048
147 0.6354 33148928
148 0.6387 33873920
149 0.645 34054144
150 0.6513 34189312
151 0.6497 33800192
152 0.6577 34521088
153 0.6552 34664448
154 0.6638 34840576
155 0.6693 34607104
156 0.6712 34652160
157 0.674 35348480
158 0.6799 34979840
159 0.69 35631104
160 0.6968 35299328
161 0.6923 36134912
162 0.6939 36241408
163 0.6958 35889152
164 0.7013 36093952
165 0.708 36958208
166 0.7229 36990976
167 0.719 36605952
168 0.7228 37351424
169 0.7322 37433344
170 0.7232 37552128
171 0.7373 37871616
172 0.7395 37339136
173 0.7391 38035456
174 0.7552 38227968
175 0.7502 37875712
176 0.7591 38817792
177 0.7657 38432768
178 0.7725 38596608
179 0.7687 38739968
180 0.7844 39669760
181 0.7822 39567360
182 0.7855 39411712
183 0.7875 39366656
184 0.7892 40042496
185 0.7989 39723008
186 0.7976 39845888
187 0.8061 40648704
188 0.8066 40673280
189 0.8171 40820736
190 0.8161 41009152
191 0.8235 40640512
192 0.8222 41287680
193 0.8284 41476096
194 0.8288 41119744
195 0.8434 41852928
196 0.8452 41779200
197 0.8511 42127360
198 0.8484 42299392
199 0.8609 42459136
200 0.8554 42098688
201 0.8648 42500096
202 0.8685 43110400
203 0.864 42598400
204 0.8687 43282432
205 0.8805 43569152
206 0.8862 43188224
207 0.8897 43331584
208 0.8956 44023808
209 0.8934 44228608
210 0.898 44363776
211 0.9102 44920832
212 0.9164 44556288
213 0.915 44871680
214 0.931 45367296
215 0.9228 44679168
216 0.9368 44617728
217 0.9299 45330432
218 0.9391 44732416
219 0.9598 45309952
220 0.9524 45551616
221 0.941 45608960
222 0.9507 45289472
223 0.9547 45977600
224 0.9567 45613056
225 0.9608 46313472
226 0.9815 46583808
227 0.971 46116864
228 0.9804 46268416
229 0.9767 46968832
230 0.9853 47124480
231 0.9819 47443968
232 0.9863 47616000
233 0.9898 47730688
234 1.0042 47976448
235 1.0003 48029696
236 1.006 48193536
237 1.0091 48717824
238 1.0391 49004544
239 1.0644 48840704
240 1.0333 48840704
241 1.0247 48484352
242 1.0366 49139712
243 1.0516 49762304
244 1.0496 49397760
245 1.0412 49668096
246 1.0434 49831936
247 1.0529 49987584
248 1.0527 50118656
249 1.1493 50769920
250 1.1247 50298880
251 1.0718 50638848
252 1.0795 50700288
253 1.1003 50798592
254 1.1064 50884608
255 1.1335 50778112
256 1.1146 51011584
257 1.1253 51101696
258 1.1032 51367936
259 1.0955 51437568
260 1.1018 52125696
261 1.1165 51752960
262 1.1141 51916800
263 1.1178 52076544
264 1.1221 52760576
265 1.1168 52416512
266 1.1492 52940800
267 1.1275 52764672
268 1.145 52912128
269 1.1356 53092352
270 1.147 53239808
271 1.1553 53424128
272 1.1541 53747712
273 1.154 53743616
274 1.169 53874688
275 1.1601 54071296
276 1.1738 54235136
277 1.1688 54403072
278 1.1746 54525952
279 1.1866 54677504
280 1.1805 54882304
281 1.1911 55046144
282 1.1928 55209984
283 1.1949 55386112
284 1.1856 55504896
285 1.1973 55664640
286 1.212 55869440
287 1.2175 56012800
288 1.2187 56193024
289 1.2089 56356864
290 1.2237 56520704
291 1.2242 56643584
292 1.234 56844288
293 1.2412 56971264
294 1.2407 57147392
295 1.2396 57331712
296 1.258 57507840
297 1.2516 57638912
298 1.2497 57835520
299 1.2757 57995264
300 1.296 58683392