1 0.0468 9240576
2 0.0474 9400320
3 0.051 9588736
4 0.0538 9719808
5 0.0575 9928704
6 0.063 10092544
7 0.0655 10326016
8 0.0734 10493952
9 0.0737 10579968
10 0.0871 10915840
11 0.0814 10903552
12 0.0889 11104256
13 0.0901 11268096
14 0.0969 11440128
15 0.0991 11608064
16 0.1051 11788288
17 0.1054 11972608
18 0.1136 12124160
19 0.1134 12312576
20 0.117 12423168
21 0.1236 12632064
22 0.1264 12808192
23 0.1335 12988416
24 0.1364 13131776
25 0.1383 13287424
26 0.142 13496320
27 0.1454 13598720
28 0.1622 13930496
29 0.1681 14143488
30 0.1594 14139392
31 0.1668 14417920
32 0.1659 14446592
33 0.169 14602240
34 0.1741 14802944
35 0.1799 14974976
36 0.1883 15228928
37 0.1846 15265792
38 0.1909 15462400
39 0.2008 15675392
40 0.2025 15843328
41 0.2019 16007168
42 0.2105 16171008
43 0.2127 16334848
44 0.2195 16642048
45 0.221 16699392
46 0.2219 16818176
47 0.2301 17022976
48 0.2284 17178624
49 0.2367 17342464
50 0.2378 17522688
51 0.2423 17666048
52 0.2479 17850368
53 0.2596 18055168
54 0.2548 18141184
55 0.2597 18350080
56 0.2627 18513920
57 0.2647 18681856
58 0.2754 18853888
59 0.2795 18915328
60 0.2825 19075072
61 0.2875 19369984
62 0.2903 19533824
63 0.294 19562496
64 0.2986 19861504
65 0.3001 20017152
66 0.3124 20189184
67 0.3102 20336640
68 0.3124 20389888
69 0.3157 20676608
70 0.3227 20795392
71 0.3258 20869120
72 0.3327 21032960
73 0.328 21340160
74 0.3338 21504000
75 0.3443 21532672
76 0.3479 21721088
77 0.3479 21979136
78 0.3515 22147072
79 0.3604 22200320
80 0.3651 22564864
81 0.3711 22700032
82 0.3689 22732800
83 0.3714 22986752
84 0.3762 23187456
85 0.3795 23412736
86 0.3829 23572480
87 0.3945 23605248
88 0.3951 23932928
89 0.3985 24076288
90 0.4015 24256512
91 0.4101 24383488
92 0.4176 24715264
93 0.4137 24707072
94 0.4225 24870912
95 0.4253 25026560
96 0.4274 25088000
97 0.4364 25362432
98 0.4363 25534464
99 0.4417 25825280
100 0.4465 25894912
101 0.4573 26025984
102 0.4506 26210304
103 0.457 26292224
104 0.4587 26570752
105 0.4816 26968064
106 0.4765 26902528
107 0.4706 27074560
108 0.478 27226112
109 0.4767 27414528
110 0.4887 27045888
111 0.4893 27725824
112 0.5059 27353088
113 0.5154 28069888
114 0.5003 27660288
115 0.5055 27852800
116 0.5068 28098560
117 0.5124 28262400
118 0.5198 28909568
119 0.5251 29073408
120 0.5263 29229056
121 0.5294 28909568
122 0.5407 29310976
123 0.5494 29483008
124 0.5508 29908992
125 0.5451 30109696
126 0.5499 30232576
127 0.553 29880320
128 0.5589 30052352
129 0.5567 30703616
130 0.5708 30904320
131 0.567 31055872
132 0.5748 31223808
133 0.5767 31354880
134 0.5778 31019008
135 0.5859 31739904
136 0.5898 31846400
137 0.5952 32014336
138 0.6016 32219136
139 0.6045 32374784
140 0.605 32030720
141 0.6171 32722944
142 0.6179 32833536
143 0.6193 33034240
144 0.618 33185792
145 0.6245 32825344
146 0.6364 33771520
147 0.6397 33685504
148 0.6361 33329152
149 0.6367 33984512
150 0.6565 33947648
151 0.6497 33787904
152 0.6644 34508800
153 0.6651 34664448
154 0.6573 34848768
155 0.6631 34967552
156 0.6708 35168256
157 0.6715 34811904
158 0.6726 34983936
159 0.6869 35667968
160 0.6871 35819520
161 0.696 35737600
162 0.6915 36241408
163 0.7018 35909632
164 0.7312 36089856
165 0.7117 36786176
166 0.7386 36425728
167 0.7549 37384192
168 0.7225 37253120
169 0.7252 36884480
170 0.7272 37060608
171 0.7319 37765120
172 0.7447 37904384
173 0.7448 38215680
174 0.7575 37912576
175 0.7451 38363136
176 0.7617 38817792
177 0.7627 38952960
178 0.7641 39120896
179 0.7737 39239680
180 0.7751 38895616
181 0.7885 39079936
182 0.7833 39219200
183 0.7894 39890944
184 0.7905 40083456
185 0.791 40189952
186 0.8033 40419328
187 0.8032 40513536
188 0.809 40144896
189 0.8218 41078784
190 0.8155 40988672
191 0.8294 40960000
192 0.8305 40849408
193 0.8324 41738240
194 0.8325 41635840
195 0.8402 41283584
196 0.8361 41971712
197 0.8481 42164224
198 0.8489 42299392
199 0.8754 42721280
200 0.8589 42614784
201 0.8519 42229760
202 0.8682 42872832
203 0.8683 42594304
204 0.8796 42749952
205 0.8846 43560960
206 0.884 43712512
207 0.8939 43339776
208 0.8924 43507712
209 0.8978 43692032
210 0.8982 44367872
211 0.9057 44507136
212 0.9118 44167168
213 0.9169 44355584
214 0.9233 44810240
215 0.9195 45162496
216 0.9242 44625920
217 0.9317 45137920
218 0.9411 44949504
219 0.9412 44806144
220 0.949 45481984
221 0.941 45084672
222 0.9514 45813760
223 0.9537 45993984
224 0.9587 46166016
225 0.9802 46305280
226 0.964 45953024
227 0.9758 46100480
228 0.9808 46796800
229 0.9858 46682112
230 0.9908 47091712
231 0.983 47439872
232 0.9935 47587328
233 0.9933 47198208
234 1.008 48373760
235 1.0076 47480832
236 1.0049 47665152
237 1.0188 48353280
238 1.0261 47996928
239 1.0153 48156672
240 1.0255 48275456
241 1.029 49004544
242 1.0267 48615424
243 1.0347 49311744
244 1.0329 48947200
245 1.0432 49651712
246 1.0461 50302976
247 1.0482 49987584
248 1.0574 50159616
249 1.0621 50315264
250 1.0524 50475008
251 1.0703 50642944
252 1.067 50704384
253 1.0837 50446336
254 1.0825 50610176
255 1.0896 51240960
256 1.0859 50941952
257 1.0939 51089408
258 1.0914 51273728
259 1.1162 51589120
260 1.108 51589120
261 1.0992 51761152
262 1.1076 51933184
263 1.1133 52076544
264 1.1181 52256768
265 1.117 52420608
266 1.1245 52592640
267 1.1395 53235712
268 1.1389 53411840
269 1.133 53055488
270 1.1439 53735424
271 1.1483 53424128
272 1.1478 54022144
273 1.1549 53727232
274 1.1552 53882880
275 1.1655 54050816
276 1.1807 54575104
277 1.1655 54398976
278 1.1667 54530048
279 1.1794 55238656
280 1.1803 54894592
281 1.1963 55021568
282 1.1994 55214080
283 1.1922 55402496
284 1.1929 55541760
285 1.1987 55668736
286 1.2118 55836672
287 1.2117 56029184
288 1.2316 56680448
289 1.2324 56885248
290 1.2141 56479744
291 1.2356 56688640
292 1.2313 56811520
293 1.2349 57122816
294 1.2408 57307136
295 1.2485 57315328
296 1.2408 57507840
297 1.2611 57634816
298 1.2518 57839616
299 1.2595 57999360
300 1.2608 58155008