1 0.1235 9129984
2 0.0975 9437184
3 0.2206 9580544
4 0.0613 9830400
5 0.0734 10113024
6 0.0999 10289152
7 0.1129 10416128
8 0.1486 10530816
9 0.0897 10747904
10 0.169 10919936
11 0.1522 11112448
12 0.1036 11321344
13 0.108 11575296
14 0.1215 11837440
15 0.1577 11931648
16 0.1302 12099584
17 0.1216 12279808
18 0.1344 12517376
19 0.2496 12644352
20 0.1459 12963840
21 0.1491 13045760
22 0.1728 13221888
23 0.1538 13520896
24 0.1681 13602816
25 0.2186 13877248
26 0.2045 14086144
27 0.2134 14323712
28 0.2197 14499840
29 0.2249 14721024
30 0.193 14815232
31 0.2384 15114240
32 0.2208 15314944
33 0.2133 15511552
34 0.2547 15687680
35 0.2319 15884288
36 0.2246 15974400
37 0.2436 16171008
38 0.2468 16392192
39 0.2407 16527360
40 0.2445 16875520
41 0.2582 17014784
42 0.2901 17145856
43 0.3167 17354752
44 0.288 17498112
45 0.3059 17653760
46 0.2868 17965056
47 0.3264 18251776
48 0.2879 18214912
49 0.3052 18489344
50 0.405 18722816
51 0.3365 19046400
52 0.342 19025920
53 0.3442 19419136
54 0.3527 19562496
55 0.3623 19877888
56 0.4194 19947520
57 0.4427 20148224
58 0.4319 20402176
59 0.4222 20541440
60 0.3883 20631552
61 0.4702 20910080
62 0.5278 21221376
63 0.5134 21368832
64 0.4291 21684224
65 0.4836 21934080
66 0.4085 21864448
67 0.5455 22069248
68 0.601 22323200
69 0.5809 22388736
70 0.5899 22511616
71 0.5418 22740992
72 0.6079 23003136
73 0.5485 23298048
74 0.4576 23355392
75 0.4749 23486464
76 0.4356 23838720
77 0.4272 23887872
78 0.453 24092672
79 0.6024 24195072
80 0.5098 24547328
81 0.5575 24223744
82 0.5325 24883200
83 0.5718 25079808
84 0.478 25280512
85 0.5336 25440256
86 0.5363 25108480
87 0.5855 25305088
88 0.5544 26025984
89 0.5508 26447872
90 0.6212 26468352
91 0.5622 26578944
92 0.6129 26230784
93 0.5667 26435584
94 0.56 27217920
95 0.6035 26931200
96 0.6674 27508736
97 0.6396 27148288
98 0.5947 27918336
99 0.6334 28110848
100 0.7782 28397568
101 0.6127 28770304
102 0.6575 28844032
103 0.6474 28958720
104 0.5888 28835840
105 0.7017 29429760
106 0.6486 29671424
107 0.6188 29147136
108 0.5973 29958144
109 0.6615 30085120
110 0.6796 29884416
111 0.6743 30703616
112 0.7037 30879744
113 0.6277 30539776
114 0.7161 30752768
115 0.6674 31510528
116 0.6559 31514624
117 0.6386 31154176
118 0.6501 31330304
119 0.6627 31817728
120 0.659 32051200
121 0.6612 32477184
122 0.6645 32395264
123 0.6762 32813056
124 0.6759 33157120
125 0.6816 33423360
126 0.6944 33460224
127 0.6985 33660928
128 0.6972 33939456
129 0.7014 34070528
130 0.7014 34254848
131 0.7233 34639872
132 0.7181 34795520
133 0.7184 34811904
134 0.719 34959360
135 0.7297 35176448
136 0.7391 34828288
137 0.7458 35770368
138 0.7474 35688448
139 0.7494 35352576
140 0.7528 36098048
141 0.7511 35758080
142 0.7648 37003264
143 0.7719 36708352
144 0.7696 36282368
145 0.7799 37036032
146 0.7791 37191680
147 0.7936 37609472
148 0.7959 37588992
149 0.8012 37998592
150 0.8026 37949440
151 0.8078 38150144
152 0.8083 37806080
153 0.8217 38649856
154 0.8272 38678528
155 0.8338 38408192
156 0.8342 39055360
157 0.8466 39559168
158 0.8401 39460864
159 0.8499 39096320
160 0.8493 39292928
161 0.8617 40488960
162 0.8595 39665664
163 0.8726 40763392
164 0.881 40685568
165 0.8752 41070592
166 0.8816 40062976
167 0.8894 40157184
168 0.8902 40849408
169 0.89 40476672
170 0.8998 40701952
171 0.9049 41431040
172 0.912 41152512
173 0.9289 41267200
174 0.9275 42147840
175 0.9299 41652224
176 0.9352 41844736
177 0.945 42598400
178 0.9377 42205184
179 0.9439 42913792
180 0.9497 43057152
181 0.96 42766336
182 0.9558 43462656
183 0.9908 43548672
184 0.9758 43331584
185 0.9763 44052480
186 1.0225 44212224
187 1.0051 43929600
188 1.0022 44658688
189 0.999 44900352
190 1.008 45015040
191 1.0066 45228032
192 1.0087 45461504
193 1.0171 45056000
194 1.0198 45838336
195 1.0443 46055424
196 1.0388 45649920
197 1.0619 46821376
198 1.0599 46542848
199 1.0592 46718976
200 1.0715 46391296
201 1.063 46538752
202 1.061 47362048
203 1.0798 47468544
204 1.0815 47493120
205 1.088 47984640
206 1.0939 48242688
207 1.1027 48029696
208 1.1083 48406528
209 1.1104 48402432
210 1.122 48586752
211 1.1218 49033216
212 1.1325 49287168
213 1.1289 49180672
214 1.1309 49602560
215 1.1587 49934336
216 1.1521 50503680
217 1.1474 50192384
218 1.1558 50409472
219 1.1631 50532352
220 1.1825 51200000
221 1.1775 50946048
222 1.1792 51150848
223 1.189 51552256
224 1.1909 51818496
225 1.1907 51929088
226 1.1977 52137984
227 1.2189 52469760
228 1.2196 52699136
229 1.2289 52899840
230 1.2276 52830208
231 1.2404 53678080
232 1.2331 53940224
233 1.2533 53608448
234 1.2594 54243328
235 1.2694 53661696
236 1.2466 54104064
237 1.2557 54059008
238 1.2686 54988800
239 1.2738 54648832
240 1.2766 55066624
241 1.2804 54763520
242 1.2966 55214080
243 1.2985 55422976
244 1.3089 56094720
245 1.3017 55812096
246 1.3004 55943168
247 1.3103 56311808
248 1.328 56754176
249 1.345 56504320
250 1.3262 57004032
251 1.3751 57188352
252 1.3312 57077760
253 1.3476 57511936
254 1.3449 57802752
255 1.353 57634816
256 1.3648 57860096
257 1.3561 58265600
258 1.3642 58224640
259 1.3658 58380288
260 1.3861 58556416
261 1.387 59187200
262 1.3908 59183104
263 1.3969 59486208
264 1.4165 59985920
265 1.4064 59920384
266 1.4023 59998208
267 1.3996 60166144
268 1.4098 60358656
269 1.4158 60256256
270 1.425 60727296
271 1.4317 60653568
272 1.4426 61095936
273 1.4336 61280256
274 1.4541 61775872
275 1.4467 61665280
276 1.4653 62234624
277 1.4685 61837312
278 1.478 62201856
279 1.4707 62902272
280 1.4863 62578688
281 1.4826 62734336
282 1.5046 62955520
283 1.5013 63127552
284 1.5058 63168512
285 1.5419 63533056
286 1.5351 63971328
287 1.5185 64286720
288 1.5116 63787008
289 1.5319 64679936
290 1.5249 64225280
291 1.5334 64643072
292 1.5481 64581632
293 1.5626 65253376
294 1.5601 65273856
295 1.5502 65458176
296 1.5524 65601536
297 1.5663 66281472
298 1.5664 65986560
299 1.5641 65912832
300 1.5684 66306048