1 0.1442 18227200
2 0.1505 18280448
3 0.1565 18616320
4 0.168 18960384
5 0.1753 19054592
6 0.1725 19202048
7 0.181 19472384
8 0.1891 19701760
9 0.1924 19648512
10 0.1958 20017152
11 0.1916 20123648
12 0.2036 20381696
13 0.2027 20447232
14 0.2106 20725760
15 0.2139 21057536
16 0.2149 21143552
17 0.218 21200896
18 0.2217 21409792
19 0.2322 21696512
20 0.2326 21774336
21 0.2344 22093824
22 0.2388 22392832
23 0.2522 22331392
24 0.2538 22622208
25 0.249 22855680
26 0.2556 22966272
27 0.2661 23109632
28 0.2709 23658496
29 0.2707 23486464
30 0.278 23703552
31 0.2843 24166400
32 0.2877 24301568
33 0.2871 24412160
34 0.3016 24821760
35 0.3125 24805376
36 0.3125 25079808
37 0.3067 25423872
38 0.3132 25481216
39 0.3218 25681920
40 0.3286 25792512
41 0.3226 25931776
42 0.3314 26112000
43 0.329 26304512
44 0.3369 26386432
45 0.3431 26845184
46 0.3695 26988544
47 0.3471 27242496
48 0.3577 27287552
49 0.3532 27598848
50 0.3662 27664384
51 0.3672 27762688
52 0.3737 28176384
53 0.3808 28213248
54 0.3811 28372992
55 0.3878 28659712
56 0.3898 28782592
57 0.3879 28979200
58 0.3944 29110272
59 0.4108 29609984
60 0.4048 29634560
61 0.4112 29954048
62 0.4157 29949952
63 0.4181 30146560
64 0.4319 30388224
65 0.44 30625792
66 0.4377 30793728
67 0.4427 30994432
68 0.4434 31199232
69 0.4509 31600640
70 0.4558 31801344
71 0.458 31715328
72 0.4644 31916032
73 0.4754 32100352
74 0.4713 32202752
75 0.4809 32591872
76 0.4892 32927744
77 0.4834 32854016
78 0.4841 33071104
79 0.4901 33239040
80 0.4922 33419264
81 0.5021 33665024
82 0.5135 34054144
83 0.5078 34004992
84 0.514 34193408
85 0.5174 34353152
86 0.5244 34578432
87 0.5297 34918400
88 0.6409 34861056
89 0.6813 35074048
90 0.5401 35176448
91 0.5742 35545088
92 0.556 35803136
93 0.5562 35987456
94 0.5642 36184064
95 0.5647 36372480
96 0.5641 36564992
97 0.5772 36745216
98 0.5763 36929536
99 0.5807 37158912
100 0.5906 37298176
101 0.5841 37498880
102 0.5977 37900288
103 0.6075 38105088
104 0.6062 38031360
105 0.6092 38465536
106 0.6092 38289408
107 0.6188 38690816
108 0.6209 38785024
109 0.632 38879232
110 0.6396 39206912
111 0.638 39702528
112 0.6486 39739392
113 0.6416 39895040
114 0.6458 39800832
115 0.6532 40099840
116 0.6593 40411136
117 0.6713 40759296
118 0.6733 40718336
119 0.6682 40988672
120 0.6875 41332736
121 0.7562 41476096
122 0.723 41738240
123 0.755 42037248
124 0.7258 42004480
125 0.7 42131456
126 0.7023 42340352
127 0.7139 42770432
128 0.738 42590208
129 0.7156 42823680
130 0.719 43130880
131 0.7273 43347968
132 0.7383 43905024
133 0.7339 43974656
134 0.7401 44195840
135 0.7437 44281856
136 0.754 44462080
137 0.7549 44683264
138 0.771 44814336
139 0.7624 44912640
140 0.7973 45248512
141 0.7786 45150208
142 0.7885 45658112
143 0.7818 45580288
144 0.7963 46002176
145 0.8022 46350336
146 0.8062 46571520
147 0.8048 46534656
148 0.8111 46710784
149 0.808 47075328
150 0.8193 47157248
151 0.8621 47075328
152 1.0033 47431680
153 0.9036 47489024
154 1.0169 47636480
155 0.9395 47976448
156 0.9667 48107520
157 0.9739 48259072
158 0.9428 48693248
159 0.8922 48742400
160 0.9238 48906240
161 0.9848 49119232
162 0.9881 49270784
163 0.9794 49446912
164 0.8968 49659904
165 0.9117 49897472
166 0.8899 50376704
167 0.902 50561024
168 0.8898 50778112
169 0.9037 50589696
170 0.897 50700288
171 0.903 50958336
172 0.9096 50888704
173 0.9219 50757632
174 0.9139 50896896
175 0.9236 51265536
176 0.9251 51343360
177 0.929 51523584
178 0.9357 52109312
179 1.046 51806208
180 0.9746 52133888
181 0.9433 52281344
182 0.9646 52527104
183 0.9527 52637696
184 0.9546 52936704
185 0.9803 53440512
186 0.9593 53219328
187 0.9719 53374976
188 0.9754 53481472
189 0.9944 54005760
190 0.9825 53882880
191 0.9915 54337536
192 1.0038 54321152
193 1.0028 54558720
194 1.0007 54726656
195 1.0197 55087104
196 1.0125 55132160
197 1.0275 55259136
198 1.1582 55369728
199 1.1272 55607296
200 1.1113 56037376
201 1.111 55959552
202 1.1159 56197120
203 1.2211 56360960
204 1.1285 56520704
205 1.0641 56750080
206 1.1993 57298944
207 1.1331 57577472
208 1.0729 57745408
209 1.0835 57651200
210 1.12 58032128
211 1.2683 57905152
212 1.2138 58322944
213 1.2609 58265600
214 1.152 58695680
215 1.1094 59158528
216 1.113 59109376
217 1.1285 59228160
218 1.126 59273216
219 1.1392 59494400
220 1.1435 59695104
221 1.1338 59957248
222 1.1329 60043264
223 1.1447 60350464
224 1.1562 60850176
225 1.1514 60690432
226 1.1832 60882944
227 1.3142 60882944
228 1.2314 61136896
229 1.1774 61149184
230 1.1844 61349888
231 1.1908 61587456
232 1.2142 61587456
233 1.3441 61669376
234 1.3182 62005248
235 1.3843 62214144
236 1.2364 62214144
237 1.2681 62320640
238 1.3211 62750720
239 1.3673 62787584
240 1.6526 62865408
241 1.3848 63373312
242 1.456 63389696
243 1.4509 63569920
244 1.3599 63639552
245 1.4944 63889408
246 1.4602 64102400
247 1.3401 64434176
248 1.2769 64724992
249 1.2668 64647168
250 1.2555 65060864
251 1.3211 65040384
252 1.3019 65474560
253 1.2908 65863680
254 1.2968 66064384
255 1.3434 65712128
256 1.7451 65982464
257 1.5535 66084864
258 1.4917 66568192
259 1.3375 66486272
260 1.3214 66875392
261 1.3111 67072000
262 1.3207 67149824
263 1.3628 67661824
264 1.3457 67911680
265 1.3391 68038656
266 1.3382 68546560
267 1.3543 68370432
268 1.3539 68595712
269 1.3716 68943872
270 1.3661 69296128
271 1.3598 69509120
272 1.3986 69238784
273 1.3841 70180864
274 1.373 69746688
275 1.3884 69931008
276 1.4002 70295552
277 1.4035 70975488
278 1.4005 70696960
279 1.4014 70823936
280 1.4109 70868992
281 1.4206 71585792
282 1.4189 71548928
283 1.443 71876608
284 1.4346 71708672
285 1.4194 71933952
286 1.4282 72019968
287 1.4503 72470528
288 1.4357 72597504
289 1.4604 73265152
290 1.4735 73138176
291 1.4537 73134080
292 1.4799 73654272
293 1.4581 73568256
294 1.4839 74178560
295 1.4821 74309632
296 1.4834 74194944
297 1.4881 74248192
298 1.4798 74915840
299 1.4941 74670080
300 1.4929 74825728