1 0.1839 19320832
2 0.1846 19771392
3 0.193 19873792
4 0.2173 20275200
5 0.2148 20545536
6 0.2292 21114880
7 0.2689 21196800
8 0.2691 21688320
9 0.2591 21876736
10 0.2597 22188032
11 0.2663 22425600
12 0.2731 22867968
13 0.2803 23027712
14 0.2883 23560192
15 0.303 23785472
16 0.3124 24125440
17 0.3223 24412160
18 0.3299 24735744
19 0.3383 24952832
20 0.3622 25391104
21 0.4886 25649152
22 0.4925 26066944
23 0.5089 26300416
24 0.4209 26669056
25 0.4206 26906624
26 0.4876 27308032
27 0.432 27623424
28 0.4791 27889664
29 0.481 28327936
30 0.4474 28729344
31 0.4432 28901376
32 0.4641 29376512
33 0.4635 29495296
34 0.4744 29933568
35 0.4849 30121984
36 0.5054 30576640
37 0.4982 30904320
38 0.5572 31002624
39 0.5273 31432704
40 0.5851 31674368
41 0.5861 32026624
42 0.5727 32530432
43 0.5975 32620544
44 0.59 32940032
45 0.5869 33312768
46 0.6852 33574912
47 0.6325 34082816
48 0.6257 34209792
49 0.6668 34611200
50 0.6274 34885632
51 0.6399 35332096
52 0.7073 35643392
53 0.7313 35803136
54 0.7409 36188160
55 0.7036 36544512
56 0.7383 36818944
57 0.802 37240832
58 0.7919 37449728
59 0.7723 37818368
60 0.7979 38100992
61 0.8403 38445056
62 0.7811 38678528
63 0.7935 39206912
64 0.8301 39321600
65 0.8258 39624704
66 0.7694 39997440
67 0.8047 40423424
68 0.8038 40833024
69 0.8227 41021440
70 0.8497 41336832
71 0.8608 41553920
72 0.8433 41889792
73 0.921 42074112
74 0.9707 42405888
75 0.9674 42680320
76 0.9334 43016192
77 0.8795 43520000
78 0.9652 43716608
79 1.2754 43958272
80 0.94 44380160
81 1.0146 44687360
82 1.0789 44945408
83 1.0782 45355008
84 1.0407 45617152
85 1.0026 45940736
86 0.9913 46411776
87 0.996 46600192
88 1.0279 47120384
89 1.0453 47198208
90 1.1229 47484928
91 1.0836 47939584
92 1.0647 48103424
93 1.0973 48586752
94 1.0654 48685056
95 1.0665 49225728
96 1.054 49451008
97 1.1022 49790976
98 1.1066 50200576
99 1.1108 50466816
100 1.1019 51056640
101 1.2435 50937856
102 1.379 51306496
103 1.3279 51703808
104 1.3175 52019200
105 1.3048 52416512
106 1.2382 52736000
107 1.4652 52908032
108 1.4171 53223424
109 1.4608 53538816
110 1.3074 54054912
111 1.2717 54353920
112 1.3625 54452224
113 1.6014 54771712
114 1.4526 55095296
115 1.3143 55447552
116 1.3233 55758848
117 1.3195 56418304
118 1.4292 56528896
119 1.4183 56279040
120 1.3805 56467456
121 1.3422 57176064
122 1.3521 57524224
123 1.3889 57651200
124 1.3748 57851904
125 1.3809 58142720
126 1.3816 58793984
127 1.3746 58662912
128 1.4292 59117568
129 1.4409 59342848
130 1.5515 59715584
131 1.4921 59916288
132 1.4441 60338176
133 1.5091 60989440
134 1.4744 60878848
135 1.4745 61370368
136 1.4789 61857792
137 1.4861 61943808
138 1.513 62402560
139 1.5433 62709760
140 1.5522 62713856
141 1.5783 63488000
142 1.5427 63324160
143 1.5776 63954944
144 1.6567 64012288
145 1.5875 64819200
146 1.5793 64823296
147 1.6137 64831488
148 1.6006 65101824
149 1.602 65191936
150 1.6749 65478656
151 1.6041 65282048
152 1.6226 65388544
153 1.6673 65765376
154 1.6401 66596864
155 1.7128 66396160
156 1.6793 66752512
157 1.6839 67047424
158 1.6971 67788800
159 1.7389 67600384
160 1.7219 67874816
161 1.7084 68186112
162 1.7185 69009408
163 1.7737 69132288
164 1.8235 69525504
165 1.7594 69935104
166 1.759 70115328
167 1.7624 70443008
168 1.8029 70832128
169 1.9109 70979584
170 1.8297 71368704
171 1.9309 71925760
172 1.8829 72028160
173 1.8497 72306688
174 1.8426 72998912
175 1.8472 73453568
176 1.8715 73785344
177 1.9654 73789440
178 1.9862 74051584
179 1.9534 74338304
180 2.0752 74661888
181 1.8616 75046912
182 1.9316 75276288
183 1.9154 75964416
184 1.9797 76062720
185 2.1469 76206080
186 2.0035 76525568
187 2.0809 76840960
188 2.0448 77295616
189 2.1026 77471744
190 2.0429 77770752
191 2.1456 78102528
192 2.1159 78413824
193 2.1027 78692352
194 2.0581 79314944
195 2.0738 79310848
196 2.1033 79618048
197 2.0784 80289792
198 2.1324 80228352
199 2.1634 80568320
200 2.16 80846848
201 2.1043 81702912
202 2.1495 81858560
203 2.2553 82071552
204 2.1582 82419712
205 2.1995 83267584
206 2.2837 83165184
207 2.2398 83406848
208 2.2435 84078592
209 2.2251 84299776
210 2.2907 84492288
211 2.2921 84676608
212 2.2536 85065728
213 2.2438 85471232
214 2.3915 85602304
215 2.4193 85889024
216 2.2958 86528000
217 2.2925 86523904
218 2.3109 87089152
219 2.3585 87261184
220 2.3358 87609344
221 2.3357 87924736
222 2.3188 88059904
223 2.3879 88543232
224 2.3952 88678400
225 2.4768 89186304
226 2.5125 89296896
227 2.4529 89645056
228 2.3606 89919488
229 2.4146 90595328
230 2.3069 90607616
231 2.3185 91099136
232 2.3522 91242496
233 2.3738 92135424
234 2.3583 92233728
235 2.5733 92512256
236 2.4984 92516352
237 2.5763 93040640
238 2.587 93650944
239 2.6208 93458432
240 2.5028 93769728
241 2.6192 94429184
242 2.5079 94793728
243 2.5322 94306304
244 2.573 94490624
245 2.5328 94674944
246 2.5847 94973952
247 2.605 95129600
248 2.6129 95592448
249 2.6592 95526912
250 2.7075 96092160
251 2.6431 96100352
252 2.6487 96473088
253 2.6522 96755712
254 2.651 97099776
255 2.7011 97628160
256 2.6795 97972224
257 2.7106 98398208
258 2.6866 98304000
259 2.7396 98758656
260 2.8233 98967552
261 2.7772 99508224
262 3.0131 99553280
263 2.9301 100171776
264 2.8303 100216832
265 2.823 100569088
266 2.7395 101138432
267 2.7524 101441536
268 3.0404 101478400
269 2.9426 101744640
270 3.3507 102047744
271 3.5928 102395904
272 3.1131 103088128
273 3.0162 102973440
274 3.0351 103272448
275 3.1297 103821312
276 3.0099 104157184
277 3.0861 104357888
278 2.8849 104992768
279 2.8755 105299968
280 2.9326 105181184
281 2.9406 105476096
282 2.8936 105943040
283 2.9403 106545152
284 2.9216 106721280
285 2.9075 106651648
286 2.922 107298816
287 3.2084 107319296
288 3.0448 107716608
289 3.0206 108064768
290 2.9766 108429312
291 2.9859 109289472
292 2.9744 109473792
293 2.988 109309952
294 3.0384 109502464
295 3.0114 110227456
296 3.1133 110153728
297 3.0749 110604288
298 3.0659 110743552
299 3.0373 111185920
300 3.0438 112033792