1 0.08 11096064
2 0.08 11575296
3 0.09 12046336
4 0.09 12509184
5 0.11 12980224
6 0.1 13500416
7 0.11 13963264
8 0.12 14413824
9 0.14 14946304
10 0.13 15368192
11 0.14 15900672
12 0.15 16551936
13 0.16 16879616
14 0.17 17338368
15 0.17 17842176
16 0.17 18292736
17 0.18 18759680
18 0.18 19177472
19 0.19 19763200
20 0.21 20307968
21 0.21 20725760
22 0.22 21196800
23 0.23 21708800
24 0.23 22159360
25 0.23 22597632
26 0.24 23072768
27 0.25 23605248
28 0.26 24059904
29 0.26 24612864
30 0.27 25092096
31 0.29 25542656
32 0.29 26017792
33 0.29 26513408
34 0.31 26988544
35 0.31 27451392
36 0.31 27852800
37 0.32 28372992
38 0.39 29032448
39 0.33 29425664
40 0.34 29884416
41 0.35 30392320
42 0.35 30875648
43 0.36 31354880
44 0.38 31870976
45 0.38 32288768
46 0.38 32727040
47 0.39 33198080
48 0.41 33792000
49 0.4 34185216
50 0.4 34623488
51 0.41 35106816
52 0.43 35684352
53 0.43 36155392
54 0.43 36519936
55 0.44 36954112
56 0.45 37490688
57 0.45 37937152
58 0.46 38416384
59 0.46 38834176
60 0.48 39481344
61 0.49 39976960
62 0.49 40431616
63 0.5 40857600
64 0.5 41304064
65 0.52 42029056
66 0.53 42459136
67 0.53 42921984
68 0.53 43421696
69 0.54 43859968
70 0.54 44302336
71 0.54 44822528
72 0.56 45289472
73 0.56 45690880
74 0.57 46350336
75 0.57 46669824
76 0.6 47181824
77 0.6 47616000
78 0.6 48201728
79 0.61 48631808
80 0.62 49086464
81 0.64 49659904
82 0.63 50008064
83 0.63 50483200
84 0.64 51060736
85 0.64 51355648
86 0.65 51892224
87 0.66 52367360
88 0.67 52867072
89 0.68 53252096
90 0.69 53792768
91 0.69 54267904
92 0.69 54706176
93 0.7 55111680
94 0.72 55652352
95 0.72 56115200
96 0.72 56586240
97 0.72 56991744
98 0.73 57458688
99 0.73 58007552
100 0.75 58466304
101 0.76 58933248
102 0.76 59449344
103 0.77 59912192
104 0.77 60370944
105 0.78 60837888
106 0.79 61353984
107 0.79 61800448
108 0.8 62271488
109 0.81 62734336
110 0.81 63717376
111 0.82 64188416
112 0.82 64663552
113 0.83 65134592
114 0.83 65597440
115 0.84 66064384
116 0.86 66719744
117 0.86 66969600
118 0.87 67649536
119 0.87 67907584
120 0.88 68513792
121 0.88 68988928
122 0.89 69373952
123 0.9 69988352
124 0.91 70303744
125 0.92 71057408
126 0.92 71454720
127 1.02 72126464
128 0.96 72613888
129 0.95 72937472
130 1.25 73641984
131 1.09 74018816
132 1.01 74457088
133 1.08 74997760
134 1.08 75542528
135 1.01 75825152
136 0.99 76193792
137 0.99 76664832
138 1.01 77135872
139 1.02 77635584
140 1.05 78204928
141 1.03 78561280
142 1.04 79020032
143 1.04 79519744
144 1.05 79982592
145 1.06 80572416
146 1.06 80961536
147 1.06 81428480
148 1.12 81965056
149 1.11 82583552
150 1.1 82931712
151 1.11 83271680
152 1.28 83894272
153 1.27 84373504
154 1.23 84828160
155 1.37 85348352
156 1.39 85835776
157 1.31 86331392
158 1.18 86724608
159 1.16 87064576
160 1.17 87519232
161 1.17 88051712
162 1.18 88506368
163 1.19 89059328
164 1.2 89440256
165 1.2 90013696
166 1.22 90402816
167 1.22 91045888
168 1.23 91340800
169 1.26 92037120
170 1.23 92307456
171 1.23 92766208
172 1.25 93220864
173 1.27 93753344
174 1.25 94130176
175 1.27 94617600
176 1.27 95088640
177 1.27 95547392
178 1.45 96145408
179 1.4 96608256
180 1.6 97169408
181 1.51 97722368
182 1.4 98013184
183 1.66 98603008
184 1.55 99033088
185 1.61 99471360
186 1.64 100065280
187 1.52 100401152
188 1.53 100868096
189 1.62 101314560
190 1.67 101830656
191 1.63 102363136
192 1.44 102793216
193 1.65 103378944
194 1.54 103698432
195 1.41 104128512
196 1.44 104697856
197 1.65 105181184
198 1.65 105730048
199 1.46 106098688
200 1.43 106463232
201 1.45 106930176
202 1.46 107364352
203 1.45 107831296
204 1.46 108273664
205 1.47 108752896
206 1.47 109207552
207 1.48 109830144
208 1.47 110174208
209 1.49 110653440
210 1.49 111050752
211 1.5 111611904
212 1.51 112099328
213 1.52 112529408
214 1.51 112975872
215 1.53 113610752
216 1.54 113942528
217 1.59 114421760
218 1.55 114880512
219 1.58 115478528
220 1.57 116097024
221 1.58 116322304
222 1.58 116781056
223 1.58 117268480
224 1.6 117882880
225 1.6 118374400
226 1.6 118853632
227 1.61 119173120
228 1.62 119631872
229 1.63 120115200
230 1.64 120623104
231 1.64 121221120
232 1.64 121683968
233 1.65 121987072
234 1.66 122462208
235 1.67 123052032
236 1.68 123551744
237 1.67 123867136
238 1.69 124399616
239 1.69 124833792
240 1.71 125362176
241 1.7 125640704
242 1.71 126214144
243 1.71 126701568
244 1.73 127139840
245 1.72 127614976
246 1.75 127983616
247 1.74 128450560
248 1.76 129036288
249 1.75 129515520
250 1.77 130125824
251 1.78 130646016
252 1.77 130949120
253 1.8 131489792
254 1.82 131952640
255 1.8 132345856
256 1.83 133468160
257 1.83 133746688
258 1.86 134422528
259 1.84 134742016
260 1.84 135118848
261 1.86 135774208
262 1.86 136077312
263 1.86 136548352
264 1.89 137326592
265 1.87 137568256
266 1.88 138059776
267 1.9 138518528
268 1.91 139030528
269 1.92 139567104
270 1.91 140029952
271 1.94 140603392
272 1.92 140861440
273 1.93 141352960
274 1.95 142000128
275 1.94 142213120
276 1.96 142790656
277 1.96 143253504
278 1.96 143728640
279 2.05 144203776
280 1.98 144687104
281 1.98 145158144
282 2.0 145829888
283 2.03 146120704
284 2.02 146853888
285 2.03 147083264
286 2.26 147804160
287 2.15 148103168
288 2.03 148324352
289 2.06 149200896
290 2.05 149356544
291 2.34 149946368
292 2.19 150548480
293 2.07 150863872
294 2.09 151343104
295 2.08 151797760
296 2.1 152264704
297 2.09 152932352
298 2.15 153280512
299 2.12 153972736
300 2.1 153997312