1 0.07 11063296
2 0.09 11722752
3 0.09 12165120
4 0.1 12709888
5 0.11 13344768
6 0.11 13832192
7 0.13 14417920
8 0.13 14954496
9 0.14 15577088
10 0.15 16084992
11 0.16 16629760
12 0.17 17149952
13 0.18 17793024
14 0.18 18264064
15 0.2 18841600
16 0.2 19357696
17 0.21 19963904
18 0.2 20451328
19 0.22 20987904
20 0.23 21708800
21 0.24 22192128
22 0.24 22728704
23 0.26 23302144
24 0.26 23830528
25 0.26 24395776
26 0.28 24961024
27 0.28 25436160
28 0.29 26021888
29 0.3 26574848
30 0.32 27123712
31 0.31 27627520
32 0.32 28250112
33 0.33 28844032
34 0.34 29384704
35 0.35 29958144
36 0.36 30584832
37 0.37 31219712
38 0.37 31567872
39 0.38 32092160
40 0.39 32612352
41 0.4 33161216
42 0.41 33841152
43 0.4 34258944
44 0.42 34742272
45 0.44 35635200
46 0.43 36003840
47 0.45 36528128
48 0.46 37056512
49 0.47 37732352
50 0.48 38203392
51 0.47 38715392
52 0.52 39288832
53 0.5 39976960
54 0.51 40304640
55 0.51 40882176
56 0.51 41373696
57 0.52 42102784
58 0.53 42635264
59 0.54 43175936
60 0.55 43724800
61 0.56 44314624
62 0.56 44765184
63 0.57 45314048
64 0.58 45834240
65 0.59 46415872
66 0.61 46948352
67 0.61 47460352
68 0.61 47992832
69 0.62 48672768
70 0.64 49188864
71 0.64 49610752
72 0.65 50155520
73 0.67 50835456
74 0.67 51408896
75 0.67 51806208
76 0.68 52314112
77 0.68 52867072
78 0.69 53403648
79 0.71 54071296
80 0.71 54456320
81 0.72 55087104
82 0.72 55586816
83 0.73 56176640
84 0.73 56635392
85 0.75 57204736
86 0.76 57741312
87 0.76 58245120
88 0.77 58814464
89 0.78 59494400
90 0.79 60063744
91 0.79 60399616
92 0.8 60977152
93 0.81 61579264
94 0.82 62332928
95 0.84 62889984
96 0.84 63389696
97 0.86 64000000
98 0.86 64471040
99 0.86 65024000
100 0.87 65589248
101 0.88 66039808
102 0.9 66752512
103 0.89 67325952
104 0.9 67710976
105 0.91 68251648
106 0.91 68808704
107 0.92 69308416
108 0.94 69935104
109 0.94 70512640
110 0.94 70967296
111 0.95 71491584
112 0.97 72204288
113 0.96 72617984
114 0.98 73199616
115 0.98 73646080
116 1.0 74248192
117 0.99 74776576
118 1.01 75190272
119 1.02 76341248
120 1.02 76943360
121 1.02 77430784
122 1.03 77955072
123 1.05 78548992
124 1.06 79065088
125 1.06 79577088
126 1.08 80179200
127 1.08 80736256
128 1.08 81129472
129 1.1 81805312
130 1.16 82411520
131 1.13 82911232
132 1.17 83353600
133 1.14 83910656
134 1.16 84561920
135 1.16 84967424
136 1.17 85532672
137 1.18 86106112
138 1.19 86593536
139 1.18 87146496
140 1.21 87674880
141 1.2 88313856
142 1.23 88965120
143 1.22 89272320
144 1.23 90030080
145 1.23 90406912
146 1.26 90927104
147 1.26 91447296
148 1.27 92041216
149 1.26 92622848
150 1.28 93102080
151 1.3 93933568
152 1.29 94179328
153 1.29 94674944
154 1.31 95252480
155 1.32 96002048
156 1.32 96317440
157 1.34 96985088
158 1.34 97603584
159 1.34 98029568
160 1.35 98484224
161 1.36 99090432
162 1.38 99680256
163 1.39 100294656
164 1.38 100642816
165 1.41 101244928
166 1.4 101748736
167 1.4 102293504
168 1.41 102871040
169 1.43 103440384
170 1.43 103964672
171 1.44 104497152
172 1.45 105029632
173 1.46 105521152
174 1.46 106168320
175 1.47 106745856
176 1.48 107249664
177 1.5 107700224
178 1.5 108269568
179 1.5 108728320
180 1.51 109285376
181 1.51 109862912
182 1.53 110579712
183 1.54 110915584
184 1.54 111448064
185 1.55 112205824
186 1.56 112644096
187 1.57 113061888
188 1.58 113680384
189 1.59 114139136
190 1.6 114958336
191 1.62 115744768
192 1.62 116383744
193 1.63 117035008
194 1.63 117334016
195 1.65 118071296
196 1.65 118468608
197 1.67 119169024
198 1.76 119635968
199 1.69 120250368
200 1.68 120668160
201 1.68 121098240
202 1.69 121774080
203 1.7 122224640
204 1.73 122839040
205 1.71 123363328
206 1.72 123871232
207 1.73 124403712
208 1.74 124964864
209 1.75 125599744
210 1.77 126255104
211 1.81 126775296
212 1.82 127303680
213 1.79 127770624
214 1.8 128167936
215 1.8 128712704
216 1.8 129351680
217 1.83 129941504
218 1.82 130359296
219 1.83 130904064
220 1.84 131420160
221 1.84 131887104
222 1.85 132513792
223 1.86 133050368
224 1.86 133607424
225 1.87 134303744
226 1.89 134688768
227 1.88 135221248
228 1.89 135794688
229 1.93 136515584
230 1.91 136986624
231 1.96 137732096
232 1.93 138067968
233 1.94 138510336
234 1.93 139005952
235 1.96 139849728
236 1.96 140091392
237 1.98 140677120
238 1.97 141234176
239 2.03 141725696
240 1.99 142315520
241 2.0 142852096
242 2.0 143319040
243 2.02 143892480
244 2.05 144642048
245 2.02 145014784
246 2.04 145514496
247 2.04 146030592
248 2.05 146796544
249 2.06 147181568
250 2.07 147742720
251 2.07 148336640
252 2.08 148905984
253 2.09 149319680
254 2.11 150077440
255 2.11 150392832
256 2.32 151105536
257 2.31 151642112
258 2.19 152166400
259 2.14 152612864
260 2.14 153116672
261 2.19 154742784
262 2.22 155496448
263 2.21 155803648
264 2.22 156360704
265 2.24 156831744
266 2.23 157409280
267 2.24 157941760
268 2.26 158588928
269 2.25 159051776
270 2.29 159703040
271 2.32 160145408
272 2.28 160665600
273 2.31 161292288
274 2.29 161742848
275 2.32 162287616
276 2.31 162734080
277 2.32 163385344
278 2.33 163880960
279 2.34 164388864
280 2.35 164986880
281 2.36 165576704
282 2.35 166035456
283 2.38 166805504
284 2.38 167497728
285 2.39 167641088
286 2.39 168198144
287 2.41 168849408
288 2.42 169361408
289 2.42 169844736
290 2.43 170323968
291 2.44 170999808
292 2.46 171421696
293 2.45 171970560
294 2.47 172617728
295 2.46 173015040
296 2.53 173789184
297 2.47 174051328
298 2.48 174772224
299 2.51 175308800
300 2.53 175816704