1 0.02 7585792
2 0.02 7696384
3 0.02 7884800
4 0.02 8044544
5 0.02 8232960
6 0.03 8388608
7 0.03 8536064
8 0.04 8691712
9 0.03 8790016
10 0.04 8982528
11 0.04 9129984
12 0.2 9289728
13 0.05 9437184
14 0.04 9543680
15 0.05 9748480
16 0.05 9904128
17 0.05 10051584
18 0.06 10240000
19 0.07 10407936
20 0.09 10579968
21 0.06 10711040
22 0.06 10838016
23 0.07 11014144
24 0.06 11157504
25 0.06 11264000
26 0.07 11411456
27 0.07 11624448
28 0.08 11755520
29 0.08 11948032
30 0.07 12095488
31 0.08 12177408
32 0.23 12398592
33 0.08 12578816
34 0.11 12763136
35 0.09 12869632
36 0.09 13012992
37 0.09 13160448
38 0.1 13307904
39 0.1 13447168
40 0.09 13615104
41 0.1 13705216
42 0.1 13856768
43 0.1 14082048
44 0.1 14204928
45 0.11 14360576
46 0.11 14610432
47 0.21 14700544
48 0.14 14995456
49 0.11 15044608
50 0.11 15200256
51 0.11 15355904
52 0.12 15511552
53 0.12 15597568
54 0.12 15806464
55 0.13 15941632
56 0.13 16089088
57 0.12 16261120
58 0.13 16457728
59 0.14 16625664
60 0.13 16752640
61 0.13 16887808
62 0.14 17022976
63 0.14 17248256
64 0.15 17387520
65 0.15 17551360
66 0.15 17686528
67 0.15 17788928
68 0.15 17977344
69 0.15 18132992
70 0.16 18292736
71 0.16 18395136
72 0.16 18583552
73 0.16 18669568
74 0.16 18882560
75 0.16 19021824
76 0.16 19202048
77 0.16 19374080
78 0.17 19517440
79 0.17 19648512
80 0.18 19816448
81 0.18 19898368
82 0.19 20168704
83 0.18 20250624
84 0.18 20422656
85 0.18 20508672
86 0.19 20713472
87 0.19 20869120
88 0.19 21000192
89 0.19 21159936
90 0.2 21323776
91 0.2 21483520
92 0.19 21626880
93 0.2 21835776
94 0.22 21958656
95 0.2 22089728
96 0.21 22237184
97 0.21 22380544
98 0.21 22573056
99 0.21 22671360
100 0.22 22818816
101 0.22 22970368
102 0.22 23191552
103 0.22 23339008
104 0.23 23568384
105 0.22 23728128
106 0.22 23871488
107 0.23 24035328
108 0.24 24174592
109 0.23 24248320
110 0.23 24399872
111 0.24 24612864
112 0.24 24764416
113 0.24 24907776
114 0.24 25075712
115 0.24 25223168
116 0.25 25440256
117 0.25 25645056
118 0.25 25792512
119 0.26 26042368
120 0.26 26128384
121 0.26 26275840
122 0.27 26439680
123 0.27 26583040
124 0.31 26804224
125 0.36 26976256
126 0.29 27127808
127 0.27 27172864
128 0.28 27308032
129 0.3 27828224
130 0.28 27869184
131 0.27 27967488
132 0.29 28254208
133 0.29 28360704
134 0.28 28508160
135 0.28 28667904
136 0.29 28798976
137 0.28 28893184
138 0.29 29188096
139 0.3 29261824
140 0.3 29384704
141 0.3 29605888
142 0.31 29769728
143 0.3 29863936
144 0.31 29962240
145 0.38 30273536
146 0.33 30437376
147 0.31 30547968
148 0.37 30752768
149 0.34 30875648
150 0.32 31035392
151 0.34 31154176
152 0.33 31313920
153 0.35 31481856
154 0.4 31600640
155 0.35 31735808
156 0.36 31948800
157 0.35 32038912
158 0.35 32194560
159 0.35 32288768
160 0.4 32546816
161 0.35 32669696
162 0.35 32854016
163 0.37 32944128
164 0.36 33046528
165 0.35 33193984
166 0.39 33386496
167 0.37 33624064
168 0.37 33738752
169 0.36 33849344
170 0.36 33935360
171 0.36 34082816
172 0.36 34230272
173 0.37 34377728
174 0.36 34525184
175 0.36 34676736
176 0.37 34852864
177 0.36 34996224
178 0.37 35155968
179 0.39 35291136
180 0.4 35598336
181 0.4 35713024
182 0.4 35868672
183 0.42 36007936
184 0.38 36065280
185 0.42 36327424
186 0.38 36499456
187 0.39 36642816
188 0.4 36786176
189 0.39 36937728
190 0.39 37081088
191 0.39 37269504
192 0.4 37408768
193 0.42 37556224
194 0.41 37785600
195 0.42 37883904
196 0.4 38010880
197 0.41 38146048
198 0.41 38309888
199 0.42 38465536
200 0.42 38658048
201 0.41 38748160
202 0.42 39034880
203 0.43 39059456
204 0.43 39243776
205 0.43 39456768
206 0.43 39526400
207 0.43 39665664
208 0.45 39915520
209 0.45 40013824
210 0.45 40243200
211 0.45 40337408
212 0.44 40427520
213 0.44 40570880
214 0.44 40710144
215 0.45 40849408
216 0.45 41009152
217 0.45 41177088
218 0.45 41336832
219 0.45 41635840
220 0.46 41787392
221 0.45 41926656
222 0.46 42098688
223 0.46 42307584
224 0.47 42450944
225 0.49 42610688
226 0.46 42663936
227 0.46 42815488
228 0.47 42872832
229 0.46 43114496
230 0.47 43184128
231 0.48 43397120
232 0.5 43622400
233 0.49 43708416
234 0.49 43917312
235 0.49 44040192
236 0.5 44179456
237 0.49 44335104
238 0.5 44482560
239 0.5 44621824
240 0.51 44802048
241 0.51 44941312
242 0.5 45076480
243 0.51 45211648
244 0.51 45400064
245 0.52 45539328
246 0.52 45666304
247 0.51 45838336
248 0.52 46014464
249 0.52 46231552
250 0.53 46313472
251 0.53 46477312
252 0.53 46534656
253 0.52 46768128
254 0.54 46907392
255 0.53 47095808
256 0.54 47214592
257 0.53 47366144
258 0.53 47505408
259 0.55 47648768
260 0.55 47882240
261 0.55 47951872
262 0.55 48160768
263 0.55 48824320
264 0.55 49037312
265 0.55 49123328
266 0.55 49254400
267 0.56 49553408
268 0.56 49528832
269 0.57 49823744
270 0.56 49840128
271 0.57 50192384
272 0.56 50143232
273 0.6 50413568
274 0.57 50450432
275 0.57 50614272
276 0.58 50749440
277 0.57 50913280
278 0.64 51200000
279 0.6 51228672
280 0.59 51363840
281 0.58 51503104
282 0.59 51736576
283 0.58 51814400
284 0.58 51965952
285 0.59 52117504
286 0.59 52174848
287 0.59 52424704
288 0.61 52666368
289 0.59 52699136
290 0.61 52871168
291 0.6 53043200
292 0.61 53178368
293 0.61 53321728
294 0.63 53620736
295 0.61 53661696
296 0.63 53743616
297 0.71 54022144
298 0.63 54054912
299 0.63 54243328
300 0.76 54370304