1 0.07 11104256
2 0.09 11653120
3 0.09 12193792
4 0.1 12763136
5 0.1 13328384
6 0.12 13873152
7 0.13 14475264
8 0.14 14999552
9 0.14 15556608
10 0.16 16154624
11 0.16 16703488
12 0.16 17215488
13 0.18 17850368
14 0.18 18436096
15 0.19 18915328
16 0.2 19406848
17 0.22 20160512
18 0.21 20635648
19 0.25 21266432
20 0.23 21671936
21 0.25 22347776
22 0.25 22904832
23 0.26 23416832
24 0.28 24006656
25 0.28 24612864
26 0.28 25182208
27 0.29 25702400
28 0.3 26206208
29 0.31 26824704
30 0.31 27373568
31 0.32 27910144
32 0.34 28442624
33 0.34 29167616
34 0.35 29704192
35 0.36 30298112
36 0.36 30773248
37 0.37 31490048
38 0.39 31989760
39 0.4 32485376
40 0.39 32980992
41 0.42 33677312
42 0.41 34066432
43 0.44 34725888
44 0.43 35201024
45 0.44 35774464
46 0.46 36544512
47 0.47 37167104
48 0.47 37531648
49 0.47 38031360
50 0.48 38580224
51 0.5 39124992
52 0.5 39886848
53 0.51 40337408
54 0.52 40906752
55 0.52 41353216
56 0.54 42196992
57 0.54 42659840
58 0.54 43089920
59 0.55 43671552
60 0.56 44199936
61 0.56 44789760
62 0.58 45395968
63 0.59 45887488
64 0.6 46489600
65 0.6 46993408
66 0.6 47538176
67 0.63 48046080
68 0.64 48705536
69 0.64 49205248
70 0.65 49729536
71 0.66 50212864
72 0.67 50843648
73 0.67 51339264
74 0.68 51974144
75 0.68 52469760
76 0.69 53039104
77 0.71 53542912
78 0.72 54083584
79 0.72 54677504
80 0.73 55246848
81 0.74 55799808
82 0.74 56344576
83 0.75 56832000
84 0.78 57565184
85 0.78 57999360
86 0.78 58675200
87 0.78 59125760
88 0.8 59670528
89 0.79 60162048
90 0.81 60739584
91 0.83 61427712
92 0.83 61923328
93 0.83 62357504
94 0.84 63000576
95 0.86 63574016
96 0.86 64315392
97 0.87 64851968
98 0.87 65351680
99 0.89 65966080
100 0.89 66473984
101 0.9 67055616
102 0.94 67612672
103 0.93 68259840
104 0.93 68698112
105 0.94 69234688
106 0.95 69918720
107 0.96 70451200
108 0.98 71065600
109 0.97 71442432
110 0.98 72093696
111 0.98 72572928
112 1.01 73072640
113 1.0 73625600
114 1.01 74182656
115 1.01 74772480
116 1.03 75292672
117 1.04 76431360
118 1.04 76877824
119 1.04 77500416
120 1.06 78016512
121 1.08 78741504
122 1.09 79282176
123 1.08 79683584
124 1.14 80343040
125 1.11 80859136
126 1.11 81313792
127 1.13 82001920
128 1.14 82587648
129 1.14 82952192
130 1.14 83533824
131 1.15 84197376
132 1.16 84717568
133 1.17 85176320
134 1.19 85774336
135 1.2 86282240
136 1.21 86970368
137 1.22 87343104
138 1.23 87920640
139 1.24 88571904
140 1.25 89141248
141 1.25 89718784
142 1.27 90255360
143 1.28 90648576
144 1.27 91222016
145 1.29 91774976
146 1.3 92422144
147 1.3 92987392
148 1.31 93417472
149 1.32 94064640
150 1.38 94588928
151 1.41 95076352
152 1.4 95784960
153 1.51 96251904
154 1.39 96907264
155 1.38 97390592
156 1.42 98021376
157 1.38 98447360
158 1.38 98951168
159 1.46 99622912
160 1.64 100220928
161 1.67 100806656
162 1.53 101351424
163 1.44 101830656
164 1.46 102309888
165 1.46 102887424
166 1.48 103436288
167 1.47 104103936
168 1.47 104415232
169 1.49 105095168
170 1.49 105697280
171 1.54 106151936
172 1.51 106893312
173 1.53 107339776
174 1.52 107888640
175 1.52 108290048
176 1.54 109080576
177 1.54 109326336
178 1.61 109993984
179 1.81 110624768
180 1.62 111230976
181 1.59 111726592
182 1.6 112291840
183 1.6 112754688
184 1.61 113315840
185 1.6 113709056
186 1.63 114466816
187 1.62 114855936
188 1.7 115531776
189 1.64 115994624
190 1.75 116842496
191 1.68 117129216
192 1.66 117583872
193 1.67 118304768
194 1.69 118710272
195 1.69 119468032
196 1.73 120487936
197 1.74 120913920
198 1.73 121462784
199 2.04 122204160
200 1.88 122720256
201 1.78 123285504
202 1.79 123850752
203 1.76 124186624
204 1.79 125054976
205 1.79 125509632
206 1.82 126070784
207 1.88 126574592
208 1.82 127008768
209 1.82 127774720
210 1.82 128159744
211 1.84 128655360
212 2.09 129339392
213 2.07 129908736
214 1.91 130420736
215 1.88 130756608
216 1.9 131649536
217 1.88 132079616
218 1.88 132599808
219 1.91 133177344
220 1.92 133853184
221 1.95 134254592
222 1.94 134819840
223 1.94 135266304
224 1.96 135950336
225 1.97 136380416
226 1.96 136847360
227 1.97 137416704
228 1.97 137969664
229 1.98 138481664
230 1.99 139038720
231 1.99 139665408
232 2.01 140238848
233 2.04 140877824
234 2.03 141398016
235 2.04 141959168
236 2.04 142409728
237 2.05 143155200
238 2.05 143613952
239 2.18 144093184
240 2.2 144797696
241 2.09 145281024
242 2.08 145678336
243 2.11 146333696
244 2.13 146874368
245 2.14 147439616
246 2.14 147996672
247 2.12 148393984
248 2.15 149106688
249 2.14 149491712
250 2.16 150147072
251 2.16 150708224
252 2.18 151236608
253 2.18 151781376
254 2.19 152408064
255 2.19 152920064
256 2.21 153645056
257 2.2 153927680
258 2.22 154550272
259 2.22 155037696
260 2.25 155684864
261 2.25 156221440
262 2.25 156626944
263 2.26 157396992
264 2.25 158040064
265 2.26 158289920
266 2.28 158887936
267 2.28 159608832
268 2.34 161058816
269 2.35 161796096
270 2.35 162172928
271 2.36 162828288
272 2.36 163254272
273 2.37 163991552
274 2.38 164360192
275 2.38 165175296
276 2.41 165617664
277 2.4 165998592
278 2.39 166535168
279 2.42 167174144
280 2.42 167759872
281 2.88 168398848
282 2.57 168890368
283 2.47 169357312
284 2.46 169959424
285 2.52 170590208
286 2.49 170987520
287 2.49 171700224
288 2.5 172175360
289 2.52 172642304
290 2.52 173342720
291 2.53 173842432
292 2.55 174419968
293 2.56 174919680
294 2.56 175587328
295 2.57 175972352
296 2.56 176463872
297 2.59 177160192
298 2.58 177618944
299 2.6 178163712
300 2.61 178765824