1 0.08 11014144
2 0.08 11636736
3 0.09 12050432
4 0.09 12578816
5 0.11 13197312
6 0.11 13668352
7 0.12 14188544
8 0.12 14741504
9 0.14 15360000
10 0.14 15933440
11 0.15 16470016
12 0.17 17100800
13 0.17 17547264
14 0.17 18030592
15 0.18 18534400
16 0.18 19120128
17 0.2 19709952
18 0.2 20201472
19 0.21 20725760
20 0.22 21254144
21 0.24 21909504
22 0.24 22429696
23 0.25 22966272
24 0.25 23425024
25 0.26 23941120
26 0.27 24723456
27 0.28 25247744
28 0.29 25665536
29 0.29 26198016
30 0.3 26742784
31 0.3 27271168
32 0.31 27725824
33 0.32 28454912
34 0.33 28925952
35 0.36 29564928
36 0.35 30052352
37 0.37 30654464
38 0.36 31059968
39 0.37 31657984
40 0.37 32165888
41 0.38 32673792
42 0.39 33230848
43 0.4 33755136
44 0.4 34304000
45 0.41 34803712
46 0.42 35475456
47 0.43 36077568
48 0.44 36511744
49 0.45 37048320
50 0.45 37548032
51 0.47 38072320
52 0.47 38670336
53 0.49 39313408
54 0.49 39665664
55 0.5 40189952
56 0.5 40886272
57 0.51 41287680
58 0.52 41971712
59 0.53 42496000
60 0.56 43167744
61 0.54 43470848
62 0.57 44163072
63 0.56 44621824
64 0.57 45133824
65 0.58 45731840
66 0.58 46202880
67 0.6 46735360
68 0.6 47267840
69 0.61 47710208
70 0.61 48226304
71 0.63 48910336
72 0.63 49438720
73 0.64 49987584
74 0.64 50425856
75 0.66 51027968
76 0.66 51494912
77 0.67 52011008
78 0.69 52629504
79 0.69 53137408
80 0.71 53706752
81 0.71 54259712
82 0.75 54743040
83 0.75 55312384
84 0.75 55869440
85 0.75 56188928
86 0.8 56901632
87 0.76 57327616
88 0.77 57966592
89 0.82 58544128
90 0.8 59023360
91 0.78 59453440
92 0.78 59949056
93 0.81 60555264
94 0.79 61001728
95 0.81 61554688
96 0.83 62468096
97 0.82 62795776
98 0.84 63430656
99 0.84 63877120
100 0.84 64393216
101 0.87 64991232
102 0.92 65597440
103 0.93 66195456
104 1.01 66744320
105 0.89 67022848
106 0.91 67600384
107 0.9 68161536
108 0.91 68685824
109 0.91 69197824
110 0.92 69644288
111 0.94 70217728
112 0.94 70799360
113 0.94 71323648
114 0.96 71946240
115 0.96 72392704
116 0.97 72945664
117 0.98 73359360
118 0.99 73900032
119 1.0 75087872
120 1.01 75640832
121 1.02 76124160
122 1.02 76685312
123 1.1 77180928
124 1.03 77676544
125 1.03 78139392
126 1.06 78712832
127 1.05 79286272
128 1.06 79855616
129 1.06 80326656
130 1.09 80961536
131 1.08 81408000
132 1.09 81874944
133 1.11 82399232
134 1.22 83062784
135 1.16 83619840
136 1.15 84164608
137 1.15 84557824
138 1.15 85110784
139 1.16 85692416
140 1.17 86179840
141 1.18 86700032
142 1.21 87326720
143 1.2 87904256
144 1.21 88489984
145 1.21 88752128
146 1.23 89518080
147 1.22 89874432
148 1.23 90435584
149 1.24 90947584
150 1.26 91594752
151 1.25 91983872
152 1.27 92545024
153 1.27 93065216
154 1.29 93589504
155 1.28 94101504
156 1.3 94707712
157 1.3 95182848
158 1.3 95686656
159 1.32 96210944
160 1.32 96763904
161 1.33 97304576
162 1.33 97755136
163 1.35 98480128
164 1.35 98914304
165 1.36 99524608
166 1.58 99979264
167 1.55 100667392
168 1.63 101138432
169 1.43 101478400
170 1.42 102150144
171 1.42 102559744
172 1.44 103284736
173 1.44 103833600
174 1.44 104202240
175 1.45 104792064
176 1.47 105476096
177 1.47 105791488
178 1.48 106516480
179 1.48 106930176
180 1.5 107548672
181 1.5 107929600
182 1.5 108503040
183 1.51 109043712
184 1.52 109682688
185 1.52 110157824
186 1.53 110632960
187 1.54 111108096
188 1.54 111599616
189 1.56 112185344
190 1.57 112861184
191 1.6 113483776
192 1.6 113971200
193 1.6 114409472
194 1.59 114769920
195 1.62 115490816
196 1.63 116424704
197 1.64 116944896
198 1.66 117698560
199 1.66 118001664
200 1.66 118542336
201 1.66 119197696
202 1.67 119603200
203 1.69 120233984
204 1.69 120610816
205 1.71 121335808
206 1.88 121860096
207 1.85 122322944
208 1.73 122802176
209 1.75 123555840
210 1.75 123883520
211 1.75 124432384
212 1.76 124899328
213 2.07 125554688
214 1.93 126050304
215 1.77 126398464
216 1.8 127082496
217 1.8 127631360
218 1.81 128327680
219 1.81 128655360
220 1.83 129118208
221 1.82 129765376
222 1.87 130215936
223 1.84 130736128
224 1.86 131297280
225 2.23 131895296
226 2.23 132415488
227 2.0 132915200
228 2.05 133468160
229 1.9 133951488
230 1.94 134553600
231 2.01 135139328
232 1.94 135589888
233 1.95 136294400
234 2.3 136642560
235 2.89 137277440
236 2.99 136073216
237 3.24 138342400
238 2.88 138883072
239 3.11 139366400
240 2.91 139874304
241 3.03 140382208
242 2.98 140988416
243 2.75 141537280
244 3.09 141955072
245 2.99 142532608
246 3.02 143073280
247 3.09 143564800
248 2.93 144134144
249 3.16 144683008
250 3.16 145207296
251 3.08 145735680
252 3.04 146259968
253 3.04 146817024
254 3.05 147247104
255 2.79 147861504
256 2.23 148320256
257 2.11 148955136
258 2.13 149393408
259 2.1 150118400
260 2.14 150421504
261 2.16 150994944
262 2.19 151470080
263 2.13 152137728
264 2.13 152412160
265 2.14 152969216
266 2.16 153567232
267 2.22 155090944
268 2.21 155561984
269 2.22 156225536
270 2.22 156663808
271 2.24 157290496
272 2.24 157700096
273 2.28 158363648
274 2.24 158793728
275 2.26 159297536
276 2.29 159870976
277 2.29 160489472
278 2.29 161124352
279 2.28 161325056
280 2.32 162119680
281 2.32 162754560
282 2.31 163024896
283 2.68 163692544
284 2.6 164225024
285 2.39 164691968
286 2.36 165302272
287 2.4 165756928
288 2.42 166232064
289 2.47 166965248
290 2.4 167309312
291 2.39 167882752
292 2.4 168472576
293 2.41 168853504
294 2.44 169504768
295 2.43 169955328
296 2.47 170643456
297 2.44 170831872
298 2.48 171597824
299 2.46 171978752
300 2.47 172613632