1 0.3 23642112
2 0.3 24195072
3 0.31 24616960
4 0.32 25198592
5 0.33 25518080
6 0.34 26079232
7 0.36 26546176
8 0.36 26951680
9 0.37 27512832
10 0.38 28049408
11 0.4 29200384
12 0.49 29847552
13 0.5 30318592
14 0.52 30867456
15 0.45 30760960
16 0.47 31928320
17 0.43 31354880
18 0.45 31911936
19 0.45 32362496
20 0.47 32980992
21 0.48 33337344
22 0.49 34308096
23 0.5 34508800
24 0.51 35319808
25 0.51 35500032
26 0.54 35815424
27 0.54 36564992
28 0.56 37670912
29 0.55 37388288
30 0.57 37863424
31 0.57 38518784
32 0.58 38699008
33 0.58 39608320
34 0.59 39636992
35 0.61 40099840
36 0.62 41021440
37 0.62 41086976
38 0.63 41824256
39 0.64 42168320
40 0.65 42663936
41 0.67 43188224
42 0.67 43720704
43 0.67 43945984
44 0.68 44421120
45 0.7 45285376
46 0.7 45666304
47 0.71 46473216
48 0.72 46608384
49 0.73 47214592
50 0.74 47697920
51 0.76 48246784
52 0.78 48791552
53 0.78 49229824
54 0.78 49627136
55 0.78 50249728
56 0.79 50556928
57 0.8 51048448
58 0.82 51671040
59 0.82 52006912
60 0.83 52371456
61 0.83 52838400
62 0.85 53280768
63 0.86 53784576
64 0.86 54374400
65 0.88 55042048
66 0.89 55775232
67 0.93 55693312
68 0.9 56188928
69 0.91 56737792
70 0.92 57520128
71 0.93 57868288
72 0.92 58068992
73 0.94 58830848
74 0.94 59305984
75 0.96 59568128
76 0.97 59981824
77 0.97 60874752
78 0.99 61100032
79 1.0 61538304
80 1.0 61931520
81 1.01 62414848
82 1.02 62873600
83 1.02 63352832
84 1.03 63852544
85 1.05 64638976
86 1.08 64864256
87 1.07 65536000
88 1.08 66023424
89 1.08 66994176
90 1.11 66912256
91 1.1 67330048
92 1.1 68059136
93 1.13 68116480
94 1.14 68681728
95 1.16 69378048
96 1.16 69754880
97 1.19 70156288
98 1.2 70680576
99 1.19 71155712
100 1.21 71618560
101 1.21 72077312
102 1.21 72437760
103 1.22 72978432
104 1.24 73633792
105 1.24 73891840
106 1.24 74469376
107 1.27 74993664
108 1.27 75485184
109 1.29 75915264
110 1.29 76304384
111 1.3 76877824
112 1.29 77230080
113 1.31 78143488
114 1.33 78385152
115 1.34 79077376
116 1.34 79376384
117 1.37 79626240
118 1.37 80125952
119 1.37 80515072
120 1.38 81002496
121 1.39 81682432
122 1.39 82079744
123 1.41 82382848
124 1.42 82853888
125 1.54 84242432
126 1.44 84140032
127 1.45 84467712
128 1.44 84869120
129 1.48 85372928
130 1.55 85749760
131 1.47 86364160
132 1.49 86945792
133 1.48 87212032
134 1.49 87609344
135 1.49 88326144
136 1.53 89079808
137 1.52 89169920
138 1.53 89784320
139 1.6 90087424
140 1.66 90759168
141 1.59 91586560
142 1.57 91439104
143 1.57 91926528
144 1.59 92549120
145 1.59 93163520
146 1.6 93343744
147 1.61 93958144
148 1.62 94629888
149 1.62 94789632
150 1.62 96591872
151 1.64 96849920
152 1.66 97370112
153 1.66 97800192
154 1.82 98340864
155 1.9 98848768
156 1.83 99905536
157 1.76 99901440
158 1.76 100413440
159 1.85 100802560
160 1.87 101752832
161 1.85 102318080
162 1.86 102744064
163 1.94 103153664
164 1.86 103383040
165 1.85 103698432
166 1.9 104390656
167 1.87 105123840
168 1.91 105451520
169 1.88 105517056
170 1.87 105984000
171 1.88 106553344
172 1.92 106962944
173 1.96 108052480
174 1.94 108552192
175 1.94 108683264
176 1.97 108994560
177 1.98 109641728
178 2.92 110161920
179 2.01 110362624
180 1.99 111050752
181 1.99 111734784
182 2.0 111910912
183 2.09 112181248
184 2.0 112775168
185 2.05 113184768
186 2.07 114073600
187 2.12 114102272
188 2.08 114626560
189 2.34 115978240
190 2.12 115945472
191 2.1 116170752
192 2.22 116596736
193 2.19 117366784
194 2.23 117764096
195 2.27 118202368
196 2.17 119177216
197 2.27 119246848
198 2.23 119611392
199 2.36 120549376
200 2.49 120725504
201 2.65 121634816
202 2.38 122208256
203 2.69 122626048
204 3.09 123043840
205 2.5 123592704
206 2.72 124108800
207 2.34 124223488
208 2.61 125132800
209 2.9 124764160
210 2.67 125878272
211 2.43 125988864
212 3.06 126955520
213 2.63 127459328
214 2.38 127635456
215 2.39 127799296
216 2.61 128675840
217 2.49 129253376
218 2.8 129249280
219 2.43 129556480
220 2.53 129986560
221 2.69 131276800
222 2.45 130928640
223 2.42 131502080
224 2.43 131932160
225 2.62 133226496
226 2.48 132911104
227 2.48 133476352
228 2.55 134348800
229 2.56 134823936
230 2.51 135114752
231 2.48 135618560
232 2.53 135741440
233 2.5 136396800
234 2.52 136691712
235 2.5 137256960
236 2.52 137670656
237 2.53 138010624
238 2.53 138764288
239 2.55 139292672
240 2.56 139784192
241 2.55 140255232
242 2.56 140492800
243 2.99 141172736
244 2.63 141680640
245 3.01 142200832
246 2.94 143179776
247 2.97 143552512
248 2.72 144113664
249 2.63 143921152
250 2.62 144203776
251 2.66 144748544
252 2.73 145358848
253 2.7 145879040
254 2.82 146817024
255 2.85 147247104
256 2.89 147427328
257 2.79 147816448
258 2.77 148426752
259 2.77 148512768
260 2.8 149524480
261 2.79 149737472
262 2.9 150011904
263 3.01 150675456
264 2.94 151285760
265 2.84 151486464
266 2.87 151887872
267 3.54 152895488
268 3.11 153600000
269 3.28 153919488
270 2.82 154349568
271 2.84 154341376
272 2.77 154812416
273 2.78 155385856
274 2.79 155721728
275 2.8 156434432
276 2.79 156766208
277 3.15 157270016
278 2.91 158416896
279 2.83 158363648
280 2.85 158617600
281 2.87 159117312
282 3.67 159592448
283 2.93 160210944
284 3.42 160677888
285 3.67 161792000
286 2.9 162119680
287 3.19 162037760
288 3.12 162562048
289 3.25 163815424
290 3.01 163610624
291 3.04 163897344
292 3.06 164560896
293 3.08 165052416
294 3.03 165371904
295 3.07 166154240
296 3.09 166477824
297 3.1 167067648
298 3.14 167407616
299 3.08 167903232
300 3.1 168579072