1 0.0235 8130560
2 0.024 8187904
3 0.0241 8179712
4 0.0265 8163328
5 0.0288 8196096
6 0.0237 8146944
7 0.0294 8192000
8 0.0257 8187904
9 0.0261 8208384
10 0.024 8175616
11 0.0275 8200192
12 0.0281 8192000
13 0.0245 8212480
14 0.0286 8290304
15 0.0295 8249344
16 0.026 8237056
17 0.0293 8294400
18 0.0293 8269824
19 0.0303 8294400
20 0.0325 8298496
21 0.0305 8318976
22 0.0272 8327168
23 0.0257 8343552
24 0.0302 8347648
25 0.0285 8347648
26 0.0281 8335360
27 0.0283 8376320
28 0.0304 8417280
29 0.0283 8437760
30 0.0336 8425472
31 0.0276 8413184
32 0.031 8437760
33 0.0284 8466432
34 0.0299 8470528
35 0.0278 8499200
36 0.0283 8523776
37 0.0302 8536064
38 0.0309 8519680
39 0.0329 8577024
40 0.0355 8540160
41 0.033 8601600
42 0.0317 8601600
43 0.0339 8589312
44 0.0342 8654848
45 0.0349 8708096
46 0.034 8638464
47 0.0361 8740864
48 0.0344 8683520
49 0.0379 8691712
50 0.0324 8691712
51 0.035 8740864
52 0.0329 8708096
53 0.0326 8724480
54 0.0334 8761344
55 0.0388 8785920
56 0.0382 8814592
57 0.0362 8810496
58 0.0384 8904704
59 0.0401 8863744
60 0.0399 8892416
61 0.0385 8921088
62 0.0359 8921088
63 0.0369 8949760
64 0.0364 8970240
65 0.0362 8990720
66 0.0377 9027584
67 0.0412 9093120
68 0.0368 9060352
69 0.0395 9129984
70 0.0413 9113600
71 0.0445 9170944
72 0.04 9183232
73 0.0418 9179136
74 0.0428 9285632
75 0.0439 9293824
76 0.0434 9265152
77 0.0411 9252864
78 0.0426 9322496
79 0.0399 9289728
80 0.0397 9330688
81 0.0442 9318400
82 0.041 9371648
83 0.0445 9457664
84 0.043 9457664
85 0.0414 9449472
86 0.0476 9478144
87 0.0452 9506816
88 0.0419 9523200
89 0.0461 9543680
90 0.0475 9588736
91 0.046 9584640
92 0.0491 9654272
93 0.0463 9650176
94 0.0446 9711616
95 0.0503 9707520
96 0.0497 9715712
97 0.0498 9797632
98 0.0465 9760768
99 0.0486 9809920
100 0.0512 9826304
101 0.0492 9871360
102 0.048 9900032
103 0.0522 9920512
104 0.0543 9940992
105 0.053 9969664
106 0.0489 9973760
107 0.0477 9977856
108 0.0497 10031104
109 0.0496 10072064
110 0.067 10174464
111 0.0557 10170368
112 0.0633 10240000
113 0.0561 10289152
114 0.0583 10248192
115 0.0581 10285056
116 0.0536 10334208
117 0.0544 10338304
118 0.0672 10342400
119 0.0609 10383360
120 0.0583 10395648
121 0.0643 10534912
122 0.055 10465280
123 0.0546 10526720
124 0.0544 10489856
125 0.0571 10633216
126 0.0548 10563584
127 0.0643 10657792
128 0.0573 10674176
129 0.0592 10706944
130 0.0683 10874880
131 0.0638 10797056
132 0.0626 10866688
133 0.0658 10973184
134 0.0624 10973184
135 0.0653 10956800
136 0.0642 10985472
137 0.0662 11030528
138 0.0639 11046912
139 0.0643 11112448
140 0.07 11161600
141 0.068 11169792
142 0.067 11239424
143 0.0647 11235328
144 0.067 11292672
145 0.0737 11350016
146 0.0667 11386880
147 0.0658 11411456
148 0.0713 11456512
149 0.0704 11468800
150 0.0674 11542528
151 0.0693 11567104
152 0.0698 11595776
153 0.0719 11608064
154 0.07 11665408
155 0.0713 11689984
156 0.0735 11739136
157 0.0737 11735040
158 0.0704 11816960
159 0.0717 11857920
160 0.0713 11874304
161 0.0762 11890688
162 0.0741 11960320
163 0.0814 12013568
164 0.0746 12038144
165 0.0764 12091392
166 0.0748 12115968
167 0.076 12185600
168 0.0748 12197888
169 0.0766 12230656
170 0.0824 12316672
171 0.0811 12324864
172 0.0773 12341248
173 0.0807 12369920
174 0.0808 12447744
175 0.0844 12472320
176 0.0833 12488704
177 0.0861 12607488
178 0.0803 12582912
179 0.082 12595200
180 0.0827 12681216
181 0.0899 12681216
182 0.0848 12783616
183 0.0857 12771328
184 0.0866 12791808
185 0.0892 12840960
186 0.0845 12832768
187 0.0863 12886016
188 0.0882 12976128
189 0.1063 13017088
190 0.1051 13094912
191 0.0904 13062144
192 0.0917 13123584
193 0.0916 13172736
194 0.0973 13209600
195 0.0943 13291520
196 0.0913 13275136
197 0.0909 13385728
198 0.0917 13398016
199 0.0953 13496320
200 0.0977 13578240
201 0.0931 13578240
202 0.0924 13574144
203 0.1002 13668352
204 0.1043 13697024
205 0.0963 13672448
206 0.1067 13770752
207 0.1058 13856768
208 0.1041 13852672
209 0.1002 13955072
210 0.1019 13959168
211 0.1043 14131200
212 0.1055 14061568
213 0.1083 14139392
214 0.1007 14229504
215 0.1031 14315520
216 0.1062 14303232
217 0.1014 14278656
218 0.1065 14344192
219 0.1062 14397440
220 0.1176 14499840
221 0.1209 14675968
222 0.1095 14626816
223 0.1104 14696448
224 0.1141 14766080
225 0.1133 14827520
226 0.1206 14962688
227 0.1166 14909440
228 0.1162 15007744
229 0.1129 14999552
230 0.117 15122432
231 0.1245 15273984
232 0.1248 15216640
233 0.1218 15216640
234 0.1165 15290368
235 0.1188 15294464
236 0.1181 15396864
237 0.1225 15400960
238 0.1247 15478784
239 0.124 15581184
240 0.1182 15560704
241 0.1182 15626240
242 0.1209 15749120
243 0.13 15724544
244 0.1217 15814656
245 0.1305 15855616
246 0.1327 15986688
247 0.1261 16019456
248 0.1298 16056320
249 0.1332 16080896
250 0.1247 16187392
251 0.1302 16175104
252 0.127 16240640
253 0.1302 16293888
254 0.1309 16449536