1 0.0266 8175616
2 0.0294 8163328
3 0.0239 8171520
4 0.0262 8163328
5 0.0296 8163328
6 0.0247 8175616
7 0.0251 8175616
8 0.0307 8245248
9 0.0266 8163328
10 0.0246 8142848
11 0.0264 8175616
12 0.0274 8192000
13 0.0264 8167424
14 0.0271 8187904
15 0.0312 8179712
16 0.0291 8183808
17 0.0262 8204288
18 0.027 8192000
19 0.0296 8192000
20 0.0288 8179712
21 0.0313 8192000
22 0.028 8208384
23 0.0301 8196096
24 0.0251 8204288
25 0.029 8196096
26 0.0303 8216576
27 0.0267 8208384
28 0.0299 8196096
29 0.0307 8220672
30 0.0295 8208384
31 0.032 8196096
32 0.027 8228864
33 0.027 8196096
34 0.0264 8183808
35 0.0291 8204288
36 0.0302 8228864
37 0.0323 8232960
38 0.0287 8224768
39 0.03 8216576
40 0.0298 8228864
41 0.0344 8257536
42 0.027 8232960
43 0.0262 8200192
44 0.0282 8224768
45 0.0298 8261632
46 0.0284 8237056
47 0.0292 8253440
48 0.029 8228864
49 0.0454 8265728
50 0.034 8286208
51 0.0261 8249344
52 0.0307 8273920
53 0.0266 8253440
54 0.0278 8257536
55 0.029 8265728
56 0.0333 8249344
57 0.0292 8265728
58 0.0369 8286208
59 0.0299 8241152
60 0.0345 8290304
61 0.0264 8265728
62 0.031 8298496
63 0.0341 8327168
64 0.0345 8261632
65 0.0274 8286208
66 0.0295 8269824
67 0.0285 8278016
68 0.0293 8265728
69 0.0307 8265728
70 0.0314 8278016
71 0.029 8278016
72 0.0276 8241152
73 0.0326 8286208
74 0.0325 8294400
75 0.0306 8298496
76 0.0294 8286208
77 0.0281 8286208
78 0.0307 8298496
79 0.033 8282112
80 0.0292 8298496
81 0.0275 8290304
82 0.033 8298496
83 0.0354 8343552
84 0.0307 8286208
85 0.0295 8290304
86 0.0286 8265728
87 0.0314 8302592
88 0.0295 8327168
89 0.0321 8376320
90 0.0293 8306688
91 0.0305 8318976
92 0.0288 8323072
93 0.0309 8327168
94 0.0282 8314880
95 0.0303 8310784
96 0.0315 8302592
97 0.0289 8298496
98 0.031 8327168
99 0.0304 8310784
100 0.03 8318976
101 0.0292 8318976
102 0.0337 8327168
103 0.0301 8323072
104 0.0293 8327168
105 0.0332 8347648
106 0.0298 8327168
107 0.0314 8343552
108 0.0299 8331264
109 0.0317 8347648
110 0.0338 8327168
111 0.0312 8335360
112 0.0307 8351744
113 0.0344 8343552
114 0.0324 8384512
115 0.0347 8351744
116 0.0339 8343552
117 0.0351 8368128
118 0.0316 8351744
119 0.033 8376320
120 0.0348 8364032
121 0.0313 8323072
122 0.0307 8327168
123 0.0312 8359936
124 0.0308 8380416
125 0.0313 8335360
126 0.036 8368128
127 0.0328 8359936
128 0.032 8380416
129 0.0306 8355840
130 0.0353 8368128
131 0.0325 8388608
132 0.0311 8388608
133 0.0364 8380416
134 0.0366 8396800
135 0.0313 8404992
136 0.0362 8380416
137 0.034 8400896
138 0.0333 8400896
139 0.0319 8384512
140 0.0356 8478720
141 0.0325 8400896
142 0.0339 8396800
143 0.0313 8400896
144 0.0354 8421376
145 0.0329 8421376
146 0.0334 8437760
147 0.0349 8396800
148 0.0325 8417280
149 0.0324 8425472
150 0.0344 8454144
151 0.0341 8478720
152 0.0323 8425472
153 0.033 8421376
154 0.0358 8433664
155 0.0409 8486912
156 0.0373 8421376
157 0.0335 8458240
158 0.0342 8437760
159 0.0342 8425472
160 0.0375 8458240
161 0.0339 8441856
162 0.0351 8445952
163 0.0342 8450048
164 0.0346 8445952
165 0.0375 8441856
166 0.0365 8437760
167 0.0338 8482816
168 0.0344 8445952
169 0.0355 8441856
170 0.0348 8429568
171 0.0344 8470528
172 0.0351 8462336
173 0.0373 8441856
174 0.0366 8441856
175 0.033 8441856
176 0.0357 8425472
177 0.0379 8540160
178 0.0376 8474624
179 0.0356 8450048
180 0.0349 8470528
181 0.036 8466432
182 0.0395 8478720
183 0.0365 8462336
184 0.0345 8466432
185 0.0398 8495104
186 0.0354 8478720
187 0.0357 8491008
188 0.0357 8482816
189 0.0384 8482816
190 0.0376 8450048
191 0.0406 8458240
192 0.0363 8511488
193 0.0364 8491008
194 0.0358 8503296
195 0.0344 8486912
196 0.0379 8466432
197 0.0373 8540160
198 0.0391 8527872
199 0.041 8511488
200 0.036 8491008
201 0.0353 8519680
202 0.0385 8523776
203 0.0357 8540160
204 0.0406 8499200
205 0.0365 8523776
206 0.036 8536064
207 0.0358 8491008
208 0.035 8495104
209 0.0375 8503296
210 0.0371 8527872
211 0.0395 8499200
212 0.0372 8552448
213 0.0379 8523776
214 0.038 8515584
215 0.0354 8523776
216 0.0399 8540160
217 0.036 8536064
218 0.0377 8503296
219 0.0384 8499200
220 0.0393 8519680
221 0.0371 8503296
222 0.0378 8564736
223 0.0358 8540160
224 0.0398 8527872
225 0.0365 8495104
226 0.037 8548352
227 0.0403 8507392
228 0.0388 8564736
229 0.0398 8564736
230 0.0353 8540160
231 0.0395 8503296
232 0.0372 8564736
233 0.038 8581120
234 0.0373 8568832
235 0.0375 8556544
236 0.0415 8585216
237 0.0379 8564736
238 0.0384 8556544
239 0.0379 8560640
240 0.0425 8556544
241 0.0377 8626176
242 0.0382 8597504
243 0.0425 8544256
244 0.0411 8609792
245 0.0426 8634368
246 0.0436 8642560
247 0.0395 8568832
248 0.0388 8560640
249 0.0417 8552448
250 0.0386 8540160
251 0.0385 8544256
252 0.0373 8527872
253 0.038 8556544
254 0.0369 8560640
255 0.0394 8605696
256 0.0412 8622080
257 0.039 8626176
258 0.039 8589312
259 0.0398 8613888
260 0.0392 8572928
261 0.0404 8630272
262 0.0374 8572928
263 0.0371 8589312
264 0.038 8577024
265 0.0401 8593408
266 0.0391 8626176
267 0.043 8613888
268 0.0408 8597504
269 0.0395 8601600
270 0.0393 8589312
271 0.0394 8589312
272 0.0395 8589312
273 0.0381 8548352
274 0.0433 8597504
275 0.044 8568832
276 0.0397 8617984
277 0.0449 8593408
278 0.0442 8597504
279 0.0442 8597504
280 0.0408 8663040
281 0.04 8609792
282 0.0406 8634368
283 0.0403 8646656
284 0.0467 8650752
285 0.0423 8646656
286 0.0401 8622080
287 0.0466 8642560
288 0.0399 8658944
289 0.0396 8671232
290 0.0432 8609792
291 0.0476 8626176
292 0.0437 8658944
293 0.04 8650752
294 0.0398 8654848
295 0.0435 8667136
296 0.0408 8650752
297 0.0419 8646656
298 0.0428 8626176
299 0.0444 8638464
300 0.0435 8687616
301 0.0392 8683520
302 0.0414 8691712
303 0.0423 8691712
304 0.0416 8605696
305 0.0462 8683520
306 0.0431 8658944
307 0.0427 8671232
308 0.0401 8650752
309 0.0394 8658944
310 0.0448 8679424
311 0.0411 8708096
312 0.0449 8658944
313 0.0414 8695808
314 0.0403 8646656
315 0.0438 8716288
316 0.046 8687616
317 0.0421 8704000
318 0.0421 8712192
319 0.043 8642560
320 0.0437 8708096
321 0.048 8720384
322 0.0442 8675328
323 0.0423 8724480
324 0.0418 8716288
325 0.0449 8740864
326 0.0428 8736768
327 0.0444 8687616
328 0.0433 8699904
329 0.049 8728576
330 0.0451 8732672
331 0.0425 8728576
332 0.0444 8687616
333 0.0438 8769536
334 0.0481 8671232
335 0.0435 8740864
336 0.0443 8765440
337 0.0434 8671232
338 0.0444 8728576
339 0.0457 8736768
340 0.0506 8724480
341 0.0431 8736768
342 0.043 8728576
343 0.0434 8806400
344 0.0486 8704000
345 0.047 8728576
346 0.047 8777728
347 0.0421 8704000
348 0.0418 8699904
349 0.0424 8757248
350 0.0441 8773632
351 0.0472 8728576
352 0.0461 8720384
353 0.0442 8794112
354 0.0456 8777728
355 0.0445 8753152
356 0.0458 8777728
357 0.0432 8777728
358 0.0499 8757248
359 0.0509 8806400
360 0.044 8769536
361 0.0532 8806400
362 0.0439 8785920
363 0.0497 8765440
364 0.047 8744960
365 0.0528 8785920
366 0.0441 8736768
367 0.0454 8802304
368 0.0452 8790016
369 0.0486 8777728
370 0.046 8777728
371 0.0459 8781824
372 0.0458 8777728
373 0.045 8720384
374 0.0449 8790016
375 0.047 8736768
376 0.0477 8790016
377 0.0466 8781824
378 0.0464 8761344
379 0.0453 8720384
380 0.0447 8822784
381 0.0475 8822784
382 0.0481 8777728
383 0.0491 8736768
384 0.0447 8847360
385 0.0486 8777728
386 0.0434 8785920
387 0.0519 8830976
388 0.0518 8835072
389 0.0493 8785920
390 0.045 8839168
391 0.0456 8847360
392 0.0464 8765440
393 0.05 8794112
394 0.0453 8790016
395 0.0462 8790016
396 0.0468 8843264
397 0.0458 8794112
398 0.0459 8843264
399 0.0461 8785920
400 0.0523 8851456
401 0.0491 8835072
402 0.0523 8863744
403 0.0475 8794112
404 0.0478 8806400
405 0.046 8830976
406 0.0481 8843264
407 0.0461 8835072
408 0.0495 8798208
409 0.0512 8880128
410 0.0485 8798208
411 0.0477 8794112
412 0.0466 8855552
413 0.0497 8818688
414 0.047 8871936
415 0.0496 8871936
416 0.054 8822784
417 0.0485 8818688
418 0.0467 8851456
419 0.0466 8900608
420 0.0536 8880128
421 0.0505 8830976
422 0.0473 8839168
423 0.0531 8884224
424 0.0482 8859648
425 0.0489 8888320
426 0.0473 8863744
427 0.0518 8892416
428 0.054 8892416
429 0.0475 8892416
430 0.0485 8888320
431 0.0472 8892416
432 0.0501 8847360
433 0.0474 8830976
434 0.0502 8830976
435 0.0461 8847360
436 0.0497 8847360
437 0.0524 8847360
438 0.0503 8847360
439 0.0463 8851456
440 0.0475 8839168
441 0.0463 8855552
442 0.0458 8855552
443 0.0495 8839168
444 0.0514 8863744
445 0.0459 8867840
446 0.0492 8916992
447 0.0519 8884224
448 0.0488 8912896
449 0.0522 8900608
450 0.0519 8888320
451 0.0483 8908800
452 0.0491 8859648
453 0.0514 8892416
454 0.0518 8925184
455 0.0547 8888320
456 0.0538 8908800
457 0.0501 8908800
458 0.0507 8912896
459 0.0505 8929280
460 0.0485 8945664
461 0.0562 8888320
462 0.0546 8929280
463 0.0512 8892416
464 0.0517 8888320
465 0.0527 8978432
466 0.0546 8953856
467 0.0505 8949760
468 0.0507 8896512
469 0.0505 8921088
470 0.0507 8933376
471 0.0523 9015296
472 0.0585 8970240
473 0.0497 8962048
474 0.0522 8941568
475 0.0496 8986624
476 0.05 8904704
477 0.0511 8912896
478 0.057 8949760
479 0.0525 8900608
480 0.05 8966144
481 0.0512 8945664
482 0.0507 8937472
483 0.0509 8978432
484 0.051 8933376
485 0.0498 8933376
486 0.0512 9019392
487 0.0518 8990720
488 0.0585 8945664
489 0.059 8966144
490 0.059 8974336
491 0.0683 9027584
492 0.0511 8941568
493 0.055 9068544
494 0.0532 8953856
495 0.0569 8966144
496 0.0512 8937472
497 0.0518 8970240
498 0.0574 8953856
499 0.0503 8953856
500 0.0578 8962048
501 0.0579 8962048
502 0.0544 8957952
503 0.0525 9031680
504 0.052 8949760
505 0.0522 9035776
506 0.0569 9089024
507 0.0507 8921088
508 0.0557 8986624
509 0.0541 8966144
510 0.0556 8986624
511 0.0517 8970240
512 0.0527 8949760
513 0.0528 9015296
514 0.0518 9011200
515 0.0612 8998912
516 0.0526 9003008
517 0.0513 8970240
518 0.0539 8982528
519 0.0535 9035776
520 0.0575 8974336
521 0.0561 8990720
522 0.0586 9043968
523 0.0599 9117696
524 0.054 8990720
525 0.0518 8986624
526 0.0555 8990720
527 0.059 8990720
528 0.0548 8957952
529 0.0526 8994816
530 0.0535 8994816
531 0.0527 8982528
532 0.0591 9015296
533 0.0532 9019392
534 0.0527 9019392
535 0.0526 8998912
536 0.0614 9011200
537 0.0556 9027584
538 0.0582 9011200
539 0.053 8982528
540 0.0583 9003008
541 0.0535 9011200
542 0.053 9015296
543 0.0552 9023488
544 0.0542 9084928
545 0.0556 9048064
546 0.0508 9039872
547 0.056 9023488
548 0.0578 9105408
549 0.0612 9052160
550 0.053 9052160
551 0.0537 9027584
552 0.0523 9175040
553 0.054 9109504
554 0.0534 9039872
555 0.0531 9080832
556 0.0529 9076736
557 0.0546 9105408
558 0.0522 9035776
559 0.0543 9023488
560 0.055 9064448
561 0.0561 9027584
562 0.0525 9027584
563 0.054 9158656
564 0.0529 9031680
565 0.0539 9175040
566 0.0537 9097216
567 0.0548 9023488
568 0.0539 9068544
569 0.0585 9084928
570 0.0615 9080832
571 0.0586 9084928
572 0.0538 9015296
573 0.0543 9048064
574 0.0537 9043968
575 0.0603 9166848
576 0.0622 9142272
577 0.0576 9080832
578 0.0597 9138176
579 0.059 9113600
580 0.0598 9080832
581 0.0587 9125888
582 0.0528 9146368
583 0.056 9154560
584 0.0555 9129984
585 0.0551 9138176
586 0.0635 9187328
587 0.0568 9138176
588 0.0575 9138176
589 0.0554 9150464
590 0.0579 9101312
591 0.0551 9129984
592 0.0562 9146368
593 0.0594 9175040
594 0.0573 9097216
595 0.0602 9216000
596 0.0601 9248768
597 0.054 9158656
598 0.0598 9162752
599 0.0563 9232384
600 0.0557 9109504
601 0.0556 9216000
602 0.0566 9138176
603 0.0584 9129984
604 0.0605 9187328
605 0.0626 9154560
606 0.0566 9252864
607 0.0585 9154560
608 0.0571 9105408
609 0.0601 9158656
610 0.0651 9199616
611 0.0574 9150464
612 0.0648 9162752
613 0.059 9207808
614 0.0566 9117696
615 0.0558 9142272
616 0.0663 9293824
617 0.058 9220096
618 0.056 9248768
619 0.0547 9236480
620 0.0566 9236480
621 0.0568 9232384
622 0.0585 9170944
623 0.0606 9273344
624 0.0559 9187328
625 0.0586 9228288
626 0.0606 9281536
627 0.0653 9195520
628 0.057 9207808
629 0.057 9236480
630 0.0604 9175040
631 0.0589 9183232
632 0.0606 9170944
633 0.0568 9211904
634 0.064 9248768
635 0.0586 9158656
636 0.0584 9248768
637 0.0597 9158656
638 0.06 9314304
639 0.0577 9175040
640 0.0578 9224192
641 0.0618 9244672
642 0.0621 9183232
643 0.0663 9265152
644 0.0601 9179136
645 0.0566 9162752
646 0.0596 9224192
647 0.0592 9261056
648 0.0613 9191424
649 0.0586 9236480
650 0.0587 9187328
651 0.0589 9179136
652 0.0658 9224192
653 0.0596 9211904
654 0.0648 9224192
655 0.0657 9207808
656 0.0621 9199616
657 0.0603 9326592
658 0.0656 9232384
659 0.0601 9277440
660 0.0587 9207808
661 0.0622 9224192
662 0.0597 9191424
663 0.0599 9269248
664 0.0603 9216000
665 0.0607 9261056
666 0.0695 9220096
667 0.0679 9244672
668 0.0631 9293824
669 0.0634 9211904
670 0.065 9277440
671 0.0622 9306112
672 0.0628 9404416
673 0.0601 9293824
674 0.0589 9232384
675 0.06 9261056
676 0.0602 9244672
677 0.0633 9277440
678 0.0614 9240576
679 0.0603 9240576
680 0.0607 9342976
681 0.0655 9338880
682 0.0657 9289728
683 0.0595 9261056
684 0.0626 9220096
685 0.0595 9306112
686 0.0616 9256960
687 0.0615 9232384
688 0.0618 9277440
689 0.0598 9244672
690 0.0606 9228288
691 0.0628 9261056
692 0.0598 9355264
693 0.0599 9351168
694 0.0598 9248768
695 0.0651 9269248
696 0.0597 9224192
697 0.0601 9281536
698 0.0682 9281536
699 0.0619 9306112
700 0.06 9277440
701 0.0643 9338880
702 0.0602 9248768
703 0.0658 9261056
704 0.0626 9392128
705 0.0638 9269248
706 0.0635 9297920
707 0.0605 9240576
708 0.0634 9261056
709 0.0626 9338880
710 0.0643 9269248
711 0.0656 9277440
712 0.0684 9314304
713 0.0631 9326592
714 0.0685 9314304
715 0.0623 9302016
716 0.0683 9314304
717 0.0685 9293824
718 0.063 9322496
719 0.068 9342976
720 0.0633 9334784
721 0.0621 9375744
722 0.0691 9486336
723 0.0652 9318400
724 0.0625 9277440
725 0.0624 9310208
726 0.0613 9383936
727 0.0678 9330688
728 0.069 9383936
729 0.0689 9355264
730 0.0661 9416704
731 0.0653 9359360
732 0.0694 9310208
733 0.0633 9318400
734 0.0637 9310208
735 0.0612 9383936
736 0.0691 9289728
737 0.0613 9285632
738 0.0619 9314304
739 0.0634 9314304
740 0.0675 9367552
741 0.0672 9289728
742 0.0627 9367552
743 0.0676 9330688
744 0.0673 9322496
745 0.0675 9494528
746 0.0671 9359360
747 0.064 9310208
748 0.0693 9388032
749 0.0632 9347072
750 0.0687 9523200
751 0.0644 9338880
752 0.0621 9367552
753 0.0659 9367552
754 0.0642 9375744
755 0.0632 9326592
756 0.064 9400320
757 0.0671 9408512
758 0.0662 9297920
759 0.0704 9351168
760 0.0655 9330688
761 0.0635 9424896
762 0.0637 9363456
763 0.063 9383936
764 0.0695 9359360
765 0.0701 9375744
766 0.0735 9375744
767 0.071 9351168
768 0.0632 9326592
769 0.0708 9482240
770 0.0644 9379840
771 0.0651 9469952
772 0.0653 9375744
773 0.069 9359360
774 0.0649 9338880
775 0.0649 9527296
776 0.0722 9379840
777 0.0736 9457664
778 0.0648 9351168
779 0.0695 9363456
780 0.0711 9531392
781 0.0699 9490432
782 0.0638 9383936
783 0.0643 9355264
784 0.0642 9416704
785 0.0701 9355264
786 0.0726 9441280
787 0.0675 9400320
788 0.0675 9371648
789 0.0654 9478144
790 0.0686 9588736
791 0.0631 9355264
792 0.0634 9400320
793 0.0697 9453568
794 0.0683 9539584
795 0.065 9396224
796 0.0715 9494528
797 0.0729 9494528
798 0.064 9412608
799 0.0663 9392128
800 0.0645 9474048