1 0.0232 8278016
2 0.0491 8302592
3 0.0261 8306688
4 0.0271 8310784
5 0.0258 8343552
6 0.0276 8310784
7 0.0302 8335360
8 0.0275 8314880
9 0.0271 8331264
10 0.0253 8327168
11 0.0253 8310784
12 0.0278 8347648
13 0.0274 8331264
14 0.0256 8343552
15 0.027 8364032
16 0.0271 8355840
17 0.0265 8359936
18 0.0295 8351744
19 0.0282 8392704
20 0.0259 8359936
21 0.0305 8355840
22 0.0287 8339456
23 0.0301 8351744
24 0.03 8380416
25 0.0318 8372224
26 0.0319 8359936
27 0.0262 8335360
28 0.0273 8372224
29 0.0282 8359936
30 0.0321 8368128
31 0.0278 8376320
32 0.027 8388608
33 0.0307 8380416
34 0.0275 8359936
35 0.0308 8364032
36 0.0281 8400896
37 0.027 8404992
38 0.028 8388608
39 0.0293 8380416
40 0.0284 8396800
41 0.0301 8384512
42 0.0342 8392704
43 0.0804 8396800
44 0.0274 8372224
45 0.0276 8409088
46 0.0299 8384512
47 0.0326 8445952
48 0.0273 8380416
49 0.0318 8404992
50 0.0268 8417280
51 0.0307 8404992
52 0.0299 8441856
53 0.0273 8433664
54 0.0291 8421376
55 0.0318 8396800
56 0.0272 8421376
57 0.0321 8458240
58 0.0316 8433664
59 0.0346 8421376
60 0.0309 8429568
61 0.0304 8433664
62 0.0325 8404992
63 0.0278 8392704
64 0.03 8421376
65 0.0279 8392704
66 0.0315 8491008
67 0.0318 8425472
68 0.0497 8433664
69 0.0333 8437760
70 0.03 8425472
71 0.03 8421376
72 0.0306 8441856
73 0.0321 8441856
74 0.0308 8441856
75 0.0324 8470528
76 0.0376 8491008
77 0.0322 8458240
78 0.0319 8495104
79 0.0308 8458240
80 0.0299 8458240
81 0.0287 8474624
82 0.0314 8450048
83 0.0308 8462336
84 0.0337 8491008
85 0.0315 8470528
86 0.0294 8491008
87 0.0298 8441856
88 0.0313 8482816
89 0.0316 8486912
90 0.0354 8503296
91 0.0334 8478720
92 0.0353 8486912
93 0.0311 8491008
94 0.031 8474624
95 0.0319 8482816
96 0.0297 8458240
97 0.0312 8486912
98 0.0351 8495104
99 0.0334 8482816
100 0.0441 8511488
101 0.0345 8499200
102 0.0315 8503296
103 0.0328 8491008
104 0.0339 8568832
105 0.0366 8491008
106 0.0338 8491008
107 0.0358 8519680
108 0.0354 8548352
109 0.0317 8499200
110 0.0366 8511488
111 0.0364 8511488
112 0.0352 8507392
113 0.0332 8478720
114 0.0329 8515584
115 0.0325 8515584
116 0.0358 8515584
117 0.0347 8515584
118 0.0329 8515584
119 0.0321 8519680
120 0.0316 8515584
121 0.0341 8515584
122 0.0347 8523776
123 0.0361 8581120
124 0.0321 8544256
125 0.0361 8523776
126 0.0359 8523776
127 0.0374 8515584
128 0.0357 8531968
129 0.0356 8527872
130 0.036 8544256
131 0.0321 8556544
132 0.0326 8544256
133 0.0365 8609792
134 0.0321 8515584
135 0.0331 8544256
136 0.0355 8544256
137 0.0315 8568832
138 0.0347 8556544
139 0.0335 8556544
140 0.0355 8597504
141 0.0337 8552448
142 0.0383 8540160
143 0.034 8548352
144 0.0345 8577024
145 0.0337 8560640
146 0.0348 8564736
147 0.036 8585216
148 0.0344 8568832
149 0.0346 8613888
150 0.0349 8654848
151 0.0335 8589312
152 0.0337 8613888
153 0.0326 8568832
154 0.0392 8572928
155 0.0379 8572928
156 0.0352 8597504
157 0.0405 8564736
158 0.0434 8626176
159 0.0361 8634368
160 0.0347 8589312
161 0.0355 8601600
162 0.0349 8601600
163 0.0329 8568832
164 0.0407 8593408
165 0.0347 8638464
166 0.0382 8622080
167 0.0389 8658944
168 0.035 8626176
169 0.0379 8605696
170 0.0369 8663040
171 0.0346 8597504
172 0.0406 8597504
173 0.0381 8650752
174 0.0348 8617984
175 0.0356 8617984
176 0.0374 8634368
177 0.0382 8617984
178 0.0401 8613888
179 0.0379 8597504
180 0.0343 8626176
181 0.0403 8605696
182 0.037 8601600
183 0.0338 8642560
184 0.0371 8630272
185 0.0346 8683520
186 0.0351 8638464
187 0.0389 8634368
188 0.0348 8630272
189 0.0371 8642560
190 0.039 8622080
191 0.0379 8654848
192 0.0345 8663040
193 0.04 8663040
194 0.0368 8671232
195 0.0357 8663040
196 0.042 8634368
197 0.0393 8658944
198 0.0384 8654848
199 0.0367 8658944
200 0.0367 8663040
201 0.0407 8658944
202 0.0371 8663040
203 0.0381 8675328
204 0.0417 8708096
205 0.0365 8646656
206 0.036 8663040
207 0.0391 8658944
208 0.0368 8704000
209 0.0378 8679424
210 0.0369 8671232
211 0.0372 8675328
212 0.0419 8683520
213 0.0355 8691712
214 0.0444 8683520
215 0.0397 8667136
216 0.0353 8691712
217 0.0374 8704000
218 0.0388 8716288
219 0.037 8675328
220 0.0356 8658944
221 0.0384 8695808
222 0.0402 8736768
223 0.039 8720384
224 0.0447 8695808
225 0.0367 8658944
226 0.0372 8691712
227 0.0416 8728576
228 0.0361 8667136
229 0.0383 8704000
230 0.04 8704000
231 0.0383 8695808
232 0.0384 8720384
233 0.039 8728576
234 0.0407 8716288
235 0.0449 8695808
236 0.039 8704000
237 0.0375 8757248
238 0.0385 8732672
239 0.0456 8704000
240 0.0385 8708096
241 0.0372 8724480
242 0.0386 8720384
243 0.0396 8744960
244 0.0397 8728576
245 0.0386 8708096
246 0.0416 8724480
247 0.039 8712192
248 0.0387 8712192
249 0.0372 8736768
250 0.0406 8716288
251 0.0389 8728576
252 0.0394 8720384
253 0.039 8732672
254 0.0467 8753152
255 0.0387 8744960
256 0.045 8744960
257 0.0403 8761344
258 0.0413 8753152
259 0.0458 8728576
260 0.0413 8749056
261 0.0444 8728576
262 0.0427 8740864
263 0.0444 8757248
264 0.0442 8753152
265 0.0406 8757248
266 0.04 8765440
267 0.0395 8704000
268 0.0441 8765440
269 0.0389 8744960
270 0.0387 8753152
271 0.0438 8744960
272 0.0439 8749056
273 0.038 8753152
274 0.0399 8761344
275 0.0405 8757248
276 0.0405 8765440
277 0.0401 8740864
278 0.0431 8830976
279 0.0435 8761344
280 0.041 8798208
281 0.0418 8769536
282 0.0417 8761344
283 0.0406 8790016
284 0.042 8798208
285 0.0474 8769536
286 0.0423 8798208
287 0.0418 8773632
288 0.0413 8810496
289 0.047 8769536
290 0.0418 8785920
291 0.0447 8785920
292 0.0439 8781824
293 0.0449 8794112
294 0.0422 8806400
295 0.0403 8806400
296 0.0471 8794112
297 0.0425 8810496
298 0.042 8814592
299 0.0419 8847360
300 0.0429 8798208
301 0.0423 8822784
302 0.0466 8822784
303 0.0428 8826880
304 0.0429 8814592
305 0.0447 8835072
306 0.0478 8806400
307 0.0468 8835072
308 0.0459 8835072
309 0.0434 8876032
310 0.0418 8843264
311 0.0484 8822784
312 0.0436 8818688
313 0.045 8896512
314 0.0493 8814592
315 0.0477 8843264
316 0.0423 8839168
317 0.0478 8818688
318 0.0429 8822784
319 0.0469 8814592
320 0.0455 8839168
321 0.0424 8855552
322 0.0413 8867840
323 0.0434 8839168
324 0.0468 8921088
325 0.0457 8880128
326 0.0434 8904704
327 0.0447 8880128
328 0.0476 8867840
329 0.0443 8912896
330 0.0477 8876032
331 0.0465 8912896
332 0.0432 8892416
333 0.0475 8941568
334 0.0486 8900608
335 0.048 8876032
336 0.0477 8884224
337 0.0461 8904704
338 0.0505 8884224
339 0.0436 8921088
340 0.0429 8843264
341 0.0516 8880128
342 0.0517 8888320
343 0.0489 8945664
344 0.044 8896512
345 0.045 8888320
346 0.0445 8986624
347 0.0458 8957952
348 0.0437 8916992
349 0.0444 8912896
350 0.0446 8900608
351 0.0473 8957952
352 0.0474 8921088
353 0.0446 8900608
354 0.0458 8916992
355 0.046 8957952
356 0.0492 8925184
357 0.044 8916992
358 0.0514 8912896
359 0.0445 8929280
360 0.0447 8904704
361 0.0443 8941568
362 0.051 8912896
363 0.0444 8937472
364 0.0485 8966144
365 0.0509 8916992
366 0.0446 8941568
367 0.0454 8949760
368 0.0489 8994816
369 0.0454 8962048
370 0.0467 8957952
371 0.0531 8937472
372 0.0453 8892416
373 0.0483 8929280
374 0.0459 8916992
375 0.0462 8941568
376 0.0475 8986624
377 0.0478 9011200
378 0.0456 8962048
379 0.0458 8941568
380 0.0463 8953856
381 0.047 8994816
382 0.0463 8957952
383 0.0486 8937472
384 0.0473 8949760
385 0.0483 8949760
386 0.0476 8957952
387 0.0463 8974336
388 0.0454 8941568
389 0.0463 8945664
390 0.048 8966144
391 0.0506 8966144
392 0.0479 8990720
393 0.046 8974336
394 0.0479 8974336
395 0.0472 8966144
396 0.0467 8998912
397 0.0481 8978432
398 0.0468 8990720
399 0.0477 8986624
400 0.047 9007104
401 0.0538 9023488
402 0.047 8990720
403 0.0483 8982528
404 0.0474 9043968
405 0.0484 9031680
406 0.0494 8970240
407 0.0503 9035776
408 0.0519 9003008
409 0.0471 8994816
410 0.0472 9019392
411 0.0467 9003008
412 0.0468 9003008
413 0.0483 9072640
414 0.0489 9015296
415 0.0481 9007104
416 0.0495 9019392
417 0.0481 9031680
418 0.0488 9023488
419 0.048 9052160
420 0.0478 9048064
421 0.0481 9052160
422 0.0477 9035776
423 0.0479 9015296
424 0.0476 9035776
425 0.048 9019392
426 0.0489 9015296
427 0.047 9011200
428 0.0477 9048064
429 0.049 9039872
430 0.0483 9043968
431 0.0517 9031680
432 0.047 9056256
433 0.0525 9019392
434 0.0522 9048064
435 0.0497 9039872
436 0.0527 9039872
437 0.0525 9027584
438 0.0512 9048064
439 0.0504 9043968
440 0.0485 9048064
441 0.0469 9039872
442 0.0561 9052160
443 0.0493 9039872
444 0.0499 9048064
445 0.0473 9019392
446 0.0514 9039872
447 0.0534 9080832
448 0.0537 9039872
449 0.0508 9031680
450 0.0531 9089024
451 0.0568 9080832
452 0.0559 9068544
453 0.0492 9056256
454 0.058 9064448
455 0.0509 9072640
456 0.0537 9048064
457 0.0543 9060352
458 0.0522 9089024
459 0.05 9080832
460 0.0517 9105408
461 0.0535 9076736
462 0.0515 9121792
463 0.0499 9084928
464 0.0574 9064448
465 0.0533 9072640
466 0.0502 9101312
467 0.0564 9076736
468 0.0549 9064448
469 0.0538 9125888
470 0.0525 9084928
471 0.0516 9080832
472 0.0532 9154560
473 0.0525 9089024
474 0.056 9068544
475 0.058 9101312
476 0.0592 9093120
477 0.0508 9109504
478 0.0505 9093120
479 0.0533 9072640
480 0.0548 9097216
481 0.052 9084928
482 0.0511 9117696
483 0.0584 9084928
484 0.0768 9109504
485 0.0543 9080832
486 0.0568 9097216
487 0.0544 9097216
488 0.0542 9084928
489 0.0534 9109504
490 0.0553 9113600
491 0.051 9150464
492 0.051 9105408
493 0.0533 9101312
494 0.0591 9134080
495 0.0515 9117696
496 0.0527 9105408
497 0.0606 9142272
498 0.0548 9134080
499 0.0529 9154560
500 0.0513 9150464
501 0.0562 9187328
502 0.0527 9109504
503 0.0559 9125888
504 0.0518 9146368
505 0.0565 9146368
506 0.0559 9142272
507 0.0575 9113600
508 0.06 9129984
509 0.053 9121792
510 0.0546 9142272
511 0.0527 9129984
512 0.0528 9158656
513 0.0544 9150464
514 0.0529 9166848
515 0.0546 9142272
516 0.0531 9146368
517 0.0534 9150464
518 0.0544 9142272
519 0.0525 9154560
520 0.0602 9142272
521 0.0547 9154560
522 0.0542 9158656
523 0.0543 9138176
524 0.0527 9150464
525 0.0545 9166848
526 0.0526 9162752
527 0.0531 9150464
528 0.0537 9211904
529 0.0534 9170944
530 0.0542 9183232
531 0.0553 9154560
532 0.0581 9150464
533 0.0606 9162752
534 0.0587 9138176
535 0.0547 9183232
536 0.0534 9179136
537 0.0572 9207808
538 0.0548 9187328
539 0.0556 9166848
540 0.0563 9179136
541 0.0545 9191424
542 0.0579 9183232
543 0.0572 9175040
544 0.0576 9175040
545 0.0537 9162752
546 0.0614 9248768
547 0.06 9179136
548 0.0537 9191424
549 0.0614 9179136
550 0.0585 9175040
551 0.0618 9191424
552 0.0617 9195520
553 0.054 9220096
554 0.0544 9207808
555 0.0547 9187328
556 0.0556 9224192
557 0.0586 9199616
558 0.0576 9195520
559 0.057 9248768
560 0.0593 9281536
561 0.0581 9216000
562 0.0588 9195520
563 0.0547 9207808
564 0.0592 9203712
565 0.0551 9203712
566 0.0569 9236480
567 0.0545 9248768
568 0.0549 9203712
569 0.0557 9240576
570 0.0595 9207808
571 0.0593 9195520
572 0.0572 9240576
573 0.0559 9203712
574 0.0561 9252864
575 0.0619 9232384
576 0.0609 9330688
577 0.0581 9261056
578 0.057 9265152
579 0.063 9322496
580 0.0644 9277440
581 0.0599 9310208
582 0.056 9244672
583 0.0578 9277440
584 0.0602 9248768
585 0.0609 9252864
586 0.0599 9273344
587 0.0577 9273344
588 0.0597 9334784
589 0.0637 9273344
590 0.0592 9285632
591 0.0605 9277440
592 0.0574 9273344
593 0.0597 9297920
594 0.0641 9265152
595 0.0573 9306112
596 0.061 9273344
597 0.0561 9314304
598 0.0566 9281536
599 0.0586 9293824
600 0.06 9297920
601 0.0629 9293824
602 0.0663 9297920
603 0.0611 9277440
604 0.057 9302016
605 0.0572 9314304
606 0.0576 9310208
607 0.0569 9306112
608 0.0636 9314304
609 0.0606 9322496
610 0.0614 9367552
611 0.0644 9302016
612 0.0647 9310208
613 0.0587 9359360
614 0.0595 9326592
615 0.0575 9338880
616 0.0616 9375744
617 0.0647 9326592
618 0.0604 9314304
619 0.0621 9293824
620 0.0654 9293824
621 0.0664 9330688
622 0.063 9302016
623 0.0617 9306112
624 0.0596 9314304
625 0.0614 9322496
626 0.0676 9314304
627 0.061 9383936
628 0.0588 9355264
629 0.0574 9359360
630 0.0582 9359360
631 0.0651 9396224
632 0.0619 9330688
633 0.0595 9318400
634 0.0648 9306112
635 0.0603 9338880
636 0.0651 9334784
637 0.0587 9379840
638 0.0591 9363456
639 0.0638 9347072
640 0.0684 9383936
641 0.0622 9388032
642 0.0617 9396224
643 0.0672 9396224
644 0.0693 9523200
645 0.0603 9379840
646 0.0609 9379840
647 0.0591 9416704
648 0.0607 9416704
649 0.0606 9416704
650 0.0631 9400320
651 0.0605 9400320
652 0.0607 9445376
653 0.06 9404416
654 0.0642 9400320
655 0.0608 9433088
656 0.0647 9388032
657 0.0603 9416704
658 0.0614 9424896
659 0.0619 9396224
660 0.0595 9502720
661 0.0606 9453568
662 0.0681 9433088
663 0.0602 9437184
664 0.0631 9428992
665 0.0628 9457664
666 0.0666 9416704
667 0.067 9445376
668 0.0616 9461760
669 0.0597 9449472
670 0.0601 9424896
671 0.0596 9461760
672 0.0633 9441280
673 0.0597 9433088
674 0.0636 9478144
675 0.0598 9482240
676 0.0646 9416704
677 0.065 9424896
678 0.0605 9441280
679 0.0597 9445376
680 0.065 9519104
681 0.0605 9478144
682 0.0634 9437184
683 0.0659 9404416
684 0.0676 9494528
685 0.0652 9424896
686 0.0612 9445376
687 0.0626 9461760
688 0.0641 9510912
689 0.0632 9506816
690 0.0651 9453568
691 0.0667 9428992
692 0.0657 9613312
693 0.0606 9478144
694 0.0642 9433088
695 0.0613 9457664
696 0.0653 9469952
697 0.0666 9469952
698 0.0641 9527296
699 0.0627 9498624
700 0.0637 9461760
701 0.0622 9461760
702 0.0633 9486336
703 0.0627 9486336
704 0.0652 9535488
705 0.0652 9539584
706 0.0628 9465856
707 0.0628 9506816
708 0.0693 9510912
709 0.0694 9469952
710 0.0627 9478144
711 0.0633 9482240
712 0.0629 9482240
713 0.064 9494528
714 0.0653 9474048
715 0.0691 9527296
716 0.0644 9506816
717 0.0632 9453568
718 0.063 9515008
719 0.0639 9494528
720 0.0632 9519104
721 0.068 9510912
722 0.0668 9502720
723 0.0631 9527296
724 0.07 9543680
725 0.0689 9527296
726 0.0651 9543680
727 0.0631 9523200
728 0.065 9539584
729 0.0656 9502720
730 0.0622 9523200
731 0.0661 9539584
732 0.0677 9519104
733 0.0639 9531392
734 0.0727 9539584
735 0.0638 9535488
736 0.0639 9519104
737 0.0633 9592832
738 0.0655 9551872
739 0.0647 9601024
740 0.0648 9564160
741 0.0635 9572352
742 0.0704 9531392
743 0.0667 9527296
744 0.0672 9572352
745 0.0656 9560064
746 0.0707 9547776
747 0.0677 9601024
748 0.0689 9543680
749 0.0683 9592832
750 0.0633 9547776
751 0.0698 9560064
752 0.0646 9539584
753 0.0692 9551872
754 0.0638 9572352
755 0.0651 9543680
756 0.0681 9551872
757 0.0685 9551872
758 0.0677 9650176
759 0.0648 9588736
760 0.0732 9588736
761 0.0671 9601024
762 0.0723 9588736
763 0.0739 9572352
764 0.0657 9605120
765 0.0649 9560064
766 0.0666 9572352
767 0.0701 9564160
768 0.0656 9576448
769 0.0684 9588736
770 0.065 9592832
771 0.07 9555968
772 0.0639 9564160
773 0.0673 9601024
774 0.0667 9576448
775 0.0714 9609216
776 0.0692 9588736
777 0.0655 9621504
778 0.0665 9609216
779 0.0696 9703424
780 0.0686 9633792
781 0.0721 9662464
782 0.0681 9654272
783 0.0703 9592832
784 0.066 9613312
785 0.0652 9625600
786 0.071 9592832
787 0.0711 9592832
788 0.0705 9605120
789 0.0664 9621504
790 0.066 9601024
791 0.0698 9637888
792 0.0654 9613312
793 0.0684 9605120
794 0.0683 9617408
795 0.0671 9637888
796 0.0672 9601024
797 0.0669 9637888
798 0.0702 9646080
799 0.0663 9629696
800 0.0679 9629696