1 0.0237 8347648
2 0.0262 8347648
3 0.0512 8355840
4 0.0295 8380416
5 0.0287 8343552
6 0.0281 8351744
7 0.0303 8351744
8 0.0268 8339456
9 0.028 8347648
10 0.0271 8392704
11 0.0249 8388608
12 0.0299 8355840
13 0.0256 8327168
14 0.0283 8343552
15 0.0301 8396800
16 0.0273 8351744
17 0.0295 8368128
18 0.0266 8359936
19 0.0293 8351744
20 0.0276 8359936
21 0.0271 8380416
22 0.0254 8380416
23 0.0257 8384512
24 0.0273 8372224
25 0.0288 8372224
26 0.0296 8392704
27 0.0306 8364032
28 0.0323 8400896
29 0.0322 8376320
30 0.0266 8368128
31 0.0265 8351744
32 0.0274 8392704
33 0.0276 8392704
34 0.0288 8376320
35 0.0293 8372224
36 0.0284 8380416
37 0.0263 8404992
38 0.0286 8392704
39 0.0276 8400896
40 0.0322 8404992
41 0.0306 8417280
42 0.0314 8392704
43 0.0269 8372224
44 0.0292 8404992
45 0.0305 8400896
46 0.0274 8409088
47 0.0288 8388608
48 0.0272 8429568
49 0.0297 8404992
50 0.0294 8404992
51 0.0315 8425472
52 0.0286 8413184
53 0.0278 8392704
54 0.0291 8409088
55 0.029 8417280
56 0.0286 8384512
57 0.0296 8413184
58 0.0305 8413184
59 0.0293 8413184
60 0.0299 8413184
61 0.0294 8421376
62 0.033 8421376
63 0.0322 8433664
64 0.0283 8429568
65 0.0292 8421376
66 0.0295 8429568
67 0.0285 8429568
68 0.0286 8433664
69 0.0316 8413184
70 0.0288 8437760
71 0.0307 8450048
72 0.031 8433664
73 0.0303 8425472
74 0.0311 8437760
75 0.0287 8413184
76 0.0306 8445952
77 0.0307 8433664
78 0.0326 8429568
79 0.0312 8441856
80 0.0312 8450048
81 0.0336 8445952
82 0.0339 8441856
83 0.0334 8450048
84 0.0314 8466432
85 0.0292 8454144
86 0.0411 8523776
87 0.03 8478720
88 0.031 8462336
89 0.0336 8470528
90 0.032 8474624
91 0.0475 8478720
92 0.0323 8450048
93 0.0302 8466432
94 0.0372 8491008
95 0.033 8474624
96 0.0321 8470528
97 0.0305 8470528
98 0.0303 8433664
99 0.0355 8462336
100 0.0308 8470528
101 0.032 8458240
102 0.0358 8470528
103 0.0314 8441856
104 0.0324 8474624
105 0.0311 8478720
106 0.0358 8458240
107 0.0336 8462336
108 0.0334 8466432
109 0.0328 8478720
110 0.0373 8470528
111 0.0354 8491008
112 0.0319 8486912
113 0.0328 8511488
114 0.0324 8474624
115 0.0356 8482816
116 0.0335 8478720
117 0.0361 8552448
118 0.0334 8474624
119 0.0355 8482816
120 0.0342 8499200
121 0.0355 8486912
122 0.0337 8491008
123 0.039 8495104
124 0.0336 8499200
125 0.0351 8458240
126 0.0323 8470528
127 0.0317 8478720
128 0.0366 8486912
129 0.0375 8478720
130 0.0325 8523776
131 0.0337 8503296
132 0.0357 8495104
133 0.0352 8503296
134 0.0335 8511488
135 0.0349 8503296
136 0.0364 8507392
137 0.0347 8491008
138 0.0387 8503296
139 0.0391 8577024
140 0.0392 8503296
141 0.0344 8503296
142 0.0395 8581120
143 0.0356 8507392
144 0.0347 8544256
145 0.0351 8556544
146 0.0341 8515584
147 0.0366 8503296
148 0.0354 8536064
149 0.0367 8515584
150 0.0358 8556544
151 0.0372 8519680
152 0.0331 8531968
153 0.0423 8531968
154 0.035 8503296
155 0.0401 8523776
156 0.0351 8548352
157 0.0375 8531968
158 0.0353 8527872
159 0.0379 8544256
160 0.0376 8527872
161 0.036 8544256
162 0.0363 8540160
163 0.0383 8527872
164 0.0407 8527872
165 0.0344 8556544
166 0.0368 8544256
167 0.0343 8544256
168 0.0345 8544256
169 0.0376 8552448
170 0.0353 8527872
171 0.0341 8540160
172 0.0361 8552448
173 0.0399 8552448
174 0.0361 8548352
175 0.0411 8544256
176 0.0366 8552448
177 0.0398 8552448
178 0.0406 8560640
179 0.0348 8523776
180 0.038 8564736
181 0.0389 8564736
182 0.0372 8548352
183 0.0394 8560640
184 0.0379 8568832
185 0.0424 8552448
186 0.0347 8527872
187 0.0456 8560640
188 0.0343 8540160
189 0.0429 8556544
190 0.0356 8564736
191 0.0399 8568832
192 0.0384 8581120
193 0.0406 8577024
194 0.0374 8572928
195 0.0432 8568832
196 0.0398 8572928
197 0.0415 8589312
198 0.0375 8581120
199 0.0414 8658944
200 0.039 8577024
201 0.0376 8585216
202 0.0399 8589312
203 0.0368 8581120
204 0.0374 8589312
205 0.0403 8646656
206 0.0372 8597504
207 0.0389 8577024
208 0.0387 8597504
209 0.0379 8601600
210 0.0393 8593408
211 0.0426 8597504
212 0.0395 8593408
213 0.0429 8597504
214 0.0386 8601600
215 0.0402 8556544
216 0.0398 8609792
217 0.0397 8654848
218 0.0409 8642560
219 0.0426 8605696
220 0.0385 8605696
221 0.043 8617984
222 0.0386 8597504
223 0.0402 8605696
224 0.039 8597504
225 0.0376 8605696
226 0.0422 8589312
227 0.04 8597504
228 0.0394 8609792
229 0.0397 8609792
230 0.039 8609792
231 0.0436 8609792
232 0.04 8609792
233 0.0437 8609792
234 0.0419 8671232
235 0.042 8601600
236 0.0392 8605696
237 0.0378 8577024
238 0.0378 8609792
239 0.0436 8646656
240 0.0437 8622080
241 0.0417 8617984
242 0.0423 8622080
243 0.0429 8617984
244 0.0451 8622080
245 0.0367 8585216
246 0.0447 8642560
247 0.0435 8630272
248 0.043 8626176
249 0.0401 8626176
250 0.0416 8630272
251 0.0406 8626176
252 0.0435 8626176
253 0.0456 8634368
254 0.041 8626176
255 0.0402 8638464
256 0.0408 8654848
257 0.0404 8650752
258 0.0463 8646656
259 0.0435 8642560
260 0.0397 8638464
261 0.0456 8630272
262 0.0406 8650752
263 0.0445 8675328
264 0.0421 8642560
265 0.0396 8638464
266 0.0407 8658944
267 0.0495 8630272
268 0.0429 8650752
269 0.0492 8646656
270 0.039 8646656
271 0.0454 8642560
272 0.0416 8654848
273 0.0414 8658944
274 0.0442 8654848
275 0.0465 8638464
276 0.0457 8732672
277 0.0465 8654848
278 0.0499 8650752
279 0.0433 8667136
280 0.0464 8712192
281 0.0439 8638464
282 0.0449 8630272
283 0.0411 8663040
284 0.0419 8671232
285 0.0426 8650752
286 0.0428 8708096
287 0.0413 8667136
288 0.0411 8658944
289 0.0415 8663040
290 0.0429 8683520
291 0.0419 8675328
292 0.0423 8671232
293 0.0418 8687616
294 0.0412 8691712
295 0.0416 8679424
296 0.042 8695808
297 0.0427 8749056
298 0.0425 8708096
299 0.0416 8691712
300 0.0442 8736768
301 0.043 8695808
302 0.0423 8663040
303 0.0405 8663040
304 0.0433 8683520
305 0.0421 8699904
306 0.0434 8699904
307 0.0419 8663040
308 0.0435 8704000
309 0.0416 8663040
310 0.0419 8663040
311 0.0438 8704000
312 0.0437 8663040
313 0.0418 8712192
314 0.0431 8687616
315 0.0445 8687616
316 0.0436 8695808
317 0.0422 8704000
318 0.0467 8720384
319 0.0506 8712192
320 0.0439 8687616
321 0.0425 8675328
322 0.0443 8699904
323 0.0445 8728576
324 0.0441 8728576
325 0.0454 8728576
326 0.0459 8716288
327 0.048 8728576
328 0.0466 8728576
329 0.0459 8720384
330 0.0478 8790016
331 0.0447 8712192
332 0.0458 8744960
333 0.0457 8753152
334 0.0454 8720384
335 0.0486 8736768
336 0.0451 8765440
337 0.0473 8732672
338 0.0457 8736768
339 0.0449 8724480
340 0.0446 8740864
341 0.0484 8753152
342 0.0456 8749056
343 0.0488 8773632
344 0.0458 8744960
345 0.0485 8728576
346 0.0492 8728576
347 0.0482 8728576
348 0.0491 8740864
349 0.0454 8740864
350 0.0463 8761344
351 0.0465 8728576
352 0.0507 8757248
353 0.054 8744960
354 0.048 8744960
355 0.0457 8749056
356 0.0491 8749056
357 0.0476 8749056
358 0.0482 8749056
359 0.0542 8761344
360 0.0486 8753152
361 0.0491 8740864
362 0.046 8765440
363 0.0473 8753152
364 0.0536 8736768
365 0.0525 8761344
366 0.0484 8753152
367 0.0499 8830976
368 0.0465 8777728
369 0.0468 8773632
370 0.0492 8749056
371 0.0472 8773632
372 0.0481 8753152
373 0.0483 8798208
374 0.0531 8761344
375 0.0533 8769536
376 0.049 8773632
377 0.049 8769536
378 0.0474 8818688
379 0.0506 8773632
380 0.0485 8777728
381 0.0497 8769536
382 0.0551 8794112
383 0.049 8781824
384 0.0499 8794112
385 0.0473 8794112
386 0.0502 8794112
387 0.0477 8769536
388 0.0468 8794112
389 0.0467 8732672
390 0.0485 8826880
391 0.0482 8822784
392 0.0509 8753152
393 0.0541 8826880
394 0.0521 8777728
395 0.0478 8794112
396 0.0496 8794112
397 0.0511 8790016
398 0.057 8814592
399 0.0492 8785920
400 0.0498 8785920
401 0.0484 8769536
402 0.0531 8777728
403 0.0519 8830976
404 0.0495 8773632
405 0.0507 8810496
406 0.0489 8810496
407 0.0526 8781824
408 0.0513 8810496
409 0.0538 8818688
410 0.0514 8888320
411 0.0501 8790016
412 0.0493 8822784
413 0.0497 8826880
414 0.0537 8785920
415 0.0561 8900608
416 0.0531 8814592
417 0.0544 8810496
418 0.0514 8810496
419 0.0511 8806400
420 0.0514 8855552
421 0.0536 8818688
422 0.0547 8830976
423 0.052 8818688
424 0.0512 8916992
425 0.0493 8810496
426 0.0495 8843264
427 0.0494 8818688
428 0.0543 8839168
429 0.0516 8822784
430 0.0513 8835072
431 0.0497 8810496
432 0.05 8822784
433 0.059 8818688
434 0.0513 8835072
435 0.0551 8847360
436 0.0552 8830976
437 0.0532 8802304
438 0.0517 8855552
439 0.0526 8859648
440 0.06 8822784
441 0.0535 8822784
442 0.0507 8851456
443 0.0535 8921088
444 0.0496 8826880
445 0.0543 8802304
446 0.0506 8835072
447 0.0528 8855552
448 0.0557 8851456
449 0.0502 8830976
450 0.0592 8871936
451 0.0554 8871936
452 0.0513 8867840
453 0.0572 8859648
454 0.0517 8867840
455 0.0573 8925184
456 0.0536 8843264
457 0.0529 8851456
458 0.0547 8859648
459 0.0546 8876032
460 0.058 8863744
461 0.0529 8847360
462 0.0535 8843264
463 0.0538 8884224
464 0.0521 8880128
465 0.0516 8876032
466 0.0507 8851456
467 0.0533 8867840
468 0.0548 8859648
469 0.059 8876032
470 0.0539 8843264
471 0.0556 8867840
472 0.0543 8896512
473 0.0512 8851456
474 0.0572 8888320
475 0.0555 8859648
476 0.0528 8892416
477 0.0541 8892416
478 0.0564 8884224
479 0.0533 8880128
480 0.0523 8863744
481 0.0539 8867840
482 0.0554 8871936
483 0.0531 8855552
484 0.0544 8876032
485 0.0578 8876032
486 0.0599 8908800
487 0.0527 8908800
488 0.0544 8843264
489 0.0606 8900608
490 0.0545 8863744
491 0.0604 8900608
492 0.0549 8900608
493 0.0599 8904704
494 0.0542 8884224
495 0.0536 8867840
496 0.0534 8892416
497 0.0537 8896512
498 0.0576 8871936
499 0.0841 8896512
500 0.0577 8888320
501 0.0541 8892416
502 0.0546 8871936
503 0.054 8925184
504 0.055 8884224
505 0.0541 8880128
506 0.0539 8896512
507 0.0543 8871936
508 0.0558 8978432
509 0.0541 8896512
510 0.0577 8884224
511 0.0602 8986624
512 0.069 8982528
513 0.058 8908800
514 0.055 8900608
515 0.0565 8880128
516 0.0549 8916992
517 0.055 8896512
518 0.0614 8916992
519 0.0564 8921088
520 0.0603 8921088
521 0.0635 8937472
522 0.0566 8916992
523 0.0574 8892416
524 0.0569 8937472
525 0.0596 8904704
526 0.0617 8896512
527 0.0578 8941568
528 0.0622 8994816
529 0.0575 8925184
530 0.0551 8912896
531 0.0578 8933376
532 0.0622 8941568
533 0.0647 8941568
534 0.0558 8912896
535 0.0613 8962048
536 0.0564 8925184
537 0.0593 8933376
538 0.0559 8916992
539 0.0586 8925184
540 0.0581 8966144
541 0.058 8962048
542 0.0561 8929280
543 0.0578 8962048
544 0.0608 8941568
545 0.0565 8962048
546 0.0577 8957952
547 0.0567 8949760
548 0.0578 8962048
549 0.0633 8921088
550 0.0593 8929280
551 0.0569 8941568
552 0.0604 8925184
553 0.0654 8933376
554 0.0614 8933376
555 0.0649 8949760
556 0.0596 8953856
557 0.0569 9011200
558 0.0545 8904704
559 0.0619 8970240
560 0.0571 8904704
561 0.0593 8941568
562 0.0622 8966144
563 0.0609 8929280
564 0.064 8970240
565 0.0592 8941568
566 0.0591 8933376
567 0.0594 8945664
568 0.061 8974336
569 0.06 8986624
570 0.0594 8978432
571 0.065 8957952
572 0.0611 8949760
573 0.0601 8941568
574 0.0646 8974336
575 0.0643 9007104
576 0.0579 8966144
577 0.0597 8982528
578 0.0565 8990720
579 0.0587 9035776
580 0.0591 8978432
581 0.0561 8990720
582 0.0583 8966144
583 0.0609 8978432
584 0.0564 8986624
585 0.0568 8990720
586 0.0582 8970240
587 0.0581 8982528
588 0.058 8998912
589 0.0586 9003008
590 0.0586 8990720
591 0.0612 9031680
592 0.0607 8994816
593 0.0659 8998912
594 0.0647 9011200
595 0.0682 9080832
596 0.0686 9003008
597 0.0594 9011200
598 0.0624 8998912
599 0.0637 9011200
600 0.0593 8986624
601 0.0604 8994816
602 0.066 9003008
603 0.0597 9011200
604 0.0598 9011200
605 0.0651 8998912
606 0.0673 9039872
607 0.0628 8998912
608 0.0601 8994816
609 0.067 9015296
610 0.0672 9052160
611 0.0599 9019392
612 0.0668 9019392
613 0.0591 9027584
614 0.0617 9019392
615 0.0601 9027584
616 0.0615 9048064
617 0.0592 9056256
618 0.0632 9015296
619 0.0603 8998912
620 0.0597 9039872
621 0.0675 9048064
622 0.067 9105408
623 0.0625 9019392
624 0.0608 9027584
625 0.0615 9076736
626 0.0615 9031680
627 0.0623 9023488
628 0.0619 9064448
629 0.0675 9064448
630 0.0667 9084928
631 0.0667 9052160
632 0.0679 9043968
633 0.0639 9035776
634 0.0603 9056256
635 0.0647 9019392
636 0.0641 9048064
637 0.0617 9015296
638 0.0678 9064448
639 0.0633 9048064
640 0.0609 9101312
641 0.063 9031680
642 0.0656 9089024
643 0.0679 9035776
644 0.0636 9043968
645 0.0686 9039872
646 0.0615 9048064
647 0.0629 9035776
648 0.0638 9068544
649 0.0618 9056256
650 0.0651 9048064
651 0.0665 9105408
652 0.0681 9039872
653 0.064 9035776
654 0.0684 9072640
655 0.0699 9072640
656 0.069 9056256
657 0.0696 9084928
658 0.0619 9060352
659 0.0621 9101312
660 0.0622 9064448
661 0.0625 9064448
662 0.0675 9064448
663 0.063 9052160
664 0.0657 9052160
665 0.0622 9109504
666 0.0636 9056256
667 0.0674 9125888
668 0.0683 9072640
669 0.0645 9060352
670 0.0709 9072640
671 0.0645 9064448
672 0.0636 9052160
673 0.073 9060352
674 0.0669 9056256
675 0.0684 9093120
676 0.0666 9064448
677 0.0643 9072640
678 0.0642 9068544
679 0.0698 9105408
680 0.0663 9076736
681 0.0692 9109504
682 0.0647 9170944
683 0.0679 9129984
684 0.0659 9179136
685 0.0649 9105408
686 0.0711 9117696
687 0.0675 9080832
688 0.0669 9076736
689 0.0659 9072640
690 0.0654 9138176
691 0.0641 9117696
692 0.0715 9097216
693 0.0648 9093120
694 0.0677 9158656
695 0.0666 9084928
696 0.0631 9170944
697 0.065 9166848
698 0.0674 9138176
699 0.0649 9142272
700 0.0647 9101312
701 0.0659 9117696
702 0.0652 9105408
703 0.0647 9150464
704 0.0647 9125888
705 0.0653 9166848
706 0.0719 9175040
707 0.0659 9138176
708 0.0654 9142272
709 0.065 9170944
710 0.0656 9146368
711 0.0655 9134080
712 0.0665 9183232
713 0.0714 9175040
714 0.0665 9129984
715 0.0668 9134080
716 0.0668 9113600
717 0.0738 9158656
718 0.0703 9166848
719 0.0658 9142272
720 0.0699 9142272
721 0.0743 9175040
722 0.0699 9179136
723 0.0692 9150464
724 0.0677 9146368
725 0.0669 9199616
726 0.0681 9175040
727 0.0678 9125888
728 0.0668 9154560
729 0.067 9191424
730 0.0727 9183232
731 0.0728 9175040
732 0.074 9170944
733 0.073 9158656
734 0.0691 9150464
735 0.0668 9170944
736 0.0697 9146368
737 0.0673 9158656
738 0.0666 9199616
739 0.0698 9199616
740 0.0732 9146368
741 0.0669 9166848
742 0.0685 9162752
743 0.0703 9134080
744 0.071 9248768
745 0.0696 9129984
746 0.0695 9166848
747 0.0693 9199616
748 0.0685 9150464
749 0.0719 9256960
750 0.068 9170944
751 0.075 9166848
752 0.0743 9216000
753 0.0675 9220096
754 0.0702 9166848
755 0.0702 9175040
756 0.0685 9236480
757 0.0761 9203712
758 0.0707 9154560
759 0.0726 9199616
760 0.0678 9228288
761 0.069 9232384
762 0.071 9195520
763 0.0729 9199616
764 0.0762 9236480
765 0.0683 9252864
766 0.068 9187328
767 0.0751 9179136
768 0.0678 9183232
769 0.0693 9154560
770 0.0757 9187328
771 0.0717 9158656
772 0.0736 9170944
773 0.0713 9170944
774 0.0695 9281536
775 0.0687 9273344
776 0.0741 9207808
777 0.0745 9175040
778 0.0691 9187328
779 0.0688 9187328
780 0.0679 9216000
781 0.0677 9183232
782 0.0826 9187328
783 0.0757 9359360
784 0.07 9232384
785 0.074 9207808
786 0.0722 9244672
787 0.0689 9179136
788 0.0722 9256960
789 0.0703 9224192
790 0.0691 9207808
791 0.0682 9170944
792 0.0679 9211904
793 0.0715 9203712
794 0.0733 9277440
795 0.0701 9207808
796 0.0682 9211904
797 0.0731 9265152
798 0.0692 9179136
799 0.0736 9256960
800 0.0705 9203712