1 0.01 7520256
2 0.02 7540736
3 0.02 7512064
4 0.02 7557120
5 0.02 7577600
6 0.02 7585792
7 0.02 7598080
8 0.02 7626752
9 0.02 7626752
10 0.02 7655424
11 0.02 7663616
12 0.02 7651328
13 0.02 7692288
14 0.02 7712768
15 0.02 7741440
16 0.02 7761920
17 0.02 7757824
18 0.02 7778304
19 0.02 7798784
20 0.02 7770112
21 0.02 7831552
22 0.02 7852032
23 0.02 7856128
24 0.02 7831552
25 0.02 7847936
26 0.02 7905280
27 0.02 7938048
28 0.03 7942144
29 0.03 7958528
30 0.02 7987200
31 0.02 7987200
32 0.02 7974912
33 0.02 8040448
34 0.02 8085504
35 0.02 8101888
36 0.03 8118272
37 0.02 8151040
38 0.03 8159232
39 0.03 8179712
40 0.03 8179712
41 0.03 8212480
42 0.02 8237056
43 0.03 8237056
44 0.03 8261632
45 0.03 8265728
46 0.02 8282112
47 0.03 8302592
48 0.02 8339456
49 0.03 8331264
50 0.03 8368128
51 0.03 8380416
52 0.03 8384512
53 0.02 8409088
54 0.03 8413184
55 0.03 8433664
56 0.03 8462336
57 0.03 8482816
58 0.03 8491008
59 0.03 8458240
60 0.03 8523776
61 0.02 8511488
62 0.03 8568832
63 0.03 8593408
64 0.03 8552448
65 0.03 8630272
66 0.03 8642560
67 0.04 8642560
68 0.03 8663040
69 0.03 8695808
70 0.03 8708096
71 0.03 8675328
72 0.04 8744960
73 0.04 8757248
74 0.04 8781824
75 0.03 8798208
76 0.03 8773632
77 0.03 8777728
78 0.04 8835072
79 0.03 8880128
80 0.03 8880128
81 0.04 8900608
82 0.04 8912896
83 0.04 8933376
84 0.04 8970240
85 0.04 8986624
86 0.04 8990720
87 0.04 9015296
88 0.04 9027584
89 0.04 9035776
90 0.05 9117696
91 0.05 9080832
92 0.04 9125888
93 0.05 9138176
94 0.04 9187328
95 0.05 9150464
96 0.04 9170944
97 0.05 9261056
98 0.05 9191424
99 0.05 9269248
100 0.04 9273344
101 0.04 9252864
102 0.04 9269248
103 0.04 9297920
104 0.04 9252864
105 0.04 9326592
106 0.05 9375744
107 0.05 9396224
108 0.04 9424896
109 0.05 9396224
110 0.05 9441280
111 0.04 9474048
112 0.05 9428992
113 0.05 9449472
114 0.04 9457664
115 0.05 9469952
116 0.04 9502720
117 0.05 9543680
118 0.05 9551872
119 0.04 9568256
120 0.05 9596928
121 0.05 9560064
122 0.05 9621504
123 0.05 9695232
124 0.06 9678848
125 0.06 9682944
126 0.05 9752576
127 0.05 9773056
128 0.05 9781248
129 0.05 9797632
130 0.05 9834496
131 0.06 9875456
132 0.05 9883648
133 0.06 9924608
134 0.06 9883648
135 0.06 9957376
136 0.06 9924608
137 0.05 9945088
138 0.06 9981952
139 0.05 10031104
140 0.06 10035200
141 0.06 10010624
142 0.05 10006528
143 0.06 10043392
144 0.05 10100736
145 0.06 10121216
146 0.06 10104832
147 0.06 10108928
148 0.06 10186752
149 0.06 10203136
150 0.06 10211328
151 0.06 10280960
152 0.06 10244096
153 0.06 10342400
154 0.06 10293248
155 0.06 10350592
156 0.06 10330112
157 0.06 10305536
158 0.05 10375168
159 0.05 10346496
160 0.07 10477568
161 0.06 10485760
162 0.06 10522624
163 0.07 10514432
164 0.06 10559488
165 0.07 10620928
166 0.06 10518528
167 0.07 10604544
168 0.06 10616832
169 0.06 10653696
170 0.06 10612736
171 0.06 10641408
172 0.07 10702848
173 0.07 10735616
174 0.07 10784768
175 0.06 10805248
176 0.06 10752000
177 0.06 10711040
178 0.06 10780672
179 0.06 10801152
180 0.07 10842112
181 0.07 10874880
182 0.07 10919936
183 0.07 10899456
184 0.06 10833920
185 0.07 10907648
186 0.05 10891264
187 0.06 10903552
188 0.05 10924032
189 0.06 10977280
190 0.06 10956800
191 0.06 10989568
192 0.07 11112448
193 0.06 11087872
194 0.06 11087872
195 0.06 11108352
196 0.06 11108352
197 0.06 11128832
198 0.07 11194368
199 0.06 11137024
200 0.06 11206656
201 0.06 11218944
202 0.07 11247616
203 0.06 11210752
204 0.06 11243520
205 0.07 11309056
206 0.07 11288576
207 0.06 11341824
208 0.06 11358208
209 0.06 11325440
210 0.06 11350016
211 0.06 11374592
212 0.07 11436032
213 0.07 11460608
214 0.06 11419648
215 0.07 11485184
216 0.06 11538432
217 0.06 11493376
218 0.07 11563008
219 0.07 11571200
220 0.07 11632640
221 0.07 11608064
222 0.07 11640832
223 0.07 11653120
224 0.07 11616256
225 0.06 11694080
226 0.07 11710464
227 0.06 11726848
228 0.07 11751424
229 0.07 11730944
230 0.08 11780096
231 0.07 11804672
232 0.07 11763712
233 0.07 11780096
234 0.07 11870208
235 0.07 11816960
236 0.06 11894784
237 0.08 11894784
238 0.07 11886592
239 0.08 11952128
240 0.07 11993088
241 0.08 12001280
242 0.07 12017664
243 0.07 12042240
244 0.07 12042240
245 0.07 12075008
246 0.07 12050432
247 0.08 12099584
248 0.07 12087296
249 0.07 12161024
250 0.07 12181504
251 0.07 12189696
252 0.08 12226560
253 0.07 12255232
254 0.08 12320768
255 0.07 12271616
256 0.07 12288000
257 0.08 12369920
258 0.07 12419072
259 0.08 12431360
260 0.08 12468224
261 0.08 12476416
262 0.08 12492800
263 0.08 12505088
264 0.08 12558336
265 0.07 12578816
266 0.08 12587008
267 0.08 12607488
268 0.08 12623872
269 0.08 12640256
270 0.08 12685312
271 0.08 12709888
272 0.07 12718080
273 0.09 12861440
274 0.08 12816384
275 0.08 12898304
276 0.07 12857344
277 0.09 12886016
278 0.09 12906496
279 0.08 12914688
280 0.08 12890112
281 0.08 12902400
282 0.08 12947456
283 0.08 12963840
284 0.08 13078528
285 0.08 13008896
286 0.08 13021184
287 0.09 13045760
288 0.09 13123584
289 0.08 13099008
290 0.08 13197312
291 0.08 13201408
292 0.08 13160448
293 0.09 13221888
294 0.08 13262848
295 0.08 13344768
296 0.09 13348864
297 0.08 13361152
298 0.09 13389824
299 0.09 13406208
300 0.09 13385728
301 0.09 13451264
302 0.09 13447168
303 0.09 13508608
304 0.09 13520896
305 0.08 13545472
306 0.09 13627392
307 0.09 13590528
308 0.09 13623296
309 0.08 13656064
310 0.09 13606912
311 0.09 13672448
312 0.08 13660160
313 0.12 13824000
314 0.12 13877248
315 0.09 13774848
316 0.09 13799424
317 0.09 13758464
318 0.09 13840384
319 0.1 13815808
320 0.09 13844480
321 0.09 13910016
322 0.1 13918208
323 0.09 13950976
324 0.1 14016512
325 0.1 14098432
326 0.09 14028800
327 0.09 13991936
328 0.1 14061568
329 0.09 14065664
330 0.1 14159872
331 0.09 14077952
332 0.1 14172160
333 0.1 14290944
334 0.09 14221312
335 0.1 14209024
336 0.1 14258176
337 0.09 14225408
338 0.1 14307328
339 0.09 14323712
340 0.09 14286848
341 0.1 14299136
342 0.1 14381056
343 0.1 14393344
344 0.09 14438400
345 0.1 14417920
346 0.1 14475264
347 0.1 14487552
348 0.1 14479360
349 0.09 14491648
350 0.1 14577664
351 0.1 14581760
352 0.11 14606336
353 0.11 14614528
354 0.1 14671872
355 0.11 14725120
356 0.1 14704640
357 0.1 14675968
358 0.1 14741504
359 0.1 14757888
360 0.1 14811136
361 0.1 14827520
362 0.1 14798848
363 0.11 14864384
364 0.1 14872576
365 0.11 14938112
366 0.1 14979072
367 0.11 15065088
368 0.1 15024128
369 0.11 15032320
370 0.1 15081472
371 0.11 15060992
372 0.1 15134720
373 0.11 15241216
374 0.11 15220736
375 0.11 15208448
376 0.11 15233024
377 0.11 15249408
378 0.11 15224832
379 0.11 15302656
380 0.11 15351808
381 0.11 15306752
382 0.1 15351808
383 0.11 15368192
384 0.11 15413248
385 0.11 15433728
386 0.12 15540224
387 0.11 15482880
388 0.11 15495168
389 0.11 15511552
390 0.11 15556608
391 0.11 15511552
392 0.11 15618048
393 0.11 15618048
394 0.1 15642624
395 0.1 15589376
396 0.11 15691776
397 0.12 15691776
398 0.11 15683584
399 0.11 15695872
400 0.11 15704064
401 0.12 15720448
402 0.11 15831040
403 0.11 15867904
404 0.12 15896576
405 0.12 15917056
406 0.12 15921152
407 0.12 15945728
408 0.11 15982592
409 0.12 15937536
410 0.11 16011264
411 0.12 15962112
412 0.12 16056320
413 0.12 16080896
414 0.11 16117760
415 0.13 16191488
416 0.12 16158720
417 0.12 16166912
418 0.12 16191488
419 0.12 16138240
420 0.11 16261120
421 0.13 16265216
422 0.13 16293888
423 0.12 16306176
424 0.12 16330752
425 0.11 16285696
426 0.13 16392192
427 0.11 16412672
428 0.11 16367616
429 0.11 16384000
430 0.12 16461824
431 0.12 16486400
432 0.12 16445440
433 0.12 16543744
434 0.12 16584704
435 0.12 16592896
436 0.12 16613376
437 0.12 16633856
438 0.12 16658432
439 0.12 16601088
440 0.12 16711680
441 0.12 16728064
442 0.13 16736256
443 0.12 16752640
444 0.13 16711680
445 0.12 16801792
446 0.13 16846848
447 0.13 16945152
448 0.12 16879616
449 0.13 16830464
450 0.12 16945152
451 0.12 16949248
452 0.13 16977920
453 0.13 16990208
454 0.13 17018880
455 0.13 17035264
456 0.12 17006592
457 0.13 17092608
458 0.12 17047552
459 0.13 17125376
460 0.12 17158144
461 0.13 17178624
462 0.13 17145856
463 0.13 17235968
464 0.13 17252352
465 0.13 17207296
466 0.13 17285120
467 0.13 17342464
468 0.13 17379328
469 0.13 17387520
470 0.13 17371136
471 0.13 17453056
472 0.13 17420288
473 0.13 17428480
474 0.13 17469440
475 0.14 17551360
476 0.13 17580032
477 0.14 17534976
478 0.13 17592320
479 0.13 17612800
480 0.14 17674240
481 0.14 17698816
482 0.14 17809408
483 0.14 17747968
484 0.14 17764352
485 0.13 17735680
486 0.13 17772544
487 0.14 17838080
488 0.14 17866752
489 0.14 17887232
490 0.14 17903616
491 0.13 17920000
492 0.15 17956864
493 0.14 17932288
494 0.14 17969152
495 0.14 18026496
496 0.15 18051072
497 0.14 18067456
498 0.15 18153472
499 0.14 18059264
500 0.15 18157568
501 0.14 18173952
502 0.14 18190336
503 0.14 18202624
504 0.15 18178048
505 0.15 18264064
506 0.14 18296832
507 0.14 18321408
508 0.15 18366464
509 0.15 18378752
510 0.15 18489344
511 0.14 18452480
512 0.15 18546688
513 0.14 18571264
514 0.14 18587648
515 0.15 18632704
516 0.15 18636800
517 0.14 18657280
518 0.15 18747392
519 0.15 18755584
520 0.14 18731008
521 0.15 18845696
522 0.15 18829312
523 0.15 18890752
524 0.15 18927616
525 0.15 19050496
526 0.15 18952192
527 0.15 18927616
528 0.15 19173376
529 0.14 19013632
530 0.15 19107840
531 0.15 19128320
532 0.15 19095552
533 0.15 19169280
534 0.16 19247104
535 0.15 19263488
536 0.15 19238912
537 0.16 19247104
538 0.15 19337216
539 0.16 19283968
540 0.15 19419136
541 0.16 19394560
542 0.16 19521536
543 0.16 19501056
544 0.16 19623936
545 0.15 19537920
546 0.15 19546112
547 0.15 19562496
548 0.16 19660800
549 0.15 19668992
550 0.16 19714048
551 0.16 19664896
552 0.15 19787776
553 0.16 19763200
554 0.16 19832832
555 0.16 19849216
556 0.16 19886080
557 0.16 19849216
558 0.16 19972096
559 0.16 19935232
560 0.16 19972096
561 0.16 19992576
562 0.15 20094976
563 0.16 20033536
564 0.17 20279296
565 0.17 20234240
566 0.17 20312064
567 0.19 20307968
568 0.24 20361216
569 0.23 20373504
570 0.17 20443136
571 0.19 20512768
572 0.25 20500480
573 0.22 20545536
574 0.17 20369408
575 0.17 20422656
576 0.19 20619264
577 0.22 20656128
578 0.19 20705280
579 0.18 20713472
580 0.16 20623360
581 0.16 20582400
582 0.17 20709376
583 0.18 20717568
584 0.18 20873216
585 0.17 20721664
586 0.16 20733952
587 0.18 20815872
588 0.21 21041152
589 0.18 21024768
590 0.2 21131264
591 0.2 21151744
592 0.19 21016576
593 0.18 21098496
594 0.18 21331968
595 0.17 21192704
596 0.19 21299200
597 0.19 21307392
598 0.17 21176320
599 0.2 21344256
600 0.19 21479424
601 0.19 21463040
602 0.19 21434368
603 0.19 21381120
604 0.19 21434368
605 0.18 21430272
606 0.17 21479424
607 0.19 21557248
608 0.18 21630976
609 0.18 21712896
610 0.18 21643264
611 0.17 21581824
612 0.18 21667840
613 0.18 21757952
614 0.18 21782528
615 0.19 21790720
616 0.18 22003712
617 0.2 21987328
618 0.19 21905408
619 0.19 22011904
620 0.19 22024192
621 0.18 22118400
622 0.19 22188032
623 0.18 22036480
624 0.18 22102016
625 0.18 22126592
626 0.18 22073344
627 0.18 22179840
628 0.18 22183936
629 0.2 22237184
630 0.19 22286336
631 0.19 22306816
632 0.19 22278144
633 0.18 22355968
634 0.19 22372352
635 0.19 22396928
636 0.19 22421504
637 0.18 22487040
638 0.19 22511616
639 0.19 22532096
640 0.19 22523904
641 0.19 22544384
642 0.2 22740992
643 0.19 22638592
644 0.19 22671360
645 0.19 22704128
646 0.18 22650880
647 0.19 22827008
648 0.18 22814720
649 0.19 22831104
650 0.19 22855680
651 0.19 22896640
652 0.2 23052288
653 0.19 22863872
654 0.2 22994944
655 0.25 23134208
656 0.2 23064576
657 0.2 23048192
658 0.27 23175168
659 0.2 23101440
660 0.19 23130112
661 0.2 23306240
662 0.19 23175168
663 0.2 23334912
664 0.2 23310336
665 0.2 23236608
666 0.2 23363584
667 0.2 23392256
668 0.2 23400448
669 0.2 23470080
670 0.2 23457792
671 0.2 23474176
672 0.2 23547904
673 0.2 23511040
674 0.2 23584768
675 0.2 23592960
676 0.2 23633920
677 0.2 23597056
678 0.2 23728128
679 0.21 23740416
680 0.21 23928832
681 0.2 23793664
682 0.2 23822336
683 0.2 23830528
684 0.21 23916544
685 0.2 23932928
686 0.2 23891968
687 0.2 23916544
688 0.2 23941120
689 0.2 23957504
690 0.21 24113152
691 0.2 24076288
692 0.21 24166400
693 0.21 24174592
694 0.2 24215552
695 0.21 24240128
696 0.22 24309760
697 0.21 24350720
698 0.2 24309760
699 0.21 24387584
700 0.22 24461312
701 0.22 24420352
702 0.22 24547328
703 0.21 24637440
704 0.22 24645632
705 0.21 24506368
706 0.21 24588288
707 0.21 24608768
708 0.21 24788992
709 0.21 24694784
710 0.21 24731648
711 0.22 24752128
712 0.21 24772608
713 0.21 24797184
714 0.22 24854528
715 0.21 24875008
716 0.21 24924160
717 0.21 25055232
718 0.22 24948736
719 0.22 24969216
720 0.21 25047040
721 0.22 25038848
722 0.22 25096192
723 0.21 25051136
724 0.21 25145344
725 0.23 25092096
726 0.22 25223168
727 0.22 25341952
728 0.21 25280512
729 0.22 25288704
730 0.22 25313280
731 0.22 25337856
732 0.21 25415680
733 0.22 25440256
734 0.22 25464832
735 0.22 25407488
736 0.22 25530368
737 0.21 25456640
738 0.22 25608192
739 0.23 25731072
740 0.22 25645056
741 0.22 25665536
742 0.22 25681920
743 0.22 25706496
744 0.22 25718784
745 0.21 25735168
746 0.23 25821184
747 0.22 25866240
748 0.23 25939968
749 0.22 25923584
750 0.23 25980928
751 0.22 25989120
752 0.23 26136576
753 0.22 26062848
754 0.23 26071040
755 0.23 26103808
756 0.22 26148864
757 0.22 26169344
758 0.23 26247168
759 0.22 26271744
760 0.23 26439680
761 0.23 26312704
762 0.22 26394624
763 0.23 26402816
764 0.23 26427392
765 0.23 26451968
766 0.23 26529792
767 0.23 26497024
768 0.22 26681344
769 0.22 26591232
770 0.23 26611712
771 0.23 26583040
772 0.23 26664960
773 0.23 26689536
774 0.24 26742784
775 0.24 26710016
776 0.23 26808320
777 0.24 26845184
778 0.24 26845184
779 0.24 26992640
780 0.23 26947584
781 0.24 26947584
782 0.23 26951680
783 0.24 26943488
784 0.23 26988544
785 0.23 27045888
786 0.24 27119616
787 0.24 27123712
788 0.24 27168768
789 0.23 27176960
790 0.24 27197440
791 0.24 27226112
792 0.23 27303936
793 0.24 27402240
794 0.23 27357184
795 0.23 27377664
796 0.23 27336704
797 0.24 27451392
798 0.24 27488256
799 0.24 27508736
800 0.24 27492352