1 0.07 10522624
2 0.07 10579968
3 0.08 10670080
4 0.07 10682368
5 0.08 10825728
6 0.07 10833920
7 0.07 10887168
8 0.07 10907648
9 0.08 11001856
10 0.07 11116544
11 0.08 11169792
12 0.07 11198464
13 0.08 11280384
14 0.08 11341824
15 0.08 11403264
16 0.08 11485184
17 0.08 11542528
18 0.08 11608064
19 0.09 11681792
20 0.08 11730944
21 0.09 11853824
22 0.09 11870208
23 0.09 11902976
24 0.09 12013568
25 0.08 12083200
26 0.09 12115968
27 0.09 12177408
28 0.09 12296192
29 0.09 12378112
30 0.09 12435456
31 0.09 12472320
32 0.09 12595200
33 0.09 12730368
34 0.1 12742656
35 0.09 12824576
36 0.1 12881920
37 0.1 12984320
38 0.1 13070336
39 0.1 13152256
40 0.1 13225984
41 0.1 13369344
42 0.11 13443072
43 0.1 13475840
44 0.1 13611008
45 0.11 13701120
46 0.1 13750272
47 0.11 13885440
48 0.12 14028800
49 0.11 14008320
50 0.11 14094336
51 0.11 14237696
52 0.12 14409728
53 0.11 14381056
54 0.11 14495744
55 0.12 14585856
56 0.12 14680064
57 0.12 14725120
58 0.12 14852096
59 0.12 14950400
60 0.12 15044608
61 0.12 15167488
62 0.12 15294464
63 0.12 15450112
64 0.12 15609856
65 0.13 15732736
66 0.13 15810560
67 0.13 15970304
68 0.13 16056320
69 0.22 16232448
70 0.13 16302080
71 0.13 16433152
72 0.14 16666624
73 0.13 16678912
74 0.14 16834560
75 0.15 17080320
76 0.13 17022976
77 0.14 17203200
78 0.14 17276928
79 0.14 17485824
80 0.15 17563648
81 0.14 17776640
82 0.15 17915904
83 0.15 18051072
84 0.16 18247680
85 0.15 18247680
86 0.16 18415616
87 0.15 18632704
88 0.15 18620416
89 0.16 18796544
90 0.16 18911232
91 0.15 19001344
92 0.16 19181568
93 0.16 19308544
94 0.16 19415040
95 0.16 19550208
96 0.17 19668992
97 0.16 19746816
98 0.17 19963904
99 0.16 20103168
100 0.17 20238336
101 0.17 20357120
102 0.17 20430848
103 0.17 20553728
104 0.18 20803584
105 0.18 20897792
106 0.18 21004288
107 0.18 21053440
108 0.18 21192704
109 0.19 21385216
110 0.18 21512192
111 0.18 21643264
112 0.19 21766144
113 0.19 21893120
114 0.18 21966848
115 0.18 22183936
116 0.19 22310912
117 0.19 22454272
118 0.2 22573056
119 0.19 22704128
120 0.19 22777856
121 0.2 23027712
122 0.2 23097344
123 0.19 23236608
124 0.2 23306240
125 0.2 23433216
126 0.2 23678976
127 0.2 23879680
128 0.2 24084480
129 0.21 24358912
130 0.21 24539136
131 0.2 24735744
132 0.21 24862720
133 0.21 25133056
134 0.21 25325568
135 0.22 25505792
136 0.22 25653248
137 0.21 25894912
138 0.23 26210304
139 0.22 26255360
140 0.27 26550272
141 0.23 26722304
142 0.22 26918912
143 0.22 27045888
144 0.23 27234304
145 0.23 27500544
146 0.23 27631616
147 0.23 27873280
148 0.23 28037120
149 0.24 28225536
150 0.24 28467200
151 0.23 28704768
152 0.24 28901376
153 0.24 29036544
154 0.24 29233152
155 0.24 29474816
156 0.25 29630464
157 0.24 29876224
158 0.25 30068736
159 0.25 30216192
160 0.26 30457856
161 0.24 30613504
162 0.25 30892032
163 0.26 31096832
164 0.26 31285248
165 0.27 31555584
166 0.26 31772672
167 0.26 31965184
168 0.26 32100352
169 0.26 32350208
170 0.26 32497664
171 0.28 32747520
172 0.27 32935936
173 0.27 33177600
174 0.27 33386496
175 0.27 33579008
176 0.28 33849344
177 0.27 33927168
178 0.28 34131968
179 0.28 34373632
180 0.29 34574336
181 0.28 34783232
182 0.29 34979840
183 0.29 35205120
184 0.3 35405824
185 0.28 35622912
186 0.29 35758080
187 0.29 36102144
188 0.29 36220928
189 0.3 36364288
190 0.3 36569088
191 0.3 36823040
192 0.31 37015552
193 0.3 37228544
194 0.3 37453824
195 0.3 37613568
196 0.31 37863424
197 0.31 38072320
198 0.31 38273024
199 0.32 38473728
200 0.32 38686720
201 0.32 38891520
202 0.32 39165952
203 0.32 39288832
204 0.32 39522304
205 0.32 39673856
206 0.32 39936000
207 0.33 40128512
208 0.33 40296448
209 0.34 40542208
210 0.33 40706048
211 0.33 40972288
212 0.34 41312256
213 0.34 41431040
214 0.34 41775104
215 0.34 41971712
216 0.34 42209280
217 0.35 42385408
218 0.35 42627072
219 0.34 42790912
220 0.35 42995712
221 0.35 43327488
222 0.35 43450368
223 0.35 43651072
224 0.35 43872256
225 0.36 44068864
226 0.36 44294144
227 0.37 44503040
228 0.37 44716032
229 0.36 44871680
230 0.37 45133824
231 0.37 45350912
232 0.37 45494272
233 0.37 45842432
234 0.38 46084096
235 0.38 46202880
236 0.38 46407680
237 0.38 46604288
238 0.39 46829568
239 0.38 47050752
240 0.58 47255552
241 0.39 47464448
242 0.38 47665152
243 0.38 47890432
244 0.39 48222208
245 0.4 48349184
246 0.39 48504832
247 0.39 48750592
248 0.4 48988160
249 0.4 49205248
250 0.4 49508352
251 0.41 49606656
252 0.4 49790976
253 0.41 50036736
254 0.41 50364416
255 0.41 50741248
256 0.41 51060736
257 0.42 51392512
258 0.42 51666944
259 0.42 52047872
260 0.63 52379648
261 0.43 52842496
262 0.42 53108736
263 0.43 53444608
264 0.43 53719040
265 0.43 54108160
266 0.43 54386688
267 0.43 54784000
268 0.44 55136256
269 0.44 55492608
270 0.44 55762944
271 0.45 56221696
272 0.44 56434688
273 0.45 56823808
274 0.45 57192448
275 0.46 57520128
276 0.46 58040320
277 0.45 58212352
278 0.45 58540032
279 0.46 58916864
280 0.66 59269120
281 0.47 59609088
282 0.47 59920384
283 0.47 60272640
284 0.47 60596224
285 0.47 60891136
286 0.47 61288448
287 0.47 61607936
288 0.48 61956096
289 0.48 62279680
290 0.48 62685184
291 0.49 63004672
292 0.48 63336448
293 0.49 63721472
294 0.48 64073728
295 0.49 64434176
296 0.49 64700416
297 0.5 65048576
298 0.5 65433600
299 0.5 65802240
300 0.69 66138112
301 0.5 66506752
302 0.5 66826240
303 0.51 67182592
304 0.51 67522560
305 0.52 67883008
306 0.51 68169728
307 0.51 68526080
308 0.52 68915200
309 0.72 69259264
310 0.52 69541888
311 0.53 69984256
312 0.52 70324224
313 0.52 70610944
314 0.53 70995968
315 0.53 71385088
316 0.53 71680000
317 0.54 72069120
318 0.54 72429568
319 0.54 72728576
320 0.55 73125888
321 0.56 73519104
322 0.55 73805824
323 0.55 74207232
324 0.56 74575872
325 0.55 74907648
326 0.55 75182080
327 0.56 75575296
328 0.57 75919360
329 0.68 76300288
330 0.57 76660736
331 0.57 76996608
332 0.57 77332480
333 0.57 77615104
334 0.57 77950976
335 0.58 78471168
336 0.59 78819328
337 0.59 79163392
338 0.6 79699968
339 0.6 79929344
340 0.6 80261120
341 0.61 80846848
342 0.61 81162240
343 0.6 81289216
344 0.61 81719296
345 0.62 82034688
346 0.62 82374656
347 0.62 82690048
348 0.62 83116032
349 0.8 83496960
350 0.62 83832832
351 0.63 84254720
352 0.64 84496384
353 0.62 84836352
354 0.63 85245952
355 0.64 85602304
356 0.64 85950464
357 0.64 86294528
358 0.64 86650880
359 0.84 86962176
360 0.65 87449600
361 0.65 87736320
362 0.65 88076288
363 0.65 88420352
364 0.65 88731648
365 0.66 89202688
366 0.66 89530368
367 0.66 89882624
368 0.66 90161152
369 0.67 90570752
370 0.67 90898432
371 0.68 91267072
372 0.68 91656192
373 0.68 92008448
374 0.69 92459008
375 0.7 92721152
376 0.68 93077504
377 0.68 93372416
378 0.69 93806592
379 0.69 94109696
380 0.69 94502912
381 0.69 94908416
382 0.7 95219712
383 0.69 95567872
384 0.7 95899648
385 0.71 96309248
386 0.71 96600064
387 0.72 97009664
388 0.71 97329152
389 0.71 97660928
390 0.71 98127872
391 0.73 98451456
392 0.73 98770944
393 0.73 99176448
394 0.93 99524608
395 0.73 99852288
396 0.73 100253696
397 0.74 100655104
398 0.74 100950016
399 0.74 101269504
400 0.75 101629952
401 0.74 102043648
402 0.75 102428672
403 0.75 102727680
404 0.76 103120896
405 0.75 103432192
406 0.75 103829504
407 0.76 104210432
408 0.76 104554496
409 0.96 105046016
410 0.77 105295872
411 0.78 105660416
412 0.77 105963520
413 0.77 106389504
414 0.78 106766336
415 0.79 107339776
416 0.78 107483136
417 0.78 108122112
418 0.79 108187648
419 0.78 108593152
420 0.79 108892160
421 0.79 109301760
422 0.8 109662208
423 0.81 110137344
424 0.81 110391296
425 0.81 110800896
426 0.81 111132672
427 0.8 111448064
428 0.81 111853568
429 0.81 112222208
430 0.82 112525312
431 0.82 112939008
432 0.82 113344512
433 0.83 113680384
434 0.83 114221056
435 0.82 114417664
436 0.83 114737152
437 0.83 115142656
438 0.83 115531776
439 0.84 115834880
440 0.84 116244480
441 0.84 116600832
442 0.84 116969472
443 0.85 117374976
444 0.85 117665792
445 0.86 118095872
446 0.85 118509568
447 0.86 118771712
448 0.86 119201792