1 0.06 10485760
2 0.07 10620928
3 0.07 10600448
4 0.07 10649600
5 0.07 10760192
6 0.08 10801152
7 0.07 10866688
8 0.08 10911744
9 0.08 11001856
10 0.07 11014144
11 0.08 11100160
12 0.08 11169792
13 0.08 11223040
14 0.08 11272192
15 0.08 11296768
16 0.07 11358208
17 0.07 11427840
18 0.08 11513856
19 0.09 11599872
20 0.09 11661312
21 0.08 11702272
22 0.09 11771904
23 0.09 11886592
24 0.09 11857920
25 0.08 11927552
26 0.09 12017664
27 0.09 12099584
28 0.1 12161024
29 0.08 12189696
30 0.1 12283904
31 0.09 12365824
32 0.09 12390400
33 0.09 12447744
34 0.1 12521472
35 0.1 12640256
36 0.1 12709888
37 0.09 12804096
38 0.1 12873728
39 0.1 12951552
40 0.1 13025280
41 0.1 13103104
42 0.1 13135872
43 0.1 13303808
44 0.1 13324288
45 0.11 13443072
46 0.1 13533184
47 0.11 13606912
48 0.11 13684736
49 0.11 13770752
50 0.11 13844480
51 0.11 13922304
52 0.11 14008320
53 0.11 14086144
54 0.12 14168064
55 0.11 14200832
56 0.11 14336000
57 0.11 14413824
58 0.12 14475264
59 0.12 14585856
60 0.12 14659584
61 0.12 14716928
62 0.12 14876672
63 0.12 14987264
64 0.12 15089664
65 0.13 15224832
66 0.13 15323136
67 0.12 15499264
68 0.13 15568896
69 0.13 15814656
70 0.13 15847424
71 0.13 15966208
72 0.13 16039936
73 0.13 16183296
74 0.13 16293888
75 0.13 16404480
76 0.14 16461824
77 0.14 16621568
78 0.14 16732160
79 0.14 16891904
80 0.14 16990208
81 0.14 17043456
82 0.14 17244160
83 0.14 17342464
84 0.14 17453056
85 0.15 17563648
86 0.15 17678336
87 0.14 17772544
88 0.15 17879040
89 0.15 18046976
90 0.16 18116608
91 0.15 18276352
92 0.16 18382848
93 0.15 18489344
94 0.16 18599936
95 0.16 18710528
96 0.16 18825216
97 0.15 18993152
98 0.16 19054592
99 0.16 19111936
100 0.16 19275776
101 0.17 19415040
102 0.17 19554304
103 0.16 19570688
104 0.17 19726336
105 0.17 19841024
106 0.2 20086784
107 0.18 20103168
108 0.18 20185088
109 0.17 20291584
110 0.17 20422656
111 0.18 20545536
112 0.18 20639744
113 0.17 20746240
114 0.17 20807680
115 0.18 20983808
116 0.18 21028864
117 0.19 21266432
118 0.18 21262336
119 0.18 21364736
120 0.18 21491712
121 0.18 21598208
122 0.19 21749760
123 0.2 21975040
124 0.19 21975040
125 0.19 22118400
126 0.19 22294528
127 0.2 22405120
128 0.19 22634496
129 0.23 22806528
130 0.2 22974464
131 0.2 23134208
132 0.2 23244800
133 0.2 23461888
134 0.2 23654400
135 0.21 23900160
136 0.21 24174592
137 0.2 24256512
138 0.2 24379392
139 0.21 24616960
140 0.21 24780800
141 0.22 25026560
142 0.22 25145344
143 0.21 25264128
144 0.22 25477120
145 0.22 25661440
146 0.21 25772032
147 0.23 25997312
148 0.22 26181632
149 0.22 26300416
150 0.22 26546176
151 0.22 26726400
152 0.23 26853376
153 0.22 27017216
154 0.23 27189248
155 0.23 27422720
156 0.23 27537408
157 0.23 27705344
158 0.23 27885568
159 0.24 28061696
160 0.24 28225536
161 0.23 28438528
162 0.23 28581888
163 0.24 28815360
164 0.25 28995584
165 0.24 29184000
166 0.25 29356032
167 0.25 29515776
168 0.25 29761536
169 0.25 30003200
170 0.26 30097408
171 0.25 30269440
172 0.26 30441472
173 0.26 30568448
174 0.25 30826496
175 0.26 30994432
176 0.26 31117312
177 0.26 31334400
178 0.26 31461376
179 0.27 31625216
180 0.27 31854592
181 0.27 31965184
182 0.27 32202752
183 0.27 32321536
184 0.27 32489472
185 0.28 32763904
186 0.28 32829440
187 0.27 33042432
188 0.28 33214464
189 0.29 33456128
190 0.28 33554432
191 0.29 33783808
192 0.29 33959936
193 0.29 34209792
194 0.29 34299904
195 0.29 34435072
196 0.29 34635776
197 0.3 34816000
198 0.29 34983936
199 0.3 35205120
200 0.3 35442688
201 0.29 35536896
202 0.3 35680256
203 0.31 35889152
204 0.31 36171776
205 0.3 36184064
206 0.31 36483072
207 0.31 36548608
208 0.31 36749312
209 0.31 36876288
210 0.31 37044224
211 0.32 37359616
212 0.32 37498880
213 0.32 37707776
214 0.33 37892096
215 0.33 38117376
216 0.33 38174720
217 0.32 38350848
218 0.33 38580224
219 0.33 38694912
220 0.33 38858752
221 0.33 39030784
222 0.33 39264256
223 0.34 39497728
224 0.34 39661568
225 0.34 39813120
226 0.36 40124416
227 0.34 40091648
228 0.34 40333312
229 0.35 40505344
230 0.35 40669184
231 0.34 40796160
232 0.35 40955904
233 0.35 41127936
234 0.36 41357312
235 0.36 41660416
236 0.36 41869312
237 0.36 42049536
238 0.36 42307584
239 0.36 42348544
240 0.37 42569728
241 0.37 42745856
242 0.36 42852352
243 0.37 43073536
244 0.37 43200512
245 0.37 43421696
246 0.38 43556864
247 0.37 43716608
248 0.38 44023808
249 0.38 44191744
250 0.38 44408832
251 0.38 44511232
252 0.38 44691456
253 0.38 44871680
254 0.39 45133824
255 0.38 45379584
256 0.39 45727744
257 0.39 46096384
258 0.4 46338048
259 0.4 46641152
260 0.4 46919680
261 0.4 47235072
262 0.4 47525888
263 0.4 47812608
264 0.4 48058368
265 0.41 48472064
266 0.41 48771072
267 0.41 49065984
268 0.41 49397760
269 0.41 49557504
270 0.41 49913856
271 0.41 50237440
272 0.42 50548736
273 0.42 50847744
274 0.42 51138560
275 0.42 51380224
276 0.42 51662848
277 0.43 52019200
278 0.43 52301824
279 0.43 52641792
280 0.43 52912128
281 0.43 53219328
282 0.43 53522432
283 0.43 53813248
284 0.44 54054912
285 0.45 54525952
286 0.45 54747136
287 0.45 55046144
288 0.44 55283712
289 0.44 55635968
290 0.44 55865344
291 0.46 56217600
292 0.45 56516608
293 0.46 56942592
294 0.47 57159680
295 0.46 57384960
296 0.46 57683968
297 0.47 58060800
298 0.46 58298368
299 0.47 58634240
300 0.48 59052032
301 0.47 59252736
302 0.47 59498496
303 0.47 59797504
304 0.48 60153856
305 0.48 60391424
306 0.49 60698624
307 0.48 60997632
308 0.48 61476864
309 0.48 61657088
310 0.49 62177280
311 0.49 62246912
312 0.49 62550016
313 0.49 62795776
314 0.49 63131648
315 0.49 63488000
316 0.51 63901696
317 0.53 64065536
318 0.5 64348160
319 0.51 64663552
320 0.51 64909312
321 0.52 65257472
322 0.51 65552384
323 0.52 65974272
324 0.52 66179072
325 0.52 66580480
326 0.52 66924544
327 0.53 67076096
328 0.52 67330048
329 0.53 67698688
330 0.53 68005888
331 0.53 68280320
332 0.52 68546560
333 0.54 69099520
334 0.55 69169152
335 0.55 69603328
336 0.55 69943296
337 0.55 70238208
338 0.56 70520832
339 0.56 70815744
340 0.57 71127040
341 0.56 71421952
342 0.56 71700480
343 0.58 72224768
344 0.57 72331264
345 0.58 72630272
346 0.57 72871936
347 0.57 73175040
348 0.57 73482240
349 0.59 73879552
350 0.58 74088448
351 0.59 74420224
352 0.59 74711040
353 0.59 74993664
354 0.58 75300864
355 0.59 75599872
356 0.59 75911168
357 0.6 76169216
358 0.6 76546048
359 0.6 76820480
360 0.61 77127680
361 0.6 77389824
362 0.6 77676544
363 0.61 78008320
364 0.61 78286848
365 0.62 78626816
366 0.62 79179776
367 0.62 79220736
368 0.62 79523840
369 0.62 79781888
370 0.63 80142336
371 0.63 80400384
372 0.62 80756736
373 0.63 81031168
374 0.63 81301504
375 0.63 81629184
376 0.63 81883136
377 0.63 82210816
378 0.64 82534400
379 0.64 82845696
380 0.65 83136512
381 0.65 83439616
382 0.65 83730432
383 0.65 84025344
384 0.65 84328448
385 0.66 84692992
386 0.66 84914176
387 0.66 85405696
388 0.66 85520384
389 0.67 85880832
390 0.66 86106112
391 0.67 86413312
392 0.67 86855680
393 0.67 87044096
394 0.68 87523328
395 0.67 87617536
396 0.68 87932928
397 0.68 88219648
398 0.68 88547328
399 0.68 88809472
400 0.69 89104384
401 0.69 89460736
402 0.69 89755648
403 0.69 90075136
404 0.7 90300416
405 0.71 90656768
406 0.71 90984448
407 0.7 91242496
408 0.71 91512832
409 0.71 91860992
410 0.71 92151808
411 0.71 92405760
412 0.72 92946432
413 0.73 93044736
414 0.72 93290496
415 0.72 93667328
416 0.72 93970432
417 0.73 94257152
418 0.73 94560256
419 0.73 94937088
420 0.74 95150080
421 0.73 95404032
422 0.82 95780864
423 0.75 96071680
424 0.75 96350208
425 0.75 96669696
426 0.75 97021952
427 0.74 97206272
428 0.76 97562624
429 0.75 97910784
430 0.76 98181120
431 0.76 98537472
432 0.77 98721792
433 0.76 99074048
434 0.77 99307520
435 0.77 99594240
436 0.77 99958784
437 0.77 100343808
438 0.78 100573184
439 0.79 100888576
440 0.78 101220352
441 0.78 101400576
442 0.78 101761024
443 0.79 102146048
444 0.79 102400000
445 0.79 102670336
446 0.8 102973440
447 0.79 103227392
448 0.8 103768064
449 0.8 103813120
450 0.82 104316928
451 0.81 104476672
452 0.81 104759296
453 0.81 105082880
454 0.81 105369600
455 0.82 105611264
456 0.81 105910272
457 0.82 106258432
458 0.83 106930176
459 0.82 106889216
460 0.82 107126784
461 0.83 107433984
462 0.83 107745280
463 0.84 108060672
464 0.84 108363776
465 0.84 108687360
466 0.85 108965888
467 0.85 109383680
468 0.85 109645824
469 0.86 110116864
470 0.86 110350336
471 0.86 110571520
472 0.87 110927872
473 0.86 111202304
474 0.86 111509504
475 0.87 111779840
476 0.87 112103424
477 0.88 112586752
478 0.87 112635904
479 0.89 113082368
480 0.9 113307648
481 0.89 113594368
482 0.9 113885184
483 0.9 114176000
484 0.9 114479104
485 0.9 114782208
486 0.9 115060736
487 0.9 115412992
488 0.9 115728384
489 0.92 116207616
490 0.91 116314112
491 0.92 116764672
492 0.92 116891648
493 0.92 117207040
494 0.93 117547008
495 0.92 117841920
496 0.92 118050816
497 0.93 118358016
498 0.93 118677504
499 0.94 118992896
500 0.93 119300096
501 0.93 119586816
502 0.94 119996416
503 0.94 120209408
504 0.94 120520704
505 0.95 120786944
506 0.95 121098240
507 0.95 121364480
508 0.95 121737216
509 0.97 122331136
510 0.97 122552320
511 0.97 123084800
512 0.98 123666432
513 0.98 124227584
514 0.97 124755968
515 0.98 125292544
516 0.99 126038016
517 0.98 126365696
518 0.98 126951424
519 0.98 127516672
520 0.99 128086016
521 0.99 128593920
522 0.99 129130496
523 1.0 129671168
524 1.0 130297856
525 1.01 130826240
526 1.0 131264512
527 1.02 131928064
528 1.02 132476928
529 1.01 132915200
530 1.02 133500928
531 1.02 134053888
532 1.02 134541312
533 1.03 135131136
534 1.03 135630848
535 1.04 136462336
536 1.04 136765440
537 1.03 137355264
538 1.05 137891840
539 1.05 138362880
540 1.05 139321344
541 1.06 139513856
542 1.05 140099584
543 1.05 140648448
544 1.06 141197312
545 1.07 141733888
546 1.06 142225408
547 1.07 142811136
548 1.08 143343616
549 1.07 143962112
550 1.09 144637952
551 1.08 145047552
552 1.09 145637376
553 1.09 146112512
554 1.09 146681856
555 1.1 147222528
556 1.09 147759104
557 1.1 148316160
558 1.11 148840448
559 1.11 149401600
560 1.11 149983232
561 1.12 150487040
562 1.12 151244800
563 1.12 151519232
564 1.14 152170496
565 1.14 152850432
566 1.14 153288704
567 1.12 153718784
568 1.13 154365952
569 1.14 154853376
570 1.14 155361280
571 1.17 155996160
572 1.14 156504064
573 1.16 157048832
574 1.15 157609984
575 1.16 158056448
576 1.17 158760960
577 1.16 159260672
578 1.19 159821824
579 1.17 160362496
580 1.2 161021952
581 1.18 161476608
582 1.17 161976320
583 1.18 162529280
584 1.2 163332096
585 1.19 163627008
586 1.19 164184064
587 1.2 164765696
588 1.2 165359616
589 1.2 165818368
590 1.21 166404096
591 1.21 166973440
592 1.21 167411712
593 1.23 168026112
594 1.22 168550400
595 1.23 169127936
596 1.23 169668608
597 1.23 170188800
598 1.23 170725376
599 1.26 171483136
600 1.24 171831296
601 1.25 172462080
602 1.25 172904448
603 1.25 173453312
604 1.25 174030848
605 1.26 174551040
606 1.26 175161344
607 1.27 175722496
608 1.26 176164864
609 1.28 176783360
610 1.28 177405952
611 1.28 177885184
612 1.28 178401280
613 1.28 178970624
614 1.28 179539968
615 1.29 180113408
616 1.29 180588544
617 1.29 181104640
618 1.3 181669888
619 1.32 182415360
620 1.31 182775808
621 1.33 183504896
622 1.32 183898112
623 1.35 184643584
624 1.32 184967168
625 1.32 185507840
626 1.33 186028032
627 1.33 186621952
628 1.33 187146240
629 1.33 187695104
630 1.34 188309504
631 1.34 188858368
632 1.35 189534208
633 1.36 189911040
634 1.36 190464000
635 1.36 191234048
636 1.36 191557632
637 1.36 192155648
638 1.36 192749568
639 1.36 193216512
640 1.37 193679360
641 1.4 194326528
642 1.37 194850816
643 1.37 195424256
644 1.39 196268032
645 1.39 196546560
646 1.39 197111808
647 1.39 197763072
648 1.4 198455296
649 1.4 198660096
650 1.4 199241728
651 1.41 199843840
652 1.42 200601600
653 1.41 200912896
654 1.41 201457664
655 1.42 201994240
656 1.42 202469376
657 1.43 202977280
658 1.44 203808768
659 1.44 204255232
660 1.44 204652544
661 1.44 205209600
662 1.47 205787136
663 1.45 206348288
664 1.46 207003648
665 1.45 207364096
666 1.51 208191488
667 1.47 208556032
668 1.47 209121280
669 1.47 209600512
670 1.47 210120704
671 1.49 210776064
672 1.49 211304448
673 1.49 211836928
674 1.49 212299776
675 1.5 213106688
676 1.55 213786624
677 1.54 214020096
678 1.56 214589440
679 1.56 215093248
680 1.55 215642112
681 1.56 216129536
682 1.58 216731648
683 1.57 217333760
684 1.61 218079232
685 1.57 218357760
686 1.59 218902528
687 1.58 219463680
688 1.58 219938816
689 1.68 220790784
690 1.59 221114368
691 1.6 221634560
692 1.61 222187520
693 1.6 222732288
694 1.61 223272960
695 1.61 223784960
696 1.61 224366592
697 1.62 224935936
698 1.62 225419264
699 1.62 225996800
700 1.65 226594816
701 1.62 227078144
702 1.64 227721216
703 1.64 228220928
704 1.64 228777984
705 1.65 229306368
706 1.65 229859328
707 1.75 230477824
708 1.66 230932480
709 1.66 231657472
710 1.66 232009728
711 1.77 232779776
712 1.77 233426944
713 1.68 233676800
714 1.68 234213376
715 1.68 234733568
716 1.68 235327488
717 1.7 235843584
718 1.7 236433408
719 1.7 237072384
720 1.71 237531136
721 1.81 238202880
722 1.71 238579712
723 1.71 239112192
724 1.74 239841280
725 1.74 240271360
726 1.73 240799744
727 1.73 241451008
728 1.73 241897472
729 1.73 242450432
730 1.74 243240960
731 1.74 243503104
732 1.75 244248576
733 1.75 244645888
734 1.76 245141504
735 1.75 245727232
736 1.77 246226944
737 1.76 246829056
738 1.77 247382016
739 1.78 247861248
740 1.78 248430592
741 1.79 249176064
742 1.79 249552896
743 1.79 250097664
744 1.79 250589184
745 1.8 251207680
746 1.8 251731968
747 1.81 252395520
748 1.82 252833792
749 1.83 253632512
750 1.82 253935616
751 1.82 254443520
752 1.82 254992384
753 1.83 255574016
754 1.84 256077824
755 1.86 256757760
756 1.85 257196032
757 1.85 257871872
758 1.84 258248704
759 1.85 258846720
760 1.86 259407872
761 1.86 259936256
762 1.87 260517888
763 1.86 261070848
764 1.89 261730304
765 1.87 262180864
766 1.88 262860800
767 1.9 263434240
768 1.88 263819264
769 1.89 264290304
770 1.91 265052160
771 1.9 265437184
772 1.91 266158080
773 1.91 266539008
774 2.08 267272192
775 1.92 267620352
776 1.92 268177408
777 1.93 268709888
778 1.93 269205504
779 1.94 269807616
780 1.94 270311424
781 1.93 270917632
782 2.12 271540224
783 2.08 272257024
784 1.95 272498688
785 1.96 273031168
786 1.96 273625088
787 1.96 274190336
788 2.15 274898944
789 1.98 275259392
790 1.97 275849216
791 1.97 276340736
792 2.17 277032960
793 1.99 277516288
794 2.0 278028288
795 2.0 278585344
796 2.01 279121920
797 2.03 279863296
798 2.0 280207360
799 2.03 280707072
800 2.04 281280512