1 0.02 7376896
2 0.01 7352320
3 0.01 7405568
4 0.02 7389184
5 0.02 7450624
6 0.02 7446528
7 0.03 7487488
8 0.02 7528448
9 0.02 7548928
10 0.02 7581696
11 0.03 7606272
12 0.02 7626752
13 0.02 7643136
14 0.02 7680000
15 0.02 7708672
16 0.02 7741440
17 0.02 7708672
18 0.02 7778304
19 0.02 7806976
20 0.02 7839744
21 0.02 7864320
22 0.02 7901184
23 0.02 7897088
24 0.02 7921664
25 0.02 8024064
26 0.02 8069120
27 0.03 8052736
28 0.03 8118272
29 0.02 8159232
30 0.02 8134656
31 0.03 8212480
32 0.02 8253440
33 0.02 8290304
34 0.02 8323072
35 0.03 8335360
36 0.03 8380416
37 0.03 8413184
38 0.02 8454144
39 0.03 8478720
40 0.02 8523776
41 0.03 8548352
42 0.03 8556544
43 0.03 8634368
44 0.03 8654848
45 0.03 8699904
46 0.04 8736768
47 0.02 8740864
48 0.03 8769536
49 0.03 8855552
50 0.03 8892416
51 0.03 8941568
52 0.03 8916992
53 0.03 9007104
54 0.03 9039872
55 0.04 9113600
56 0.03 9080832
57 0.03 9117696
58 0.04 9191424
59 0.03 9236480
60 0.04 9261056
61 0.03 9326592
62 0.03 9359360
63 0.04 9420800
64 0.03 9469952
65 0.04 9539584
66 0.04 9592832
67 0.04 9641984
68 0.04 9699328
69 0.03 9695232
70 0.04 9781248
71 0.04 9818112
72 0.03 9883648
73 0.04 9928704
74 0.04 9986048
75 0.04 10047488
76 0.04 10084352
77 0.03 10104832
78 0.05 10280960
79 0.05 10264576
80 0.04 10346496
81 0.04 10350592
82 0.04 10452992
83 0.05 10510336
84 0.04 10502144
85 0.04 10608640
86 0.04 10665984
87 0.05 10711040
88 0.04 10764288
89 0.05 10833920
90 0.04 10870784
91 0.04 10874880
92 0.05 10981376
93 0.05 11030528
94 0.04 11042816
95 0.05 11153408
96 0.05 11206656
97 0.05 11259904
98 0.05 11255808
99 0.05 11390976
100 0.05 11431936
101 0.05 11489280
102 0.05 11530240
103 0.06 11657216
104 0.06 11657216
105 0.06 11702272
106 0.05 11694080
107 0.05 11812864
108 0.05 11862016
109 0.05 11874304
110 0.05 11976704
111 0.06 12034048
112 0.06 12087296
113 0.06 12152832
114 0.05 12197888
115 0.05 12255232
116 0.06 12333056
117 0.05 12365824
118 0.06 12431360
119 0.06 12513280
120 0.06 12599296
121 0.07 12644352
122 0.07 12693504
123 0.05 12693504
124 0.06 12804096
125 0.07 12959744
126 0.06 12951552
127 0.07 13094912
128 0.06 13139968
129 0.06 13152256
130 0.06 13230080
131 0.06 13357056
132 0.06 13377536
133 0.06 13524992
134 0.07 13623296
135 0.07 13692928
136 0.06 13701120
137 0.06 13844480
138 0.07 13860864
139 0.07 13996032
140 0.07 14069760
141 0.07 14106624
142 0.06 14241792
143 0.07 14258176
144 0.07 14405632
145 0.07 14483456
146 0.07 14561280
147 0.07 14688256
148 0.07 14798848
149 0.07 14868480
150 0.07 14946304
151 0.08 15032320
152 0.08 15114240
153 0.08 15192064
154 0.07 15269888
155 0.08 15364096
156 0.07 15441920
157 0.07 15474688
158 0.07 15556608
159 0.08 15699968
160 0.08 15781888
161 0.08 15814656
162 0.08 15941632
163 0.08 16031744
164 0.07 16121856
165 0.09 16183296
166 0.08 16277504
167 0.08 16404480
168 0.08 16392192
169 0.09 16519168
170 0.08 16617472
171 0.09 16703488
172 0.08 16732160
173 0.08 16887808
174 0.09 16990208
175 0.09 17010688
176 0.08 17158144
177 0.09 17260544
178 0.08 17338368
179 0.09 17408000
180 0.1 17588224
181 0.09 17571840
182 0.09 17666048
183 0.09 17752064
184 0.09 17833984
185 0.09 17883136
186 0.09 18022400
187 0.09 18042880
188 0.09 18145280
189 0.1 18268160
190 0.09 18358272
191 0.1 18477056
192 0.1 18538496
193 0.1 18632704
194 0.1 18718720
195 0.1 18808832
196 0.1 18919424
197 0.1 18935808
198 0.09 19062784
199 0.1 19148800
200 0.1 19312640
201 0.1 19329024
202 0.1 19468288
203 0.1 19570688
204 0.1 19652608
205 0.11 19730432
206 0.11 19832832
207 0.1 19881984
208 0.11 20008960
209 0.1 20099072
210 0.11 20185088
211 0.11 20299776
212 0.1 20324352
213 0.11 20467712
214 0.11 20500480
215 0.1 20652032
216 0.12 20738048
217 0.12 20824064
218 0.11 20959232
219 0.11 20955136
220 0.11 21037056
221 0.12 21209088
222 0.11 21327872
223 0.11 21417984
224 0.12 21508096
225 0.11 21536768
226 0.12 21692416
227 0.12 21721088
228 0.12 21868544
229 0.13 21954560
230 0.12 22040576
231 0.12 22085632
232 0.12 22171648
233 0.12 22269952
234 0.12 22425600
235 0.12 22458368
236 0.12 22614016
237 0.12 22659072
238 0.12 22749184
239 0.13 22970368
240 0.12 22925312
241 0.12 23080960
242 0.12 23121920
243 0.13 23269376
244 0.12 23433216
245 0.13 23556096
246 0.13 23650304
247 0.13 23699456
248 0.14 23851008
249 0.13 23937024
250 0.13 24035328
251 0.13 24129536
252 0.14 24236032
253 0.13 24338432
254 0.14 24494080
255 0.13 24670208
256 0.14 24788992
257 0.14 24915968
258 0.13 25071616
259 0.14 25194496
260 0.14 25333760
261 0.13 25481216
262 0.14 25608192
263 0.14 25780224
264 0.15 25919488
265 0.14 26005504
266 0.15 26198016
267 0.14 26341376
268 0.15 26476544
269 0.14 26714112
270 0.15 26738688
271 0.15 26824704
272 0.15 26968064
273 0.14 27185152
274 0.15 27246592
275 0.15 27426816
276 0.15 27582464
277 0.16 27717632
278 0.15 27836416
279 0.15 28033024
280 0.15 28102656
281 0.15 28307456
282 0.16 28446720
283 0.16 28684288
284 0.17 28868608
285 0.16 28868608
286 0.15 29024256
287 0.15 29089792
288 0.16 29282304
289 0.15 29368320
290 0.16 29569024
291 0.16 29704192
292 0.16 29847552
293 0.16 29999104
294 0.17 30162944
295 0.16 30248960
296 0.16 30404608
297 0.16 30531584
298 0.16 30683136
299 0.17 30883840
300 0.16 31023104
301 0.16 31117312
302 0.17 31318016
303 0.18 31453184
304 0.18 31584256
305 0.17 31735808
306 0.17 31883264
307 0.17 31969280
308 0.17 32190464
309 0.17 32350208
310 0.17 32432128
311 0.18 32624640
312 0.17 32768000
313 0.18 32931840
314 0.17 33067008
315 0.17 33161216
316 0.18 33382400
317 0.18 33566720
318 0.18 33624064
319 0.18 33705984
320 0.18 33861632
321 0.19 34074624
322 0.18 34226176
323 0.18 34398208
324 0.18 34557952
325 0.19 34680832
326 0.19 34840576
327 0.18 34983936
328 0.2 35131392
329 0.2 35414016
330 0.19 35426304
331 0.19 35491840
332 0.19 35721216
333 0.2 35872768
334 0.2 36139008
335 0.2 36282368
336 0.2 36229120
337 0.2 36454400
338 0.21 36765696
339 0.2 36786176
340 0.2 36958208
341 0.2 37232640
342 0.2 37154816
343 0.22 37564416
344 0.22 37519360
345 0.21 37810176
346 0.22 37990400
347 0.21 37896192
348 0.2 38133760
349 0.21 38273024
350 0.21 38424576
351 0.21 38563840
352 0.22 38866944
353 0.22 38821888
354 0.21 39055360
355 0.21 39206912
356 0.22 39374848
357 0.23 39534592
358 0.22 39755776
359 0.22 39809024
360 0.21 39886848
361 0.21 40022016
362 0.22 40382464
363 0.22 40468480
364 0.24 40726528
365 0.23 40714240
366 0.23 41205760
367 0.22 41197568
368 0.23 41353216
369 0.22 41500672
370 0.22 41648128
371 0.23 41840640
372 0.23 41963520
373 0.23 42209280
374 0.23 42258432
375 0.24 42598400
376 0.24 42475520
377 0.24 42770432
378 0.23 42864640
379 0.24 43098112
380 0.24 43229184
381 0.23 43376640
382 0.24 43556864
383 0.24 43823104
384 0.25 43950080
385 0.24 44027904
386 0.24 44101632
387 0.24 44294144
388 0.24 44486656
389 0.25 44691456
390 0.24 44793856
391 0.25 44949504
392 0.25 45113344
393 0.25 45182976
394 0.24 45375488
395 0.25 45608960
396 0.25 45686784
397 0.26 45977600
398 0.24 46014464
399 0.25 46166016
400 0.25 46383104
401 0.25 46551040
402 0.25 46723072
403 0.26 46862336
404 0.25 46968832
405 0.27 47210496
406 0.26 47337472
407 0.26 47484928
408 0.25 47702016
409 0.26 47783936
410 0.26 47964160
411 0.25 48181248
412 0.26 48312320
413 0.27 48517120
414 0.27 48640000
415 0.27 48791552
416 0.27 48959488
417 0.27 49127424
418 0.27 49274880
419 0.27 49438720
420 0.26 49545216
421 0.27 49786880
422 0.28 49950720
423 0.28 50110464
424 0.27 50282496
425 0.28 50380800
426 0.28 50585600
427 0.29 50884608
428 0.38 51085312
429 0.33 51265536
430 0.3 51302400
431 0.29 51503104
432 0.42 51724288
433 0.31 51867648
434 0.29 51986432
435 0.31 52174848
436 0.29 52232192
437 0.29 52408320
438 0.29 52510720
439 0.3 52662272
440 0.29 52883456
441 0.3 53219328
442 0.29 53215232
443 0.3 53370880
444 0.3 53477376
445 0.3 53698560
446 0.3 53862400
447 0.3 54251520
448 0.29 54349824
449 0.29 54403072