1 0.09 11554816
2 0.09 11603968
3 0.09 11612160
4 0.1 11722752
5 0.09 11771904
6 0.1 11780096
7 0.11 12730368
8 0.13 12787712
9 0.13 12836864
10 0.12 12861440
11 0.12 12951552
12 0.13 13025280
13 0.14 13918208
14 0.17 14086144
15 0.15 14077952
16 0.15 14147584
17 0.16 14323712
18 0.15 14282752
19 0.18 15196160
20 0.18 15208448
21 0.19 15474688
22 0.18 15409152
23 0.18 15515648
24 0.18 15581184
25 0.21 16695296
26 0.2 16547840
27 0.21 16625664
28 0.21 16687104
29 0.22 16781312
30 0.22 16949248
31 0.24 17846272
32 0.24 17903616
33 0.24 17965056
34 0.24 18038784
35 0.24 18120704
36 0.24 18190336
37 0.26 19124224
38 0.26 19189760
39 0.27 19345408
40 0.27 19345408
41 0.27 19431424
42 0.28 19521536
43 0.3 20627456
44 0.29 20578304
45 0.29 20668416
46 0.29 20684800
47 0.29 20807680
48 0.29 20897792
49 0.32 21762048
50 0.32 21893120
51 0.32 22003712
52 0.33 22155264
53 0.32 22188032
54 0.33 22220800
55 0.34 23207936
56 0.35 23236608
57 0.35 23314432
58 0.34 23453696
59 0.36 23560192
60 0.35 23580672
61 0.37 24649728
62 0.38 24801280
63 0.37 24870912
64 0.38 25030656
65 0.38 25284608
66 0.38 25309184
67 0.4 26255360
68 0.42 26406912
69 0.4 26513408
70 0.4 26583040
71 0.42 26828800
72 0.41 26824704
73 0.44 27832320
74 0.44 27955200
75 0.44 27987968
76 0.44 28221440
77 0.44 28278784
78 0.44 28475392
79 0.47 29356032
80 0.47 29507584
81 0.47 29642752
82 0.47 29761536
83 0.47 29822976
84 0.47 29925376
85 0.49 30941184
86 0.5 31084544
87 0.5 31227904
88 0.5 31338496
89 0.5 31444992
90 0.51 31551488
91 0.52 32522240
92 0.53 32722944
93 0.52 32706560
94 0.53 32907264
95 0.54 33116160
96 0.53 33120256
97 0.56 34091008
98 0.55 34226176
99 0.56 34291712
100 0.56 34455552
101 0.56 34562048
102 0.56 34635776
103 0.59 35729408
104 0.59 35782656
105 0.59 35897344
106 0.59 36069376
107 0.6 36122624
108 0.59 36241408
109 0.62 37306368
110 0.62 37347328
111 0.61 37404672
112 0.62 37588992
113 0.63 37662720
114 0.63 37740544
115 0.65 38772736
116 0.64 38895616
117 0.66 39133184
118 0.66 39112704
119 0.65 39223296
120 0.65 39374848
121 0.68 40341504
122 0.67 40472576
123 0.68 40566784
124 0.68 40677376
125 0.68 40759296
126 0.69 41029632
127 0.7 42115072
128 0.71 42328064
129 0.71 42455040
130 0.71 42676224
131 0.71 42778624
132 0.71 43089920
133 0.74 44044288
134 0.74 44277760
135 0.74 44441600
136 0.75 44625920
137 0.75 44859392
138 0.75 44994560
139 0.78 46067712
140 0.77 46239744
141 0.79 46538752
142 0.78 46632960
143 0.78 46743552
144 0.78 46919680
145 0.81 47955968
146 0.8 48201728
147 0.81 48332800
148 0.81 48685056
149 0.82 48836608
150 0.81 48861184
151 0.83 49926144
152 0.84 50073600
153 0.84 50331648
154 0.84 50446336
155 0.85 50659328
156 0.84 50831360
157 0.88 51986432
158 0.88 52133888
159 0.88 52207616
160 0.88 52543488
161 0.87 52613120
162 0.88 52867072
163 0.9 53809152
164 0.9 53972992
165 0.9 54153216
166 0.9 54280192
167 0.9 54542336
168 0.9 54714368
169 0.93 55738368
170 0.93 55898112
171 0.93 56041472
172 0.95 56365056
173 0.94 56446976
174 0.95 56799232
175 0.96 57622528
176 0.97 57860096
177 0.97 58028032
178 0.96 58212352
179 0.97 58466304
180 0.97 58511360
181 0.99 59613184
182 1.0 59736064
183 1.0 59961344
184 1.0 60190720
185 1.0 60436480
186 1.0 60473344
187 1.02 61636608
188 1.02 61669376
189 1.04 61911040
190 1.03 62025728
191 1.04 62242816
192 1.03 62382080
193 1.06 63451136
194 1.07 63672320
195 1.06 63819776
196 1.06 63987712
197 1.06 64200704
198 1.06 64319488
199 1.09 65433600
200 1.1 65601536
201 1.1 65789952
202 1.09 66068480
203 1.09 66080768
204 1.09 66277376
205 1.12 67338240
206 1.12 67489792
207 1.12 67702784
208 1.12 67874816
209 1.14 68132864
210 1.13 68374528
211 1.16 69316608
212 1.15 69505024
213 1.16 69709824
214 1.15 69849088
215 1.16 70062080
216 1.16 70234112
217 1.18 71266304
218 1.19 71630848
219 1.18 71610368
220 1.18 71819264
221 1.19 72118272
222 1.19 72138752
223 1.22 73216000
224 1.21 73338880
225 1.21 73547776
226 1.22 73703424
227 1.24 73920512
228 1.22 74100736
229 1.24 75141120
230 1.25 75259904
231 1.26 75485184
232 1.26 75673600
233 1.28 75788288
234 1.28 76017664
235 1.28 77078528
236 1.28 77213696
237 1.29 77406208
238 1.29 77574144
239 1.29 77729792
240 1.29 78077952
241 1.33 79015936
242 1.32 79196160
243 1.32 79323136
244 1.33 79650816
245 1.32 79704064
246 1.32 79876096
247 1.34 80900096
248 1.34 81104896
249 1.36 81506304
250 1.36 81678336
251 1.35 81682432
252 1.36 81952768
253 1.37 82841600
254 1.38 83173376
255 1.38 83451904
256 1.41 83976192
257 1.4 84119552
258 1.39 84340736
259 1.43 85549056
260 1.43 85876736
261 1.43 86425600
262 1.42 86417408
263 1.43 86790144
264 1.44 87080960
265 1.45 88248320
266 1.44 88506368
267 1.45 88788992
268 1.45 89141248
269 1.45 89444352
270 1.47 89731072
271 1.47 90923008
272 1.48 91258880
273 1.49 91553792
274 1.5 91975680
275 1.5 92475392
276 1.5 92540928
277 1.52 93732864
278 1.54 94035968
279 1.54 94556160
280 1.53 94642176
281 1.54 94941184
282 1.53 95227904
283 1.56 96428032
284 1.55 96710656
285 1.59 97075200
286 1.56 97329152
287 1.57 97599488
288 1.57 97988608
289 1.59 99098624
290 1.6 99422208
291 1.59 99737600
292 1.6 100057088
293 1.6 100302848
294 1.61 100876288
295 1.63 101900288
296 1.63 102113280
297 1.63 102490112
298 1.63 102662144
299 1.63 102973440
300 1.64 103235584
301 1.66 104488960
302 1.67 105009152
303 1.67 105086976
304 1.67 105385984
305 1.67 105852928
306 1.67 106090496
307 1.7 107245568
308 1.7 107450368
309 1.7 107765760
310 1.72 108167168
311 1.71 108474368
312 1.72 108969984
313 1.75 109830144
314 1.73 110104576
315 1.74 110440448
316 1.74 110751744
317 1.77 111337472
318 1.74 111738880
319 1.77 112504832
320 1.79 113082368
321 1.82 113188864
322 1.78 113446912
323 1.77 113778688
324 1.78 114073600
325 1.8 115601408
326 1.81 115544064
327 1.81 115830784
328 1.81 116146176
329 1.84 116428800
330 1.81 116842496
331 1.83 117923840
332 1.83 118255616
333 1.85 118538240
334 1.86 118788096
335 1.87 119316480
336 1.85 119455744
337 1.88 120590336
338 1.88 120893440
339 1.88 121294848
340 1.9 121696256
341 1.9 121782272
342 1.88 122097664
343 1.91 123248640
344 1.91 123543552
345 1.92 123920384
346 1.92 124190720
347 1.91 124456960
348 1.93 125038592
349 1.98 126009344
350 1.95 126300160
351 1.95 126586880
352 1.96 127131648
353 1.97 127377408
354 1.96 127492096
355 1.99 128700416
356 1.99 128966656
357 1.99 129265664
358 1.99 129527808
359 2.02 129908736
360 2.0 130195456
361 2.01 131289088
362 2.03 131641344
363 2.04 132235264
364 2.03 132313088
365 2.03 132665344
366 2.02 132927488
367 2.05 134021120
368 2.06 134373376
369 2.06 134705152
370 2.06 135004160
371 2.08 135544832
372 2.07 135589888
373 2.1 136970240
374 2.1 137236480
375 2.1 137355264
376 2.1 137662464
377 2.1 137949184
378 2.12 138350592
379 2.13 139431936
380 2.13 139685888
381 2.16 140009472
382 2.13 140308480
383 2.14 140677120
384 2.14 140959744
385 2.16 142106624
386 2.17 142458880
387 2.19 142893056
388 2.17 143265792
389 2.17 143392768
390 2.18 143679488
391 2.2 144896000
392 2.21 145264640
393 2.22 145481728
394 2.2 145776640
395 2.2 146059264
396 2.21 146313216
397 2.24 147529728
398 2.28 147869696
399 2.24 148242432
400 2.25 148447232
401 2.25 148975616
402 2.24 149045248
403 2.27 150179840
404 2.27 150515712
405 2.29 150982656
406 2.27 151089152
407 2.28 151416832
408 2.28 151728128
409 2.31 152866816
410 2.31 153186304
411 2.32 153477120
412 2.31 153780224
413 2.32 154148864
414 2.33 154775552
415 2.35 155525120
416 2.34 155869184
417 2.38 156209152
418 2.35 156487680
419 2.37 157065216
420 2.35 157073408
421 2.38 158265344
422 2.38 158609408
423 2.4 158892032
424 2.41 159219712
425 2.43 159461376
426 2.42 159866880
427 2.43 161079296
428 2.42 161300480
429 2.43 161579008
430 2.43 161955840
431 2.43 162181120
432 2.43 162488320
433 2.45 163647488
434 2.51 163995648
435 2.46 164319232
436 2.46 164569088
437 2.5 164909056
438 2.47 165191680
439 2.52 166436864
440 2.53 166612992
441 2.5 167014400
442 2.51 167460864
443 2.51 167555072
444 2.5 167858176
445 2.53 169041920
446 2.53 169340928
447 2.54 169619456
448 2.55 170135552
449 2.54 170192896
450 2.56 170586112
451 2.56 171720704
452 2.6 172003328
453 2.57 172322816
454 2.59 172613632
455 2.58 172965888
456 2.58 173264896
457 2.62 174387200
458 2.61 174891008
459 2.61 175075328
460 2.61 175362048
461 2.61 175616000
462 2.62 175984640
463 2.65 177315840
464 2.65 177455104
465 2.66 177823744
466 2.65 178180096
467 2.65 178511872
468 2.66 178831360
469 2.68 179965952
470 2.69 180264960
471 2.7 180559872
472 2.69 180801536
473 2.71 181243904
474 2.7 181579776
475 2.72 182632448
476 2.73 183095296
477 2.72 183226368
478 2.74 183697408
479 2.76 183877632
480 2.73 184160256
481 2.76 185274368
482 2.76 185602048
483 2.77 185999360
484 2.77 186310656
485 2.76 186548224
486 2.77 186802176
487 2.8 188063744
488 2.8 188321792
489 2.81 188727296
490 2.81 188878848
491 2.83 189505536
492 2.82 189591552
493 2.84 190672896
494 2.85 191127552
495 2.84 191299584
496 2.84 191590400
497 2.87 191983616
498 2.88 192155648
499 2.87 193388544
500 2.88 193638400
501 2.88 193986560
502 2.87 194297856
503 2.88 194617344
504 2.91 194916352
505 2.95 196149248
506 2.94 196489216
507 2.98 196702208
508 2.93 197201920
509 2.93 197292032
510 2.93 197820416
511 2.95 199237632
512 2.96 199802880
513 3.0 200335360
514 2.97 200884224
515 3.01 201641984
516 2.97 201998336
517 3.0 203542528
518 3.0 204218368
519 3.0 204550144
520 3.0 205049856
521 3.01 205766656
522 3.0 206086144
523 3.04 207552512
524 3.04 208130048
525 3.05 208707584
526 3.06 209289216
527 3.05 209797120
528 3.07 210407424
529 3.08 211742720
530 3.08 212291584
531 3.08 212791296
532 3.11 213471232
533 3.08 213893120
534 3.09 214532096
535 3.12 215912448
536 3.13 216629248
537 3.15 217067520
538 3.13 217681920
539 3.12 218116096
540 3.15 218828800
541 3.16 220037120
542 3.16 220696576
543 3.18 221323264
544 3.19 221831168
545 3.18 222355456
546 3.18 222765056
547 3.21 224239616
548 3.21 224845824
549 3.22 225439744
550 3.22 225947648
551 3.25 226627584
552 3.24 227143680
553 3.29 228450304
554 3.29 228966400
555 3.33 229502976
556 3.29 230100992
557 3.3 230641664
558 3.31 231202816
559 3.37 232648704
560 3.36 233152512
561 3.37 233693184
562 3.38 234328064
563 3.38 234885120
564 3.41 235569152
565 3.39 236892160
566 3.37 237424640
567 3.38 237805568
568 3.53 238477312
569 3.48 239247360
570 3.39 239456256
571 3.41 241135616
572 3.44 241496064
573 3.44 242180096
574 3.42 242606080
575 3.43 243224576
576 3.43 243769344
577 3.45 245153792
578 3.45 245669888
579 3.47 246218752
580 3.47 246996992
581 3.47 247246848
582 3.47 247877632
583 3.5 249569280
584 3.51 249880576
585 3.51 250425344
586 3.5 250933248
587 3.53 251584512
588 3.51 252080128
589 3.54 253370368
590 3.54 254062592
591 3.55 254537728
592 3.57 255119360
593 3.56 255614976
594 3.56 256417792
595 3.6 257769472
596 3.58 258244608
597 3.61 258760704
598 3.58 259256320
599 3.59 259825664
600 3.59 260321280
601 3.63 261898240
602 3.62 262291456
603 3.64 262918144
604 3.65 263630848
605 3.63 263974912
606 3.63 264556544
607 3.68 265990144
608 3.66 266506240
609 3.66 267018240
610 3.67 267677696
611 3.68 268128256
612 3.74 268832768
613 3.73 270188544
614 3.71 270712832
615 3.72 271572992
616 3.71 272044032
617 3.71 272404480
618 3.76 272879616
619 3.78 274477056
620 3.73 274837504
621 3.74 275558400
622 3.75 276135936
623 3.77 276762624
624 3.75 277045248
625 3.78 278462464
626 3.78 279023616
627 3.79 279592960
628 3.79 280141824
629 3.78 280641536
630 3.8 281247744
631 3.86 282726400
632 3.88 283242496
633 3.84 283783168
634 3.83 284246016
635 3.86 284954624
636 3.85 285351936
637 3.91 286789632
638 3.87 287485952
639 3.93 288129024
640 3.88 288432128
641 3.89 288976896
642 3.9 289652736
643 3.95 291221504
644 3.94 291598336
645 3.95 292122624
646 3.96 292855808
647 3.97 293552128
648 3.94 293662720
649 4.03 295165952
650 3.98 295792640
651 3.98 296484864
652 4.01 296886272
653 4.02 297349120
654 3.98 297889792
655 4.0 299311104
656 4.0 299806720
657 4.0 300392448
658 4.02 301056000
659 4.02 301563904
660 4.02 302051328
661 4.05 303464448
662 4.1 304095232
663 4.05 304640000
664 4.06 305201152
665 4.07 305659904
666 4.07 306327552
667 4.11 307650560
668 4.11 308375552
669 4.1 308817920
670 4.12 309395456
671 4.1 309821440
672 4.11 310378496
673 4.14 311869440
674 4.13 312426496
675 4.14 312946688
676 4.15 313483264
677 4.16 313987072
678 4.23 314589184
679 4.27 316313600
680 4.22 316755968
681 4.2 317202432
682 4.2 317562880
683 4.2 318152704
684 4.23 318803968
685 4.23 320110592
686 4.25 320856064
687 4.26 321331200
688 4.25 321785856
689 4.28 322449408
690 4.25 322834432
691 4.36 324489216
692 4.28 324894720
693 4.29 325349376
694 4.38 326053888
695 4.29 326512640
696 4.31 327168000
697 4.32 328462336
698 4.33 329048064
699 4.35 329650176
700 4.34 330088448
701 4.41 330854400
702 4.4 331354112
703 4.37 332681216
704 4.37 333271040
705 4.38 333709312
706 4.38 334348288
707 4.4 334995456
708 4.38 335413248
709 4.42 336822272
710 4.42 337321984
711 4.42 337879040
712 4.44 338587648
713 4.43 338935808
714 4.44 339636224
715 4.47 340992000
716 4.47 341491712
717 4.49 342089728
718 4.47 342708224
719 4.48 343191552
720 4.53 344158208
721 4.62 345444352
722 4.52 345694208
723 4.52 346300416
724 4.53 346906624
725 4.52 347365376
726 4.52 347942912
727 4.67 349360128
728 4.65 349949952
729 4.57 350502912
730 4.58 351121408
731 4.57 351600640
732 4.6 352169984
733 4.62 353595392
734 4.59 354025472
735 4.61 354623488
736 4.64 355205120
737 4.7 355942400
738 4.84 356315136
739 5.05 357883904
740 4.74 358449152
741 4.75 358854656
742 4.91 359612416
743 4.7 359833600
744 4.81 360595456
745 4.72 361897984
746 4.86 362504192
747 4.8 363102208
748 4.95 363663360
749 4.73 364072960
750 4.88 364707840
751 4.77 365981696
752 4.77 366657536
753 4.77 367079424
754 4.79 367714304
755 4.78 368197632
756 4.79 368738304
757 4.83 370302976
758 4.83 370814976
759 4.82 371236864
760 4.84 371777536
761 4.84 372355072
762 4.89 373129216
763 4.87 374398976
764 4.96 375062528
765 4.88 375406592
766 4.88 375934976
767 4.88 376528896
768 4.89 377094144
769 4.91 378499072
770 4.92 379125760
771 4.93 379613184
772 4.93 380174336
773 5.17 380813312
774 4.93 381255680
775 4.96 382771200
776 4.98 383270912
777 5.23 383934464
778 4.99 384360448
779 4.98 384831488
780 4.98 385576960
781 5.02 386838528
782 5.21 387563520
783 5.02 387981312
784 5.17 388755456
785 5.04 389029888
786 5.05 389828608
787 5.24 391122944
788 5.22 391770112
789 5.06 392077312
790 5.09 392646656
791 5.07 393269248
792 5.15 393834496
793 5.11 395141120
794 5.19 395743232
795 5.12 396230656
796 5.13 396812288
797 5.29 397496320
798 5.13 397950976
799 5.17 399286272
800 5.24 400138240