1 0.02 7442432
2 0.02 7417856
3 0.02 7434240
4 0.02 7475200
5 0.02 7479296
6 0.02 7520256
7 0.01 7536640
8 0.02 7536640
9 0.02 7561216
10 0.02 7577600
11 0.03 7589888
12 0.02 7581696
13 0.02 7622656
14 0.02 7647232
15 0.02 7667712
16 0.02 7704576
17 0.02 7692288
18 0.02 7720960
19 0.03 7733248
20 0.02 7753728
21 0.02 7770112
22 0.02 7782400
23 0.02 7798784
24 0.02 7786496
25 0.02 7860224
26 0.02 7868416
27 0.03 7884800
28 0.02 7909376
29 0.03 7917568
30 0.02 7938048
31 0.02 7950336
32 0.02 7966720
33 0.03 7991296
34 0.03 8036352
35 0.02 8052736
36 0.03 8081408
37 0.02 8101888
38 0.02 8126464
39 0.03 8138752
40 0.03 8171520
41 0.03 8163328
42 0.02 8208384
43 0.03 8196096
44 0.02 8216576
45 0.03 8200192
46 0.02 8220672
47 0.03 8278016
48 0.02 8318976
49 0.03 8323072
50 0.04 8339456
51 0.03 8368128
52 0.03 8380416
53 0.02 8400896
54 0.03 8380416
55 0.03 8445952
56 0.04 8450048
57 0.03 8478720
58 0.03 8491008
59 0.03 8462336
60 0.03 8556544
61 0.03 8564736
62 0.03 8527872
63 0.03 8605696
64 0.02 8617984
65 0.03 8581120
66 0.03 8654848
67 0.03 8687616
68 0.03 8704000
69 0.03 8712192
70 0.03 8740864
71 0.03 8753152
72 0.03 8781824
73 0.03 8749056
74 0.03 8822784
75 0.04 8839168
76 0.04 8855552
77 0.03 8876032
78 0.03 8896512
79 0.04 8916992
80 0.04 8929280
81 0.04 8962048
82 0.03 8974336
83 0.04 8986624
84 0.03 9031680
85 0.04 9031680
86 0.04 9056256
87 0.03 9064448
88 0.03 9109504
89 0.04 9060352
90 0.03 9097216
91 0.04 9146368
92 0.03 9129984
93 0.04 9154560
94 0.03 9166848
95 0.04 9228288
96 0.04 9220096
97 0.03 9289728
98 0.04 9297920
99 0.04 9318400
100 0.03 9338880
101 0.04 9310208
102 0.04 9371648
103 0.04 9408512
104 0.04 9367552
105 0.04 9445376
106 0.03 9408512
107 0.04 9482240
108 0.05 9502720
109 0.04 9474048
110 0.04 9490432
111 0.03 9510912
112 0.05 9584640
113 0.04 9592832
114 0.04 9617408
115 0.04 9588736
116 0.04 9654272
117 0.04 9674752
118 0.04 9707520
119 0.04 9715712
120 0.05 9785344
121 0.04 9760768
122 0.04 9789440
123 0.04 9744384
124 0.05 9830400
125 0.05 9834496
126 0.05 9822208
127 0.05 9900032
128 0.04 9932800
129 0.05 9953280
130 0.04 9940992
131 0.05 9986048
132 0.04 10047488
133 0.05 10051584
134 0.05 10072064
135 0.05 10096640
136 0.05 10104832
137 0.05 10125312
138 0.05 10162176
139 0.05 10186752
140 0.05 10207232
141 0.04 10178560
142 0.05 10203136
143 0.05 10272768
144 0.05 10350592
145 0.05 10326016
146 0.06 10383360
147 0.06 10412032
148 0.06 10424320
149 0.05 10412032
150 0.05 10514432
151 0.05 10473472
152 0.05 10539008
153 0.05 10567680
154 0.06 10600448
155 0.06 10596352
156 0.05 10592256
157 0.05 10608640
158 0.05 10629120
159 0.05 10670080
160 0.05 10735616
161 0.05 10747904
162 0.05 10821632
163 0.05 10825728
164 0.05 10821632
165 0.05 10878976
166 0.06 10883072
167 0.06 10842112
168 0.06 10944512
169 0.06 10952704
170 0.05 10969088
171 0.05 10944512
172 0.06 11001856
173 0.06 11026432
174 0.06 11075584
175 0.06 11091968
176 0.06 11063296
177 0.06 11137024
178 0.05 11161600
179 0.06 11169792
180 0.06 11214848
181 0.06 11190272
182 0.06 11247616
183 0.05 11284480
184 0.06 11292672
185 0.06 11317248
186 0.06 11358208
187 0.07 11407360
188 0.06 11403264
189 0.06 11370496
190 0.06 11440128
191 0.06 11448320
192 0.06 11472896
193 0.06 11468800
194 0.06 11526144
195 0.06 11575296
196 0.06 11517952
197 0.06 11591680
198 0.06 11649024
199 0.07 11669504
200 0.07 11702272
201 0.07 11730944
202 0.06 11735040
203 0.06 11739136
204 0.07 11808768
205 0.06 11829248
206 0.07 11837440
207 0.07 11853824
208 0.07 11829248
209 0.06 11833344
210 0.06 11927552
211 0.07 11902976
212 0.06 11923456
213 0.07 12001280
214 0.06 12017664
215 0.07 11972608
216 0.07 12079104
217 0.07 12046336
218 0.07 12062720
219 0.07 12087296
220 0.06 12107776
221 0.07 12120064
222 0.06 12185600
223 0.07 12238848
224 0.06 12267520
225 0.07 12214272
226 0.07 12288000
227 0.07 12296192
228 0.07 12292096
229 0.07 12312576
230 0.08 12386304
231 0.07 12361728
232 0.07 12398592
233 0.07 12451840
234 0.07 12492800
235 0.07 12464128
236 0.08 12525568
237 0.08 12558336
238 0.07 12566528
239 0.08 12615680
240 0.08 12632064
241 0.07 12652544
242 0.08 12734464
243 0.08 12742656
244 0.07 12722176
245 0.07 12775424
246 0.07 12775424
247 0.08 12795904
248 0.07 12869632
249 0.08 12836864
250 0.08 12922880
251 0.08 12865536
252 0.08 12972032
253 0.07 12943360
254 0.08 13053952
255 0.07 13037568
256 0.08 13041664
257 0.08 13107200
258 0.08 13172736
259 0.08 13185024
260 0.08 13238272
261 0.08 13209600
262 0.08 13271040
263 0.08 13238272
264 0.08 13344768
265 0.08 13320192
266 0.08 13422592
267 0.08 13443072
268 0.09 13463552
269 0.09 13463552
270 0.08 13545472
271 0.08 13504512
272 0.08 13598720
273 0.08 13611008
274 0.09 13590528
275 0.09 13672448
276 0.08 13717504
277 0.09 13746176
278 0.08 13795328
279 0.08 13815808
280 0.09 13770752
281 0.08 13803520
282 0.09 13840384
283 0.08 13922304
284 0.09 13959168
285 0.09 13934592
286 0.08 14000128
287 0.09 14028800
288 0.08 14082048
289 0.09 14106624
290 0.08 14151680
291 0.09 14192640
292 0.08 14192640
293 0.1 14331904
294 0.09 14270464
295 0.09 14217216
296 0.09 14348288
297 0.1 14376960
298 0.1 14409728
299 0.08 14381056
300 0.1 14495744
301 0.08 14503936
302 0.09 14491648
303 0.09 14577664
304 0.09 14606336
305 0.09 14610432
306 0.1 14761984
307 0.09 14626816
308 0.1 14684160
309 0.1 14757888
310 0.1 14712832
311 0.1 14745600
312 0.09 14897152
313 0.09 14852096
314 0.09 14925824
315 0.1 15011840
316 0.09 15015936
317 0.09 15028224
318 0.1 15097856
319 0.1 15118336
320 0.09 15118336
321 0.1 15179776
322 0.1 15147008
323 0.1 15212544
324 0.11 15376384
325 0.12 15392768
326 0.11 15429632
327 0.11 15400960
328 0.12 15462400
329 0.11 15523840
330 0.12 15499264
331 0.13 15601664
332 0.13 15634432
333 0.14 15667200
334 0.12 15581184
335 0.11 15675392
336 0.1 15659008
337 0.11 15757312
338 0.12 15839232
339 0.12 15745024
340 0.1 15708160
341 0.1 15708160
342 0.1 15835136
343 0.1 15843328
344 0.1 15888384
345 0.11 15908864
346 0.11 15917056
347 0.1 16089088
348 0.11 16015360
349 0.11 16031744
350 0.12 16072704
351 0.12 16105472
352 0.11 16105472
353 0.11 16138240
354 0.11 16166912
355 0.11 16207872
356 0.12 16322560
357 0.11 16289792
358 0.12 16293888
359 0.12 16351232
360 0.15 16535552
361 0.13 16486400
362 0.11 16449536
363 0.11 16424960
364 0.11 16502784
365 0.11 16470016
366 0.11 16560128
367 0.11 16596992
368 0.11 16625664
369 0.12 16646144
370 0.12 16678912
371 0.11 16773120
372 0.11 16752640
373 0.12 16801792
374 0.11 16818176
375 0.12 16838656
376 0.11 16805888
377 0.11 16896000
378 0.11 16879616
379 0.12 16904192
380 0.11 16949248
381 0.11 17014784
382 0.11 17031168
383 0.12 17100800
384 0.11 17068032
385 0.12 17186816
386 0.11 17203200
387 0.12 17190912
388 0.11 17244160
389 0.11 17223680
390 0.12 17321984
391 0.11 17309696
392 0.11 17354752
393 0.11 17371136
394 0.11 17436672
395 0.12 17408000
396 0.12 17518592
397 0.11 17555456
398 0.12 17530880
399 0.11 17620992
400 0.12 17645568
401 0.11 17592320
402 0.12 17719296
403 0.12 17743872
404 0.12 17801216
405 0.12 17719296
406 0.12 17833984
407 0.12 17764352
408 0.12 17899520
409 0.12 17915904
410 0.12 17965056
411 0.12 17985536
412 0.13 17940480
413 0.12 18022400
414 0.12 18006016
415 0.13 18087936
416 0.12 18149376
417 0.13 18161664
418 0.12 18182144
419 0.13 18190336
420 0.12 18259968
421 0.13 18280448
422 0.13 18317312
423 0.13 18354176
424 0.12 18374656
425 0.13 18382848
426 0.13 18370560
427 0.12 18456576
428 0.13 18518016
429 0.13 18460672
430 0.13 18599936
431 0.12 18485248
432 0.13 18563072
433 0.13 18644992
434 0.13 18702336
435 0.13 18739200
436 0.13 18735104
437 0.14 18763776
438 0.13 18829312
439 0.13 18845696
440 0.13 18898944
441 0.13 18919424
442 0.13 18927616
443 0.14 18948096
444 0.13 19009536
445 0.13 19025920
446 0.14 19079168
447 0.14 19087360
448 0.13 19050496
449 0.14 19148800
450 0.13 19132416
451 0.14 19218432
452 0.14 19255296
453 0.14 19283968
454 0.14 19406848
455 0.14 19410944
456 0.14 19304448
457 0.13 19374080
458 0.14 19484672
459 0.14 19505152
460 0.14 19451904
461 0.13 19546112
462 0.14 19607552
463 0.14 19558400
464 0.15 19668992
465 0.14 19668992
466 0.14 19644416
467 0.15 19718144
468 0.15 19951616
469 0.15 19832832
470 0.14 19857408
471 0.14 19877888
472 0.14 19865600
473 0.14 19914752
474 0.14 19918848
475 0.14 19931136
476 0.16 20041728
477 0.14 20062208
478 0.14 20086784
479 0.14 20099072
480 0.14 20189184
481 0.15 20299776
482 0.15 20250624
483 0.15 20275200
484 0.15 20406272
485 0.14 20316160
486 0.15 20398080
487 0.14 20340736
488 0.15 20434944
489 0.14 20463616
490 0.15 20426752
491 0.15 20553728
492 0.15 20582400
493 0.15 20582400
494 0.15 20635648
495 0.15 20606976
496 0.15 20615168
497 0.15 20684800
498 0.15 20766720
499 0.15 20869120
500 0.14 20762624
501 0.15 20860928
502 0.15 20881408
503 0.15 20893696
504 0.16 20955136
505 0.17 21118976
506 0.16 21135360
507 0.16 21053440
508 0.16 21176320
509 0.16 21024768
510 0.19 21323776
511 0.2 21368832
512 0.19 21409792
513 0.18 21377024
514 0.17 21512192
515 0.16 21364736
516 0.15 21499904
517 0.16 21467136
518 0.2 21643264
519 0.21 21721088
520 0.16 21716992
521 0.18 21704704
522 0.16 21774336
523 0.17 21831680
524 0.2 21938176
525 0.25 21995520
526 0.19 22065152
527 0.19 22024192
528 0.18 22102016
529 0.17 22048768
530 0.17 22106112
531 0.16 22249472
532 0.17 22188032
533 0.17 22274048
534 0.21 22499328
535 0.19 22482944
536 0.19 22499328
537 0.19 22458368
538 0.18 22560768
539 0.18 22650880
540 0.17 22573056
541 0.16 22540288
542 0.16 22585344
543 0.16 22700032
544 0.16 22765568
545 0.16 22720512
546 0.17 22888448
547 0.17 22872064
548 0.16 22982656
549 0.17 22994944
550 0.17 23044096
551 0.17 23056384
552 0.17 23171072
553 0.17 23195648
554 0.17 23244800
555 0.17 23212032
556 0.17 23302144
557 0.17 23314432
558 0.17 23441408
559 0.17 23388160
560 0.17 23494656
561 0.17 23531520
562 0.17 23519232
563 0.17 23576576
564 0.18 23793664
565 0.17 23699456
566 0.18 23760896
567 0.17 23719936
568 0.17 23805952
569 0.17 23838720
570 0.18 24145920
571 0.18 23998464
572 0.18 24031232
573 0.17 24088576
574 0.18 24088576
575 0.18 24100864
576 0.17 24223744
577 0.18 24256512
578 0.17 24244224
579 0.18 24326144
580 0.18 24326144
581 0.18 24383488
582 0.18 24502272
583 0.18 24530944
584 0.18 24506368
585 0.18 24580096
586 0.18 24621056
587 0.18 24633344
588 0.18 24772608
589 0.18 24793088
590 0.18 24829952
591 0.19 24834048
592 0.18 24829952
593 0.18 24895488
594 0.19 25088000
595 0.18 25133056
596 0.19 25190400
597 0.18 25210880
598 0.19 25264128
599 0.18 25251840
600 0.19 25387008
601 0.19 25411584
602 0.19 25452544
603 0.19 25468928
604 0.19 25530368
605 0.19 25542656
606 0.19 25665536
607 0.2 25722880
608 0.19 25747456
609 0.19 25759744
610 0.19 25796608
611 0.19 25800704
612 0.19 25935872
613 0.19 25960448
614 0.2 26005504
615 0.19 26021888
616 0.2 26169344
617 0.19 26091520
618 0.19 26193920
619 0.19 26214400
620 0.2 26284032
621 0.19 26296320
622 0.19 26337280
623 0.19 26324992
624 0.2 26464256
625 0.23 26603520
626 0.2 26533888
627 0.19 26648576
628 0.2 26591232
629 0.2 26607616
630 0.2 26734592
631 0.2 26759168
632 0.2 26738688
633 0.19 26812416
634 0.19 26800128
635 0.2 26869760
636 0.2 26931200
637 0.2 27004928
638 0.2 27045888
639 0.2 27209728
640 0.2 27131904
641 0.2 27152384
642 0.2 27389952
643 0.2 27312128
644 0.21 27340800
645 0.2 27308032
646 0.2 27402240
647 0.2 27353088
648 0.2 27545600
649 0.2 27561984
650 0.21 27623424
651 0.21 27648000
652 0.21 27668480
653 0.21 27684864
654 0.2 27844608
655 0.21 27840512
656 0.21 27881472
657 0.21 27910144
658 0.2 27934720
659 0.21 27901952
660 0.2 28078080
661 0.21 28114944
662 0.21 28098560
663 0.21 28180480
664 0.2 28160000
665 0.21 28233728
666 0.21 28401664
667 0.21 28381184
668 0.21 28479488
669 0.21 28487680
670 0.21 28499968
671 0.21 28524544
672 0.21 28663808
673 0.21 28696576
674 0.21 28667904
675 0.21 28786688
676 0.21 28790784
677 0.21 28749824
678 0.21 28942336
679 0.23 29102080
680 0.22 29093888
681 0.21 29032448
682 0.22 29007872
683 0.22 29147136
684 0.21 29147136
685 0.22 29233152
686 0.22 29286400
687 0.22 29409280
688 0.22 29347840
689 0.22 29474816
690 0.21 29487104
691 0.22 29495296
692 0.22 29536256
693 0.22 29564928
694 0.23 29609984
695 0.22 29638656
696 0.22 29708288
697 0.22 29716480
698 0.22 29777920
699 0.23 29835264
700 0.22 29876224
701 0.23 29896704
702 0.22 30027776
703 0.23 30040064
704 0.22 30085120
705 0.22 30109696
706 0.23 30146560
707 0.22 30109696
708 0.22 30306304
709 0.23 30339072
710 0.22 30371840
711 0.23 30392320
712 0.23 30437376
713 0.22 30445568
714 0.23 30580736
715 0.23 30609408
716 0.23 30588928
717 0.24 30724096
718 0.23 30715904
719 0.24 30793728
720 0.22 30855168
721 0.23 30871552
722 0.23 30912512
723 0.24 30937088
724 0.23 30986240
725 0.24 30990336
726 0.23 31117312
727 0.23 31137792
728 0.24 31305728
729 0.23 31203328
730 0.24 31240192
731 0.23 31252480
732 0.24 31395840
733 0.24 31358976
734 0.23 31453184
735 0.23 31412224
736 0.23 31526912
737 0.24 31522816
738 0.23 31649792
739 0.23 31678464
740 0.24 31719424
741 0.23 31674368
742 0.24 31764480
743 0.24 31735808
744 0.24 31870976
745 0.24 31944704
746 0.24 31977472
747 0.24 31997952
748 0.25 32043008
749 0.24 32055296
750 0.23 32141312
751 0.24 32260096
752 0.24 32280576
753 0.24 32219136
754 0.23 32251904
755 0.24 32415744
756 0.24 32403456
757 0.25 32489472
758 0.24 32542720
759 0.24 32583680
760 0.24 32571392
761 0.25 32641024
762 0.24 32804864
763 0.25 32722944
764 0.25 32821248
765 0.25 32845824
766 0.26 32980992
767 0.25 32886784
768 0.25 33157120
769 0.26 33210368
770 0.27 33300480