1 0.07 10608640
2 0.07 10727424
3 0.07 10711040
4 0.07 10768384
5 0.07 10776576
6 0.07 10878976
7 0.07 10887168
8 0.08 10964992
9 0.07 11026432
10 0.08 11112448
11 0.08 11173888
12 0.08 11194368
13 0.08 11284480
14 0.1 11448320
15 0.08 11419648
16 0.08 11476992
17 0.08 11550720
18 0.08 11599872
19 0.08 11665408
20 0.08 11681792
21 0.08 11780096
22 0.09 11837440
23 0.09 11898880
24 0.08 11931648
25 0.09 12042240
26 0.09 12091392
27 0.09 12136448
28 0.09 12189696
29 0.1 12288000
30 0.09 12316672
31 0.09 12394496
32 0.09 12509184
33 0.09 12562432
34 0.1 12587008
35 0.09 12709888
36 0.1 12783616
37 0.1 12857344
38 0.1 13004800
39 0.1 12963840
40 0.1 13099008
41 0.1 13164544
42 0.1 13242368
43 0.1 13312000
44 0.1 13389824
45 0.1 13467648
46 0.11 13598720
47 0.1 13668352
48 0.11 13762560
49 0.1 13844480
50 0.11 13996032
51 0.12 14000128
52 0.11 14139392
53 0.11 14327808
54 0.12 14237696
55 0.12 14307328
56 0.11 14393344
57 0.12 14426112
58 0.11 14512128
59 0.12 14651392
60 0.12 14725120
61 0.11 14790656
62 0.11 14942208
63 0.13 15032320
64 0.12 15253504
65 0.12 15237120
66 0.13 15429632
67 0.13 15572992
68 0.12 15638528
69 0.13 15781888
70 0.13 15921152
71 0.13 16011264
72 0.13 16117760
73 0.13 16236544
74 0.13 16355328
75 0.14 16482304
76 0.13 16515072
77 0.14 16691200
78 0.14 16838656
79 0.13 16932864
80 0.15 17055744
81 0.14 17199104
82 0.14 17252352
83 0.14 17362944
84 0.15 17477632
85 0.15 17645568
86 0.15 17727488
87 0.15 17838080
88 0.15 18079744
89 0.16 18104320
90 0.15 18235392
91 0.15 18300928
92 0.16 18444288
93 0.15 18653184
94 0.16 18665472
95 0.16 18780160
96 0.15 18829312
97 0.16 19001344
98 0.17 19107840
99 0.16 19161088
100 0.16 19271680
101 0.17 19513344
102 0.17 19570688
103 0.16 19664896
104 0.17 19718144
105 0.17 19918848
106 0.17 20029440
107 0.17 20086784
108 0.17 20250624
109 0.17 20312064
110 0.17 20418560
111 0.18 20791296
112 0.18 20688896
113 0.18 20828160
114 0.18 20942848
115 0.19 21037056
116 0.19 21188608
117 0.18 21200896
118 0.19 21377024
119 0.18 21430272
120 0.19 21598208
121 0.19 21643264
122 0.18 21823488
123 0.19 21934080
124 0.19 22003712
125 0.19 22257664
126 0.2 22347776
127 0.19 22446080
128 0.2 22695936
129 0.2 22851584
130 0.21 23130112
131 0.2 23142400
132 0.21 23523328
133 0.2 23547904
134 0.21 23719936
135 0.21 23900160
136 0.2 24068096
137 0.21 24358912
138 0.21 24526848
139 0.21 24707072
140 0.21 24801280
141 0.21 24973312
142 0.22 25194496
143 0.22 25382912
144 0.22 25559040
145 0.22 25739264
146 0.22 25821184
147 0.22 26058752
148 0.22 26312704
149 0.22 26390528
150 0.22 26562560
151 0.23 26791936
152 0.23 26910720
153 0.23 27131904
154 0.23 27299840
155 0.23 27443200
156 0.23 27664384
157 0.23 27828224
158 0.24 27942912
159 0.23 28119040
160 0.24 28340224
161 0.24 28454912
162 0.24 28725248
163 0.24 28893184
164 0.25 29122560
165 0.25 29323264
166 0.26 29470720
167 0.25 29642752
168 0.25 29794304
169 0.25 30068736
170 0.25 30162944
171 0.25 30330880
172 0.26 30523392
173 0.27 30728192
174 0.26 30879744
175 0.26 31006720
176 0.26 31182848
177 0.26 31399936
178 0.27 31670272
179 0.27 31748096
180 0.27 31932416
181 0.27 32100352
182 0.28 32256000
183 0.28 32448512
184 0.27 32604160
185 0.28 32780288
186 0.28 32915456
187 0.28 33161216
188 0.28 33275904
189 0.28 33497088
190 0.28 33673216
191 0.28 33837056
192 0.28 34033664
193 0.29 34197504
194 0.28 34365440
195 0.3 34611200
196 0.28 34639872
197 0.3 34877440
198 0.3 35115008
199 0.3 35266560
200 0.29 35393536
201 0.31 35602432
202 0.3 35737600
203 0.31 36032512
204 0.31 36139008
205 0.3 36302848
206 0.31 36478976
207 0.31 36655104
208 0.31 36765696
209 0.31 37060608
210 0.31 37187584
211 0.32 37425152
212 0.32 37613568
213 0.32 37720064
214 0.32 37900288
215 0.33 38129664
216 0.33 38436864
217 0.34 38567936
218 0.35 38658048
219 0.33 38821888
220 0.34 39124992
221 0.33 39153664
222 0.34 39272448
223 0.34 39538688
224 0.4 39903232
225 0.38 40067072
226 0.36 40214528
227 0.39 40476672
228 0.38 40546304
229 0.39 40824832
230 0.39 40857600
231 0.38 41066496
232 0.44 41242624
233 0.45 41443328
234 0.38 41525248
235 0.41 41881600
236 0.38 42147840
237 0.36 42110976
238 0.36 42336256
239 0.36 42450944
240 0.38 42852352
241 0.4 42881024
242 0.43 43196416
243 0.38 43212800
244 0.38 43462656
245 0.39 43528192
246 0.45 43786240
247 0.38 43855872
248 0.38 44204032
249 0.39 44314624
250 0.44 44392448
251 0.4 44691456
252 0.38 44695552
253 0.38 44912640
254 0.39 45178880
255 0.39 45490176
256 0.39 45768704
257 0.4 46120960
258 0.39 46338048
259 0.4 46739456
260 0.41 47157248
261 0.4 47316992
262 0.41 47595520
263 0.4 47820800
264 0.41 48197632
265 0.41 48525312
266 0.41 48812032
267 0.41 49123328
268 0.41 49500160
269 0.42 49848320
270 0.42 49991680
271 0.42 50298880
272 0.41 50634752
273 0.42 51093504
274 0.43 51200000
275 0.42 51503104
276 0.42 51740672
277 0.45 52228096
278 0.44 52576256
279 0.44 52654080
280 0.43 53026816
281 0.44 53329920
282 0.43 53538816
283 0.44 53907456
284 0.45 54206464
285 0.45 54501376
286 0.45 54833152
287 0.45 55242752
288 0.45 55517184
289 0.53 55738368
290 0.45 56016896
291 0.46 56340480
292 0.45 56602624
293 0.46 56942592
294 0.46 57233408
295 0.46 57458688
296 0.46 57827328
297 0.47 58105856
298 0.47 58339328
299 0.47 58634240
300 0.48 59068416
301 0.49 59498496
302 0.47 59625472
303 0.47 59932672
304 0.47 60223488
305 0.47 60510208
306 0.47 60735488
307 0.48 61079552
308 0.49 61571072
309 0.49 61808640
310 0.49 62042112
311 0.53 62443520
312 0.5 62623744
313 0.5 62918656
314 0.5 63221760
315 0.5 63619072
316 0.49 63774720
317 0.5 64077824
318 0.51 64434176
319 0.5 64716800
320 0.52 65216512
321 0.52 65327104
322 0.51 65589248
323 0.51 65880064
324 0.52 66252800
325 0.52 66543616
326 0.52 66830336
327 0.52 67125248
328 0.53 67428352
329 0.53 67764224
330 0.53 68055040
331 0.53 68296704
332 0.53 68644864
333 0.54 68943872
334 0.53 69181440
335 0.55 69603328
336 0.55 69943296
337 0.55 70479872
338 0.56 70590464
339 0.55 70983680
340 0.56 71163904
341 0.56 71479296
342 0.57 71909376
343 0.57 72105984
344 0.57 72400896
345 0.57 72687616
346 0.57 72994816
347 0.58 73285632
348 0.59 73736192
349 0.59 73871360
350 0.58 74194944
351 0.58 74510336
352 0.59 74776576
353 0.59 75100160
354 0.6 75423744
355 0.6 75669504
356 0.59 75976704
357 0.6 76361728
358 0.6 76632064
359 0.6 76910592
360 0.6 77156352
361 0.61 77455360
362 0.6 77860864
363 0.61 78028800
364 0.61 78389248
365 0.61 78692352
366 0.62 78991360
367 0.62 79298560
368 0.62 79585280
369 0.62 79872000
370 0.63 80236544
371 0.62 80494592
372 0.64 81022976
373 0.64 81235968
374 0.62 81416192
375 0.63 81743872
376 0.63 82001920
377 0.64 82239488
378 0.65 82591744
379 0.66 82993152
380 0.65 83156992
381 0.65 83456000
382 0.65 83820544
383 0.65 84099072
384 0.65 84332544
385 0.67 84807680
386 0.66 85028864
387 0.66 85258240
388 0.67 85766144
389 0.67 86097920
390 0.67 86200320
391 0.68 86683648
392 0.67 86786048
393 0.68 87166976
394 0.68 87355392
395 0.68 87666688
396 0.68 87965696
397 0.68 88309760
398 0.68 88772608
399 0.69 88903680
400 0.69 89292800
401 0.7 89542656
402 0.69 89837568
403 0.7 90062848
404 0.7 90587136
405 0.7 90722304
406 0.71 90959872
407 0.7 91336704
408 0.7 91553792
409 0.71 91934720
410 0.72 92217344
411 0.72 92475392
412 0.72 92819456
413 0.72 93241344
414 0.73 93396992
415 0.73 93732864
416 0.73 94023680
417 0.73 94339072
418 0.73 94642176
419 0.74 95109120
420 0.74 95240192
421 0.74 95526912
422 0.74 95793152
423 0.75 96235520
424 0.75 96423936
425 0.74 96735232
426 0.76 97067008
427 0.76 97345536
428 0.75 97632256
429 0.76 97914880
430 0.75 98250752
431 0.76 98660352
432 0.76 98934784
433 0.76 99143680
434 0.77 99340288
435 0.77 99717120
436 0.77 99975168
437 0.77 100335616
438 0.77 100651008
439 0.78 101179392
440 0.8 101425152
441 0.79 101527552
442 0.79 101810176
443 0.79 102072320
444 0.8 102612992
445 0.79 102756352
446 0.79 103038976
447 0.8 103346176
448 0.81 103702528
449 0.8 103923712
450 0.81 104263680
451 0.82 104558592
452 0.83 104980480
453 0.81 105140224
454 0.83 105627648
455 0.81 105746432
456 0.82 106053632
457 0.81 106287104
458 0.83 106639360
459 0.83 107188224
460 0.83 107233280
461 0.84 107544576
462 0.84 107831296
463 0.84 108154880
464 0.84 108445696
465 0.84 108806144
466 0.85 109113344
467 0.85 109461504
468 0.85 109711360
469 0.86 110059520
470 0.86 110362624
471 0.86 110669824
472 0.87 111136768
473 0.87 111419392
474 0.87 111661056
475 0.88 112029696
476 0.88 112189440
477 0.88 112427008
478 0.88 112795648
479 0.89 113328128
480 0.9 113414144
481 0.9 113885184
482 0.89 114003968
483 0.9 114262016
484 0.89 114626560
485 0.91 114888704
486 0.91 115363840
487 0.9 115638272
488 0.9 115781632
489 0.91 116072448
490 0.91 116543488
491 0.91 116662272
492 0.91 116969472
493 0.92 117465088
494 0.92 117579776
495 0.92 117886976
496 0.92 118222848
497 0.93 118501376
498 0.93 118779904
499 0.92 119070720
500 0.93 119406592
501 0.94 119955456
502 0.94 119992320
503 0.94 120299520
504 0.95 120586240
505 0.95 120877056
506 0.96 121167872
507 0.95 121491456
508 0.96 122089472
509 0.96 122109952
510 0.95 122568704
511 0.96 123158528
512 0.97 123686912
513 0.97 124264448
514 0.97 124862464
515 0.97 125313024
516 0.99 126091264
517 1.0 126701568
518 0.98 126976000
519 0.99 127598592
520 0.98 128131072
521 0.99 128643072
522 1.0 129265664
523 1.0 129728512
524 1.0 130260992
525 1.0 130789376
526 1.02 131428352
527 1.0 131940352
528 1.01 132505600
529 1.02 133009408
530 1.02 133832704
531 1.03 134090752
532 1.02 134664192
533 1.04 135217152
534 1.03 135790592
535 1.03 136294400
536 1.04 136888320
537 1.04 137351168
538 1.06 137916416
539 1.05 138498048
540 1.05 139038720
541 1.05 139608064
542 1.06 140201984
543 1.06 140623872
544 1.07 141225984
545 1.07 141938688
546 1.06 142336000
547 1.07 142893056
548 1.07 143450112
549 1.07 143966208
550 1.08 144519168
551 1.1 145166336
552 1.1 145821696
553 1.09 146157568
554 1.1 146718720
555 1.11 147374080
556 1.09 147828736
557 1.1 148402176
558 1.11 148905984
559 1.12 149430272
560 1.12 149913600
561 1.12 150532096
562 1.12 151154688
563 1.14 151658496
564 1.12 152158208
565 1.12 152760320
566 1.12 153239552
567 1.13 153808896
568 1.14 154365952
569 1.15 155058176
570 1.15 155480064
571 1.15 156033024
572 1.18 156684288
573 1.15 157052928
574 1.15 157573120
575 1.15 158093312
576 1.16 158806016
577 1.16 159342592
578 1.17 159875072
579 1.17 160415744
580 1.2 161046528
581 1.18 161505280
582 1.18 162058240
583 1.2 162648064
584 1.19 163364864
585 1.18 163647488
586 1.19 164200448
587 1.19 164827136
588 1.21 165441536
589 1.21 165908480
590 1.5 166539264
591 1.43 167346176
592 1.39 167829504
593 1.45 168267776
594 1.33 168919040
595 1.38 169377792
596 1.45 169877504
597 1.36 170500096
598 1.27 170987520
599 1.24 171384832
600 1.24 171999232
601 1.24 172433408
602 1.25 172941312
603 1.25 173756416
604 1.28 174235648
605 1.29 174903296
606 1.26 175210496
607 1.27 175738880
608 1.34 176406528
609 1.31 177102848
610 1.29 177696768
611 1.28 177942528
612 1.27 178495488
613 1.28 178999296
614 1.29 179572736
615 1.29 180117504
616 1.29 180674560
617 1.32 181358592
618 1.32 181829632
619 1.32 182566912
620 1.33 182874112
621 1.34 183627776
622 1.32 183934976
623 1.32 184401920
624 1.34 185073664
625 1.32 185585664
626 1.32 186134528
627 1.33 186679296
628 1.32 187215872
629 1.34 187797504
630 1.34 188264448
631 1.35 188932096
632 1.35 189362176
633 1.35 189956096
634 1.36 190529536
635 1.35 191004672
636 1.36 191660032
637 1.37 192311296
638 1.37 192761856
639 1.39 193515520
640 1.37 193839104
641 1.37 194392064
642 1.38 194965504
643 1.38 195391488
644 1.39 195977216
645 1.39 196579328
646 1.39 197111808
647 1.39 197627904
648 1.39 198119424
649 1.44 198991872
650 1.41 199294976
651 1.45 199946240
652 1.43 200458240
653 1.43 200892416
654 1.44 201437184
655 1.43 202022912
656 1.43 202563584
657 1.42 203112448
658 1.45 203735040
659 1.45 204197888
660 1.45 204800000
661 1.46 205217792
662 1.44 205840384
663 1.48 206454784
664 1.45 206934016
665 1.47 207482880
666 1.48 208089088
667 1.47 208687104
668 1.47 209154048
669 1.47 209707008
670 1.48 210231296
671 1.49 210800640
672 1.49 211447808
673 1.49 211976192
674 1.49 212459520
675 1.49 213094400
676 1.55 213708800
677 1.61 214233088
678 1.56 214777856
679 1.57 215334912
680 1.56 215744512
681 1.56 216227840
682 1.56 216817664
683 1.56 217350144
684 1.58 217923584
685 1.57 218443776
686 1.58 219009024
687 1.58 219496448
688 1.58 220102656
689 1.58 220631040
690 1.6 221184000
691 1.62 222027776
692 1.59 222289920
693 1.61 222912512
694 1.62 223678464
695 1.6 223875072
696 1.62 224452608
697 1.62 225021952
698 1.63 225681408
699 1.69 226271232
700 1.63 226701312
701 1.64 227258368
702 1.64 227766272
703 1.69 228376576
704 1.64 228872192
705 1.65 229441536
706 2.07 213606400
707 2.04 230756352
708 1.94 231428096
709 1.67 231624704
710 1.67 232157184
711 1.67 232693760
712 1.77 233406464
713 1.7 233783296
714 1.68 234356736
715 1.69 235044864
716 1.77 235651072
717 1.71 236097536
718 1.81 236617728
719 1.71 237068288
720 1.71 237588480
721 1.71 238182400
722 1.8 238927872
723 1.72 239284224
724 1.72 239796224
725 1.74 240439296
726 1.72 240844800
727 1.75 241442816
728 1.74 241967104
729 1.74 242466816
730 1.73 243089408
731 1.74 243650560
732 1.77 244330496
733 1.81 244948992
734 1.76 245334016
735 1.76 245833728
736 1.76 246403072
737 1.77 247025664
738 1.77 247484416
739 1.78 248033280
740 1.9 248602624
741 1.8 249204736
742 1.8 249810944
743 1.79 250200064
744 1.79 250695680
745 1.81 251445248
746 1.84 251920384
747 1.83 252407808
748 1.81 252866560
749 2.04 253644800
750 1.83 254058496
751 1.83 254521344
752 1.82 255070208
753 1.82 255598592
754 1.83 256143360
755 1.89 256933888
756 1.86 257372160
757 1.87 257978368
758 1.87 258633728
759 1.85 258969600
760 1.94 259551232
761 1.98 260182016
762 1.87 260612096
763 1.87 261226496
764 1.9 261746688
765 1.88 262250496
766 1.89 262934528
767 1.92 263634944
768 1.89 263843840
769 2.08 264556544
770 1.9 265039872
771 1.96 265674752
772 1.91 266162176
773 1.98 266960896
774 1.92 267132928
775 1.91 267722752
776 1.92 268255232
777 1.96 268869632
778 1.94 269418496
779 1.94 269918208
780 1.94 270442496
781 1.94 271007744
782 2.04 271675392
783 2.3 272392192
784 2.39 272834560
785 2.14 273293312
786 1.97 273784832
787 1.98 274214912
788 1.99 274825216
789 1.98 275529728
790 2.09 275963904
791 2.1 276647936
792 2.01 277151744
793 2.16 277864448
794 2.01 278110208
795 2.19 278769664
796 2.16 279486464
797 2.1 279867392
798 2.01 280342528
799 2.02 280801280
800 2.09 281489408