1 0.29 23367680
2 0.32 24166400
3 0.34 23506944
4 0.31 23465984
5 0.32 23760896
6 0.31 24473600
7 0.31 23506944
8 0.29 23498752
9 0.33 23638016
10 0.32 24125440
11 0.34 24813568
12 0.32 23965696
13 0.35 24641536
14 0.34 24535040
15 0.35 25006080
16 0.31 24145920
17 0.34 24834048
18 0.33 24580096
19 0.32 24535040
20 0.33 24281088
21 0.33 24981504
22 0.33 24563712
23 0.32 24760320
24 0.33 24764416
25 0.33 24768512
26 0.34 25120768
27 0.33 25374720
28 0.34 24903680
29 0.33 24940544
30 0.35 25300992
31 0.38 25546752
32 0.34 25432064
33 0.34 25526272
34 0.35 25743360
35 0.34 26066944
36 0.34 25645056
37 0.34 26337280
38 0.35 25698304
39 0.33 25812992
40 0.36 25899008
41 0.36 26374144
42 0.36 26370048
43 0.36 26398720
44 0.37 26427392
45 0.39 27467776
46 0.53 26460160
47 0.38 26947584
48 0.37 26664960
49 0.37 26714112
50 0.37 26787840
51 0.42 27127808
52 0.4 27607040
53 0.39 27508736
54 0.55 27545600
55 0.58 27127808
56 0.38 27176960
57 0.39 26755072
58 0.62 27086848
59 0.38 27783168
60 0.41 27537408
61 0.7 27750400
62 0.39 26968064
63 0.42 27414528
64 0.38 27742208
65 0.38 27353088
66 0.39 27095040
67 0.37 26701824
68 0.36 26656768
69 0.38 27021312
70 0.38 26980352
71 0.36 26742784
72 0.38 27156480
73 0.38 27103232
74 0.38 26677248
75 0.38 26718208
76 0.35 26886144
77 0.38 26738688
78 0.37 26755072
79 0.36 26783744
80 0.38 26882048
81 0.36 26800128
82 0.38 27312128
83 0.38 26669056
84 0.36 26673152
85 0.38 26853376
86 0.36 26910720
87 0.38 27660288
88 0.4 27348992
89 0.37 26886144
90 0.36 26689536
91 0.38 27164672
92 0.36 26935296
93 0.37 26783744
94 0.37 26681344
95 0.36 26660864
96 0.37 26759168
97 0.35 26566656
98 0.37 26984448
99 0.37 26890240
100 0.38 26730496
101 0.38 26890240
102 0.4 27475968
103 0.39 27611136
104 0.38 26722304
105 0.37 26910720
106 0.38 27275264
107 0.37 27361280
108 0.36 26632192
109 0.37 26738688
110 0.36 26685440
111 0.43 27697152
112 0.37 26804224
113 0.36 26648576
114 0.37 26963968
115 0.36 26763264
116 0.36 26963968
117 0.38 26910720
118 0.37 26783744
119 0.37 27107328
120 0.37 26988544
121 0.39 27189248
122 0.38 27357184
123 0.4 27496448
124 0.42 27611136
125 0.38 27205632
126 0.37 26746880
127 0.39 27672576
128 0.35 26660864
129 0.36 26775552
130 0.36 26836992
131 0.37 27111424
132 0.36 27246592
133 0.39 27013120
134 0.37 27168768
135 0.36 26857472
136 0.37 27013120
137 0.39 27111424
138 0.38 27185152
139 0.46 27504640
140 0.36 27213824
141 0.36 26767360
142 0.38 27398144
143 0.37 26976256
144 0.38 27205632
145 0.47 26861568
146 0.37 26931200
147 0.38 27394048
148 0.37 27123712
149 0.37 26791936
150 0.37 27205632
151 0.37 26808320
152 0.38 26832896
153 0.36 26759168
154 0.37 27521024
155 0.36 26771456
156 0.37 26906624
157 0.38 26914816
158 0.36 26939392
159 0.37 27353088
160 0.37 26914816
161 0.4 27828224
162 0.37 27557888
163 0.38 26947584
164 0.36 26869760
165 0.36 27103232
166 0.38 27480064
167 0.37 26992640
168 0.37 26996736
169 0.37 26877952
170 0.37 27041792
171 0.38 27013120
172 0.37 27185152
173 0.37 26918912
174 0.38 27955200
175 0.38 27549696
176 0.38 27316224
177 0.37 27017216
178 0.38 27226112
179 0.37 27271168
180 0.37 27041792
181 0.38 27103232
182 0.36 27668480
183 0.37 27062272
184 0.43 27824128
185 0.37 27500544
186 0.37 27291648
187 0.38 27553792
188 0.38 27557888
189 0.38 27111424
190 0.44 27959296
191 0.38 27627520
192 0.4 27484160
193 0.38 27471872
194 0.39 27267072
195 0.41 27541504
196 0.38 27176960
197 0.39 26988544
198 0.38 27332608
199 0.41 27529216
200 0.39 27893760
201 0.39 27230208
202 0.37 27058176
203 0.38 27242496
204 0.44 27660288
205 0.37 27697152
206 0.38 27156480
207 0.38 27340800
208 0.39 27332608
209 0.38 27086848
210 0.37 27029504
211 0.39 27385856
212 0.38 27127808
213 0.37 27074560
214 0.38 27197440
215 0.37 27332608
216 0.38 27172864
217 0.38 27168768
218 0.38 27107328
219 0.39 27308032
220 0.38 27525120
221 0.37 27500544
222 0.38 27209728
223 0.36 27103232
224 0.38 27463680
225 0.44 27525120
226 0.54 27410432
227 0.39 27455488
228 0.38 27373568
229 0.37 27508736
230 0.39 27643904
231 0.37 27287552
232 0.38 27942912
233 0.39 27287552
234 0.36 27275264
235 0.38 27283456
236 0.37 27193344
237 0.39 27422720
238 0.38 27205632
239 0.37 27156480
240 0.38 27561984
241 0.38 27422720
242 0.38 27271168
243 0.38 27242496
244 0.37 27783168
245 0.39 27234304
246 0.39 27516928
247 0.38 27545600
248 0.38 27246592
249 0.38 27451392
250 0.4 28114944
251 0.38 27701248
252 0.37 27381760
253 0.38 27881472
254 0.37 27275264
255 0.39 27287552
256 0.37 27316224
257 0.38 27340800
258 0.38 27377664
259 0.38 27537408
260 0.38 27291648
261 0.38 27680768
262 0.38 27496448
263 0.4 27586560
264 0.4 27926528
265 0.41 27668480
266 0.41 28258304
267 0.38 27996160
268 0.4 28135424
269 0.38 27394048
270 0.38 27295744
271 0.4 27918336
272 0.43 28028928
273 0.44 28037120
274 0.38 27697152
275 0.38 27537408
276 0.38 27652096
277 0.39 28024832
278 0.38 27394048
279 0.39 27549696
280 0.37 27435008
281 0.4 28123136
282 0.39 28471296
283 0.39 27869184
284 0.38 28196864
285 0.37 27422720
286 0.38 27430912
287 0.38 27856896
288 0.45 27983872
289 0.39 27901952
290 0.38 27500544
291 0.42 28135424
292 0.4 27844608
293 0.39 27615232
294 0.41 27553792
295 0.45 27791360
296 0.4 28258304
297 0.39 27459584
298 0.43 28557312
299 0.42 28356608
300 0.45 28442624
301 0.39 27512832
302 0.43 27766784
303 0.4 27893760
304 0.39 27877376
305 0.42 27598848
306 0.39 27865088
307 0.4 27840512
308 0.41 28303360
309 0.41 27840512
310 0.4 27856896
311 0.46 28553216
312 0.4 27820032
313 0.42 28016640
314 0.4 28299264
315 0.39 28377088
316 0.4 28254208
317 0.39 27877376
318 0.4 27947008
319 0.39 27963392
320 0.4 27815936
321 0.4 28086272
322 0.41 28315648
323 0.44 28606464
324 0.38 27582464
325 0.42 28454912
326 0.39 28442624
327 0.39 27959296
328 0.4 27590656
329 0.39 28262400
330 0.39 27701248
331 0.41 28381184
332 0.4 27865088
333 0.38 27582464
334 0.4 27713536
335 0.39 27746304
336 0.39 27910144
337 0.39 28041216
338 0.39 28233728
339 0.39 27906048
340 0.4 28696576
341 0.38 27918336
342 0.39 28471296
343 0.4 27955200
344 0.4 27852800
345 0.4 27676672
346 0.4 27803648
347 0.4 28381184
348 0.42 28323840
349 0.46 28602368
350 0.4 27750400
351 0.41 27852800
352 0.39 28291072
353 0.38 27832320
354 0.41 27906048
355 0.41 28569600
356 0.38 27750400
357 0.41 28512256
358 0.4 28844032
359 0.39 28151808
360 0.42 28368896
361 0.41 28598272
362 0.45 28659712
363 0.44 28770304
364 0.39 29118464
365 0.43 29732864
366 0.45 29700096
367 0.41 28979200
368 0.57 29659136
369 0.42 29900800
370 0.73 29339648
371 0.44 29282304
372 0.42 29507584
373 0.39 29200384
374 0.45 29167616
375 0.41 29487104
376 0.41 29224960
377 0.41 29253632
378 0.41 29446144
379 0.4 29097984
380 0.39 28868608
381 0.39 29179904
382 0.38 28897280
383 0.4 29265920
384 0.4 29143040
385 0.4 28893184
386 0.41 28987392
387 0.4 28884992
388 0.4 29257728
389 0.39 28971008
390 0.4 29093888
391 0.4 29077504
392 0.41 28966912
393 0.4 29134848
394 0.39 28962816
395 0.4 29155328
396 0.42 29691904
397 0.46 30019584
398 0.39 28950528
399 0.42 29585408
400 0.4 29343744
401 0.41 29896704
402 0.4 29294592
403 0.4 29003776
404 0.42 29044736
405 0.38 29024256
406 0.4 29114368
407 0.41 29081600
408 0.4 29044736
409 0.42 29908992
410 0.41 29220864
411 0.4 29040640
412 0.41 29286400
413 0.41 29302784
414 0.4 29306880
415 0.42 29532160
416 0.41 29605888
417 0.41 29196288
418 0.4 29380608
419 0.4 29249536
420 0.41 29192192
421 0.42 30093312
422 0.48 30052352
423 0.41 29249536
424 0.44 30212096
425 0.42 29810688
426 0.45 29966336
427 0.47 30167040
428 0.41 29655040
429 0.43 29757440
430 0.41 29425664
431 0.4 29151232
432 0.4 29429760
433 0.44 29659136
434 0.42 29376512
435 0.48 29786112
436 0.41 29995008
437 0.45 29450240
438 0.43 29614080
439 0.42 30011392
440 0.42 30257152
441 0.42 29593600
442 0.47 30216192
443 0.41 29667328
444 0.43 29626368
445 0.48 29401088
446 0.41 29847552
447 0.42 29720576
448 0.43 29831168
449 0.4 29278208
450 0.4 29249536
451 0.4 29757440
452 0.41 29466624
453 0.44 30277632
454 0.46 30216192
455 0.39 29356032
456 0.42 30191616
457 0.4 29249536
458 0.43 29904896
459 0.47 30298112
460 0.42 30064640
461 0.42 29675520
462 0.41 29638656
463 0.43 30224384
464 0.4 29274112
465 0.42 29839360
466 0.41 29294592
467 0.42 29552640
468 0.41 29405184
469 0.43 30048256
470 0.42 29937664
471 0.4 29704192
472 0.41 29351936
473 0.44 30056448
474 0.44 30220288
475 0.41 29347840
476 0.41 29663232
477 0.42 29683712
478 0.4 29384704
479 0.41 29446144
480 0.44 30199808
481 0.4 29380608
482 0.41 29417472
483 0.41 29532160
484 0.48 29863936
485 0.42 29794304
486 0.42 29540352
487 0.43 29855744
488 0.43 30294016
489 0.46 30298112
490 0.41 29667328
491 0.41 29409280
492 0.44 29691904
493 0.42 29757440
494 0.42 29515776
495 0.41 29425664
496 0.42 29691904
497 0.43 30228480
498 0.4 29450240
499 0.43 29888512
500 0.41 29757440
501 0.42 30183424
502 0.42 29876224
503 0.41 29458432
504 0.42 29638656
505 0.43 29945856
506 0.41 29548544
507 0.41 29581312
508 0.42 29540352
509 0.41 29876224
510 0.41 29556736
511 0.42 29581312
512 0.42 29650944
513 0.41 29917184
514 0.42 29818880
515 0.41 29646848
516 0.41 29589504
517 0.42 29822976
518 0.43 29577216
519 0.42 29634560
520 0.42 29892608
521 0.42 29765632
522 0.42 29650944
523 0.42 29614080
524 0.42 29929472
525 0.42 29851648
526 0.44 29769728
527 0.42 29933568
528 0.42 29646848
529 0.42 29696000
530 0.41 30334976
531 0.43 30035968
532 0.43 30081024
533 0.44 30089216
534 0.41 29642752
535 0.44 29720576
536 0.47 30703616
537 0.43 30056448
538 0.43 29855744
539 0.44 30023680
540 0.41 29835264
541 0.42 29667328
542 0.41 29827072
543 0.46 30355456
544 0.41 30142464
545 0.44 29929472
546 0.45 30380032
547 0.44 30679040
548 0.47 30289920
549 0.49 30388224
550 0.45 30715904
551 0.43 29859840
552 0.44 29990912
553 0.5 30556160
554 0.47 30732288
555 0.45 30498816
556 0.5 30691328
557 0.45 30736384
558 0.52 30617600
559 0.49 30834688
560 0.42 30093312
561 0.44 30539776
562 0.44 30740480
563 0.45 30425088
564 0.5 30822400
565 0.44 30470144
566 0.42 30093312
567 0.48 30556160
568 0.47 30834688
569 0.46 30769152
570 0.5 30638080
571 0.45 30179328
572 0.48 30457856
573 0.49 30830592
574 0.48 30138368
575 0.49 30605312
576 0.45 30613504
577 0.46 30224384
578 0.42 29904896
579 0.46 30085120
580 0.45 30908416
581 0.43 30162944
582 0.43 29904896
583 0.44 29990912
584 0.43 30126080
585 0.44 29974528
586 0.43 30228480
587 0.44 30326784
588 0.43 30355456
589 0.45 30633984
590 0.47 31027200
591 0.45 30474240
592 0.48 30793728
593 0.43 30470144
594 0.43 30720000
595 0.46 30621696
596 0.43 30277632
597 0.44 30322688
598 0.46 30568448
599 0.44 30744576
600 0.46 30232576
601 0.43 30662656
602 0.42 30171136
603 0.43 30183424
604 0.42 30154752
605 0.45 30109696
606 0.46 31105024
607 0.44 30359552
608 0.44 30285824
609 0.48 30466048
610 0.51 30904320
611 0.46 30773248
612 0.48 31141888
613 0.45 30490624
614 0.44 30220288
615 0.45 31031296
616 0.44 30617600
617 0.44 30572544
618 0.43 30416896
619 0.44 30494720
620 0.46 30748672
621 0.43 30212096
622 0.49 30494720
623 0.44 30326784
624 0.47 31002624
625 0.47 30343168
626 0.45 30646272
627 0.43 30158848
628 0.44 30162944
629 0.42 30232576
630 0.45 30633984
631 0.43 30633984
632 0.44 30216192
633 0.43 30228480
634 0.42 30375936
635 0.42 30232576
636 0.43 30388224
637 0.43 30654464
638 0.44 30949376
639 0.44 30375936
640 0.43 30240768
641 0.43 30670848
642 0.44 30400512
643 0.44 30253056
644 0.42 30236672
645 0.45 30572544
646 0.42 30294016
647 0.44 30322688
648 0.43 30445568
649 0.44 30310400
650 0.43 30502912
651 0.45 30408704
652 0.43 30437376
653 0.44 30482432
654 0.43 30408704
655 0.43 30326784
656 0.44 30879744
657 0.45 30978048
658 0.44 30646272
659 0.44 30552064
660 0.44 30482432
661 0.43 30380032
662 0.45 30478336
663 0.42 30474240
664 0.44 30560256
665 0.43 30400512
666 0.44 30699520
667 0.43 30388224
668 0.45 30830592
669 0.44 30539776
670 0.44 30703616
671 0.42 30539776
672 0.44 30535680
673 0.44 31076352
674 0.44 30416896
675 0.44 30429184
676 0.44 30519296
677 0.43 30445568
678 0.45 30666752
679 0.47 30826496
680 0.44 30699520
681 0.44 30556160
682 0.45 30658560
683 0.44 31158272
684 0.44 30494720
685 0.45 30507008
686 0.44 30466048
687 0.45 31272960
688 0.44 31281152
689 0.46 30765056
690 0.44 30724096
691 0.45 30765056
692 0.43 30756864
693 0.45 30527488
694 0.43 30552064
695 0.45 30576640
696 0.43 30556160
697 0.45 31035392
698 0.44 31088640
699 0.46 30658560
700 0.5 31555584
701 0.44 30744576
702 0.47 30785536
703 0.48 31059968
704 0.46 31002624
705 0.47 31047680
706 0.44 30760960
707 0.47 31576064
708 0.45 30941184
709 0.53 31531008
710 0.45 30695424
711 0.46 31535104
712 0.46 31195136
713 0.44 30973952
714 0.44 30928896
715 0.44 30777344
716 0.45 30769152
717 0.45 30781440
718 0.46 30715904
719 0.45 30941184
720 0.45 31113216
721 0.48 31305728
722 0.46 30801920
723 0.46 31117312
724 0.5 31285248
725 0.49 31088640
726 0.52 31543296
727 0.51 31141888
728 0.47 30900224
729 0.45 31014912
730 0.48 31129600
731 0.5 31490048
732 0.51 30998528
733 0.44 31449088
734 0.44 30773248
735 0.45 31014912
736 0.45 31014912
737 0.47 31055872
738 0.47 31068160
739 0.48 31399936
740 0.45 31043584
741 0.53 31571968
742 0.46 31330304
743 0.46 31240192
744 0.46 30863360
745 0.51 31391744
746 0.52 31268864
747 0.46 31674368
748 0.55 31088640
749 0.5 31461376
750 0.47 31674368
751 0.51 31059968
752 0.51 31756288
753 0.48 31432704
754 0.46 30900224
755 0.46 30851072
756 0.44 30863360
757 0.46 31203328
758 0.47 31100928
759 0.49 31657984
760 0.48 31715328
761 0.46 31129600
762 0.51 31506432
763 0.49 31723520
764 0.49 31547392
765 0.51 31698944
766 0.46 31338496
767 0.48 31465472
768 0.45 31797248
769 0.47 31813632
770 0.45 30949376
771 0.5 31997952
772 0.45 31113216
773 0.54 31494144
774 0.46 31182848
775 0.51 31543296
776 0.49 31453184
777 0.47 31162368
778 0.46 31301632
779 0.51 31563776
780 0.48 31543296
781 0.52 31543296
782 0.46 31363072
783 0.45 31256576
784 0.47 31244288
785 0.48 31109120
786 0.48 31907840
787 0.46 31203328
788 0.46 31178752
789 0.47 31526912
790 0.44 31039488
791 0.46 31698944
792 0.44 31047680
793 0.45 31133696
794 0.45 31059968
795 0.44 31043584
796 0.46 31318016
797 0.46 31191040
798 0.54 31014912
799 0.45 31375360
800 0.44 31019008