1 0.32 24358912
2 0.33 25288704
3 0.33 25198592
4 0.32 24702976
5 0.34 24825856
6 0.32 25145344
7 0.34 25022464
8 0.33 25165824
9 0.34 25485312
10 0.34 25399296
11 0.35 25767936
12 0.34 25808896
13 0.35 25845760
14 0.35 26112000
15 0.35 26234880
16 0.35 26324992
17 0.35 26505216
18 0.35 26501120
19 0.36 26591232
20 0.37 26787840
21 0.37 27398144
22 0.38 27959296
23 0.38 27455488
24 0.39 27521024
25 0.37 27652096
26 0.38 27848704
27 0.39 27922432
28 0.39 28053504
29 0.38 28188672
30 0.4 28459008
31 0.41 28798976
32 0.41 29024256
33 0.4 29106176
34 0.41 29388800
35 0.42 29974528
36 0.42 30007296
37 0.41 29573120
38 0.42 29769728
39 0.43 30396416
40 0.44 30220288
41 0.44 30863360
42 0.44 30859264
43 0.44 30916608
44 0.45 31092736
45 0.45 31289344
46 0.46 31371264
47 0.45 31641600
48 0.45 31752192
49 0.46 32051200
50 0.47 32165888
51 0.46 32243712
52 0.47 32428032
53 0.47 32501760
54 0.49 32837632
55 0.49 33161216
56 0.49 33730560
57 0.5 33140736
58 0.49 33202176
59 0.49 33394688
60 0.5 33648640
61 0.51 33685504
62 0.51 33800192
63 0.51 33861632
64 0.52 33964032
65 0.52 34983936
66 0.52 34267136
67 0.52 34410496
68 0.55 34639872
69 0.54 34689024
70 0.54 35094528
71 0.54 34959360
72 0.55 35094528
73 0.57 35500032
74 0.56 35389440
75 0.57 35528704
76 0.58 35753984
77 0.6 35827712
78 0.57 36048896
79 0.57 36098048
80 0.59 36327424
81 0.6 36454400
82 0.61 36569088
83 0.6 36810752
84 0.61 36950016
85 0.62 37015552
86 0.63 37486592
87 0.63 37707776
88 0.64 37437440
89 0.65 37597184
90 0.65 38117376
91 0.65 37941248
92 0.68 38375424
93 0.67 38244352
94 0.67 38440960
95 0.67 38522880
96 0.69 38686720
97 0.7 39223296
98 0.71 39432192
99 0.72 39292928
100 0.72 39444480
101 0.73 39464960
102 0.74 39714816
103 0.74 39907328
104 0.75 40050688
105 0.77 40267776
106 0.78 40411136
107 0.78 40497152
108 0.8 40873984
109 0.81 41222144
110 0.81 41123840
111 0.82 41177088
112 0.82 41353216
113 0.85 41746432
114 0.85 41656320
115 0.86 41857024
116 0.86 42139648
117 0.87 42184704
118 0.88 42340352
119 0.9 42676224
120 0.92 43126784
121 0.91 42885120
122 0.92 43347968
123 0.94 43458560
124 0.96 43626496
125 0.97 43655168
126 0.99 43757568
127 1.0 43884544
128 1.01 44064768
129 1.01 44285952
130 1.02 44392448
131 1.04 44589056
132 1.06 45113344
133 1.07 44949504
134 1.07 45162496
135 1.09 45514752
136 1.11 45711360
137 1.13 45871104
138 1.14 46256128
139 1.15 46485504
140 1.18 46432256
141 1.19 46743552
142 1.2 46731264
143 1.2 46886912
144 1.23 47661056
145 1.26 47419392
146 1.27 47509504
147 1.29 47640576
148 1.3 47808512
149 1.32 48066560
150 1.35 48615424
151 1.35 48406528
152 1.37 48693248
153 1.4 48812032
154 1.42 49291264
155 1.45 49274880
156 1.49 49946624
157 1.54 49496064
158 1.49 49922048
159 1.51 50147328
160 1.54 50143232
161 1.56 50548736
162 1.58 50479104
163 1.62 50913280
164 1.64 50745344
165 1.66 51027968
166 1.67 51412992
167 1.7 51376128
168 1.72 51826688
169 1.75 51765248
170 1.78 52023296
171 1.82 52207616
172 1.81 52326400
173 1.87 52834304
174 1.88 52805632
175 1.89 53067776
176 1.93 53166080
177 1.97 53571584
178 1.97 53493760
179 2.02 53772288
180 2.03 54251520
181 2.06 54452224
182 2.1 54480896
183 2.1 54685696
184 2.27 54792192
185 2.19 55013376
186 2.21 55169024
187 2.24 55664640
188 2.42 55857152
189 2.31 55812096
190 2.35 55939072
191 2.37 56475648
192 2.43 56475648
193 2.44 56983552
194 2.48 56868864
195 2.53 57348096
196 2.6 58163200
197 2.6 57778176
198 2.64 57974784
199 2.66 57888768
200 2.72 59019264
201 3.0 58990592
202 2.95 59269120
203 2.83 58957824
204 2.84 59375616
205 2.89 59502592
206 2.92 59502592
207 3.03 59961344
208 3.02 60186624
209 3.05 60354560
210 3.11 60575744
211 3.16 60858368
212 3.18 61165568
213 3.25 61665280
214 3.32 61337600
215 3.32 62066688
216 3.37 61747200
217 3.42 62144512
218 3.47 62111744
219 3.53 62742528
220 3.59 62976000
221 3.63 63418368
222 3.7 63004672
223 3.77 63225856
224 3.8 63434752
225 3.85 63971328
226 3.91 63959040
227 3.9 64335872
228 3.96 64397312
229 4.01 64704512
230 4.08 65097728
231 4.15 65064960
232 4.18 65552384
233 4.28 65478656
234 4.38 66437120
235 4.4 66248704
236 4.43 66883584
237 4.48 66691072
238 4.55 66617344
239 4.61 67911680
240 4.75 67371008
241 4.85 67661824
242 4.86 68300800
243 4.89 67813376
244 4.94 68485120
245 5.1 68583424
246 5.13 68874240
247 5.24 69640192
248 5.25 69804032
249 5.33 69591040
250 5.38 69402624
251 5.41 69992448
252 5.58 71081984
253 5.59 70471680
254 5.75 70668288
255 5.7 70713344
256 5.82 71163904
257 5.87 71024640
258 5.94 71479296
259 6.06 72011776
260 6.14 71753728
261 6.12 72122368
262 6.35 73498624
263 6.39 72970240
264 6.47 73453568
265 6.48 73826304
266 6.62 73641984
267 6.81 73506816
268 6.79 73818112
269 6.98 74428416
270 7.06 74592256
271 7.08 74928128
272 7.09 74792960
273 7.27 75137024
274 7.46 75272192
275 7.44 75882496
276 7.55 76947456
277 7.55 75997184
278 7.7 76279808
279 7.87 77258752
280 7.9 76795904
281 8.06 77471744
282 8.09 77631488
283 8.22 77651968
284 8.34 77766656
285 8.53 78135296
286 8.67 78757888
287 8.7 79265792
288 8.77 79261696
289 8.78 79556608
290 9.09 79745024
291 9.36 81010688