1 0.02 7561216
2 0.02 7716864
3 0.02 7839744
4 0.03 8060928
5 0.04 8253440
6 0.03 8355840
7 0.03 8523776
8 0.04 8663040
9 0.04 8814592
10 0.04 8908800
11 0.04 9113600
12 0.04 9265152
13 0.05 9441280
14 0.05 9547776
15 0.05 9719808
16 0.06 9904128
17 0.05 9969664
18 0.05 10166272
19 0.06 10350592
20 0.06 10502144
21 0.07 10706944
22 0.07 10772480
23 0.07 10928128
24 0.07 11169792
25 0.08 11317248
26 0.1 11390976
27 0.07 11571200
28 0.08 11694080
29 0.08 11837440
30 0.09 12103680
31 0.08 12152832
32 0.08 12296192
33 0.08 12505088
34 0.09 12644352
35 0.1 12804096
36 0.09 12914688
37 0.1 13033472
38 0.09 13242368
39 0.1 13389824
40 0.1 13520896
41 0.11 13697024
42 0.11 13836288
43 0.1 13967360
44 0.11 14118912
45 0.1 14229504
46 0.12 14430208
47 0.12 14716928
48 0.11 14811136
49 0.12 14966784
50 0.12 15106048
51 0.12 15265792
52 0.13 15409152
53 0.13 15556608
54 0.14 15687680
55 0.14 15835136
56 0.13 15986688
57 0.14 16138240
58 0.13 16367616
59 0.14 16433152
60 0.14 16658432
61 0.14 16801792
62 0.14 17002496
63 0.15 17149952
64 0.15 17301504
65 0.15 17432576
66 0.16 17567744
67 0.15 17727488
68 0.15 17874944
69 0.15 18022400
70 0.16 18182144
71 0.16 18321408
72 0.17 18481152
73 0.17 18608128
74 0.17 18702336
75 0.17 18898944
76 0.17 19128320
77 0.18 19238912
78 0.17 19320832
79 0.18 19546112
80 0.18 19701760
81 0.18 19861504
82 0.18 19918848
83 0.19 20107264
84 0.18 20340736
85 0.19 20471808
86 0.2 20566016
87 0.19 20709376
88 0.2 20881408
89 0.2 21008384
90 0.19 21135360
91 0.21 21327872
92 0.21 21585920
93 0.21 21618688
94 0.21 21774336
95 0.21 21929984
96 0.22 22188032
97 0.22 22343680
98 0.22 22429696
99 0.22 22601728
100 0.23 22716416
101 0.23 22884352
102 0.23 23011328
103 0.23 23236608
104 0.23 23298048
105 0.23 23527424
106 0.24 23719936
107 0.23 23846912
108 0.23 23945216
109 0.23 24129536
110 0.24 24276992
111 0.24 24707072
112 0.25 24834048
113 0.25 25034752
114 0.26 25120768
115 0.25 25223168
116 0.25 25452544
117 0.26 25657344
118 0.26 25739264
119 0.26 25985024
120 0.29 26198016
121 0.27 26365952
122 0.27 26517504
123 0.27 26656768
124 0.27 26865664
125 0.27 26955776
126 0.28 27148288
127 0.28 27205632
128 0.28 27369472
129 0.3 27529216
130 0.29 27660288
131 0.29 27820032
132 0.28 27987968
133 0.29 28086272
134 0.29 28205056
135 0.29 28483584
136 0.3 28598272
137 0.3 28741632
138 0.3 28909568
139 0.3 29065216
140 0.31 29192192
141 0.31 29401088
142 0.31 29462528
143 0.31 29638656
144 0.31 29802496
145 0.32 30035968
146 0.32 30093312
147 0.32 30228480
148 0.32 30388224
149 0.32 30564352
150 0.32 30617600
151 0.33 30851072
152 0.33 31014912
153 0.37 31232000
154 0.33 31293440
155 0.34 31461376
156 0.34 31604736
157 0.34 31748096
158 0.34 31879168
159 0.34 32079872
160 0.34 32161792
161 0.35 32313344
162 0.35 32534528
163 0.36 32600064
164 0.36 32784384
165 0.36 32944128
166 0.36 33095680
167 0.37 33202176
168 0.36 33378304
169 0.36 33550336
170 0.37 33644544
171 0.37 33828864
172 0.37 33964032
173 0.37 34103296
174 0.38 34275328
175 0.38 34373632
176 0.39 34648064
177 0.38 34721792
178 0.39 34856960
179 0.39 35041280
180 0.38 35246080
181 0.39 35336192
182 0.39 35590144
183 0.4 35627008
184 0.39 35786752
185 0.4 35950592
186 0.4 36081664
187 0.39 36225024
188 0.4 36364288
189 0.4 36515840
190 0.41 36651008
191 0.4 36757504
192 0.41 37146624
193 0.42 37269504
194 0.41 37437440
195 0.42 37584896
196 0.42 37732352
197 0.42 37847040
198 0.42 37978112
199 0.43 38187008
200 0.42 38305792
201 0.43 38506496
202 0.44 38752256
203 0.44 38785024
204 0.45 38887424
205 0.44 39063552
206 0.45 39276544
207 0.45 39444480
208 0.45 39522304
209 0.46 39780352
210 0.45 39813120
211 0.45 39972864
212 0.46 40132608
213 0.45 40271872
214 0.46 40480768
215 0.46 40628224
216 0.46 40775680
217 0.46 40865792
218 0.47 41046016
219 0.47 41168896
220 0.47 41373696
221 0.47 41574400
222 0.48 41824256
223 0.48 41893888
224 0.48 42033152
225 0.48 42217472
226 0.49 42348544
227 0.48 42426368
228 0.49 43151360
229 0.48 43331584
230 0.51 43483136
231 0.5 43610112
232 0.49 43757568
233 0.49 43909120
234 0.5 44044288
235 0.49 44224512
236 0.49 44343296
237 0.52 44535808
238 0.52 44687360
239 0.53 44916736
240 0.52 45047808
241 0.53 45170688
242 0.53 45363200
243 0.53 45465600
244 0.53 45559808
245 0.53 45711360
246 0.53 45805568
247 0.54 46014464
248 0.55 46166016
249 0.54 46313472
250 0.54 46481408
251 0.54 46657536
252 0.55 46862336
253 0.54 46944256
254 0.55 47104000
255 0.54 47239168
256 0.55 47374336
257 0.54 47489024
258 0.56 47747072
259 0.56 47808512
260 0.57 48017408
261 0.55 48115712
262 0.56 48259072
263 0.56 48291840
264 0.58 48545792
265 0.58 48758784
266 0.57 48996352
267 0.58 49016832
268 0.57 49070080
269 0.57 49319936
270 0.58 49561600
271 0.59 49618944
272 0.59 49672192
273 0.59 49922048
274 0.59 50049024
275 0.59 50196480
276 0.6 50446336
277 0.59 50491392
278 0.6 50630656
279 0.6 50786304
280 0.6 50921472
281 0.6 51175424
282 0.61 51265536
283 0.6 51417088
284 0.61 51552256
285 0.6 51707904
286 0.61 51802112
287 0.61 51998720
288 0.61 52150272
289 0.63 52285440
290 0.61 52305920
291 0.64 52637696
292 0.63 52871168
293 0.63 52994048
294 0.62 53104640
295 0.63 53202944
296 0.63 53239808
297 0.62 53514240
298 0.63 53665792
299 0.63 53899264
300 0.64 54005760