1 0.02 7561216
2 0.02 7720960
3 0.02 7815168
4 0.03 8032256
5 0.03 8208384
6 0.03 8310784
7 0.03 8495104
8 0.04 8658944
9 0.03 8822784
10 0.04 8957952
11 0.04 9154560
12 0.04 9281536
13 0.04 9416704
14 0.04 9560064
15 0.05 9719808
16 0.04 9871360
17 0.05 10018816
18 0.06 10174464
19 0.06 10354688
20 0.06 10489856
21 0.07 10653696
22 0.07 10792960
23 0.07 10936320
24 0.07 11157504
25 0.07 11231232
26 0.07 11472896
27 0.07 11554816
28 0.08 11694080
29 0.08 11878400
30 0.08 12013568
31 0.09 12165120
32 0.08 12328960
33 0.09 12509184
34 0.1 12750848
35 0.08 12800000
36 0.09 12951552
37 0.1 13176832
38 0.1 13230080
39 0.1 13377536
40 0.11 13520896
41 0.11 13676544
42 0.1 13787136
43 0.1 13979648
44 0.1 14127104
45 0.11 14278656
46 0.11 14467072
47 0.11 14553088
48 0.12 14843904
49 0.11 14966784
50 0.12 15069184
51 0.13 15343616
52 0.12 15421440
53 0.12 15560704
54 0.13 15765504
55 0.12 15855616
56 0.13 15998976
57 0.14 16138240
58 0.13 16289792
59 0.13 16433152
60 0.14 16666624
61 0.14 16801792
62 0.14 16973824
63 0.15 17141760
64 0.15 17276928
65 0.15 17473536
66 0.16 17575936
67 0.17 17817600
68 0.15 17887232
69 0.16 18022400
70 0.17 18169856
71 0.16 18325504
72 0.17 18472960
73 0.16 18608128
74 0.18 18743296
75 0.17 18980864
76 0.18 19038208
77 0.18 19222528
78 0.17 19365888
79 0.18 19513344
80 0.19 19734528
81 0.19 19812352
82 0.18 19963904
83 0.2 20099072
84 0.19 20271104
85 0.19 20398080
86 0.19 20561920
87 0.19 20770816
88 0.19 20840448
89 0.21 20992000
90 0.2 21164032
91 0.2 21344256
92 0.21 21463040
93 0.22 21725184
94 0.21 21774336
95 0.22 21921792
96 0.21 22134784
97 0.22 22310912
98 0.23 22487040
99 0.22 22593536
100 0.23 22839296
101 0.22 22880256
102 0.22 22994944
103 0.23 23203840
104 0.23 23322624
105 0.23 23511040
106 0.24 23711744
107 0.24 23846912
108 0.24 23982080
109 0.23 24150016
110 0.24 24272896
111 0.24 24686592
112 0.25 24821760
113 0.24 25014272
114 0.25 25149440
115 0.25 25276416
116 0.26 25526272
117 0.26 25612288
118 0.26 25763840
119 0.26 25997312
120 0.27 26255360
121 0.27 26333184
122 0.28 26574848
123 0.28 26726400
124 0.27 26763264
125 0.29 27066368
126 0.28 27107328
127 0.28 27197440
128 0.28 27381760
129 0.29 27598848
130 0.33 27693056
131 0.29 27947008
132 0.3 27942912
133 0.29 28139520
134 0.3 28295168
135 0.29 28438528
136 0.29 28643328
137 0.3 28762112
138 0.31 28909568
139 0.3 28975104
140 0.31 29282304
141 0.31 29315072
142 0.3 29474816
143 0.31 29749248
144 0.31 29794304
145 0.32 29954048
146 0.32 30093312
147 0.32 30212096
148 0.32 30437376
149 0.32 30547968
150 0.33 30658560
151 0.33 30867456
152 0.35 31035392
153 0.33 31158272
154 0.35 31244288
155 0.34 31444992
156 0.35 31559680
157 0.35 31850496
158 0.34 31875072
159 0.35 32022528
160 0.36 32169984
161 0.35 32333824
162 0.35 32464896
163 0.35 32579584
164 0.36 32804864
165 0.36 32956416
166 0.36 33099776
167 0.36 33251328
168 0.36 33374208
169 0.37 33599488
170 0.37 33669120
171 0.37 33964032
172 0.38 34082816
173 0.38 34111488
174 0.37 34205696
175 0.37 34443264
176 0.38 34615296
177 0.4 34787328
178 0.38 34893824
179 0.38 35041280
180 0.38 35241984
181 0.39 35336192
182 0.4 35495936
183 0.42 35663872
184 0.42 35835904
185 0.39 35921920
186 0.39 36073472
187 0.41 36216832
188 0.41 36364288
189 0.4 36552704
190 0.4 36659200
191 0.41 36921344
192 0.42 37163008
193 0.42 37355520
194 0.42 37437440
195 0.42 37568512
196 0.43 37748736
197 0.42 37879808
198 0.43 38121472
199 0.43 38154240
200 0.43 38305792
201 0.44 38449152
202 0.46 38719488
203 0.43 38760448
204 0.44 38912000
205 0.44 39038976
206 0.45 39350272
207 0.44 39444480
208 0.44 39514112
209 0.47 39743488
210 0.44 39817216
211 0.45 39981056
212 0.45 40124416
213 0.45 40271872
214 0.46 40550400
215 0.46 40562688
216 0.47 40808448
217 0.46 40906752
218 0.47 41005056
219 0.46 41148416
220 0.47 41287680
221 0.47 41582592
222 0.47 41762816
223 0.47 41902080
224 0.48 42033152
225 0.47 42196992
226 0.49 42344448
227 0.49 42475520
228 0.48 43110400
229 0.53 43458560
230 0.5 43601920
231 0.5 43618304
232 0.49 43827200
233 0.51 44007424
234 0.5 44072960
235 0.51 44187648
236 0.5 44343296
237 0.51 44544000
238 0.51 44797952
239 0.52 44834816
240 0.51 44912640
241 0.52 45125632
242 0.51 45293568
243 0.52 45379584
244 0.54 45629440
245 0.53 45715456
246 0.54 45907968
247 0.54 46043136
248 0.54 46170112
249 0.53 46235648
250 0.55 46481408
251 0.54 46616576
252 0.55 46874624
253 0.55 47022080
254 0.57 47259648
255 0.55 47230976
256 0.55 47362048
257 0.56 47521792
258 0.56 47611904
259 0.56 47763456
260 0.55 47947776
261 0.56 48107520
262 0.58 48250880
263 0.56 48414720
264 0.57 48611328
265 0.56 48738304
266 0.56 48893952
267 0.58 49016832
268 0.58 49168384
269 0.57 49426432
270 0.59 49455104
271 0.57 49627136
272 0.59 49754112
273 0.58 49860608
274 0.59 50106368
275 0.59 50196480
276 0.6 50429952
277 0.59 50491392
278 0.6 50733056
279 0.59 50794496
280 0.6 51052544
281 0.6 51109888
282 0.6 51298304
283 0.6 51437568
284 0.6 51552256
285 0.6 51617792
286 0.61 51822592
287 0.6 51998720
288 0.6 52150272
289 0.61 52301824
290 0.62 52445184
291 0.63 52715520
292 0.83 52768768
293 0.72 52998144
294 0.63 53035008
295 0.62 53125120
296 0.62 53276672
297 0.63 53395456
298 0.63 53735424
299 0.63 53805056
300 0.64 53968896