1 0.0036 6557696
2 0.0046 6615040
3 0.0071 6656000
4 0.0088 6705152
5 0.0086 6758400
6 0.0081 6795264
7 0.0092 6873088
8 0.01 6926336
9 0.011 6971392
10 0.0162 7036928
11 0.0129 7061504
12 0.0136 7110656
13 0.0161 7176192
14 0.0163 7221248
15 0.0182 7270400
16 0.019 7319552
17 0.0184 7393280
18 0.0194 7438336
19 0.0202 7450624
20 0.0215 7495680
21 0.022 7577600
22 0.023 7630848
23 0.0241 7680000
24 0.0263 7749632
25 0.0259 7770112
26 0.0313 7847936
27 0.0279 7864320
28 0.0287 7913472
29 0.0417 8048640
30 0.0483 8028160
31 0.0497 8077312
32 0.0337 8155136
33 0.0377 8208384
34 0.0361 8249344
35 0.0354 8306688
36 0.038 8347648
37 0.0371 8404992
38 0.0382 8425472
39 0.0394 8470528
40 0.0401 8519680
41 0.0423 8589312
42 0.042 8720384
43 0.043 8728576
44 0.044 8818688
45 0.0445 8867840
46 0.0467 8904704
47 0.053 9052160
48 0.0475 8966144
49 0.0527 9064448
50 0.0495 9080832
51 0.0506 9072640
52 0.0532 9138176
53 0.0523 9203712
54 0.0579 9248768
55 0.0556 9297920
56 0.0596 9342976
57 0.0577 9383936
58 0.0593 9457664
59 0.0586 9531392
60 0.0642 9584640
61 0.0604 9641984
62 0.066 9678848
63 0.0621 9740288
64 0.0647 9781248
65 0.0643 9818112
66 0.0701 9871360
67 0.0703 9977856
68 0.0702 9965568
69 0.0779 10063872
70 0.0708 10039296
71 0.0699 10121216
72 0.0765 10182656
73 0.0845 10346496
74 0.0803 10305536
75 0.0781 10313728
76 0.0748 10366976
77 0.0772 10395648
78 0.0758 10424320
79 0.0823 10506240
80 0.0796 10530816
81 0.0792 10571776
82 0.0798 10616832
83 0.0819 10661888
84 0.0817 10715136
85 0.0881 10788864
86 0.085 10838016
87 0.0896 10899456
88 0.0916 10973184
89 0.0879 10985472
90 0.0878 11104256
91 0.0909 11079680
92 0.0893 11108352
93 0.0957 11186176
94 0.0922 11202560
95 0.0969 11280384
96 0.0992 11337728
97 0.0951 11399168
98 0.0995 11476992
99 0.1283 11513856
100 0.1024 11653120
101 0.1016 11583488
102 0.1078 11681792
103 0.1135 11898880
104 0.1057 11751424
105 0.1052 11784192
106 0.1053 11849728
107 0.1077 11964416
108 0.1199 12009472
109 0.1083 11997184
110 0.1095 12034048
111 0.1098 12091392
112 0.1103 12148736
113 0.1152 12201984
114 0.1131 12234752
115 0.1137 12296192
116 0.1147 12361728
117 0.1172 12406784
118 0.1217 12460032
119 0.1181 12562432
120 0.1277 12644352
121 0.1287 12660736
122 0.1208 12726272
123 0.1245 12767232
124 0.1236 12804096
125 0.1239 12881920
126 0.1296 12910592
127 0.1251 12947456
128 0.1272 12996608
129 0.1265 13066240
130 0.1284 13099008
131 0.1302 13156352
132 0.1305 13209600
133 0.1325 13242368
134 0.1327 13283328
135 0.1314 13352960
136 0.1329 13365248
137 0.1359 13443072
138 0.1425 13553664
139 0.1373 13541376
140 0.1381 13594624
141 0.1402 13643776
142 0.1429 13684736
143 0.1411 13742080
144 0.1439 13803520
145 0.1427 13873152
146 0.143 13922304
147 0.1491 13955072
148 0.1452 14012416
149 0.1495 14053376
150 0.1925 14241792
151 0.1669 14364672
152 0.1544 14172160
153 0.1723 14360576
154 0.1863 14348288
155 0.2396 14442496
156 0.1708 14503936
157 0.1769 14528512
158 0.1587 14491648
159 0.1779 14602240
160 0.2846 14708736
161 0.1952 14684160
162 0.1741 14680064
163 0.1881 14761984
164 0.2196 14872576
165 0.2132 14921728
166 0.2058 15032320
167 0.4078 15032320
168 0.2954 15069184
169 0.2472 15114240
170 0.238 15114240
171 0.1835 15241216
172 0.2123 15265792
173 0.4155 15237120
174 0.1972 15355904
175 0.2121 15462400
176 0.2087 15421440
177 0.1964 15523840
178 0.1798 15429632
179 0.2064 15728640
180 0.2192 15638528
181 0.2236 15687680
182 0.2154 15773696
183 0.2005 15798272
184 0.2231 15863808
185 0.2146 15843328
186 0.2248 15958016
187 0.2146 15998976
188 0.2372 16064512
189 0.1991 15958016
190 0.1991 16093184
191 0.2073 16252928
192 0.193 16142336
193 0.1951 16199680
194 0.1901 16228352
195 0.1942 16322560
196 0.2616 16551936
197 0.2112 16388096
198 0.2047 16474112
199 0.1986 16523264
200 0.2804 16719872
201 0.2887 16719872
202 0.2939 16728064
203 0.2784 16719872
204 0.2127 16850944
205 0.2287 16867328
206 0.2566 17063936
207 0.205 16789504
208 0.2122 16977920
209 0.2055 17014784
210 0.2211 16945152
211 0.2463 17121280
212 0.2984 17272832
213 0.3665 17338368
214 0.3832 17375232
215 0.2849 17235968
216 0.2539 17539072
217 0.2359 17448960
218 0.2764 17608704
219 0.2778 17547264
220 0.2886 17580032
221 0.2642 17604608
222 0.2476 17883136
223 0.2472 17793024
224 0.2543 17850368
225 0.2215 17764352
226 0.2767 17784832
227 0.2387 18116608
228 0.227 17936384
229 0.2301 18030592
230 0.2533 18083840
231 0.226 18128896
232 0.2301 18161664
233 0.2323 18227200
234 0.2318 18259968
235 0.2361 18190336
236 0.2417 18489344
237 0.2342 18399232
238 0.2382 18460672
239 0.2384 18522112
240 0.2406 18690048
241 0.238 18743296
242 0.2424 18751488
243 0.2412 18833408
244 0.2474 18755584
245 0.2458 19005440
246 0.2631 18976768
247 0.2927 19116032
248 0.2492 19062784
249 0.2526 19120128
250 0.2531 19173376
251 0.2594 19259392
252 0.2552 19152896
253 0.2507 19197952
254 0.2595 19513344
255 0.2544 19279872
256 0.2567 19460096
257 0.266 19509248
258 0.2623 19476480
259 0.2665 19623936
260 0.26 19718144
261 0.2801 19689472
262 0.2977 19767296
263 0.2622 19640320
264 0.2654 19922944
265 0.2755 20021248
266 0.2731 19959808
267 0.2678 19984384
268 0.2696 20041728
269 0.2708 19951616
270 0.269 20127744
271 0.267 20156416
272 0.2755 20152320
273 0.2712 20148224
274 0.2764 20316160
275 0.277 20369408
276 0.2733 20312064
277 0.2777 20332544
278 0.2762 20393984
279 0.2807 20430848
280 0.2775 20606976
281 0.2813 20652032
282 0.2885 20566016
283 0.2794 20725760
284 0.2844 20795392
285 0.2977 20717568
286 0.2887 20893696
287 0.2875 20951040
288 0.2859 20992000
289 0.2886 21041152
290 0.2929 21196800
291 0.2944 21221376
292 0.2972 21258240
293 0.2955 21299200
294 0.3028 21532672
295 0.2967 21397504
296 0.2943 21458944
297 0.3003 21381120
298 0.3052 21426176
299 0.3002 21590016
300 0.2994 21520384