1 0.0032 6541312
2 0.0055 6627328
3 0.0057 6672384
4 0.0068 6733824
5 0.0095 6832128
6 0.0109 6893568
7 0.0147 6959104
8 0.0118 6995968
9 0.0175 7094272
10 0.0188 7184384
11 0.0155 7196672
12 0.0169 7294976
13 0.0183 7368704
14 0.0198 7393280
15 0.0221 7491584
16 0.0221 7569408
17 0.0273 7622656
18 0.0292 7704576
19 0.026 7725056
20 0.0272 7823360
21 0.0326 7880704
22 0.0342 7970816
23 0.0322 7999488
24 0.0323 8081408
25 0.0368 8142848
26 0.0366 8204288
27 0.0371 8253440
28 0.0377 8347648
29 0.0406 8400896
30 0.041 8478720
31 0.0413 8515584
32 0.0423 8622080
33 0.0437 8642560
34 0.045 8712192
35 0.0464 8806400
36 0.0494 8871936
37 0.0487 8957952
38 0.0546 9007104
39 0.056 9068544
40 0.053 9170944
41 0.0594 9224192
42 0.0549 9265152
43 0.056 9326592
44 0.0585 9375744
45 0.0635 9469952
46 0.0599 9515008
47 0.0659 9580544
48 0.0648 9629696
49 0.0688 9707520
50 0.0656 9744384
51 0.0691 9838592
52 0.0699 9900032
53 0.0705 10002432
54 0.0755 10047488
55 0.0729 10080256
56 0.0749 10158080
57 0.0764 10223616
58 0.0823 10477568
59 0.0768 10383360
60 0.0834 10440704
61 0.08 10506240
62 0.0853 10559488
63 0.0833 10596352
64 0.0846 10706944
65 0.0858 10780672
66 0.087 10842112
67 0.092 10911744
68 0.0896 10985472
69 0.0946 11079680
70 0.0928 11071488
71 0.0968 11173888
72 0.0954 11223040
73 0.1004 11304960
74 0.1008 11362304
75 0.0999 11415552
76 0.0987 11497472
77 0.1005 11554816
78 0.1033 11608064
79 0.1043 11665408
80 0.1041 11747328
81 0.1096 11800576
82 0.1125 11882496
83 0.1088 11927552
84 0.1113 11980800
85 0.1127 12050432
86 0.1134 12111872
87 0.118 12165120
88 0.1145 12242944
89 0.1176 12304384
90 0.1177 12382208
91 0.1275 12406784
92 0.121 12476416
93 0.1242 12541952
94 0.1231 12623872
95 0.1258 12664832
96 0.1299 12734464
97 0.1274 12791808
98 0.1291 12877824
99 0.133 12939264
100 0.1319 13000704
101 0.1687 13156352
102 0.1386 13148160
103 0.1361 13225984
104 0.1383 13283328
105 0.1388 13393920
106 0.1402 13418496
107 0.1491 13578240
108 0.142 13565952
109 0.1473 13602816
110 0.1489 13668352
111 0.1454 13701120
112 0.1514 13795328
113 0.1484 13873152
114 0.1492 13926400
115 0.1553 13983744
116 0.1521 14077952
117 0.1532 14143488
118 0.1566 14188544
119 0.1571 14258176
120 0.1585 14295040
121 0.1637 14385152
122 0.1606 14426112
123 0.1654 14516224
124 0.1691 14622720
125 0.1645 14630912
126 0.1648 14708736
127 0.1675 14745600
128 0.1694 14868480
129 0.1712 14913536
130 0.1722 14970880
131 0.1752 15024128
132 0.179 15093760
133 0.1744 15171584
134 0.1754 15237120
135 0.1792 15290368
136 0.1827 15351808
137 0.1821 15425536
138 0.1857 15482880
139 0.1864 15548416
140 0.183 15618048
141 0.1925 15679488
142 0.1884 15802368
143 0.1937 15872000
144 0.1903 15933440
145 0.1914 16003072
146 0.1965 16056320
147 0.1975 16125952
148 0.1994 16277504
149 0.2044 16326656
150 0.2015 16297984
151 0.209 16355328
152 0.2048 16420864
153 0.2053 16502784
154 0.2076 16547840
155 0.2057 16617472
156 0.2069 16519168
157 0.2151 16855040
158 0.2592 16732160
159 0.2848 16818176
160 0.2526 16924672
161 0.2482 16842752
162 0.2656 17129472
163 0.2551 17219584
164 0.26 17281024
165 0.235 17293312
166 0.2425 17149952
167 0.2204 17375232
168 0.2256 17432576
169 0.2419 17227776
170 0.2299 17551360
171 0.2749 17424384
172 0.283 17522688
173 0.2406 17805312
174 0.2782 17637376
175 0.2734 17694720
176 0.2882 17973248
177 0.2799 17854464
178 0.2766 18132992
179 0.252 17985536
180 0.2383 17883136
181 0.2435 18264064
182 0.2908 18374656
183 0.2431 18354176
184 0.2494 18423808
185 0.2729 18575360
186 0.2784 18444288
187 0.2767 18456576
188 0.2721 18481152
189 0.2817 18915328
190 0.2536 18780160
191 0.264 18698240
192 0.2693 19005440
193 0.2889 19058688
194 0.2905 19136512
195 0.292 19349504
196 0.3302 19042304
197 0.3295 19390464
198 0.3277 19185664
199 0.3293 19496960
200 0.2988 19341312
201 0.2756 19279872
202 0.2943 19689472
203 0.3054 19705856
204 0.2906 19804160
205 0.2878 19959808
206 0.2787 19607552
207 0.3504 19857408
208 0.2985 20070400
209 0.2996 19906560
210 0.3323 20234240
211 0.3209 20480000
212 0.284 20230144
213 0.2813 20074496
214 0.2857 20377600
215 0.3174 20570112
216 0.4041 20340736
217 0.465 20680704
218 0.4707 20500480
219 0.4527 20832256
220 0.4858 20623360
221 0.4733 20930560
222 0.46 20692992
223 0.4506 21114880
224 0.4689 21123072
225 0.3426 21204992
226 0.3029 21143552
227 0.3443 21262336
228 0.3768 21344256
229 0.3209 21364736
230 0.3162 21389312
231 0.3138 21651456
232 0.3159 21647360
233 0.319 21737472
234 0.312 21647360
235 0.3131 21467136
236 0.3161 21540864
237 0.3137 21884928
238 0.3186 21946368
239 0.3426 22155264
240 0.3532 22192128
241 0.3863 22036480
242 0.3951 22065152
243 0.3635 22069248
244 0.3834 22450176
245 0.4094 22487040
246 0.4102 22315008
247 0.3472 22360064
248 0.3916 22478848
249 0.3813 22564864
250 0.3478 22417408
251 0.3337 22745088
252 0.3681 22958080
253 0.3525 22945792
254 0.3501 22708224
255 0.3439 22695936
256 0.3448 23093248
257 0.3491 22953984
258 0.3443 23220224
259 0.3461 23306240
260 0.3531 23252992
261 0.3493 23445504
262 0.3548 23564288
263 0.3558 23613440
264 0.426 23797760
265 0.4045 23814144
266 0.3903 23891968
267 0.3601 23826432
268 0.3929 23773184
269 0.3579 23945216
270 0.3754 23752704
271 0.4206 23916544
272 0.4114 24006656
273 0.3653 24195072
274 0.3995 24432640
275 0.3656 24317952
276 0.369 24113152
277 0.3705 24539136
278 0.4131 24653824
279 0.3724 24547328
280 0.3753 24637440
281 0.3775 24412160
282 0.3761 24764416
283 0.3783 24674304
284 0.3864 24866816
285 0.3833 24924160
286 0.38 24981504
287 0.3873 25227264
288 0.3859 25104384
289 0.3846 25182208
290 0.3891 25100288
291 0.3888 25145344
292 0.3988 25378816
293 0.3897 25427968
294 0.3927 25370624
295 0.3933 25423872
296 0.3968 25649152
297 0.3943 25649152
298 0.4136 25759744
299 0.4022 25645056
300 0.408 25903104