1 0.0426 9105408
2 0.0499 9318400
3 0.0521 9510912
4 0.0608 9744384
5 0.065 9936896
6 0.0658 10235904
7 0.0708 10334208
8 0.0757 10534912
9 0.0823 10760192
10 0.0923 10985472
11 0.0922 11161600
12 0.0972 11378688
13 0.1054 11583488
14 0.1092 11796480
15 0.1133 12009472
16 0.117 12185600
17 0.1222 12390400
18 0.1382 12701696
19 0.1316 12820480
20 0.1388 13000704
21 0.142 13180928
22 0.1462 13389824
23 0.1521 13664256
24 0.1588 13836288
25 0.17 14045184
26 0.1719 14336000
27 0.1764 14450688
28 0.1815 14696448
29 0.1892 14950400
30 0.1922 15122432
31 0.1994 15474688
32 0.2014 15523840
33 0.2064 15712256
34 0.21 15880192
35 0.2166 16109568
36 0.2198 16289792
37 0.2269 16519168
38 0.2339 16732160
39 0.2331 16883712
40 0.2429 17108992
41 0.25 17326080
42 0.2517 17502208
43 0.2552 17682432
44 0.2632 17944576
45 0.2659 18071552
46 0.2714 18317312
47 0.2783 18522112
48 0.2815 18567168
49 0.2945 19083264
50 0.3068 19238912
51 0.3002 19333120
52 0.306 19570688
53 0.3092 19619840
54 0.3151 19947520
55 0.3215 20185088
56 0.3307 20377600
57 0.3337 20639744
58 0.3362 20869120
59 0.344 21118976
60 0.3496 21176320
61 0.3593 21512192
62 0.36 21577728
63 0.3642 21766144
64 0.3688 22065152
65 0.3842 22499328
66 0.3835 22487040
67 0.389 22798336
68 0.3874 22896640
69 0.4005 23252992
70 0.4017 23150592
71 0.4035 23367680
72 0.4092 23687168
73 0.4157 23760896
74 0.4169 24096768
75 0.4285 24281088
76 0.4456 24633344
77 0.4419 24915968
78 0.4395 24887296
79 0.4507 25149440
80 0.4532 25280512
81 0.4615 25120768
82 0.4653 25731072
83 0.4697 25530368
84 0.4714 26079232
85 0.4751 25747456
86 0.4847 26476544
87 0.4865 26144768
88 0.4901 26345472
89 0.4971 27062272
90 0.5006 27267072
91 0.5068 26935296
92 0.5108 27660288
93 0.5216 27385856
94 0.5242 28069888
95 0.5464 28315648
96 0.5357 27963392
97 0.5451 28176384
98 0.5446 28889088
99 0.5613 28639232
100 0.5607 28897280
101 0.5682 29843456
102 0.5701 29806592
103 0.5793 29487104
104 0.5918 30404608
105 0.5877 29859840
106 0.5982 30597120
107 0.5965 30752768
108 0.5979 30998528
109 0.6083 31191040
110 0.6118 31412224
111 0.6293 31113216
112 0.6339 31916032
113 0.6266 31993856
114 0.6504 31883264
115 0.6366 31997952
116 0.6486 32755712
117 0.6545 33062912
118 0.656 33284096
119 0.6699 33521664
120 0.6676 33144832
121 0.6773 33325056
122 0.6853 33529856
123 0.6852 33710080
124 0.7018 34799616
125 0.6906 34111488
126 0.7107 34639872
127 0.7081 35065856
128 0.7144 34693120
129 0.7123 35450880
130 0.7302 36007936
131 0.7301 35831808
132 0.7314 35557376
133 0.7349 35729408
134 0.7431 36466688
135 0.7542 36634624
136 0.7547 36294656
137 0.7569 36978688
138 0.7663 36741120
139 0.7755 37380096
140 0.7775 37609472
141 0.7876 37498880
142 0.7809 37998592
143 0.7855 37666816
144 0.7994 38850560
145 0.7983 38551552
146 0.8025 38256640
147 0.8182 38875136
148 0.8188 38658048
149 0.8185 39342080
150 0.8215 39563264
151 0.8396 39915520
152 0.8368 39976960
153 0.8418 40554496
154 0.8533 40460288
155 0.8497 40574976
156 0.8621 41070592
157 0.8897 40996864
158 0.8767 41312256
159 0.8702 41361408
160 0.8803 41086976
161 0.897 42106880
162 1.0056 41988096
163 0.9065 42143744
164 0.8986 42438656
165 0.905 42283008
166 0.9136 42217472
167 0.9083 42213376
168 0.9163 42180608
169 0.9298 42860544
170 0.9366 43098112
171 0.9443 43298816
172 0.9469 43503616
173 1.118 43806720
174 0.9613 43991040
175 1.2398 44032000
176 1.014 43851776
177 0.9771 44879872
178 0.9691 44122112
179 0.9717 44867584
180 0.9824 44548096
181 0.996 45264896
182 1.0792 45670400
183 1.0151 45219840
184 1.0156 45862912
185 1.0189 46080000
186 1.0272 46518272
187 1.0309 46911488
188 1.0347 46129152
189 1.057 46407680
190 1.0452 46587904
191 1.049 46850048
192 1.0538 46964736
193 1.0429 47718400
194 1.0516 47894528
195 1.0667 48025600
196 1.0621 47763456
197 1.0664 48504832
198 1.0857 48893952
199 1.0796 48898048
200 1.086 49053696
201 1.0944 49119232
202 1.1036 49119232
203 1.1115 49442816
204 1.1154 49635328
205 1.1235 49963008
206 1.1321 50147328
207 1.1487 50335744
208 1.1429 50520064
209 1.145 50688000
210 1.1662 50900992
211 1.163 51351552
212 1.1714 51482624
213 1.1704 51470336
214 1.1691 52035584
215 1.1921 52170752
216 1.1788 52105216
217 1.1862 52293632
218 1.1965 52994048
219 1.199 52715520
220 1.2002 52903936
221 1.2139 53100544
222 1.2244 53260288
223 1.2285 53493760
224 1.2215 53686272
225 1.2256 53903360
226 1.2377 54571008
227 1.2412 54284288
228 1.244 54476800
229 1.2519 54693888
230 1.2627 55144448
231 1.2817 55554048
232 1.2735 55910400
233 1.2911 55873536
234 1.3116 56823808
235 1.29 56848384
236 1.2976 57163776
237 1.3143 57298944
238 1.3286 57110528
239 1.3155 57307136
240 1.3229 57577472
241 1.3366 57827328
242 1.3363 58355712
243 1.3378 58101760
244 1.3426 58310656
245 1.3554 58494976
246 1.3474 58675200
247 1.3546 58904576
248 1.3697 59158528
249 1.3659 59277312
250 1.3854 59797504
251 1.3753 59666432
252 1.3807 59883520
253 1.3881 60084224
254 1.3896 60268544
255 1.406 60809216
256 1.404 61120512
257 1.4099 60854272
258 1.4133 61067264
259 1.4236 61743104
260 1.4136 61472768
261 1.4204 61616128
262 1.4373 62046208
263 1.438 62218240
264 1.4484 62259200
265 1.4441 62451712
266 1.4556 62652416
267 1.4467 62857216
268 1.4569 63008768
269 1.4749 63610880
270 1.4684 63430656
271 1.4723 63602688
272 1.4851 63873024
273 1.4879 64081920
274 1.5059 64274432
275 1.5145 64909312
276 1.4934 64618496
277 1.5139 64864256
278 1.5085 64995328
279 1.5399 65282048
280 1.521 65396736
281 1.5369 65654784
282 1.5445 66236416
283 1.5423 66048000
284 1.5379 66220032
285 1.5501 66637824
286 1.5481 66605056
287 1.5612 66781184
288 1.5708 67211264
289 1.5744 67244032
290 1.5725 67444736
291 1.5849 67616768
292 1.5925 67850240
293 1.5931 68366336
294 1.6068 68698112
295 1.5983 68464640
296 1.6066 69107712
297 1.6143 68853760
298 1.6115 69017600
299 1.6212 69242880
300 1.6253 69455872