1 0.1535 18235392
2 0.1561 18403328
3 0.1673 18808832
4 0.1668 18747392
5 0.1727 19038208
6 0.1823 19394560
7 0.1814 19361792
8 0.1822 19615744
9 0.1807 19611648
10 0.2015 19906560
11 0.1986 20254720
12 0.2176 20320256
13 0.1989 20406272
14 0.2104 20701184
15 0.2208 20901888
16 0.2212 20979712
17 0.2155 21274624
18 0.2258 21532672
19 0.2328 21708800
20 0.246 21774336
21 0.2313 21995520
22 0.259 22290432
23 0.3186 22421504
24 0.2504 22704128
25 0.2703 22745088
26 0.2681 23035904
27 0.2695 23142400
28 0.2712 23449600
29 0.2905 23425024
30 0.295 23953408
31 0.2781 23793664
32 0.2999 24289280
33 0.2985 24535040
34 0.2982 24588288
35 0.3143 24731648
36 0.3213 24879104
37 0.3107 24944640
38 0.3146 25272320
39 0.32 25284608
40 0.3275 25481216
41 0.3288 25796608
42 0.3333 26099712
43 0.3517 26124288
44 0.3551 26263552
45 0.3389 26419200
46 0.3559 26746880
47 0.3778 26783744
48 0.3646 27176960
49 0.3699 27303936
50 0.3602 27627520
51 0.3703 27770880
52 0.3789 27926528
53 0.4022 28090368
54 0.3943 28262400
55 0.3938 28360704
56 0.4035 28524544
57 0.3968 28770304
58 0.4183 28954624
59 0.4073 29405184
60 0.4162 29392896
61 0.4196 29782016
62 0.4296 29937664
63 0.44 29798400
64 0.4371 30228480
65 0.4415 30339072
66 0.4488 30695424
67 0.4765 30797824
68 0.4429 30998528
69 0.4621 31035392
70 0.4598 31342592
71 0.4746 31719424
72 0.4679 31739904
73 0.4786 31891456
74 0.4754 32067584
75 0.4949 32063488
76 0.497 32579584
77 0.4916 32428032
78 0.4936 32780288
79 0.5009 32899072
80 0.5171 33304576
81 0.5025 33181696
82 0.5193 33402880
83 0.5083 33554432
84 0.5258 33841152
85 0.5292 34291712
86 0.535 34361344
87 0.5507 34590720
88 0.5351 34795520
89 0.5366 34811904
90 0.5355 35188736
91 0.5577 35254272
92 0.5507 35262464
93 0.5628 35590144
94 0.5911 35651584
95 0.5844 35852288
96 0.5799 36179968
97 0.5877 36278272
98 0.5779 36679680
99 0.6024 36868096
100 0.5866 36913152
101 0.6004 37044224
102 0.6123 37404672
103 0.6054 37761024
104 0.6175 37498880
105 0.6196 37789696
106 0.6223 38219776
107 0.6205 38289408
108 0.6418 38449152
109 0.6331 38637568
110 0.6512 38998016
111 0.6576 38928384
112 0.6439 39190528
113 0.6483 39370752
114 0.675 39620608
115 0.6685 39706624
116 0.6642 39968768
117 0.6799 40218624
118 0.6779 40214528
119 0.6675 40419328
120 0.6842 40525824
121 0.705 40783872
122 0.6994 40910848
123 0.705 41046016
124 0.6988 41680896
125 0.7202 41656320
126 0.7211 41824256
127 0.7191 42024960
128 0.7115 42070016
129 0.7327 42446848
130 0.7332 42823680
131 0.7266 42762240
132 0.7338 42942464
133 0.7607 43294720
134 0.763 43577344
135 0.7628 43589632
136 0.7721 43991040
137 0.7735 43999232
138 0.7762 44306432
139 0.7973 44253184
140 0.7928 44707840
141 0.8028 44826624
142 0.7868 44826624
143 0.7847 44986368
144 0.8241 45371392
145 0.8095 45326336
146 0.8175 45805568
147 0.8207 45719552
148 0.8238 45948928
149 0.8131 46178304
150 0.8275 46620672
151 0.8311 46723072
152 0.8418 46714880
153 0.8488 46854144
154 0.8538 47140864
155 0.8511 47628288
156 0.8719 47722496
157 0.8663 47775744
158 0.8519 47779840
159 0.8769 47910912
160 0.865 48316416
161 0.8773 48480256
162 0.8875 48959488
163 0.8957 48902144
164 0.896 49229824
165 0.8963 49111040
166 0.9037 49553408
167 0.8919 49463296
168 0.9141 49631232
169 0.9049 49770496
170 0.917 50245632
171 0.9226 50364416
172 0.9177 50581504
173 0.925 50933760
174 0.9388 50847744
175 0.945 50638848
176 0.9362 50532352
177 0.9489 51032064
178 0.9509 51277824
179 0.9588 51081216
180 0.9673 51462144
181 0.963 51675136
182 0.9673 51933184
183 0.9835 52006912
184 0.9865 52154368
185 0.9769 52490240
186 0.9821 52793344
187 0.9883 52834304
188 0.9798 52822016
189 0.9823 52813824
190 0.9956 53043200
191 1.0053 53268480
192 1.0153 53538816
193 1.0105 53891072
194 1.0116 53903360
195 1.0227 54099968
196 1.0295 54145024
197 1.024 54468608
198 1.0377 54611968
199 1.0398 54882304
200 1.0629 54931456
201 1.0632 55201792
202 1.0647 55451648
203 1.0755 55705600
204 1.0702 55955456
205 1.0994 56201216
206 1.1049 56668160
207 1.0876 56770560
208 1.1128 56385536
209 1.0981 56688640
210 1.1 56930304
211 1.097 57270272
212 1.1007 57356288
213 1.1136 57556992
214 1.1305 57671680
215 1.1224 57761792
216 1.1077 58048512
217 1.1209 58089472
218 1.1477 58322944
219 1.1508 58691584
220 1.1436 58601472
221 1.1581 58880000
222 1.1632 59162624
223 1.1516 59174912
224 1.1684 59494400
225 1.1592 59887616
226 1.2004 60170240
227 1.1722 60076032
228 1.1874 60506112
229 1.1935 60694528
230 1.1964 60608512
231 1.1781 60776448
232 1.1785 60964864
233 1.2098 61616128
234 1.2171 61382656
235 1.2043 61767680
236 1.2247 61710336
237 1.2212 61513728
238 1.23 61509632
239 1.2137 61550592
240 1.2321 61878272
241 1.2292 62119936
242 1.2358 62435328
243 1.2383 62418944
244 1.2576 62836736
245 1.2689 62787584
246 1.2524 63234048
247 1.272 63246336
248 1.2638 63426560
249 1.2795 63614976
250 1.3152 64032768
251 1.2941 64331776
252 1.2839 64319488
253 1.3065 64401408
254 1.2882 64909312
255 1.3094 64716800
256 1.3127 65077248
257 1.3133 65429504
258 1.3315 65200128
259 1.3323 65703936
260 1.3299 65527808
261 1.3303 65675264
262 1.333 66170880
263 1.339 66400256
264 1.3696 66514944
265 1.3416 66732032
266 1.3687 67268608
267 1.3585 67108864
268 1.3798 67530752
269 1.3666 67682304
270 1.362 67727360
271 1.3958 68128768
272 1.3853 68096000
273 1.4088 68808704
274 1.3935 68677632
275 1.4213 68964352
276 1.4001 68976640
277 1.4078 69210112
278 1.4242 69517312
279 1.4242 69529600
280 1.412 69660672
281 1.4244 70414336
282 1.4391 70475776
283 1.4303 70336512
284 1.4434 70492160
285 1.4366 71127040
286 1.4603 70848512
287 1.4523 71188480
288 1.4598 71163904
289 1.4694 71888896
290 1.4677 72028160
291 1.4755 71835648
292 1.4925 72433664
293 1.5022 72605696
294 1.4946 72626176
295 1.5338 72450048
296 1.4726 72773632
297 1.4985 73293824
298 1.4902 73170944
299 1.5374 73560064
300 1.5285 73719808