1 0.02 7426048
2 0.01 7405568
3 0.03 7450624
4 0.02 7483392
5 0.02 7487488
6 0.02 7524352
7 0.02 7507968
8 0.02 7499776
9 0.01 7561216
10 0.02 7569408
11 0.02 7581696
12 0.02 7622656
13 0.02 7634944
14 0.02 7651328
15 0.02 7671808
16 0.02 7688192
17 0.02 7680000
18 0.03 7704576
19 0.02 7725056
20 0.02 7700480
21 0.03 7757824
22 0.03 7782400
23 0.02 7794688
24 0.02 7806976
25 0.03 7798784
26 0.02 7852032
27 0.02 7852032
28 0.02 7888896
29 0.02 7860224
30 0.03 7913472
31 0.03 7938048
32 0.03 7917568
33 0.02 7979008
34 0.03 8028160
35 0.02 8007680
36 0.02 8048640
37 0.02 8101888
38 0.03 8105984
39 0.03 8130560
40 0.03 8151040
41 0.02 8134656
42 0.03 8192000
43 0.02 8192000
44 0.03 8208384
45 0.03 8220672
46 0.03 8245248
47 0.03 8261632
48 0.03 8290304
49 0.03 8294400
50 0.03 8323072
51 0.04 8351744
52 0.03 8318976
53 0.03 8384512
54 0.03 8404992
55 0.03 8372224
56 0.03 8388608
57 0.03 8425472
58 0.04 8462336
59 0.03 8491008
60 0.03 8519680
61 0.03 8540160
62 0.03 8531968
63 0.03 8568832
64 0.03 8577024
65 0.03 8552448
66 0.03 8617984
67 0.03 8617984
68 0.04 8683520
69 0.03 8683520
70 0.03 8699904
71 0.03 8699904
72 0.04 8761344
73 0.03 8765440
74 0.04 8781824
75 0.03 8769536
76 0.03 8794112
77 0.03 8843264
78 0.04 8855552
79 0.04 8888320
80 0.04 8904704
81 0.03 8929280
82 0.04 8937472
83 0.05 8941568
84 0.04 8945664
85 0.04 8998912
86 0.03 8978432
87 0.04 9035776
88 0.03 9056256
89 0.04 9027584
90 0.03 9101312
91 0.04 9117696
92 0.04 9154560
93 0.04 9162752
94 0.04 9170944
95 0.04 9162752
96 0.04 9240576
97 0.04 9236480
98 0.05 9252864
99 0.04 9281536
100 0.04 9252864
101 0.04 9363456
102 0.04 9302016
103 0.04 9310208
104 0.04 9371648
105 0.04 9392128
106 0.05 9412608
107 0.04 9424896
108 0.05 9453568
109 0.04 9490432
110 0.05 9539584
111 0.04 9506816
112 0.05 9539584
113 0.04 9539584
114 0.05 9560064
115 0.04 9580544
116 0.05 9617408
117 0.05 9637888
118 0.05 9613312
119 0.04 9678848
120 0.05 9695232
121 0.05 9719808
122 0.04 9719808
123 0.05 9764864
124 0.05 9773056
125 0.04 9773056
126 0.05 9818112
127 0.05 9814016
128 0.06 9854976
129 0.04 9883648
130 0.05 9912320
131 0.05 9924608
132 0.05 9977856
133 0.05 9977856
134 0.05 9953280
135 0.05 10035200
136 0.05 10100736
137 0.05 10055680
138 0.06 10100736
139 0.05 10133504
140 0.05 10149888
141 0.04 10162176
142 0.05 10162176
143 0.05 10211328
144 0.06 10268672
145 0.06 10272768
146 0.05 10280960
147 0.05 10350592
148 0.05 10358784
149 0.06 10383360
150 0.06 10416128
151 0.05 10457088
152 0.05 10498048
153 0.06 10489856
154 0.06 10506240
155 0.06 10522624
156 0.06 10563584
157 0.06 10588160
158 0.06 10616832
159 0.06 10616832
160 0.06 10645504
161 0.06 10682368
162 0.05 10690560
163 0.07 10719232
164 0.06 10743808
165 0.05 10776576
166 0.06 10805248
167 0.05 10805248
168 0.05 10862592
169 0.06 10883072
170 0.06 10936320
171 0.06 10870784
172 0.06 10915840
173 0.06 10952704
174 0.06 10977280
175 0.06 10969088
176 0.06 11022336
177 0.06 11055104
178 0.06 11051008
179 0.06 11079680
180 0.07 11120640
181 0.07 11128832
182 0.07 11149312
183 0.07 11177984
184 0.06 11157504
185 0.07 11214848
186 0.07 11235328
187 0.07 11255808
188 0.07 11284480
189 0.07 11321344
190 0.07 11325440
191 0.06 11341824
192 0.06 11382784
193 0.07 11399168
194 0.07 11419648
195 0.08 11493376
196 0.08 11546624
197 0.06 11481088
198 0.06 11505664
199 0.07 11538432
200 0.06 11628544
201 0.07 11542528
202 0.06 11612160
203 0.07 11599872
204 0.07 11747328
205 0.08 11665408
206 0.08 11689984
207 0.07 11722752
208 0.06 11739136
209 0.07 11739136
210 0.07 11788288
211 0.08 11808768
212 0.08 11812864
213 0.07 11862016
214 0.07 11878400
215 0.07 11890688
216 0.07 11935744
217 0.07 11952128
218 0.07 11976704
219 0.07 12009472
220 0.07 12034048
221 0.08 12038144
222 0.08 12070912
223 0.07 12148736
224 0.08 12128256
225 0.07 12169216
226 0.08 12140544
227 0.07 12165120
228 0.07 12292096
229 0.07 12267520
230 0.08 12234752
231 0.07 12271616
232 0.08 12296192
233 0.08 12365824
234 0.07 12296192
235 0.08 12357632
236 0.08 12361728
237 0.08 12419072
238 0.08 12431360
239 0.08 12447744
240 0.08 12505088
241 0.07 12525568
242 0.08 12566528
243 0.08 12570624
244 0.08 12562432
245 0.09 12578816
246 0.09 12660736
247 0.08 12759040
248 0.08 12771328
249 0.09 12734464
250 0.07 12775424
251 0.08 12763136
252 0.08 12808192
253 0.09 12820480
254 0.08 12853248
255 0.09 12914688
256 0.09 12877824
257 0.09 12935168
258 0.08 12988416
259 0.08 13000704
260 0.07 13021184
261 0.08 13082624
262 0.08 13090816
263 0.08 13127680
264 0.1 13271040
265 0.09 13172736
266 0.08 13254656
267 0.09 13254656
268 0.08 13365248
269 0.08 13299712
270 0.09 13357056
271 0.09 13381632
272 0.09 13402112
273 0.09 13443072
274 0.1 13451264
275 0.08 13451264
276 0.08 13512704
277 0.08 13639680
278 0.09 13570048
279 0.09 13615104
280 0.09 13631488
281 0.1 13709312
282 0.09 13819904
283 0.09 13705216
284 0.09 13754368
285 0.09 13770752
286 0.1 13778944
287 0.09 13873152
288 0.09 13864960
289 0.09 13881344
290 0.09 13967360
291 0.09 13946880
292 0.09 13975552
293 0.1 13991936
294 0.09 13991936
295 0.09 14057472
296 0.09 14114816
297 0.1 14159872
298 0.09 14172160
299 0.09 14245888
300 0.09 14286848
301 0.09 14262272
302 0.09 14266368
303 0.1 14352384
304 0.1 14344192
305 0.09 14368768
306 0.1 14409728
307 0.09 14503936
308 0.1 14499840
309 0.1 14520320
310 0.1 14643200
311 0.09 14548992
312 0.09 14602240
313 0.1 14553088
314 0.1 14659584
315 0.1 14680064
316 0.09 14721024
317 0.1 14712832
318 0.11 14815232
319 0.1 14802944
320 0.1 14880768
321 0.1 14921728
322 0.1 14962688
323 0.11 14917632
324 0.1 15081472
325 0.1 15056896
326 0.11 15093760
327 0.1 15138816
328 0.1 15126528
329 0.1 15155200
330 0.1 15220736
331 0.11 15233024
332 0.11 15261696
333 0.1 15282176
334 0.11 15294464
335 0.11 15327232
336 0.11 15364096
337 0.1 15388672
338 0.11 15417344
339 0.1 15511552
340 0.1 15568896
341 0.11 15597568
342 0.11 15515648
343 0.11 15544320
344 0.11 15556608
345 0.1 15634432
346 0.11 15654912
347 0.1 15663104
348 0.11 15724544
349 0.11 15831040
350 0.11 15798272
351 0.11 15785984
352 0.11 15843328
353 0.11 15896576
354 0.11 15925248
355 0.11 15941632
356 0.11 16035840
357 0.11 16007168
358 0.11 16027648
359 0.14 16113664
360 0.12 16121856
361 0.12 16138240
362 0.11 16146432
363 0.12 16228352
364 0.12 16187392
365 0.11 16187392
366 0.11 16297984
367 0.13 16424960
368 0.12 16457728
369 0.12 16359424
370 0.15 16388096
371 0.17 16531456
372 0.11 16519168
373 0.12 16424960
374 0.12 16465920
375 0.12 16535552
376 0.11 16523264
377 0.12 16695296
378 0.12 16613376
379 0.12 16637952
380 0.11 16658432
381 0.12 16711680
382 0.11 16760832
383 0.12 16707584
384 0.12 16846848
385 0.12 16801792
386 0.12 16846848
387 0.12 16887808
388 0.12 16912384
389 0.12 16965632
390 0.12 16973824
391 0.13 17022976
392 0.12 17084416
393 0.12 17035264
394 0.12 17207296
395 0.14 17039360
396 0.12 17162240
397 0.12 17170432
398 0.12 17215488
399 0.12 17240064
400 0.13 17428480
401 0.11 17281024
402 0.12 17358848
403 0.13 17342464
404 0.12 17408000
405 0.13 17432576
406 0.13 17444864
407 0.13 17440768
408 0.13 17502208
409 0.13 17526784
410 0.12 17584128
411 0.12 17600512
412 0.12 17653760
413 0.13 17637376
414 0.13 17674240
415 0.12 17711104
416 0.13 17776640
417 0.12 17776640
418 0.13 17817600
419 0.13 17805312
420 0.13 17858560
421 0.12 17879040
422 0.13 17915904
423 0.13 17956864
424 0.13 17997824
425 0.13 17973248
426 0.13 18030592
427 0.13 18038784
428 0.13 18051072
429 0.13 18112512
430 0.13 18157568
431 0.13 18145280
432 0.13 18239488
433 0.13 18223104
434 0.13 18305024
435 0.13 18362368
436 0.14 18333696
437 0.13 18345984
438 0.13 18403328
439 0.13 18436096
440 0.14 18468864
441 0.13 18493440
442 0.13 18501632
443 0.14 18612224
444 0.13 18599936
445 0.14 18624512
446 0.14 18661376
447 0.15 18747392
448 0.16 18817024
449 0.14 18817024
450 0.15 18731008
451 0.14 18817024
452 0.14 18829312
453 0.15 18878464
454 0.14 18923520
455 0.14 18894848
456 0.14 19025920
457 0.15 19075072
458 0.16 19046400
459 0.14 19152896
460 0.16 19091456
461 0.14 19099648
462 0.15 19099648
463 0.14 19107840
464 0.15 19304448
465 0.14 19251200
466 0.14 19255296
467 0.14 19230720
468 0.15 19374080
469 0.14 19341312
470 0.14 19361792
471 0.14 19390464
472 0.15 19492864
473 0.14 19439616
474 0.14 19546112
475 0.14 19566592
476 0.14 19578880
477 0.14 19554304
478 0.15 19587072
479 0.14 19628032
480 0.15 19652608
481 0.15 19820544
482 0.15 19820544
483 0.15 19841024
484 0.15 19795968
485 0.16 19828736
486 0.15 19890176
487 0.14 19898368
488 0.15 19959808
489 0.15 19968000
490 0.14 19992576
491 0.15 20037632
492 0.16 20049920
493 0.15 20103168
494 0.15 20131840
495 0.15 20131840
496 0.16 20197376
497 0.15 20172800
498 0.15 20217856
499 0.15 20279296
500 0.15 20242432
501 0.16 20320256
502 0.15 20348928
503 0.15 20369408
504 0.15 20389888
505 0.15 20422656
506 0.16 20480000
507 0.15 20426752
508 0.16 20590592
509 0.16 20537344
510 0.15 20627456
511 0.17 20602880
512 0.16 20652032
513 0.16 20701184
514 0.15 20840448
515 0.16 20787200
516 0.16 20869120
517 0.16 20901888
518 0.16 20918272
519 0.17 21004288
520 0.16 21127168
521 0.16 21061632
522 0.16 21139456
523 0.16 21159936
524 0.16 21192704
525 0.16 21192704
526 0.16 21278720
527 0.16 21315584
528 0.16 21442560
529 0.17 21401600
530 0.16 21471232
531 0.17 21594112
532 0.16 21512192
533 0.16 21508096
534 0.17 21639168
535 0.17 21696512
536 0.16 21684224
537 0.16 21716992
538 0.16 21753856
539 0.16 21749760
540 0.17 21929984
541 0.16 21917696
542 0.17 21987328
543 0.17 21991424
544 0.17 22036480
545 0.17 22011904
546 0.17 22110208
547 0.17 22261760
548 0.2 22372352
549 0.17 22241280
550 0.17 22421504
551 0.18 22446080
552 0.19 22573056
553 0.16 22401024
554 0.17 22523904
555 0.17 22474752
556 0.18 22626304
557 0.17 22659072
558 0.17 22691840
559 0.19 22712320
560 0.17 22712320
561 0.17 22736896
562 0.18 22831104
563 0.17 22982656
564 0.18 22904832
565 0.17 22913024
566 0.17 22962176
567 0.18 22978560
568 0.18 23048192
569 0.18 23060480
570 0.18 23293952
571 0.18 23199744
572 0.18 23265280
573 0.18 23277568
574 0.18 23339008
575 0.18 23248896
576 0.19 23425024
577 0.17 23425024
578 0.17 23478272
579 0.19 23535616
580 0.19 23560192
581 0.18 23486464
582 0.18 23842816
583 0.18 23719936
584 0.19 23801856
585 0.18 23851008
586 0.18 23900160
587 0.18 23891968
588 0.2 24064000
589 0.18 24129536
590 0.19 24088576
591 0.18 24121344
592 0.18 24203264
593 0.18 24133632
594 0.18 24395776
595 0.2 24363008
596 0.19 24387584
597 0.18 24395776
598 0.19 24428544
599 0.19 24395776
600 0.19 24698880
601 0.19 24596480
602 0.19 24666112
603 0.19 24719360
604 0.2 24805376
605 0.19 24776704
606 0.19 24805376
607 0.2 24887296
608 0.19 24928256
609 0.2 24891392
610 0.2 25059328
611 0.19 25014272
612 0.2 25108480
613 0.2 25112576
614 0.19 25186304
615 0.19 25157632
616 0.2 25268224
617 0.2 25243648
618 0.2 25399296
619 0.2 25358336
620 0.2 25419776
621 0.2 25346048
622 0.2 25440256
623 0.2 25579520
624 0.2 25698304
625 0.2 25722880
626 0.21 25800704
627 0.2 25780224
628 0.2 25821184
629 0.21 25796608
630 0.2 26013696
631 0.2 25841664
632 0.21 25952256
633 0.22 26161152
634 0.21 26030080
635 0.22 26214400
636 0.2 26341376
637 0.21 26157056
638 0.2 26238976
639 0.2 26292224
640 0.2 26423296
641 0.21 26333184
642 0.21 26304512
643 0.2 26476544
644 0.2 26464256
645 0.21 26488832
646 0.21 26624000
647 0.22 26603520
648 0.2 26660864
649 0.22 26714112
650 0.21 26775552
651 0.21 26771456
652 0.21 26832896
653 0.2 26849280
654 0.21 26959872
655 0.2 27009024
656 0.2 26882048
657 0.21 27033600
658 0.21 27041792
659 0.21 27103232
660 0.21 27242496
661 0.21 27279360
662 0.22 27422720
663 0.22 27262976
664 0.21 27332608
665 0.21 27365376
666 0.21 27488256
667 0.22 27426816
668 0.21 27484160
669 0.23 27533312
670 0.22 27582464
671 0.22 27607040
672 0.22 27815936
673 0.22 27709440
674 0.22 27865088
675 0.22 27766784
676 0.22 27836416
677 0.24 27811840
678 0.22 28000256
679 0.23 28123136
680 0.23 28090368
681 0.22 28217344
682 0.23 28061696
683 0.24 28094464
684 0.22 28184576
685 0.23 28344320
686 0.23 28282880
687 0.24 28499968
688 0.22 28393472
689 0.22 28348416
690 0.22 28397568
691 0.21 28364800
692 0.22 28536832
693 0.22 28565504
694 0.22 28590080
695 0.22 28618752
696 0.22 28721152
697 0.23 28794880
698 0.22 28790784
699 0.23 28848128
700 0.23 28897280
701 0.22 28868608
702 0.24 28983296
703 0.24 28995584
704 0.22 29069312
705 0.24 29048832
706 0.22 28995584
707 0.23 29085696
708 0.23 29265920
709 0.24 29233152
710 0.23 29347840
711 0.23 29323264
712 0.23 29339648
713 0.23 29351936
714 0.24 29503488
715 0.24 29577216
716 0.23 29597696
717 0.25 29622272
718 0.24 29663232
719 0.24 29720576
720 0.24 29900800
721 0.23 29769728
722 0.24 29855744
723 0.31 30027776
724 0.25 29990912
725 0.24 29954048
726 0.26 30154752
727 0.24 29933568
728 0.24 30208000
729 0.23 30187520
730 0.3 30347264
731 0.26 30334976
732 0.25 30322688
733 0.23 30191616
734 0.27 30490624
735 0.25 30445568
736 0.3 30547968
737 0.29 30556160
738 0.26 30724096
739 0.24 30572544
740 0.24 30560256
741 0.24 30629888
742 0.25 30801920
743 0.23 30707712
744 0.24 30806016
745 0.24 30789632
746 0.24 30736384
747 0.25 30871552
748 0.25 30973952
749 0.24 30949376
750 0.24 30957568
751 0.24 31076352
752 0.25 31117312
753 0.25 31105024
754 0.25 31219712
755 0.24 31150080
756 0.25 31252480
757 0.25 31281152
758 0.25 31313920
759 0.25 31436800
760 0.25 31387648
761 0.25 31395840
762 0.24 31457280
763 0.25 31539200
764 0.25 31571968
765 0.25 31604736
766 0.25 31817728
767 0.24 31641600
768 0.25 31698944
769 0.25 31875072
770 0.25 31842304