1 0.01 7389184
2 0.02 7405568
3 0.02 7454720
4 0.01 7438336
5 0.01 7446528
6 0.02 7520256
7 0.02 7528448
8 0.02 7499776
9 0.02 7516160
10 0.01 7532544
11 0.02 7544832
12 0.02 7577600
13 0.02 7634944
14 0.02 7602176
15 0.02 7663616
16 0.02 7680000
17 0.02 7655424
18 0.02 7712768
19 0.02 7716864
20 0.02 7737344
21 0.02 7716864
22 0.02 7782400
23 0.02 7745536
24 0.02 7802880
25 0.02 7823360
26 0.02 7852032
27 0.03 7860224
28 0.03 7884800
29 0.02 7909376
30 0.02 7913472
31 0.03 7946240
32 0.06 7979008
33 0.02 8028160
34 0.03 8028160
35 0.02 8056832
36 0.03 8069120
37 0.02 8101888
38 0.02 8110080
39 0.03 8130560
40 0.03 8138752
41 0.03 8138752
42 0.04 8183808
43 0.03 8151040
44 0.02 8167424
45 0.03 8232960
46 0.03 8245248
47 0.03 8261632
48 0.03 8298496
49 0.03 8261632
50 0.03 8294400
51 0.02 8310784
52 0.03 8368128
53 0.03 8376320
54 0.03 8400896
55 0.03 8413184
56 0.02 8388608
57 0.04 8441856
58 0.03 8421376
59 0.03 8482816
60 0.03 8519680
61 0.03 8540160
62 0.03 8540160
63 0.03 8568832
64 0.03 8577024
65 0.04 8589312
66 0.04 8617984
67 0.03 8642560
68 0.04 8675328
69 0.03 8642560
70 0.04 8675328
71 0.03 8712192
72 0.03 8740864
73 0.03 8769536
74 0.04 8781824
75 0.04 8822784
76 0.04 8830976
77 0.03 8855552
78 0.04 8867840
79 0.04 8884224
80 0.04 8896512
81 0.03 8933376
82 0.04 8945664
83 0.04 8953856
84 0.04 8998912
85 0.03 9007104
86 0.04 9027584
87 0.03 9015296
88 0.04 9056256
89 0.04 9056256
90 0.04 9101312
91 0.03 9121792
92 0.04 9179136
93 0.04 9150464
94 0.04 9170944
95 0.04 9162752
96 0.04 9220096
97 0.04 9236480
98 0.04 9269248
99 0.04 9330688
100 0.05 9277440
101 0.04 9314304
102 0.04 9347072
103 0.04 9347072
104 0.04 9392128
105 0.04 9347072
106 0.04 9412608
107 0.05 9420800
108 0.05 9449472
109 0.04 9474048
110 0.04 9498624
111 0.05 9519104
112 0.04 9502720
113 0.05 9543680
114 0.04 9547776
115 0.04 9576448
116 0.04 9576448
117 0.05 9621504
118 0.05 9641984
119 0.04 9670656
120 0.05 9728000
121 0.04 9723904
122 0.05 9728000
123 0.05 9756672
124 0.05 9781248
125 0.06 9793536
126 0.05 9768960
127 0.05 9826304
128 0.04 9863168
129 0.06 9871360
130 0.06 9965568
131 0.05 9973760
132 0.05 9969664
133 0.05 9969664
134 0.05 9998336
135 0.05 10027008
136 0.05 9998336
137 0.05 10006528
138 0.05 10100736
139 0.04 10076160
140 0.05 10141696
141 0.05 10158080
142 0.06 10174464
143 0.05 10203136
144 0.05 10268672
145 0.05 10334208
146 0.05 10297344
147 0.06 10334208
148 0.07 10346496
149 0.06 10399744
150 0.05 10436608
151 0.06 10506240
152 0.06 10469376
153 0.05 10518528
154 0.05 10518528
155 0.05 10575872
156 0.05 10534912
157 0.06 10588160
158 0.06 10649600
159 0.05 10616832
160 0.06 10686464
161 0.06 10665984
162 0.06 10735616
163 0.06 10719232
164 0.11 10739712
165 0.06 10735616
166 0.07 10780672
167 0.06 10792960
168 0.06 10862592
169 0.06 10895360
170 0.06 10874880
171 0.07 10903552
172 0.06 10895360
173 0.06 10919936
174 0.06 10977280
175 0.06 10985472
176 0.06 10997760
177 0.06 11051008
178 0.07 11038720
179 0.07 11059200
180 0.06 11169792
181 0.06 11124736
182 0.06 11141120
183 0.06 11169792
184 0.06 11243520
185 0.06 11227136
186 0.07 11255808
187 0.06 11272192
188 0.07 11292672
189 0.06 11304960
190 0.06 11350016
191 0.06 11354112
192 0.07 11374592
193 0.06 11423744
194 0.06 11382784
195 0.06 11448320
196 0.06 11460608
197 0.07 11485184
198 0.07 11517952
199 0.06 11493376
200 0.07 11554816
201 0.06 11587584
202 0.07 11608064
203 0.07 11681792
204 0.07 11649024
205 0.07 11661312
206 0.07 11702272
207 0.06 11722752
208 0.07 11743232
209 0.07 11751424
210 0.07 11800576
211 0.07 11829248
212 0.07 11825152
213 0.06 11845632
214 0.07 11874304
215 0.07 11894784
216 0.07 11952128
217 0.07 11964416
218 0.07 11980800
219 0.07 12009472
220 0.08 12013568
221 0.07 12042240
222 0.08 12185600
223 0.07 12058624
224 0.07 12128256
225 0.08 12115968
226 0.07 12152832
227 0.08 12251136
228 0.08 12201984
229 0.07 12214272
230 0.07 12255232
231 0.08 12251136
232 0.07 12349440
233 0.08 12300288
234 0.08 12345344
235 0.07 12382208
236 0.07 12357632
237 0.08 12419072
238 0.07 12427264
239 0.07 12443648
240 0.08 12500992
241 0.08 12533760
242 0.07 12525568
243 0.07 12550144
244 0.09 12578816
245 0.08 12591104
246 0.08 12677120
247 0.09 12685312
248 0.08 12816384
249 0.08 12759040
250 0.08 12787712
251 0.08 12759040
252 0.08 12914688
253 0.08 12845056
254 0.08 12857344
255 0.08 12873728
256 0.09 12894208
257 0.09 12951552
258 0.08 13078528
259 0.09 13000704
260 0.09 13135872
261 0.08 13197312
262 0.08 13094912
263 0.09 13119488
264 0.08 13168640
265 0.09 13320192
266 0.08 13234176
267 0.08 13271040
268 0.09 13406208
269 0.08 13283328
270 0.08 13357056
271 0.09 13365248
272 0.08 13430784
273 0.09 13422592
274 0.09 13455360
275 0.08 13393920
276 0.09 13639680
277 0.08 13537280
278 0.08 13586432
279 0.09 13590528
280 0.08 13615104
281 0.09 13631488
282 0.09 13692928
283 0.1 13701120
284 0.08 13750272
285 0.1 13803520
286 0.1 13778944
287 0.09 13819904
288 0.09 13848576
289 0.09 13881344
290 0.09 14077952
291 0.1 13991936
292 0.09 13959168
293 0.09 13991936
294 0.1 13991936
295 0.1 14077952
296 0.09 14061568
297 0.09 14159872
298 0.1 14163968
299 0.1 14286848
300 0.09 14315520
301 0.09 14270464
302 0.1 14307328
303 0.09 14364672
304 0.11 14348288
305 0.09 14381056
306 0.1 14532608
307 0.1 14569472
308 0.1 14487552
309 0.1 14630912
310 0.09 14483456
311 0.11 14577664
312 0.1 14544896
313 0.1 14606336
314 0.09 14651392
315 0.1 14782464
316 0.09 14708736
317 0.11 14745600
318 0.1 14835712
319 0.1 14893056
320 0.1 14893056
321 0.11 14962688
322 0.09 14872576
323 0.1 14962688
324 0.1 15060992
325 0.11 15179776
326 0.1 15114240
327 0.1 15249408
328 0.1 15216640
329 0.1 15171584
330 0.11 15192064
331 0.1 15220736
332 0.11 15261696
333 0.1 15306752
334 0.1 15319040
335 0.1 15372288
336 0.1 15511552
337 0.1 15331328
338 0.1 15433728
339 0.1 15470592
340 0.1 15507456
341 0.11 15470592
342 0.1 15577088
343 0.11 15572992
344 0.1 15679488
345 0.11 15667200
346 0.1 15683584
347 0.11 15736832
348 0.11 15749120
349 0.1 15777792
350 0.11 15814656
351 0.11 15847424
352 0.11 15896576
353 0.11 15863808
354 0.11 15917056
355 0.11 15941632
356 0.11 15966208
357 0.12 15970304
358 0.11 15994880
359 0.11 16015360
360 0.11 16101376
361 0.1 16101376
362 0.12 16125952
363 0.12 16166912
364 0.11 16199680
365 0.12 16203776
366 0.11 16240640
367 0.12 16269312
368 0.12 16302080
369 0.12 16338944
370 0.11 16424960
371 0.11 16449536
372 0.12 16420864
373 0.12 16461824
374 0.11 16474112
375 0.12 16535552
376 0.11 16551936
377 0.12 16576512
378 0.12 16576512
379 0.12 16719872
380 0.11 16695296
381 0.12 16719872
382 0.12 16728064
383 0.12 16769024
384 0.12 16781312
385 0.12 16781312
386 0.12 16916480
387 0.11 16887808
388 0.12 16904192
389 0.12 16908288
390 0.12 16957440
391 0.12 16998400
392 0.12 17182720
393 0.12 17031168
394 0.12 17059840
395 0.13 17063936
396 0.13 17219584
397 0.13 17149952
398 0.12 17223680
399 0.12 17186816
400 0.12 17293312
401 0.12 17416192
402 0.13 17326080
403 0.14 17448960
404 0.12 17403904
405 0.12 17371136
406 0.14 17563648
407 0.13 17461248
408 0.13 17457152
409 0.12 17543168
410 0.12 17616896
411 0.12 17612800
412 0.12 17625088
413 0.13 17682432
414 0.12 17690624
415 0.13 17727488
416 0.13 17747968
417 0.13 17756160
418 0.13 17801216
419 0.12 17858560
420 0.12 17805312
421 0.13 17870848
422 0.13 17924096
423 0.13 17944576
424 0.13 17989632
425 0.13 17981440
426 0.13 18063360
427 0.13 18038784
428 0.14 18096128
429 0.14 18145280
430 0.19 18149376
431 0.13 18161664
432 0.13 18235392
433 0.13 18329600
434 0.14 18280448
435 0.13 18329600
436 0.14 18456576
437 0.13 18374656
438 0.13 18432000
439 0.13 18464768
440 0.14 18456576
441 0.14 18505728
442 0.13 18534400
443 0.13 18542592
444 0.13 18530304
445 0.13 18595840
446 0.14 18731008
447 0.13 18673664
448 0.14 18632704
449 0.13 18747392
450 0.13 18767872
451 0.14 18759680
452 0.13 18812928
453 0.14 18784256
454 0.13 18984960
455 0.14 18960384
456 0.14 18915328
457 0.14 18968576
458 0.14 19001344
459 0.14 19001344
460 0.14 19034112
461 0.14 19103744
462 0.15 19095552
463 0.14 19132416
464 0.15 19161088
465 0.14 19181568
466 0.14 19193856
467 0.14 19173376
468 0.14 19320832
469 0.15 19288064
470 0.14 19345408
471 0.14 19390464
472 0.15 19382272
473 0.14 19398656
474 0.15 19476480
475 0.14 19546112
476 0.14 19550208
477 0.14 19570688
478 0.14 19615744
479 0.15 19591168
480 0.14 19636224
481 0.15 19697664
482 0.15 19800064
483 0.15 19763200
484 0.15 19795968
485 0.16 19787776
486 0.15 19861504
487 0.15 19910656
488 0.16 19922944
489 0.15 19963904
490 0.15 19996672
491 0.16 19988480
492 0.15 20045824
493 0.16 20070400
494 0.15 20144128
495 0.15 20119552
496 0.16 20148224
497 0.15 20271104
498 0.16 20242432
499 0.16 20258816
500 0.15 20316160
501 0.16 20291584
502 0.15 20348928
503 0.15 20393984
504 0.16 20369408
505 0.15 20402176
506 0.16 20447232
507 0.16 20463616
508 0.16 20492288
509 0.15 20537344
510 0.16 20631552
511 0.16 20627456
512 0.16 20623360
513 0.16 20709376
514 0.15 20725760
515 0.15 20750336
516 0.16 20873216
517 0.17 20897792
518 0.15 20934656
519 0.16 20946944
520 0.16 20942848
521 0.17 20992000
522 0.16 21155840
523 0.16 21135360
524 0.16 21192704
525 0.16 21200896
526 0.15 21299200
527 0.16 21303296
528 0.16 21422080
529 0.16 21434368
530 0.16 21430272
531 0.16 21483520
532 0.17 21577728
533 0.17 21532672
534 0.17 21643264
535 0.16 21651456
536 0.17 21696512
537 0.17 21733376
538 0.17 21745664
539 0.16 21696512
540 0.16 21884928
541 0.17 21917696
542 0.17 21995520
543 0.17 21966848
544 0.17 22007808
545 0.18 22007808
546 0.18 22151168
547 0.17 22138880
548 0.17 22253568
549 0.17 22286336
550 0.17 22290432
551 0.18 22327296
552 0.17 22446080
553 0.17 22437888
554 0.16 22454272
555 0.17 22556672
556 0.17 22528000
557 0.17 22519808
558 0.17 22654976
559 0.18 22712320
560 0.18 22761472
561 0.18 22736896
562 0.18 22847488
563 0.17 22798336
564 0.17 23040000
565 0.18 22921216
566 0.18 22982656
567 0.18 22986752
568 0.17 23040000
569 0.18 23023616
570 0.17 23162880
571 0.18 23187456
572 0.17 23236608
573 0.18 23236608
574 0.19 23408640
575 0.18 23293952
576 0.18 23400448
577 0.19 23441408
578 0.18 23531520
579 0.19 23494656
580 0.17 23474176
581 0.18 23560192
582 0.18 23724032
583 0.18 23756800
584 0.18 23789568
585 0.19 23842816
586 0.19 23875584
587 0.18 23945216
588 0.18 24010752
589 0.18 24031232
590 0.18 24068096
591 0.19 24170496
592 0.19 24117248
593 0.18 24211456
594 0.19 24252416
595 0.19 24436736
596 0.18 24375296
597 0.18 24428544
598 0.2 24420352
599 0.18 24498176
600 0.19 24567808
601 0.2 24576000
602 0.19 24567808
603 0.19 24702976
604 0.2 24682496
605 0.19 24780800
606 0.19 24870912
607 0.19 24838144
608 0.2 25006080
609 0.2 24944640
610 0.2 24977408
611 0.19 25030656
612 0.19 25124864
613 0.19 25092096
614 0.2 25165824
615 0.2 25202688
616 0.2 25235456
617 0.19 25145344
618 0.21 25575424
619 0.2 25399296
620 0.21 25468928
621 0.2 25608192
622 0.21 25501696
623 0.19 25432064
624 0.2 25686016
625 0.2 25677824
626 0.2 25706496
627 0.2 25788416
628 0.2 25825280
629 0.2 25681920
630 0.2 25841664
631 0.21 26042368
632 0.2 25985024
633 0.2 25993216
634 0.2 26025984
635 0.21 26050560
636 0.2 26185728
637 0.21 26169344
638 0.21 26259456
639 0.2 26243072
640 0.21 26390528
641 0.21 26357760
642 0.21 26451968
643 0.21 26480640
644 0.21 26587136
645 0.2 26497024
646 0.21 26533888
647 0.21 26542080
648 0.21 26771456
649 0.21 26705920
650 0.21 26726400
651 0.21 26746880
652 0.21 26832896
653 0.21 26832896
654 0.2 26984448
655 0.21 27004928
656 0.21 27037696
657 0.22 27111424
658 0.22 27086848
659 0.21 27095040
660 0.22 27295744
661 0.21 27189248
662 0.22 27238400
663 0.21 27254784
664 0.22 27348992
665 0.22 27312128
666 0.21 27435008
667 0.21 27549696
668 0.22 27512832
669 0.22 27508736
670 0.22 27582464
671 0.21 27607040
672 0.22 27742208
673 0.22 27717632
674 0.21 27787264
675 0.21 27807744
676 0.22 27815936
677 0.21 27836416
678 0.22 27934720
679 0.22 27951104
680 0.22 28045312
681 0.22 28020736
682 0.22 28065792
683 0.22 28082176
684 0.22 28278784
685 0.22 28229632
686 0.22 28266496
687 0.22 28352512
688 0.23 28307456
689 0.22 28344320
690 0.22 28438528
691 0.22 28471296
692 0.23 28516352
693 0.22 28614656
694 0.23 28667904
695 0.22 28700672
696 0.22 28610560
697 0.22 28631040
698 0.22 28790784
699 0.23 28831744
700 0.23 28925952
701 0.23 28966912
702 0.23 28995584
703 0.23 29003776
704 0.23 29036544
705 0.25 29265920
706 0.23 29196288
707 0.23 29229056
708 0.39 29368320
709 0.22 29233152
710 0.23 29282304
711 0.23 29360128
712 0.23 29462528
713 0.24 29433856
714 0.23 29495296
715 0.24 29556736
716 0.23 29532160
717 0.24 29560832
718 0.23 29777920
719 0.23 29646848
720 0.24 29786112
721 0.24 29786112
722 0.24 29970432
723 0.24 29810688
724 0.23 29855744
725 0.23 29929472
726 0.31 29982720
727 0.24 30134272
728 0.23 30167040
729 0.24 30121984
730 0.24 30142464
731 0.24 30162944
732 0.23 30273536
733 0.24 30294016
734 0.23 30330880
735 0.25 30408704
736 0.24 30441472
737 0.25 30654464
738 0.24 30511104
739 0.24 30531584
740 0.24 30597120
741 0.24 30633984
742 0.24 30646272
743 0.24 30740480
744 0.24 31002624
745 0.25 30777344
746 0.25 30797824
747 0.25 30892032
748 0.28 31010816
749 0.28 31072256
750 0.25 31055872
751 0.25 31162368
752 0.26 31088640
753 0.27 31354880
754 0.28 31313920
755 0.26 31305728
756 0.26 31444992
757 0.25 31277056
758 0.25 31330304
759 0.24 31436800
760 0.25 31395840
761 0.25 31461376
762 0.25 31567872
763 0.24 31539200
764 0.26 31625216
765 0.25 31600640
766 0.25 31621120
767 0.25 31682560
768 0.25 31756288
769 0.25 31875072
770 0.26 31866880