1 0.02 7438336
2 0.02 7397376
3 0.02 7413760
4 0.01 7426048
5 0.02 7454720
6 0.02 7483392
7 0.04 7557120
8 0.02 7520256
9 0.02 7544832
10 0.02 7565312
11 0.02 7618560
12 0.03 7602176
13 0.02 7606272
14 0.02 7618560
15 0.02 7688192
16 0.02 7667712
17 0.02 7659520
18 0.02 7696384
19 0.02 7708672
20 0.03 7688192
21 0.02 7725056
22 0.02 7761920
23 0.02 7782400
24 0.03 7802880
25 0.02 7770112
26 0.02 7835648
27 0.02 7794688
28 0.03 7872512
29 0.03 7884800
30 0.02 7864320
31 0.02 7847936
32 0.02 7909376
33 0.03 7950336
34 0.03 7917568
35 0.02 7987200
36 0.03 7999488
37 0.02 8036352
38 0.04 8069120
39 0.03 8085504
40 0.02 8048640
41 0.03 8089600
42 0.03 8101888
43 0.03 8097792
44 0.03 8175616
45 0.02 8151040
46 0.02 8151040
47 0.03 8204288
48 0.03 8224768
49 0.03 8249344
50 0.03 8241152
51 0.03 8298496
52 0.04 8286208
53 0.03 8257536
54 0.03 8298496
55 0.03 8327168
56 0.03 8347648
57 0.03 8368128
58 0.03 8331264
59 0.03 8384512
60 0.03 8376320
61 0.04 8433664
62 0.04 8429568
63 0.04 8433664
64 0.03 8491008
65 0.03 8519680
66 0.03 8507392
67 0.03 8495104
68 0.04 8572928
69 0.02 8540160
70 0.03 8601600
71 0.03 8564736
72 0.03 8581120
73 0.03 8622080
74 0.03 8650752
75 0.03 8695808
76 0.03 8663040
77 0.03 8687616
78 0.03 8720384
79 0.04 8744960
80 0.03 8753152
81 0.03 8802304
82 0.03 8781824
83 0.03 8769536
84 0.03 8806400
85 0.03 8826880
86 0.03 8900608
87 0.04 8863744
88 0.04 8933376
89 0.04 8929280
90 0.04 8925184
91 0.03 8925184
92 0.03 9011200
93 0.03 8994816
94 0.03 8966144
95 0.04 9031680
96 0.04 9011200
97 0.04 9072640
98 0.03 9072640
99 0.03 9150464
100 0.04 9105408
101 0.05 9175040
102 0.04 9191424
103 0.04 9207808
104 0.04 9183232
105 0.04 9224192
106 0.04 9228288
107 0.04 9256960
108 0.04 9244672
109 0.04 9256960
110 0.05 9273344
111 0.04 9293824
112 0.04 9351168
113 0.04 9310208
114 0.04 9330688
115 0.04 9347072
116 0.04 9367552
117 0.04 9392128
118 0.05 9457664
119 0.05 9461760
120 0.05 9490432
121 0.05 9543680
122 0.05 9465856
123 0.05 9543680
124 0.04 9568256
125 0.06 9547776
126 0.04 9633792
127 0.05 9637888
128 0.04 9613312
129 0.05 9613312
130 0.05 9641984
131 0.05 9711616
132 0.05 9723904
133 0.05 9760768
134 0.06 9736192
135 0.05 9809920
136 0.04 9805824
137 0.05 9785344
138 0.05 9891840
139 0.05 9895936
140 0.06 9891840
141 0.05 9879552
142 0.05 9908224
143 0.05 9916416
144 0.05 10018816
145 0.05 9965568
146 0.05 10043392
147 0.04 10072064
148 0.05 10063872
149 0.05 10043392
150 0.05 10178560
151 0.05 10174464
152 0.06 10207232
153 0.06 10215424
154 0.06 10244096
155 0.05 10297344
156 0.05 10321920
157 0.06 10342400
158 0.05 10358784
159 0.06 10391552
160 0.05 10334208
161 0.06 10412032
162 0.05 10391552
163 0.05 10420224
164 0.06 10436608
165 0.06 10473472
166 0.06 10473472
167 0.07 10530816
168 0.06 10596352
169 0.06 10604544
170 0.06 10584064
171 0.07 10653696
172 0.07 10629120
173 0.08 10657792
174 0.1 10727424
175 0.07 10715136
176 0.07 10760192
177 0.32 10760192
178 0.37 10801152
179 0.06 10743808
180 0.06 10797056
181 0.06 10817536
182 0.06 10866688
183 0.06 10891264
184 0.06 10870784
185 0.06 10948608
186 0.07 10989568
187 0.07 10964992
188 0.06 10993664
189 0.06 11014144
190 0.06 11055104
191 0.06 11038720
192 0.07 11104256
193 0.28 11161600
194 0.07 11083776
195 0.06 11165696
196 0.06 11116544
197 0.06 11198464
198 0.07 11259904
199 0.07 11227136
200 0.06 11284480
201 0.07 11276288
202 0.06 11304960
203 0.07 11272192
204 0.07 11313152
205 0.07 11382784
206 0.07 11419648
207 0.07 11362304
208 0.06 11423744
209 0.07 11431936
210 0.06 11440128
211 0.07 11489280
212 0.07 11530240
213 0.26 11579392
214 0.06 11595776
215 0.07 11534336
216 0.06 11599872
217 0.07 11632640
218 0.07 11694080
219 0.08 11706368
220 0.07 11718656
221 0.07 11653120
222 0.07 11751424
223 0.07 11808768
224 0.07 11780096
225 0.07 11747328
226 0.07 11821056
227 0.08 11837440
228 0.07 11812864
229 0.07 11874304
230 0.07 11907072
231 0.08 11923456
232 0.06 11862016
233 0.29 11972608
234 0.07 11988992
235 0.07 12070912
236 0.07 12046336
237 0.07 12046336
238 0.07 12079104
239 0.07 12099584
240 0.08 12165120
241 0.07 12152832
242 0.07 12156928
243 0.08 12193792
244 0.08 12214272
245 0.07 12242944
246 0.08 12226560
247 0.08 12304384
248 0.07 12300288
249 0.08 12353536
250 0.08 12390400
251 0.08 12361728
252 0.08 12431360
253 0.27 12402688
254 0.07 12402688
255 0.07 12460032
256 0.08 12541952
257 0.09 12472320
258 0.08 12632064
259 0.08 12640256
260 0.08 12689408
261 0.09 12664832
262 0.09 12746752
263 0.08 12734464
264 0.09 12787712
265 0.09 12816384
266 0.09 12894208
267 0.08 12840960
268 0.08 12951552
269 0.08 12931072
270 0.28 13008896
271 0.08 12914688
272 0.08 12992512
273 0.09 13049856
274 0.08 13062144
275 0.09 13090816
276 0.09 13168640
277 0.09 13164544
278 0.09 13180928
279 0.09 13250560
280 0.09 13254656
281 0.09 13275136
282 0.08 13201408
283 0.09 13250560
284 0.09 13381632
285 0.08 13299712
286 0.09 13451264
287 0.1 13475840
288 0.09 13484032
289 0.09 13455360
290 0.28 13549568
291 0.09 13574144
292 0.09 13565952
293 0.09 13627392
294 0.09 13713408
295 0.1 13713408
296 0.08 13692928
297 0.1 13754368
298 0.09 13799424
299 0.09 13697024
300 0.09 13778944
301 0.09 13807616
302 0.09 13971456
303 0.09 13869056
304 0.1 14004224
305 0.11 14000128
306 0.09 14086144
307 0.1 14077952
308 0.1 14049280
309 0.1 14168064
310 0.28 14143488
311 0.1 14049280
312 0.09 14233600
313 0.09 14176256
314 0.1 14266368
315 0.1 14262272
316 0.1 14311424
317 0.1 14340096
318 0.09 14348288
319 0.1 14434304
320 0.1 14422016
321 0.1 14524416
322 0.09 14458880
323 0.1 14487552
324 0.1 14565376
325 0.09 14475264
326 0.1 14639104
327 0.09 14544896
328 0.1 14700544
329 0.1 14675968
330 0.29 14798848
331 0.09 14786560
332 0.1 14856192
333 0.11 14856192
334 0.11 14880768
335 0.1 14929920
336 0.11 14979072
337 0.11 14954496
338 0.11 15020032
339 0.1 14909440
340 0.1 15024128
341 0.1 15056896
342 0.1 15032320
343 0.1 15138816
344 0.11 15138816
345 0.11 15245312
346 0.11 15257600
347 0.11 15278080
348 0.13 15306752
349 0.11 15294464
350 0.39 15245312
351 0.13 15405056
352 0.11 15290368
353 0.1 15421440
354 0.14 15495168
355 0.12 15482880
356 0.11 15405056
357 0.11 15495168
358 0.11 15552512
359 0.11 15568896
360 0.12 15638528
361 0.1 15679488
362 0.12 15699968
363 0.11 15687680
364 0.11 15646720
365 0.11 15773696
366 0.12 15806464
367 0.11 15798272
368 0.11 15835136
369 0.12 15937536
370 0.11 15953920
371 0.12 15933440
372 0.12 15908864
373 0.11 15949824
374 0.12 16125952
375 0.35 16068608
376 0.11 16052224
377 0.12 16060416
378 0.11 16117760
379 0.12 16158720
380 0.11 16236544
381 0.12 16277504
382 0.12 16289792
383 0.11 16310272
384 0.12 16281600
385 0.12 16228352
386 0.12 16310272
387 0.12 16412672
388 0.13 16330752
389 0.1 16334848
390 0.12 16510976
391 0.12 16535552
392 0.13 16560128
393 0.18 16560128
394 0.31 16592896
395 0.12 16560128
396 0.12 16670720
397 0.12 16699392
398 0.12 16707584
399 0.12 16760832
400 0.12 16719872
401 0.12 16809984
402 0.12 16801792
403 0.13 16863232
404 0.12 16887808
405 0.13 16904192
406 0.13 16941056
407 0.12 16994304
408 0.13 17051648
409 0.12 17068032
410 0.13 17096704
411 0.12 17117184
412 0.12 17149952
413 0.13 17125376
414 0.12 17199104
415 0.13 17211392
416 0.13 17240064
417 0.13 17309696
418 0.12 17334272
419 0.14 17362944
420 0.12 17420288
421 0.13 17399808
422 0.13 17465344
423 0.13 17498112
424 0.13 17522688
425 0.13 17547264
426 0.13 17477632
427 0.13 17580032
428 0.13 17567744
429 0.14 17637376
430 0.13 17678336
431 0.12 17661952
432 0.13 17752064
433 0.13 17772544
434 0.13 17813504
435 0.13 17829888
436 0.14 17874944
437 0.13 17743872
438 0.13 17924096
439 0.14 17899520
440 0.13 18018304
441 0.14 17993728
442 0.14 18026496
443 0.13 18046976
444 0.14 18096128
445 0.14 18100224
446 0.14 18190336
447 0.16 18104320
448 0.14 18223104
449 0.14 18210816
450 0.14 18284544
451 0.14 18149376
452 0.14 18374656
453 0.14 18358272
454 0.14 18386944
455 0.14 18313216
456 0.14 18460672
457 0.15 18440192
458 0.14 18464768
459 0.13 18440192
460 0.15 18550784
461 0.15 18558976
462 0.14 18620416
463 0.14 18583552
464 0.15 18702336
465 0.15 18702336
466 0.14 18661376
467 0.15 18726912
468 0.14 18722816
469 0.15 18784256
470 0.15 18841600
471 0.15 18898944
472 0.15 18874368
473 0.14 18808832
474 0.15 19001344
475 0.15 19005440
476 0.16 19054592
477 0.14 18997248
478 0.15 19070976
479 0.15 19107840
480 0.15 19091456
481 0.17 19222528
482 0.18 19234816
483 0.15 19292160
484 0.16 19226624
485 0.15 19365888
486 0.16 19345408
487 0.15 19431424
488 0.15 19427328
489 0.15 19496960
490 0.15 19435520
491 0.14 19349504
492 0.16 19533824
493 0.14 19427328
494 0.16 19546112
495 0.15 19607552
496 0.15 19603456
497 0.15 19660800
498 0.16 19718144
499 0.15 19726336
500 0.15 19746816
501 0.16 19791872
502 0.16 19812352
503 0.15 19832832
504 0.16 19783680
505 0.14 19853312
506 0.15 19820544
507 0.16 19996672
508 0.15 19984384
509 0.15 19947520
510 0.15 19963904
511 0.16 20021248
512 0.17 20189184
513 0.16 20230144
514 0.16 20246528
515 0.17 20291584
516 0.16 20385792
517 0.16 20406272
518 0.15 20447232
519 0.17 20512768
520 0.16 20426752
521 0.15 20373504
522 0.16 20725760
523 0.17 20676608
524 0.17 20721664
525 0.16 20758528
526 0.17 20824064
527 0.16 20799488
528 0.17 20955136
529 0.16 20824064
530 0.16 20869120
531 0.16 20996096
532 0.17 21012480
533 0.17 21041152
534 0.17 21098496
535 0.16 21102592
536 0.18 21245952
537 0.17 21250048
538 0.16 21131264
539 0.18 21372928
540 0.17 21495808
541 0.17 21385216
542 0.18 21528576
543 0.16 21417984
544 0.18 21614592
545 0.17 21491712
546 0.17 21647360
547 0.17 21741568
548 0.18 21729280
549 0.17 21807104
550 0.16 21704704
551 0.17 21839872
552 0.17 22056960
553 0.17 21970944
554 0.17 22073344
555 0.17 21987328
556 0.16 22073344
557 0.18 22110208
558 0.18 22261760
559 0.18 22241280
560 0.17 22364160
561 0.17 22290432
562 0.18 22364160
563 0.18 22396928
564 0.17 22372352
565 0.18 22433792
566 0.18 22532096
567 0.19 22536192
568 0.18 22646784
569 0.18 22568960
570 0.18 22736896
571 0.19 22749184
572 0.22 22835200
573 0.18 22831104
574 0.18 22925312
575 0.18 22917120
576 0.19 22929408
577 0.18 23040000
578 0.18 23031808
579 0.18 23113728
580 0.18 23023616
581 0.19 23126016
582 0.2 23306240
583 0.19 23318528
584 0.2 23318528
585 0.19 23384064
586 0.2 23437312
587 0.18 23437312
588 0.19 23502848
589 0.19 23535616
590 0.19 23621632
591 0.18 23568384
592 0.19 23625728
593 0.18 23662592
594 0.19 23732224
595 0.2 23883776
596 0.2 23990272
597 0.2 23953408
598 0.2 23855104
599 0.19 23920640
600 0.2 24154112
601 0.19 24141824
602 0.2 24207360
603 0.19 24248320
604 0.19 24158208
605 0.19 24195072
606 0.18 24227840
607 0.18 24375296
608 0.18 24379392
609 0.18 24436736
610 0.18 24461312
611 0.18 24547328
612 0.17 24518656
613 0.2 24678400
614 0.21 24666112
615 0.2 24719360
616 0.2 24694784
617 0.2 24776704
618 0.2 24760320
619 0.19 24989696
620 0.21 24764416
621 0.2 24961024
622 0.2 24940544
623 0.2 25018368
624 0.2 25145344
625 0.21 25255936
626 0.2 25239552
627 0.2 25317376
628 0.21 25305088
629 0.2 25292800
630 0.21 25403392
631 0.2 25432064
632 0.22 25526272
633 0.2 25513984
634 0.21 25505792
635 0.21 25591808
636 0.22 25767936
637 0.22 25722880
638 0.21 25739264
639 0.21 25772032
640 0.22 25788416
641 0.22 25874432
642 0.21 25960448
643 0.2 26001408
644 0.21 26013696
645 0.2 26083328
646 0.21 26075136
647 0.2 26079232
648 0.22 26136576
649 0.21 26247168
650 0.23 26284032
651 0.22 26349568
652 0.22 26304512
653 0.22 26370048
654 0.21 26443776
655 0.19 26357760
656 0.19 26341376
657 0.19 26357760
658 0.19 26386432
659 0.19 26402816
660 0.18 26525696
661 0.2 26537984
662 0.18 26595328
663 0.21 26808320
664 0.24 26836992
665 0.23 26910720
666 0.23 27037696
667 0.23 27029504
668 0.23 27070464
669 0.22 27062272
670 0.22 27045888
671 0.22 27152384
672 0.21 27181056
673 0.23 27299840
674 0.23 27320320
675 0.22 27353088
676 0.23 27369472
677 0.22 27303936
678 0.23 27529216
679 0.23 27455488
680 0.22 27615232
681 0.23 27639808
682 0.24 27639808
683 0.23 27607040
684 0.22 27701248
685 0.23 27832320
686 0.23 27791360
687 0.22 27791360
688 0.23 27832320
689 0.22 27897856
690 0.22 28119040
691 0.23 27975680
692 0.22 28078080
693 0.24 28147712
694 0.22 28131328
695 0.23 28176384
696 0.23 28377088
697 0.24 28327936
698 0.25 28332032
699 0.23 28323840
700 0.22 28389376
701 0.25 28434432
702 0.24 28520448
703 0.29 28577792
704 0.23 28659712
705 0.23 28647424
706 0.24 28659712
707 0.24 28672000
708 0.24 28831744
709 0.23 28663808
710 0.24 28839936
711 0.23 28893184
712 0.24 29024256
713 0.24 29007872
714 0.23 29081600
715 0.25 29057024
716 0.23 29196288
717 0.25 29147136
718 0.24 29159424
719 0.23 29310976
720 0.24 29368320
721 0.25 29429760
722 0.24 29442048
723 0.25 29446144
724 0.26 29564928
725 0.24 29569024
726 0.24 29601792
727 0.25 29745152
728 0.24 29675520
729 0.25 29712384
730 0.24 29691904
731 0.24 29745152
732 0.24 29872128
733 0.25 29876224
734 0.24 29855744
735 0.25 29945856
736 0.24 30019584
737 0.25 29986816
738 0.27 30056448
739 0.26 30154752
740 0.26 30187520
741 0.26 30232576
742 0.26 30281728
743 0.26 30121984
744 0.25 30457856
745 0.25 30310400
746 0.29 30425088
747 0.27 30482432
748 0.27 30584832
749 0.28 30576640
750 0.25 30597120
751 0.26 30650368
752 0.26 30806016
753 0.25 30777344
754 0.26 30822400
755 0.25 30814208
756 0.27 30916608
757 0.25 30990336
758 0.34 30965760
759 0.24 31010816
760 0.26 31014912
761 0.26 31109120
762 0.35 31121408
763 0.25 31166464
764 0.27 31256576
765 0.26 31240192
766 0.26 31318016
767 0.27 31232000
768 0.26 31485952
769 0.26 31481856
770 0.27 31498240
771 0.27 31592448
772 0.29 31518720
773 0.26 31649792
774 0.25 31686656
775 0.29 31641600
776 0.26 31748096
777 0.27 31768576
778 0.25 31784960
779 0.26 31744000
780 0.27 31993856
781 0.27 31981568
782 0.27 32075776
783 0.27 32079872
784 0.28 32100352
785 0.26 32100352
786 0.27 32268288
787 0.27 32288768
788 0.27 32260096
789 0.27 32296960
790 0.28 32296960
791 0.28 32329728
792 0.28 32538624
793 0.27 32485376
794 0.27 32587776
795 0.27 32550912
796 0.27 32645120
797 0.27 32628736
798 0.28 32763904
799 0.27 32813056
800 0.28 32833536