1 0.09 10678272
2 0.07 10715136
3 0.07 10768384
4 0.09 10809344
5 0.07 10874880
6 0.07 10858496
7 0.07 10915840
8 0.08 11022336
9 0.08 11042816
10 0.07 11145216
11 0.08 11137024
12 0.08 11227136
13 0.08 11268096
14 0.08 11333632
15 0.08 11370496
16 0.09 11419648
17 0.09 11485184
18 0.08 11567104
19 0.08 11624448
20 0.09 11698176
21 0.08 11694080
22 0.08 11751424
23 0.09 11849728
24 0.08 11857920
25 0.09 11919360
26 0.09 12025856
27 0.09 12066816
28 0.09 12128256
29 0.1 12169216
30 0.1 12242944
31 0.09 12308480
32 0.09 12361728
33 0.1 12431360
34 0.1 12513280
35 0.1 12533760
36 0.1 12591104
37 0.1 12656640
38 0.1 12713984
39 0.1 12795904
40 0.09 12886016
41 0.11 12984320
42 0.1 13078528
43 0.1 13099008
44 0.11 13209600
45 0.1 13332480
46 0.11 13393920
47 0.11 13639680
48 0.11 13488128
49 0.1 13570048
50 0.11 13684736
51 0.11 13742080
52 0.11 13815808
53 0.11 13889536
54 0.11 13905920
55 0.11 14032896
56 0.11 14082048
57 0.12 14168064
58 0.11 14249984
59 0.12 14307328
60 0.11 14348288
61 0.12 14499840
62 0.12 14585856
63 0.13 14692352
64 0.11 14745600
65 0.12 14897152
66 0.12 15015936
67 0.12 15118336
68 0.12 15212544
69 0.12 15314944
70 0.12 15446016
71 0.13 15601664
72 0.13 15687680
73 0.13 15802368
74 0.12 15855616
75 0.13 15958016
76 0.13 16052224
77 0.13 16187392
78 0.13 16297984
79 0.13 16359424
80 0.13 16510976
81 0.13 16609280
82 0.14 16777216
83 0.14 16822272
84 0.13 16896000
85 0.13 17014784
86 0.14 17141760
87 0.14 17297408
88 0.14 17367040
89 0.14 17559552
90 0.15 17711104
91 0.15 17768448
92 0.14 17866752
93 0.15 18026496
94 0.14 18079744
95 0.15 18214912
96 0.15 18309120
97 0.16 18436096
98 0.15 18518016
99 0.17 18718720
100 0.16 18853888
101 0.16 18903040
102 0.16 18960384
103 0.16 19095552
104 0.16 19214336
105 0.16 19259392
106 0.16 19353600
107 0.17 19496960
108 0.17 19607552
109 0.16 19705856
110 0.17 19800064
111 0.16 19894272
112 0.17 20037632
113 0.17 20148224
114 0.17 20234240
115 0.17 20312064
116 0.17 20439040
117 0.17 20508672
118 0.17 20672512
119 0.2 20754432
120 0.18 20869120
121 0.17 20922368
122 0.18 21061632
123 0.18 21258240
124 0.18 21258240
125 0.19 21397504
126 0.18 21508096
127 0.19 21741568
128 0.18 21856256
129 0.18 21987328
130 0.19 22155264
131 0.19 22372352
132 0.19 22536192
133 0.18 22700032
134 0.19 22847488
135 0.19 23019520
136 0.2 23183360
137 0.2 23310336
138 0.19 23511040
139 0.19 23687168
140 0.19 23785472
141 0.2 24076288
142 0.21 24363008
143 0.2 24420352
144 0.2 24592384
145 0.21 24780800
146 0.21 24911872
147 0.21 25161728
148 0.21 25337856
149 0.21 25419776
150 0.2 25587712
151 0.22 25747456
152 0.21 25899008
153 0.21 26071040
154 0.21 26226688
155 0.22 26427392
156 0.21 26529792
157 0.22 26738688
158 0.22 26906624
159 0.22 27029504
160 0.23 27222016
161 0.23 27398144
162 0.22 27566080
163 0.22 27721728
164 0.23 27885568
165 0.23 28016640
166 0.23 28225536
167 0.23 28397568
168 0.23 28577792
169 0.24 28745728
170 0.24 28856320
171 0.23 29147136
172 0.24 29208576
173 0.24 29495296
174 0.24 29605888
175 0.24 29798400
176 0.24 29982720
177 0.24 30146560
178 0.25 30330880
179 0.25 30531584
180 0.25 30670848
181 0.25 30887936
182 0.25 31019008
183 0.26 31248384
184 0.26 31436800
185 0.26 31641600
186 0.26 31850496
187 0.26 32018432
188 0.27 32186368
189 0.26 32313344
190 0.27 32665600
191 0.27 32706560
192 0.27 32841728
193 0.29 33144832
194 0.28 33337344
195 0.27 33341440
196 0.27 33509376
197 0.27 33677312
198 0.28 33890304
199 0.28 34058240
200 0.28 34222080
201 0.28 34406400
202 0.28 34521088
203 0.29 34721792
204 0.28 34975744
205 0.29 35090432
206 0.29 35209216
207 0.29 35409920
208 0.29 35561472
209 0.29 35692544
210 0.29 35885056
211 0.3 36065280
212 0.3 36241408
213 0.3 36388864
214 0.3 36564992
215 0.3 36687872
216 0.31 36880384
217 0.3 37003264
218 0.3 37208064
219 0.31 37437440
220 0.32 37560320
221 0.3 37732352
222 0.31 37896192
223 0.32 38084608
224 0.31 38215680
225 0.31 38383616
226 0.32 38617088
227 0.33 38707200
228 0.32 38834176
229 0.32 38993920
230 0.33 39227392
231 0.32 39411712
232 0.33 39571456
233 0.32 39673856
234 0.33 39878656
235 0.32 39993344
236 0.33 40304640
237 0.33 40329216
238 0.34 40624128
239 0.33 40656896
240 0.35 40968192
241 0.34 41033728
242 0.34 41193472
243 0.34 41512960
244 0.34 41631744
245 0.34 41852928
246 0.34 41955328
247 0.35 42176512
248 0.35 42344448
249 0.36 42590208
250 0.36 42635264
251 0.36 42954752
252 0.36 42999808
253 0.36 43159552
254 0.37 43450368
255 0.36 43769856
256 0.36 44040192
257 0.36 44343296
258 0.36 44556288
259 0.37 44904448
260 0.36 45142016
261 0.37 45473792
262 0.37 45776896
263 0.37 46190592
264 0.38 46329856
265 0.38 46673920
266 0.38 46972928
267 0.38 47316992
268 0.38 47517696
269 0.38 47812608
270 0.39 48209920
271 0.39 48484352
272 0.39 48762880
273 0.39 49065984
274 0.39 49336320
275 0.4 49680384
276 0.39 49856512
277 0.4 50167808
278 0.4 50458624
279 0.41 50905088
280 0.4 51081216
281 0.41 51372032
282 0.41 51650560
283 0.41 51888128
284 0.41 52326400
285 0.41 52502528
286 0.41 52850688
287 0.41 53063680
288 0.41 53428224
289 0.42 53702656
290 0.42 53989376
291 0.42 54276096
292 0.43 54595584
293 0.42 54906880
294 0.44 55263232
295 0.43 55406592
296 0.44 55746560
297 0.44 56012800
298 0.45 56426496
299 0.43 56627200
300 0.43 56909824
301 0.44 57192448
302 0.44 57495552
303 0.45 57761792
304 0.46 58048512
305 0.45 58331136
306 0.45 58638336
307 0.45 58904576
308 0.46 59240448
309 0.45 59510784
310 0.46 59920384
311 0.45 60035072
312 0.46 60379136
313 0.46 60661760
314 0.46 60940288
315 0.46 61284352
316 0.46 61558784
317 0.47 61956096
318 0.47 62164992
319 0.47 62427136
320 0.47 62656512
321 0.48 62988288
322 0.48 63336448
323 0.48 63651840
324 0.47 63852544
325 0.49 64196608
326 0.48 64499712
327 0.48 64786432
328 0.49 65077248
329 0.48 65343488
330 0.49 65646592
331 0.5 65966080
332 0.49 66211840
333 0.49 66539520
334 0.49 66842624
335 0.49 67055616
336 0.5 67432448
337 0.5 67710976
338 0.51 68087808
339 0.51 68382720
340 0.51 68669440
341 0.51 68849664
342 0.52 69144576
343 0.52 69468160
344 0.52 69763072
345 0.52 70004736
346 0.52 70324224
347 0.52 70635520
348 0.52 70922240
349 0.52 71233536
350 0.52 71516160
351 0.53 71860224
352 0.54 72192000
353 0.53 72486912
354 0.53 72720384
355 0.53 73089024
356 0.54 73383936
357 0.55 73654272
358 0.55 74022912
359 0.56 74268672
360 0.55 74629120
361 0.55 74924032
362 0.55 75231232
363 0.55 75563008
364 0.56 75804672
365 0.56 76173312
366 0.57 76472320
367 0.57 76763136
368 0.58 77070336
369 0.57 77373440
370 0.57 77578240
371 0.58 77918208
372 0.58 78327808
373 0.58 78618624
374 0.58 78909440
375 0.6 79237120
376 0.6 79630336
377 0.6 79863808
378 0.62 80465920
379 0.62 80629760
380 0.62 80855040
381 0.61 81096704
382 0.61 81387520
383 0.61 81661952
384 0.62 81969152
385 0.61 82243584
386 0.63 82751488
387 0.62 82866176
388 0.63 83230720
389 0.62 83521536
390 0.63 83894272
391 0.64 84099072
392 0.64 84385792
393 0.64 84729856
394 0.64 85024768
395 0.64 85315584
396 0.64 85614592
397 0.65 85843968
398 0.65 86167552
399 0.66 86663168
400 0.65 86786048
401 0.66 87101440
402 0.66 87367680
403 0.65 87605248
404 0.66 87904256
405 0.67 88195072
406 0.69 88645632
407 0.67 88858624
408 0.68 89133056
409 0.68 89427968
410 0.67 89743360
411 0.68 90001408
412 0.67 90255360
413 0.68 90574848
414 0.68 90841088
415 0.68 91201536
416 0.68 91475968
417 0.69 91713536
418 0.69 92061696
419 0.69 92323840
420 0.7 92606464
421 0.69 92864512
422 0.7 93204480
423 0.71 93626368
424 0.7 93749248
425 0.7 94105600
426 0.7 94392320
427 0.71 94670848
428 0.71 94912512
429 0.72 95256576
430 0.72 95506432
431 0.72 95838208
432 0.71 96133120
433 0.73 96444416
434 0.74 96845824
435 0.73 96989184
436 0.74 97271808
437 0.74 97759232
438 0.73 97837056
439 0.73 98119680
440 0.74 98463744
441 0.75 98750464
442 0.74 99127296
443 0.75 99307520
444 0.75 99586048
445 0.74 99889152
446 0.75 100163584
447 0.75 100466688
448 0.76 100773888
449 0.76 101019648
450 0.75 101339136
451 0.76 101629952
452 0.77 101945344
453 0.77 102318080
454 0.77 102510592
455 0.77 102735872
456 0.77 103084032
457 0.78 103366656
458 0.78 103743488
459 0.78 103989248
460 0.8 104452096
461 0.79 104669184
462 0.78 104828928
463 0.79 105107456
464 0.8 105598976
465 0.79 105689088
466 0.79 106029056
467 0.8 106303488
468 0.8 106586112
469 0.81 106868736
470 0.8 107155456
471 0.81 107401216
472 0.82 107823104
473 0.81 108158976
474 0.81 108343296
475 0.82 108625920
476 0.82 108851200
477 0.82 109182976
478 0.82 109477888
479 0.83 109756416
480 0.83 110039040
481 0.83 110317568
482 0.84 110661632
483 0.84 110936064
484 0.84 111267840
485 0.84 111616000
486 0.84 111747072
487 0.84 112041984
488 0.85 112377856
489 0.85 112713728
490 0.86 112984064
491 0.86 113278976
492 0.85 113508352
493 0.86 113831936
494 0.87 114417664
495 0.87 114442240
496 0.87 114966528
497 0.87 115027968
498 0.87 115343360
499 0.87 115548160
500 0.87 115896320
501 0.88 116109312
502 0.88 116473856
503 0.88 116797440
504 0.89 117088256
505 0.9 117542912
506 0.89 117698560
507 0.9 117956608
508 0.89 118304768
509 0.89 118509568
510 0.9 119005184
511 0.9 119558144
512 0.9 120111104
513 0.92 120786944
514 0.91 121200640
515 0.92 121798656
516 0.91 122200064
517 0.91 122765312
518 0.93 123346944
519 0.93 123875328
520 0.92 124428288
521 0.93 124932096
522 0.94 125501440
523 0.94 126025728
524 0.94 126550016
525 0.94 127098880
526 0.94 127639552
527 0.95 128405504
528 0.95 128692224
529 0.99 129404928
530 0.99 129855488
531 0.99 130334720
532 0.98 130846720
533 0.98 131379200
534 0.98 131948544
535 0.97 132399104
536 0.97 133210112
537 0.98 133550080
538 0.97 134057984
539 0.98 134606848
540 0.98 135155712
541 0.98 135675904
542 0.99 136212480
543 0.99 136757248
544 1.0 137285632
545 1.0 137814016
546 1.0 138358784
547 1.01 138895360
548 1.02 139501568
549 1.02 140201984
550 1.01 140451840
551 1.02 141045760
552 1.02 141533184
553 1.02 142118912
554 1.02 142684160
555 1.02 143163392
556 1.04 143818752
557 1.03 144297984
558 1.03 144793600
559 1.05 145342464
560 1.04 145895424
561 1.04 146432000
562 1.04 146923520
563 1.05 147456000
564 1.06 147984384
565 1.06 148561920
566 1.05 149135360
567 1.06 149643264
568 1.06 150196224
569 1.07 150753280
570 1.07 151441408
571 1.08 151818240
572 1.08 152358912
573 1.09 153059328
574 1.08 153444352
575 1.1 154030080
576 1.08 154464256
577 1.09 155078656
578 1.09 155602944
579 1.1 156114944
580 1.1 156651520
581 1.1 157192192
582 1.13 157818880
583 1.11 158339072
584 1.11 158842880
585 1.11 159383552
586 1.13 159948800
587 1.13 160460800
588 1.13 161218560
589 1.12 161513472
590 1.14 162033664
591 1.16 162729984
592 1.14 163127296
593 1.13 163684352
594 1.14 164159488
595 1.15 164691968
596 1.14 165236736
597 1.16 165978112
598 1.17 166498304
599 1.18 167018496
600 1.17 167596032
601 1.17 168095744
602 1.17 168591360
603 1.2 169345024
604 1.19 169803776
605 1.18 170192896
606 1.2 170782720
607 1.2 171311104
608 1.21 172097536
609 1.2 172335104
610 1.2 172863488
611 1.21 173449216
612 1.21 174039040
613 1.22 174567424
614 1.23 175472640
615 1.22 175599616
616 1.26 176418816
617 1.23 176701440
618 1.23 177250304
619 1.23 177766400
620 1.27 178511872
621 1.23 178860032
622 1.27 179585024
623 1.23 179879936
624 1.25 180502528
625 1.25 181043200
626 1.25 181587968
627 1.26 182059008
628 1.27 182718464
629 1.26 183201792
630 1.27 183742464
631 1.27 184254464
632 1.27 184848384
633 1.27 185294848
634 1.27 185860096
635 1.28 186372096
636 1.33 187162624
637 1.29 187502592
638 1.28 187965440
639 1.29 188493824
640 1.3 189091840
641 1.3 189566976
642 1.3 190152704
643 1.31 190828544
644 1.31 191258624
645 1.31 191799296
646 1.32 192655360
647 1.34 192876544
648 1.37 193503232
649 1.32 193921024
650 1.32 194486272
651 1.32 195043328
652 1.34 195633152
653 1.34 196096000
654 1.4 196784128
655 1.35 197169152
656 1.35 197722112
657 1.35 198189056
658 1.37 198909952
659 1.4 199524352
660 1.4 199925760
661 1.38 200474624
662 1.39 201199616
663 1.37 201465856
664 1.37 201998336
665 1.37 202526720
666 1.38 203096064
667 1.38 203632640
668 1.38 204083200
669 1.38 204668928
670 1.38 205201408
671 1.4 205733888
672 1.4 206336000
673 1.4 206835712
674 1.41 207380480
675 1.4 207925248
676 1.48 208596992
677 1.41 209047552
678 1.43 209752064
679 1.42 210120704
680 1.42 210681856
681 1.43 211206144
682 1.42 211734528
683 1.43 212197376
684 1.43 212746240
685 1.49 213565440
686 1.45 213864448
687 1.45 214368256
688 1.45 215060480
689 1.46 215511040
690 1.45 216018944
691 1.47 216551424
692 1.53 217374720
693 1.47 217616384
694 1.48 218402816
695 1.46 218640384
696 1.47 219230208
697 1.48 219877376
698 1.47 220319744
699 1.49 220880896
700 1.49 221417472
701 1.49 221970432
702 1.51 222785536
703 1.59 223195136
704 1.52 223604736
705 1.5 224190464
706 1.54 225046528
707 1.61 225574912
708 1.52 226009088
709 1.52 226414592
710 1.53 227012608
711 1.53 227450880
712 1.53 228061184
713 1.64 228655104
714 1.53 229158912
715 1.56 229998592
716 1.55 230223872
717 1.56 230842368
718 1.56 231419904
719 1.57 231964672
720 1.59 232574976
721 1.63 233172992
722 1.62 233807872
723 1.61 234143744
724 1.68 234893312
725 1.7 235495424
726 1.59 235876352
727 1.6 236412928
728 1.59 236920832
729 1.6 237449216
730 1.61 238006272
731 1.61 238505984
732 1.61 239165440
733 1.73 239869952
734 1.62 240197632
735 1.62 240742400
736 1.63 241299456
737 1.64 242020352
738 1.63 242487296
739 1.72 243253248
740 1.77 243617792
741 1.65 244125696
742 1.64 244617216
743 1.66 245407744
744 1.67 245854208
745 1.66 246333440
746 1.67 246968320
747 1.68 247431168
748 1.68 248008704
749 1.68 248504320
750 1.68 249053184
751 1.7 249716736
752 1.69 250130432
753 1.7 250744832
754 1.7 251285504
755 1.71 251863040
756 1.71 252403712
757 1.7 252968960
758 1.79 253616128
759 1.78 254091264
760 1.86 254918656
761 1.94 255397888
762 1.78 255762432
763 1.79 256278528
764 1.79 256741376
765 1.79 257359872
766 1.8 257880064
767 1.96 258523136
768 1.81 258985984
769 1.82 259530752
770 1.81 260075520
771 1.81 260616192
772 1.84 261300224
773 1.83 261701632
774 1.83 262311936
775 1.84 262766592
776 1.84 263348224
777 1.85 263921664
778 1.85 264499200
779 1.84 264941568
780 2.02 265584640
781 1.87 266035200
782 1.87 266571776
783 1.88 267235328
784 1.88 267624448
785 1.87 268124160
786 1.9 268828672
787 1.9 269373440
788 1.89 269787136
789 2.07 270454784
790 1.89 270884864
791 1.98 271761408
792 1.91 272003072
793 1.91 272629760
794 1.93 273108992
795 1.93 273666048
796 1.92 274141184
797 1.92 274710528
798 1.93 275222528
799 1.94 275787776
800 1.94 276422656