1 0.07 10670080
2 0.07 10706944
3 0.07 10764288
4 0.07 10817536
5 0.07 10842112
6 0.07 10924032
7 0.07 10964992
8 0.07 11014144
9 0.07 11046912
10 0.08 11137024
11 0.07 11198464
12 0.07 11239424
13 0.07 11272192
14 0.08 11333632
15 0.08 11370496
16 0.08 11378688
17 0.08 11497472
18 0.08 11522048
19 0.08 11620352
20 0.09 11689984
21 0.08 11747328
22 0.09 11792384
23 0.08 11890688
24 0.09 11902976
25 0.09 11919360
26 0.08 12025856
27 0.09 12075008
28 0.09 12087296
29 0.09 12169216
30 0.09 12251136
31 0.09 12304384
32 0.09 12361728
33 0.09 12427264
34 0.1 12476416
35 0.09 12541952
36 0.09 12546048
37 0.1 12693504
38 0.1 12754944
39 0.09 12787712
40 0.12 12890112
41 0.1 12996608
42 0.11 13074432
43 0.11 13144064
44 0.11 13271040
45 0.11 13320192
46 0.1 13389824
47 0.1 13422592
48 0.1 13590528
49 0.1 13611008
50 0.11 13684736
51 0.11 13742080
52 0.11 13824000
53 0.1 13844480
54 0.1 13905920
55 0.1 14041088
56 0.11 14098432
57 0.11 14176256
58 0.11 14249984
59 0.12 14381056
60 0.12 14401536
61 0.11 14454784
62 0.12 14598144
63 0.11 14647296
64 0.12 14897152
65 0.12 14909440
66 0.12 14966784
67 0.12 15106048
68 0.12 15208448
69 0.12 15310848
70 0.13 15486976
71 0.13 15605760
72 0.13 15687680
73 0.13 15753216
74 0.12 15904768
75 0.13 15998976
76 0.12 16052224
77 0.13 16146432
78 0.13 16384000
79 0.13 16408576
80 0.14 16519168
81 0.14 16601088
82 0.14 16707584
83 0.13 16822272
84 0.14 16932864
85 0.13 17014784
86 0.14 17182720
87 0.15 17256448
88 0.15 17412096
89 0.14 17567744
90 0.15 17670144
91 0.15 17817600
92 0.15 17985536
93 0.15 18034688
94 0.14 18128896
95 0.16 18219008
96 0.15 18354176
97 0.15 18444288
98 0.15 18546688
99 0.15 18657280
100 0.16 18776064
101 0.16 18894848
102 0.16 18989056
103 0.16 19054592
104 0.17 19210240
105 0.16 19308544
106 0.16 19402752
107 0.17 19537920
108 0.16 19607552
109 0.17 19664896
110 0.17 19853312
111 0.16 20013056
112 0.16 19996672
113 0.17 20250624
114 0.17 20234240
115 0.17 20357120
116 0.17 20402176
117 0.17 20549632
118 0.18 20672512
119 0.17 20766720
120 0.17 20869120
121 0.18 21049344
122 0.18 21061632
123 0.19 21168128
124 0.18 21250048
125 0.18 21372928
126 0.18 21516288
127 0.18 21680128
128 0.19 21803008
129 0.18 21987328
130 0.19 22200320
131 0.18 22372352
132 0.19 22548480
133 0.19 22646784
134 0.19 22847488
135 0.2 23085056
136 0.19 23138304
137 0.19 23359488
138 0.2 23576576
139 0.19 23687168
140 0.19 23785472
141 0.2 24031232
142 0.2 24272896
143 0.2 24420352
144 0.21 24592384
145 0.2 24707072
146 0.2 24870912
147 0.21 25071616
148 0.21 25243648
149 0.21 25485312
150 0.21 25587712
151 0.21 25743360
152 0.21 25899008
153 0.22 26062848
154 0.21 26304512
155 0.23 26501120
156 0.22 26583040
157 0.21 26746880
158 0.21 26849280
159 0.22 27070464
160 0.21 27230208
161 0.22 27348992
162 0.27 27557888
163 0.24 27729920
164 0.23 27885568
165 0.23 28065792
166 0.23 28233728
167 0.22 28397568
168 0.23 28581888
169 0.23 28700672
170 0.24 28905472
171 0.23 29024256
172 0.23 29208576
173 0.24 29429760
174 0.23 29626368
175 0.24 29786112
176 0.24 29925376
177 0.24 30154752
178 0.24 30326784
179 0.25 30576640
180 0.24 30670848
181 0.25 30838784
182 0.25 31125504
183 0.25 31256576
184 0.25 31399936
185 0.26 31682560
186 0.26 31850496
187 0.26 32010240
188 0.26 32186368
189 0.27 32358400
190 0.27 32628736
191 0.26 32657408
192 0.27 32894976
193 0.27 33062912
194 0.27 33185792
195 0.28 33464320
196 0.27 33554432
197 0.28 33787904
198 0.28 33918976
199 0.28 34066432
200 0.28 34230272
201 0.28 34398208
202 0.28 34570240
203 0.29 34676736
204 0.29 34975744
205 0.29 35102720
206 0.3 35295232
207 0.29 35401728
208 0.29 35573760
209 0.29 35729408
210 0.3 35885056
211 0.3 36065280
212 0.3 36237312
213 0.3 36356096
214 0.3 36573184
215 0.31 36728832
216 0.31 36876288
217 0.31 37113856
218 0.31 37261312
219 0.3 37355520
220 0.3 37580800
221 0.3 37736448
222 0.31 37908480
223 0.32 38055936
224 0.31 38227968
225 0.32 38395904
226 0.32 38539264
227 0.32 38662144
228 0.32 38891520
229 0.32 38993920
230 0.32 39235584
231 0.33 39419904
232 0.32 39571456
233 0.33 39714816
234 0.32 39886848
235 0.33 40046592
236 0.33 40230912
237 0.33 40370176
238 0.33 40542208
239 0.34 40656896
240 0.34 40878080
241 0.35 41095168
242 0.34 41193472
243 0.34 41512960
244 0.34 41689088
245 0.35 41844736
246 0.35 42012672
247 0.35 42180608
248 0.35 42414080
249 0.35 42520576
250 0.35 42672128
251 0.36 42840064
252 0.35 43008000
253 0.35 43167744
254 0.36 43495424
255 0.36 43761664
256 0.36 44032000
257 0.36 44343296
258 0.36 44621824
259 0.36 44896256
260 0.37 45187072
261 0.37 45416448
262 0.37 45846528
263 0.38 46100480
264 0.37 46395392
265 0.37 46682112
266 0.38 47161344
267 0.38 47304704
268 0.38 47575040
269 0.39 47874048
270 0.39 48168960
271 0.39 48488448
272 0.4 48762880
273 0.39 49074176
274 0.39 49270784
275 0.4 49668096
276 0.4 49922048
277 0.4 50225152
278 0.41 50515968
279 0.41 50794496
280 0.4 51089408
281 0.42 51548160
282 0.41 51593216
283 0.41 51941376
284 0.41 52195328
285 0.41 52568064
286 0.41 52842496
287 0.42 53121024
288 0.42 53420032
289 0.43 53903360
290 0.42 53932032
291 0.43 54263808
292 0.43 54665216
293 0.43 54898688
294 0.44 55164928
295 0.43 55472128
296 0.43 55746560
297 0.44 56012800
298 0.44 56246272
299 0.44 56737792
300 0.43 56913920
301 0.44 57192448
302 0.45 57737216
303 0.44 57712640
304 0.45 58114048
305 0.45 58331136
306 0.44 58589184
307 0.45 58957824
308 0.45 59195392
309 0.45 59518976
310 0.46 59916288
311 0.46 60084224
312 0.46 60329984
313 0.46 60698624
314 0.46 60985344
315 0.47 61284352
316 0.47 61513728
317 0.47 61849600
318 0.47 62173184
319 0.46 62427136
320 0.47 62709760
321 0.48 63049728
322 0.5 63520768
323 0.48 63651840
324 0.48 63922176
325 0.48 64196608
326 0.48 64491520
327 0.48 64778240
328 0.49 65077248
329 0.49 65384448
330 0.49 65634304
331 0.49 65974272
332 0.49 66211840
333 0.5 66539520
334 0.49 66842624
335 0.49 67129344
336 0.5 67383296
337 0.51 67710976
338 0.5 67993600
339 0.5 68280320
340 0.5 68554752
341 0.51 68841472
342 0.52 69132288
343 0.52 69566464
344 0.52 69763072
345 0.51 70033408
346 0.53 70336512
347 0.52 70635520
348 0.53 70926336
349 0.53 71229440
350 0.53 71581696
351 0.53 71860224
352 0.53 72192000
353 0.54 72478720
354 0.54 72826880
355 0.54 73240576
356 0.53 73388032
357 0.54 73773056
358 0.54 74031104
359 0.55 74436608
360 0.55 74665984
361 0.55 74936320
362 0.56 75218944
363 0.56 75591680
364 0.55 75882496
365 0.56 76095488
366 0.57 76464128
367 0.57 76767232
368 0.57 77070336
369 0.57 77377536
370 0.57 77647872
371 0.58 77987840
372 0.59 78422016
373 0.58 78544896
374 0.58 78909440
375 0.59 79224832
376 0.6 79642624
377 0.61 79945728
378 0.61 80261120
379 0.62 80769024
380 0.61 80855040
381 0.61 81162240
382 0.61 81457152
383 0.61 81739776
384 0.62 82014208
385 0.62 82321408
386 0.62 82653184
387 0.62 82931712
388 0.62 83243008
389 0.63 83521536
390 0.64 83890176
391 0.64 84107264
392 0.63 84393984
393 0.64 84738048
394 0.64 85020672
395 0.65 85323776
396 0.64 85659648
397 0.65 85843968
398 0.65 86163456
399 0.65 86450176
400 0.65 86777856
401 0.65 87109632
402 0.66 87322624
403 0.66 87879680
404 0.66 87945216
405 0.66 88195072
406 0.66 88530944
407 0.67 88985600
408 0.67 89133056
409 0.67 89427968
410 0.67 89694208
411 0.67 90001408
412 0.67 90361856
413 0.68 90574848
414 0.69 90894336
415 0.68 91209728
416 0.69 91631616
417 0.68 91766784
418 0.69 92061696
419 0.69 92323840
420 0.69 92610560
421 0.7 92905472
422 0.71 93405184
423 0.7 93536256
424 0.7 93749248
425 0.71 94109696
426 0.7 94347264
427 0.71 94670848
428 0.71 94953472
429 0.72 95256576
430 0.72 95547392
431 0.72 95830016
432 0.72 96083968
433 0.72 96407552
434 0.73 96747520
435 0.74 97173504
436 0.73 97288192
437 0.74 97603584
438 0.73 97947648
439 0.73 98168832
440 0.73 98471936
441 0.74 98754560
442 0.74 99028992
443 0.75 99311616
444 0.75 99622912
445 0.75 99934208
446 0.75 100212736
447 0.75 100503552
448 0.76 100798464
449 0.77 101064704
450 0.76 101457920
451 0.76 101675008
452 0.76 101900288
453 0.77 102236160
454 0.77 102518784
455 0.77 102797312
456 0.77 103071744
457 0.77 103366656
458 0.78 103649280
459 0.79 104341504
460 0.79 104247296
461 0.78 104566784
462 0.79 104775680
463 0.79 105107456
464 0.79 105394176
465 0.79 105635840
466 0.8 106020864
467 0.8 106299392
468 0.79 106594304
469 0.81 106823680
470 0.81 107261952
471 0.8 107454464
472 0.81 107745280
473 0.81 108060672
474 0.82 108343296
475 0.82 108621824
476 0.81 108994560
477 0.82 109129728
478 0.82 109481984
479 0.82 109756416
480 0.83 110047232
481 0.83 110460928
482 0.83 110661632
483 0.83 110940160
484 0.85 111304704
485 0.85 111505408
486 0.85 111804416
487 0.86 112136192
488 0.85 112427008
489 0.85 112726016
490 0.85 113012736
491 0.86 113278976
492 0.85 113508352
493 0.86 113831936
494 0.86 114114560
495 0.87 114507776
496 0.87 114749440
497 0.87 115036160
498 0.88 115277824
499 0.87 115617792
500 0.88 115888128
501 0.88 116326400
502 0.88 116547584
503 0.88 116797440
504 0.88 117096448
505 0.9 117448704
506 0.88 117661696
507 0.9 118071296
508 0.89 118210560
509 0.9 118587392
510 0.9 119021568
511 0.9 119545856
512 0.9 120111104
513 0.91 120594432
514 0.92 121442304
515 0.91 121655296
516 0.91 122200064
517 0.93 122830848
518 0.92 123297792
519 0.93 123891712
520 0.93 124420096
521 0.93 124932096
522 0.94 125501440
523 0.93 125972480
524 0.96 126705664
525 0.94 127156224
526 0.94 127643648
527 0.95 128208896
528 0.95 128638976
529 0.95 129249280
530 0.96 129802240
531 0.95 130269184
532 0.97 130826240
533 0.96 131325952
534 0.97 132071424
535 0.97 132399104
536 0.97 133033984
537 0.97 133492736
538 0.98 134053888
539 0.98 134602752
540 1.0 135262208
541 0.98 135634944
542 0.99 136216576
543 0.98 136765440
544 1.0 137285632
545 1.0 137814016
546 1.0 138354688
547 1.01 139051008
548 1.0 139431936
549 1.02 140181504
550 1.01 140521472
551 1.01 141012992
552 1.02 141533184
553 1.01 142118912
554 1.02 142688256
555 1.02 143163392
556 1.03 143757312
557 1.03 144257024
558 1.03 144842752
559 1.05 145346560
560 1.06 145944576
561 1.05 146493440
562 1.05 147083264
563 1.05 147501056
564 1.06 148078592
565 1.05 148525056
566 1.06 149159936
567 1.07 149966848
568 1.08 150159360
569 1.07 150745088
570 1.07 151437312
571 1.07 151777280
572 1.09 152621056
573 1.08 153169920
574 1.07 153395200
575 1.08 154136576
576 1.08 154464256
577 1.11 155193344
578 1.09 155545600
579 1.14 156360704
580 1.15 156844032
581 1.13 157306880
582 1.12 158007296
583 1.11 158339072
584 1.11 158851072
585 1.12 159559680
586 1.11 159858688
587 1.14 160518144
588 1.13 160985088
589 1.13 161509376
590 1.15 162242560
591 1.13 162615296
592 1.13 163127296
593 1.14 163635200
594 1.14 164208640
595 1.14 164737024
596 1.14 165236736
597 1.22 166219776
598 1.16 166436864
599 1.18 167079936
600 1.17 167698432
601 1.16 168103936
602 1.17 168648704
603 1.18 169164800
604 1.19 169689088
605 1.21 170328064
606 1.19 170782720
607 1.19 171257856
608 1.2 171855872
609 1.21 172335104
610 1.2 172863488
611 1.23 173522944
612 1.2 173981696
613 1.2 174600192
614 1.23 175116288
615 1.25 175738880
616 1.22 176119808
617 1.22 176709632
618 1.22 177192960
619 1.26 177856512
620 1.24 178409472
621 1.24 178913280
622 1.23 179396608
623 1.24 179929088
624 1.25 180477952
625 1.24 180985856
626 1.26 181628928
627 1.25 182059008
628 1.25 182599680
629 1.26 183140352
630 1.45 183889920
631 1.28 184205312
632 1.27 184750080
633 1.28 185479168
634 1.27 185802752
635 1.28 186413056
636 1.28 186871808
637 1.28 187502592
638 1.29 188022784
639 1.28 188555264
640 1.29 189091840
641 1.29 189644800
642 1.29 190103552
643 1.31 190672896
644 1.31 191250432
645 1.34 191836160
646 1.38 192520192
647 1.32 192876544
648 1.32 193433600
649 1.32 193957888
650 1.32 194482176
651 1.33 195067904
652 1.33 195571712
653 1.34 196153344
654 1.33 196632576
655 1.34 197169152
656 1.34 197718016
657 1.35 198340608
658 1.35 198770688
659 1.35 199327744
660 1.45 199991296
661 1.39 200454144
662 1.36 200937472
663 1.37 201527296
664 1.37 201945088
665 1.37 202473472
666 1.38 203046912
667 1.39 203563008
668 1.38 204083200
669 1.38 204611584
670 1.44 205443072
671 1.39 205746176
672 1.4 206458880
673 1.42 206835712
674 1.41 207380480
675 1.41 207872000
676 1.41 208474112
677 1.54 209113088
678 1.42 209567744
679 1.42 210149376
680 1.49 210771968
681 1.43 211226624
682 1.5 212021248
683 1.51 212295680
684 1.44 212795392
685 1.43 213331968
686 1.45 214003712
687 1.45 214421504
688 1.45 215011328
689 1.46 215556096
690 1.46 216010752
691 1.49 216813568
692 1.46 217038848
693 1.46 217567232
694 1.46 218107904
695 1.47 218705920
696 1.48 219226112
697 1.47 219779072
698 1.48 220311552
699 1.48 220811264
700 1.51 221663232
701 1.58 222105600
702 1.6 222674944
703 1.61 223170560
704 1.51 223633408
705 1.5 224194560
706 1.51 224702464
707 1.52 225292288
708 1.53 225865728
709 1.54 226750464
710 1.53 226959360
711 1.53 227639296
712 1.54 228012032
713 1.54 228618240
714 1.54 229150720
715 1.54 229675008
716 1.55 230293504
717 1.55 230842368
718 1.56 231440384
719 1.58 231882752
720 1.58 232529920
721 1.57 233041920
722 1.57 233611264
723 1.57 234098688
724 1.58 234655744
725 1.58 235266048
726 1.59 235933696
727 1.59 236351488
728 1.6 236945408
729 1.7 237670400
730 1.59 238018560
731 1.61 238604288
732 1.61 239116288
733 1.62 239661056
734 1.62 240197632
735 1.62 240742400
736 1.63 241352704
737 1.63 241901568
738 1.64 242466816
739 1.64 243175424
740 1.64 243544064
741 1.65 244129792
742 1.65 244617216
743 1.65 245219328
744 1.67 245833728
745 1.66 246382592
746 1.67 246853632
747 1.67 247541760
748 1.68 248012800
749 1.7 248504320
750 1.69 249163776
751 1.72 249933824
752 1.7 250241024
753 1.74 250748928
754 1.88 251412480
755 1.75 251990016
756 1.81 252739584
757 1.74 253181952
758 1.78 253521920
759 1.77 254087168
760 1.79 254701568
761 1.9 255467520
762 1.79 255774720
763 1.81 256221184
764 1.79 256802816
765 1.8 257298432
766 1.81 257818624
767 1.8 258478080
768 1.81 259174400
769 1.81 259559424
770 1.82 260018176
771 1.82 260608000
772 1.95 261480448
773 1.83 261652480
774 1.89 262500352
775 1.99 262873088
776 1.85 263303168
777 1.85 263921664
778 1.85 264421376
779 1.85 264933376
780 1.86 265449472
781 1.88 265994240
782 1.87 266530816
783 1.88 267161600
784 1.87 267583488
785 1.89 268136448
786 1.89 268726272
787 1.89 269303808
788 1.89 269746176
789 1.94 270614528
790 1.9 270893056
791 1.9 271446016
792 1.94 272203776
793 1.91 272539648
794 1.92 273072128
795 1.93 273575936
796 1.93 274190336
797 2.11 274870272
798 1.95 275206144
799 1.94 275787776
800 1.94 276381696