1 0.07 10678272
2 0.07 10665984
3 0.08 10760192
4 0.07 10813440
5 0.07 10797056
6 0.07 10903552
7 0.07 10969088
8 0.08 11014144
9 0.07 11055104
10 0.07 11141120
11 0.08 11190272
12 0.08 11227136
13 0.08 11268096
14 0.07 11333632
15 0.08 11378688
16 0.08 11419648
17 0.08 11485184
18 0.09 11567104
19 0.08 11579392
20 0.09 11673600
21 0.14 11743232
22 0.09 11804672
23 0.08 11804672
24 0.09 11911168
25 0.09 11964416
26 0.09 12017664
27 0.09 12120064
28 0.09 12128256
29 0.09 12169216
30 0.09 12197888
31 0.09 12259328
32 0.09 12374016
33 0.09 12427264
34 0.1 12476416
35 0.09 12533760
36 0.09 12599296
37 0.1 12611584
38 0.16 12742656
39 0.1 12791808
40 0.11 12877824
41 0.13 13025280
42 0.1 13168640
43 0.1 13139968
44 0.11 13246464
45 0.17 13361152
46 0.12 13426688
47 0.11 13492224
48 0.11 13545472
49 0.11 13611008
50 0.11 13684736
51 0.11 13754368
52 0.11 13815808
53 0.11 13844480
54 0.11 13950976
55 0.11 13987840
56 0.12 14098432
57 0.12 14176256
58 0.11 14323712
59 0.12 14454784
60 0.12 14450688
61 0.13 14516224
62 0.12 14598144
63 0.12 14782464
64 0.16 14802944
65 0.12 14893056
66 0.15 15093760
67 0.12 15065088
68 0.15 15208448
69 0.12 15319040
70 0.12 15486976
71 0.12 15601664
72 0.12 15646720
73 0.13 15794176
74 0.13 15855616
75 0.12 15958016
76 0.13 16052224
77 0.13 16195584
78 0.13 16297984
79 0.12 16408576
80 0.14 16506880
81 0.14 16572416
82 0.13 16674816
83 0.13 16846848
84 0.25 16932864
85 0.15 17051648
86 0.13 17141760
87 0.14 17301504
88 0.14 17416192
89 0.15 17641472
90 0.14 17711104
91 0.15 17817600
92 0.14 17915904
93 0.15 17985536
94 0.15 18079744
95 0.15 18173952
96 0.16 18345984
97 0.15 18399232
98 0.15 18538496
99 0.16 18702336
100 0.15 18759680
101 0.15 18903040
102 0.16 18960384
103 0.16 19083264
104 0.16 19210240
105 0.16 19259392
106 0.17 19423232
107 0.16 19496960
108 0.17 19599360
109 0.16 19664896
110 0.17 19800064
111 0.16 19894272
112 0.17 20037632
113 0.17 20144128
114 0.17 20197376
115 0.17 20312064
116 0.17 20402176
117 0.17 20508672
118 0.17 20664320
119 0.18 20750336
120 0.17 20869120
121 0.18 20959232
122 0.18 21069824
123 0.18 21135360
124 0.18 21217280
125 0.18 21323776
126 0.18 21516288
127 0.18 21680128
128 0.18 21852160
129 0.19 22040576
130 0.18 22200320
131 0.19 22372352
132 0.18 22528000
133 0.18 22691840
134 0.19 22851584
135 0.19 23019520
136 0.2 23183360
137 0.19 23310336
138 0.2 23461888
139 0.2 23678976
140 0.19 23785472
141 0.2 24068096
142 0.2 24272896
143 0.21 24547328
144 0.2 24600576
145 0.2 24760320
146 0.2 24920064
147 0.21 25067520
148 0.2 25202688
149 0.21 25407488
150 0.21 25579520
151 0.21 25698304
152 0.22 26001408
153 0.21 26013696
154 0.22 26251264
155 0.22 26427392
156 0.21 26583040
157 0.22 26738688
158 0.21 26849280
159 0.22 27070464
160 0.22 27181056
161 0.22 27398144
162 0.22 27639808
163 0.22 27680768
164 0.23 27893760
165 0.22 28065792
166 0.23 28176384
167 0.23 28348416
168 0.23 28532736
169 0.23 28745728
170 0.23 28856320
171 0.23 29147136
172 0.23 29249536
173 0.23 29388800
174 0.24 29614080
175 0.24 29745152
176 0.24 29982720
177 0.24 30146560
178 0.25 30330880
179 0.24 30507008
180 0.25 30715904
181 0.25 30896128
182 0.25 31158272
183 0.26 31248384
184 0.26 31432704
185 0.26 31674368
186 0.26 31813632
187 0.26 31973376
188 0.27 32362496
189 0.27 32358400
190 0.27 32526336
191 0.27 32657408
192 0.27 32862208
193 0.27 33021952
194 0.27 33251328
195 0.28 33382400
196 0.27 33509376
197 0.27 33714176
198 0.27 33910784
199 0.27 34066432
200 0.28 34189312
201 0.28 34398208
202 0.29 34574336
203 0.28 34729984
204 0.29 34889728
205 0.29 35045376
206 0.29 35250176
207 0.29 35409920
208 0.29 35569664
209 0.29 35692544
210 0.29 35852288
211 0.29 36028416
212 0.3 36237312
213 0.3 36388864
214 0.3 36651008
215 0.3 36728832
216 0.3 36835328
217 0.31 37044224
218 0.31 37208064
219 0.31 37404672
220 0.32 37556224
221 0.31 37724160
222 0.31 37896192
223 0.32 38060032
224 0.31 38178816
225 0.32 38379520
226 0.31 38555648
227 0.31 38674432
228 0.32 38965248
229 0.33 39038976
230 0.32 39235584
231 0.33 39493632
232 0.32 39526400
233 0.33 39718912
234 0.33 39878656
235 0.33 39993344
236 0.33 40235008
237 0.4 40370176
238 0.34 40529920
239 0.34 40697856
240 0.33 40828928
241 0.34 41037824
242 0.34 41201664
243 0.35 41594880
244 0.34 41631744
245 0.34 41799680
246 0.34 41955328
247 0.34 42184704
248 0.35 42450944
249 0.34 42528768
250 0.35 42672128
251 0.35 42803200
252 0.35 42958848
253 0.36 43175936
254 0.36 43511808
255 0.36 43724800
256 0.37 44032000
257 0.36 44281856
258 0.37 44589056
259 0.37 44900352
260 0.37 45187072
261 0.37 45416448
262 0.37 45842432
263 0.37 46108672
264 0.38 46465024
265 0.38 46616576
266 0.38 47026176
267 0.38 47304704
268 0.39 47575040
269 0.38 47812608
270 0.39 48197632
271 0.39 48427008
272 0.42 48861184
273 0.4 49053696
274 0.39 49270784
275 0.4 49664000
276 0.39 49868800
277 0.4 50233344
278 0.4 50458624
279 0.4 50802688
280 0.4 51027968
281 0.4 51314688
282 0.41 51765248
283 0.41 51941376
284 0.41 52195328
285 0.41 52502528
286 0.42 52842496
287 0.41 53129216
288 0.41 53420032
289 0.42 53772288
290 0.41 53997568
291 0.42 54206464
292 0.43 54726656
293 0.45 54898688
294 0.42 55107584
295 0.43 55463936
296 0.43 55689216
297 0.43 56012800
298 0.44 56291328
299 0.44 56627200
300 0.44 56901632
301 0.44 57192448
302 0.44 57503744
303 0.45 57761792
304 0.45 58040320
305 0.44 58286080
306 0.45 58646528
307 0.45 58904576
308 0.46 59240448
309 0.45 59461632
310 0.46 59801600
311 0.46 60088320
312 0.46 60379136
313 0.46 60669952
314 0.46 60940288
315 0.46 61370368
316 0.46 61571072
317 0.47 61898752
318 0.48 62136320
319 0.47 62418944
320 0.48 62685184
321 0.47 63057920
322 0.47 63336448
323 0.47 63586304
324 0.47 63852544
325 0.48 64217088
326 0.48 64499712
327 0.49 64729088
328 0.48 65028096
329 0.49 65404928
330 0.49 65634304
331 0.49 65966080
332 0.49 66211840
333 0.49 66539520
334 0.49 66846720
335 0.49 67104768
336 0.5 67424256
337 0.5 67719168
338 0.5 67997696
339 0.5 68272128
340 0.51 68726784
341 0.51 68853760
342 0.52 69132288
343 0.52 69464064
344 0.51 69726208
345 0.51 70033408
346 0.51 70324224
347 0.51 70643712
348 0.52 70864896
349 0.52 71237632
350 0.53 71581696
351 0.53 71864320
352 0.53 72265728
353 0.54 72409088
354 0.53 72798208
355 0.53 73011200
356 0.54 73383936
357 0.54 73768960
358 0.55 74031104
359 0.55 74338304
360 0.55 74629120
361 0.55 74854400
362 0.55 75149312
363 0.56 75563008
364 0.56 75804672
365 0.57 76156928
366 0.56 76472320
367 0.56 76779520
368 0.57 77070336
369 0.57 77377536
370 0.57 77647872
371 0.58 78032896
372 0.57 78360576
373 0.58 78635008
374 0.58 78942208
375 0.58 79319040
376 0.6 79572992
377 0.6 79876096
378 0.6 80269312
379 0.61 80498688
380 0.6 80789504
381 0.61 81174528
382 0.61 81387520
383 0.62 81661952
384 0.62 81944576
385 0.62 82313216
386 0.62 82649088
387 0.63 82927616
388 0.62 83238912
389 0.63 83513344
390 0.66 84004864
391 0.63 84107264
392 0.63 84336640
393 0.64 84729856
394 0.64 84963328
395 0.65 85426176
396 0.64 85557248
397 0.65 85942272
398 0.65 86163456
399 0.65 86458368
400 0.65 86786048
401 0.65 87101440
402 0.65 87322624
403 0.66 87642112
404 0.66 87904256
405 0.67 88371200
406 0.66 88535040
407 0.67 88850432
408 0.66 89141248
409 0.67 89387008
410 0.68 89899008
411 0.67 90001408
412 0.69 90533888
413 0.69 90750976
414 0.68 90886144
415 0.69 91246592
416 0.68 91439104
417 0.68 91762688
418 0.69 92053504
419 0.69 92332032
420 0.7 92606464
421 0.7 92909568
422 0.71 93241344
423 0.7 93532160
424 0.7 93749248
425 0.7 94097408
426 0.72 94388224
427 0.72 94662656
428 0.72 94957568
429 0.71 95268864
430 0.71 95506432
431 0.71 95830016
432 0.72 96133120
433 0.73 96399360
434 0.72 96755712
435 0.73 97046528
436 0.73 97280000
437 0.73 97595392
438 0.73 97886208
439 0.74 98160640
440 0.73 98426880
441 0.74 98717696
442 0.75 99028992
443 0.75 99274752
444 0.75 99586048
445 0.77 100122624
446 0.75 100163584
447 0.75 100569088
448 0.75 100741120
449 0.76 101019648
450 0.76 101482496
451 0.76 101666816
452 0.77 102035456
453 0.77 102236160
454 0.77 102510592
455 0.76 102735872
456 0.77 103071744
457 0.78 103321600
458 0.79 103661568
459 0.79 104026112
460 0.78 104415232
461 0.78 104517632
462 0.78 104775680
463 0.78 105062400
464 0.79 105381888
465 0.8 105787392
466 0.8 106020864
467 0.79 106299392
468 0.8 106586112
469 0.8 106823680
470 0.81 107323392
471 0.81 107401216
472 0.81 107745280
473 0.82 108015616
474 0.82 108343296
475 0.81 108564480
476 0.82 108851200
477 0.82 109182976
478 0.83 109469696
479 0.82 109764608
480 0.83 110059520
481 0.83 110317568
482 0.83 110616576
483 0.84 110960640
484 0.85 111476736
485 0.83 111513600
486 0.84 111804416
487 0.84 112091136
488 0.85 112427008
489 0.85 112668672
490 0.85 113258496
491 0.85 113287168
492 0.85 113565696
493 0.86 113840128
494 0.86 114122752
495 0.86 114515968
496 0.87 114692096
497 0.86 114987008
498 0.87 115331072
499 0.87 115609600
500 0.87 115888128
501 0.87 116109312
502 0.88 116473856
503 0.88 116789248
504 0.88 117096448
505 0.89 117514240
506 0.9 117850112
507 0.89 117989376
508 0.89 118218752
509 0.89 118599680
510 0.89 118968320
511 0.9 119545856
512 0.91 120098816
513 0.92 120655872
514 0.92 121151488
515 0.92 121708544
516 0.91 122200064
517 0.92 122814464
518 0.92 123297792
519 0.92 123813888
520 0.92 124424192
521 0.93 124878848
522 0.94 125816832
523 0.93 125972480
524 0.94 126853120
525 0.95 127086592
526 0.94 127643648
527 0.95 128188416
528 0.96 128692224
529 0.95 129191936
530 0.96 129904640
531 0.97 130322432
532 0.96 130793472
533 0.97 131383296
534 0.97 131940352
535 0.97 132468736
536 0.97 132993024
537 0.97 133550080
538 1.01 134193152
539 1.01 134594560
540 1.03 135213056
541 1.01 135753728
542 1.0 136220672
543 1.0 136839168
544 1.0 137408512
545 1.0 137867264
546 1.0 138297344
547 1.0 139083776
548 1.01 139616256
549 1.01 140079104
550 1.01 140451840
551 1.01 141049856
552 1.02 141602816
553 1.03 142172160
554 1.02 142635008
555 1.02 143163392
556 1.04 143831040
557 1.04 144285696
558 1.05 145154048
559 1.04 145338368
560 1.04 145903616
561 1.04 146432000
562 1.04 146923520
563 1.07 147640320
564 1.05 148021248
565 1.06 148561920
566 1.06 149131264
567 1.06 149692416
568 1.06 150200320
569 1.07 150745088
570 1.06 151298048
571 1.08 151916544
572 1.07 152317952
573 1.09 153141248
574 1.08 153395200
575 1.1 154021888
576 1.08 154509312
577 1.09 155320320
578 1.09 155545600
579 1.1 156123136
580 1.1 156651520
581 1.09 157138944
582 1.12 157728768
583 1.12 158257152
584 1.11 158851072
585 1.11 159375360
586 1.12 159907840
587 1.12 160452608
588 1.11 160997376
589 1.12 161517568
590 1.12 162050048
591 1.14 162693120
592 1.15 163299328
593 1.13 163635200
594 1.15 164208640
595 1.17 164847616
596 1.14 165289984
597 1.16 165978112
598 1.16 166498304
599 1.21 166965248
600 1.17 167534592
601 1.17 168103936
602 1.18 168652800
603 1.2 169242624
604 1.18 169639936
605 1.18 170192896
606 1.21 170971136
607 1.19 171319296
608 1.19 171884544
609 1.2 172384256
610 1.19 172929024
611 1.2 173461504
612 1.22 174206976
613 1.21 174575616
614 1.21 175116288
615 1.22 175599616
616 1.22 176173056
617 1.22 176709632
618 1.22 177192960
619 1.25 177864704
620 1.23 178327552
621 1.23 178896896
622 1.23 179396608
623 1.24 179929088
624 1.24 180510720
625 1.24 181035008
626 1.29 181628928
627 1.25 182112256
628 1.26 182652928
629 1.26 183193600
630 1.26 183930880
631 1.27 184274944
632 1.27 184864768
633 1.27 185344000
634 1.27 185851904
635 1.28 186404864
636 1.27 186871808
637 1.31 187682816
638 1.29 187965440
639 1.3 188592128
640 1.31 189095936
641 1.3 189927424
642 1.3 190103552
643 1.3 190672896
644 1.35 191299584
645 1.31 191799296
646 1.31 192352256
647 1.36 192970752
648 1.33 193478656
649 1.33 193957888
650 1.33 194478080
651 1.33 195035136
652 1.33 195514368
653 1.34 196096000
654 1.34 196669440
655 1.34 197312512
656 1.35 197709824
657 1.35 198275072
658 1.34 198778880
659 1.35 199348224
660 1.36 199860224
661 1.36 200404992
662 1.37 200929280
663 1.37 201416704
664 1.38 202059776
665 1.37 202534912
666 1.37 203120640
667 1.38 203575296
668 1.4 204193792
669 1.38 204664832
670 1.39 205197312
671 1.39 205737984
672 1.39 206340096
673 1.4 206790656
674 1.4 207388672
675 1.47 208064512
676 1.41 208482304
677 1.42 209223680
678 1.41 209575936
679 1.42 210071552
680 1.41 210685952
681 1.42 211197952
682 1.45 212017152
683 1.43 212246528
684 1.42 212803584
685 1.44 213323776
686 1.45 213864448
687 1.45 214421504
688 1.51 215089152
689 1.46 215429120
690 1.46 216010752
691 1.47 216551424
692 1.47 217104384
693 1.47 217649152
694 1.47 218214400
695 1.56 218808320
696 1.47 219238400
697 1.47 219779072
698 1.47 220319744
699 1.48 220811264
700 1.49 221421568
701 1.48 221904896
702 1.59 222621696
703 1.5 223051776
704 1.5 223694848
705 1.51 224129024
706 1.5 224710656
707 1.51 225292288
708 1.53 225980416
709 1.52 226410496
710 1.52 226906112
711 1.53 227549184
712 1.53 228012032
713 1.53 228548608
714 1.54 229158912
715 1.55 229720064
716 1.55 230313984
717 1.55 230842368
718 1.56 231411712
719 1.57 231936000
720 1.56 232493056
721 1.62 233115648
722 1.57 233598976
723 1.57 234098688
724 1.58 234655744
725 1.58 235175936
726 1.58 235802624
727 1.59 236298240
728 1.64 237154304
729 1.66 237678592
730 1.63 238010368
731 1.64 238690304
732 1.62 239153152
733 1.63 239915008
734 1.62 240369664
735 1.63 240816128
736 1.63 241299456
737 1.64 241901568
738 1.67 242634752
739 1.64 243019776
740 1.64 243535872
741 1.64 244129792
742 1.64 244678656
743 1.65 245239808
744 1.65 245731328
745 1.68 246272000
746 1.79 246931456
747 1.67 247431168
748 1.67 247951360
749 1.68 248610816
750 1.68 249098240
751 1.68 249614336
752 1.81 250273792
753 1.68 250748928
754 1.7 251293696
755 1.82 252026880
756 1.7 252600320
757 1.86 253083648
758 1.91 253624320
759 1.78 254164992
760 1.92 254742528
761 1.78 255197184
762 1.81 255922176
763 1.8 256290816
764 1.8 256794624
765 1.8 257298432
766 1.96 257953792
767 1.8 258482176
768 1.81 258973696
769 1.96 259584000
770 1.82 260067328
771 1.82 260780032
772 1.83 261152768
773 1.82 261701632
774 1.84 262471680
775 1.83 262819840
776 1.85 263356416
777 1.86 263876608
778 1.85 264413184
779 1.85 264880128
780 1.86 265490432
781 1.85 266043392
782 1.95 266649600
783 1.94 267427840
784 1.87 267632640
785 1.88 268177408
786 1.88 268754944
787 1.91 269467648
788 1.94 269950976
789 1.89 270295040
790 1.9 270839808
791 1.9 271454208
792 2.08 272154624
793 1.91 272531456
794 1.92 273162240
795 1.91 273620992
796 2.03 274284544
797 1.92 274710528
798 2.0 275394560
799 1.93 275779584
800 1.99 276647936