1 0.07 10547200
2 0.07 10571776
3 0.07 10629120
4 0.07 10678272
5 0.08 10776576
6 0.07 10821632
7 0.07 10846208
8 0.07 10940416
9 0.08 10997760
10 0.07 11177984
11 0.08 11145216
12 0.08 11157504
13 0.08 11243520
14 0.08 11309056
15 0.08 11374592
16 0.08 11440128
17 0.08 11472896
18 0.08 11563008
19 0.08 11644928
20 0.08 11689984
21 0.09 11759616
22 0.08 11788288
23 0.09 11890688
24 0.09 11976704
25 0.09 12029952
26 0.08 12148736
27 0.09 12169216
28 0.09 12206080
29 0.08 12279808
30 0.09 12345344
31 0.1 12460032
32 0.09 12525568
33 0.09 12648448
34 0.1 12685312
35 0.1 12771328
36 0.09 12767232
37 0.1 12906496
38 0.1 12947456
39 0.1 13025280
40 0.1 13148160
41 0.1 13271040
42 0.11 13352960
43 0.1 13398016
44 0.1 13512704
45 0.1 13684736
46 0.11 13684736
47 0.1 13778944
48 0.11 13807616
49 0.11 13950976
50 0.11 14020608
51 0.11 14118912
52 0.11 14192640
53 0.11 14249984
54 0.12 14372864
55 0.11 14462976
56 0.12 14544896
57 0.12 14639104
58 0.13 14712832
59 0.11 14819328
60 0.12 14864384
61 0.12 15036416
62 0.12 15159296
63 0.13 15273984
64 0.12 15421440
65 0.13 15577088
66 0.12 15699968
67 0.13 15777792
68 0.13 15933440
69 0.12 16064512
70 0.13 16138240
71 0.13 16261120
72 0.13 16375808
73 0.14 16543744
74 0.13 16674816
75 0.14 16752640
76 0.14 16904192
77 0.14 16982016
78 0.14 17149952
79 0.14 17293312
80 0.14 17379328
81 0.14 17551360
82 0.14 17694720
83 0.15 17854464
84 0.15 17985536
85 0.15 18104320
86 0.15 18227200
87 0.15 18358272
88 0.15 18554880
89 0.15 18538496
90 0.16 18706432
91 0.16 18898944
92 0.16 18960384
93 0.15 19046400
94 0.16 19267584
95 0.23 19357696
96 0.16 19513344
97 0.16 19570688
98 0.16 19660800
99 0.18 19992576
100 0.16 19939328
101 0.17 20140032
102 0.16 20267008
103 0.17 20398080
104 0.18 20578304
105 0.18 20635648
106 0.17 20697088
107 0.17 20901888
108 0.17 20959232
109 0.18 21147648
110 0.17 21258240
111 0.18 21327872
112 0.18 21454848
113 0.18 21639168
114 0.19 21757952
115 0.19 21905408
116 0.18 22065152
117 0.19 22122496
118 0.18 22323200
119 0.19 22450176
120 0.19 22568960
121 0.19 22704128
122 0.2 22822912
123 0.2 22962176
124 0.19 23085056
125 0.2 23199744
126 0.19 23396352
127 0.2 23592960
128 0.2 23777280
129 0.2 23969792
130 0.2 24195072
131 0.21 24432640
132 0.2 24629248
133 0.21 24764416
134 0.21 25001984
135 0.21 25227264
136 0.21 25411584
137 0.21 25542656
138 0.22 25751552
139 0.22 25935872
140 0.21 26136576
141 0.22 26333184
142 0.22 26611712
143 0.22 26726400
144 0.23 26980352
145 0.22 27168768
146 0.23 27557888
147 0.23 27566080
148 0.23 27750400
149 0.23 27901952
150 0.23 28090368
151 0.24 28327936
152 0.23 28561408
153 0.24 28749824
154 0.24 28897280
155 0.24 29151232
156 0.24 29339648
157 0.24 29487104
158 0.24 29675520
159 0.24 29917184
160 0.24 30064640
161 0.25 30375936
162 0.25 30449664
163 0.25 30679040
164 0.25 30928896
165 0.25 31199232
166 0.25 31395840
167 0.26 31543296
168 0.26 31768576
169 0.26 31928320
170 0.26 32174080
171 0.27 32366592
172 0.26 32522240
173 0.27 32772096
174 0.27 32960512
175 0.27 33206272
176 0.27 33402880
177 0.28 33542144
178 0.27 33775616
179 0.28 33980416
180 0.28 34185216
181 0.28 34328576
182 0.28 34566144
183 0.28 34766848
184 0.29 34988032
185 0.29 35201024
186 0.28 35344384
187 0.29 35602432
188 0.3 35799040
189 0.29 35942400
190 0.3 36298752
191 0.3 36474880
192 0.3 36597760
193 0.3 36794368
194 0.3 36966400
195 0.3 37191680
196 0.3 37433344
197 0.3 37593088
198 0.3 37793792
199 0.3 38096896
200 0.31 38187008
201 0.32 38526976
202 0.31 38637568
203 0.31 38830080
204 0.32 39022592
205 0.32 39235584
206 0.32 39473152
207 0.32 39628800
208 0.32 39833600
209 0.32 40026112
210 0.32 40280064
211 0.34 40562688
212 0.36 40898560
213 0.33 40914944
214 0.33 41160704
215 0.34 41500672
216 0.34 41734144
217 0.34 41943040
218 0.34 42131456
219 0.34 42348544
220 0.35 42500096
221 0.34 42741760
222 0.35 43032576
223 0.34 43151360
224 0.34 43302912
225 0.35 43507712
226 0.35 43794432
227 0.36 43991040
228 0.36 44158976
229 0.36 44412928
230 0.36 44613632
231 0.37 44826624
232 0.36 45035520
233 0.37 45301760
234 0.37 45436928
235 0.37 45654016
236 0.37 45985792
237 0.37 46133248
238 0.37 46301184
239 0.38 46518272
240 0.38 46723072
241 0.37 46940160
242 0.38 47083520
243 0.38 47296512
244 0.39 47550464
245 0.39 47812608
246 0.39 47976448
247 0.39 48197632
248 0.39 48431104
249 0.39 48594944
250 0.4 48828416
251 0.41 49078272
252 0.4 49266688
253 0.4 49459200
254 0.41 49856512
255 0.4 50143232
256 0.4 50458624
257 0.41 50819072
258 0.4 51105792
259 0.41 51429376
260 0.41 51777536
261 0.42 52101120
262 0.41 52510720
263 0.41 52809728
264 0.42 53198848
265 0.43 53620736
266 0.42 53821440
267 0.43 54198272
268 0.43 54571008
269 0.44 54890496
270 0.43 55218176
271 0.44 55562240
272 0.44 55914496
273 0.44 56180736
274 0.44 56557568
275 0.44 57036800
276 0.44 57270272
277 0.44 57577472
278 0.45 57896960
279 0.45 58277888
280 0.45 58564608
281 0.45 58937344
282 0.46 59367424
283 0.47 59740160
284 0.46 60076032
285 0.46 60321792
286 0.46 60661760
287 0.47 61104128
288 0.46 61362176
289 0.47 61698048
290 0.47 61997056
291 0.47 62443520
292 0.48 62828544
293 0.48 63090688
294 0.48 63397888
295 0.49 63827968
296 0.48 64086016
297 0.48 64397312
298 0.49 64749568
299 0.49 65077248
300 0.49 65478656
301 0.5 65818624
302 0.49 66183168
303 0.5 66531328
304 0.5 66834432
305 0.51 67170304
306 0.51 67600384
307 0.5 67878912
308 0.5 68227072
309 0.51 68587520
310 0.51 68907008
311 0.51 69259264
312 0.51 69648384
313 0.52 69967872
314 0.52 70307840
315 0.52 70635520
316 0.52 70950912
317 0.53 71335936
318 0.53 71725056
319 0.53 72077312
320 0.53 72581120
321 0.53 72720384
322 0.54 73105408
323 0.54 73445376
324 0.54 73814016
325 0.56 74166272
326 0.54 74530816
327 0.55 74969088
328 0.55 75198464
329 0.55 75542528
330 0.55 75849728
331 0.56 76251136
332 0.56 76607488
333 0.56 76926976
334 0.55 77271040
335 0.58 77733888
336 0.58 78143488
337 0.58 78565376
338 0.58 78819328
339 0.6 79208448
340 0.59 79511552
341 0.59 79855616
342 0.59 80179200
343 0.59 80519168
344 0.6 80867328
345 0.6 81252352
346 0.6 81592320
347 0.6 81956864
348 0.6 82264064
349 0.61 82640896
350 0.61 83030016
351 0.61 83369984
352 0.61 83701760
353 0.61 84045824
354 0.62 84406272
355 0.63 84783104
356 0.62 85139456
357 0.62 85450752
358 0.63 85823488
359 0.63 86138880
360 0.63 86523904
361 0.65 87121920
362 0.64 87257088
363 0.64 87638016
364 0.64 87949312
365 0.64 88260608
366 0.64 88600576
367 0.65 89030656
368 0.66 89378816
369 0.65 89681920
370 0.65 90185728
371 0.66 90427392
372 0.66 90734592
373 0.66 91160576
374 0.68 91607040
375 0.67 91848704
376 0.67 92229632
377 0.68 92549120
378 0.68 92987392
379 0.68 93274112
380 0.69 93790208
381 0.68 93995008
382 0.68 94347264
383 0.68 94638080
384 0.69 95043584
385 0.7 95428608
386 0.7 95784960
387 0.69 96145408
388 0.69 96473088
389 0.71 96862208
390 0.7 97189888
391 0.71 97570816
392 0.71 97939456
393 0.72 98291712
394 0.73 98910208
395 0.72 98983936
396 0.71 99287040
397 0.72 99733504
398 0.72 100085760
399 0.72 100487168
400 0.73 100749312
401 0.74 101150720
402 0.74 101519360
403 0.73 101851136
404 0.73 102227968
405 0.73 102547456
406 0.74 102928384
407 0.75 103460864
408 0.74 103591936
409 0.75 104202240
410 0.75 104390656
411 0.75 104751104
412 0.76 105111552
413 0.76 105455616
414 0.76 105816064
415 0.77 106360832
416 0.77 106553344
417 0.77 106913792
418 0.77 107257856
419 0.78 107622400
420 0.78 107929600
421 0.78 108343296
422 0.79 108720128
423 0.78 109072384
424 0.79 109441024
425 0.8 109813760
426 0.79 110100480
427 0.8 110542848
428 0.79 110866432
429 0.8 111255552
430 0.8 111570944
431 0.81 112025600
432 0.8 112279552
433 0.81 112795648
434 0.81 113037312
435 0.82 113438720
436 0.83 113848320
437 0.82 114159616
438 0.82 114524160
439 0.83 114925568
440 0.83 115269632
441 0.83 115638272
442 0.84 116076544
443 0.83 116342784
444 0.84 116670464
445 0.84 117100544
446 0.84 117420032
447 0.85 117825536
448 0.84 118136832
449 0.85 118505472
450 0.86 118923264
451 0.85 119324672
452 0.85 119656448
453 0.86 120020992
454 0.86 120647680
455 0.87 120696832
456 0.87 121110528
457 0.88 121458688
458 0.87 121880576
459 0.87 122228736
460 0.88 122576896
461 0.88 122929152
462 0.88 123338752
463 0.89 123838464
464 0.88 124018688
465 0.89 124428288
466 0.89 124760064
467 0.91 125280256
468 0.9 125722624
469 0.9 126074880
470 0.92 126455808
471 0.92 126808064
472 0.92 127176704
473 0.92 127520768
474 0.92 127938560
475 0.93 128282624
476 0.92 128663552
477 0.94 128950272
478 0.94 129388544
479 0.93 129716224
480 0.93 130166784
481 0.95 130727936
482 0.95 130842624
483 0.96 131534848
484 0.95 131592192
485 0.95 132022272
486 0.96 132370432
487 0.95 132730880
488 0.95 133111808
489 0.95 133439488
490 0.96 133840896
491 0.97 134262784
492 0.98 134602752
493 0.97 135184384
494 0.98 135286784
495 0.98 135913472
496 0.98 136073216
497 0.98 136486912
498 0.99 136847360
499 0.98 137183232
500 1.0 137793536
501 1.0 138080256
502 0.99 138371072
503 1.0 138731520
504 1.0 139091968
505 1.01 139616256
506 1.01 139825152
507 1.01 140206080
508 1.01 140615680
509 1.02 140980224
510 1.02 141602816
511 1.02 142184448
512 1.02 142831616
513 1.03 143409152
514 1.03 144048128
515 1.03 144789504
516 1.03 145346560
517 1.05 145965056
518 1.05 146534400
519 1.05 147251200
520 1.05 147836928
521 1.05 148770816
522 1.05 149106688
523 1.06 149704704
524 1.07 150421504
525 1.07 150978560
526 1.07 151605248
527 1.07 152231936
528 1.08 152989696
529 1.07 153399296
530 1.08 154136576
531 1.1 155021312
532 1.1 155533312
533 1.1 156188672
534 1.1 156532736
535 1.11 157298688
536 1.1 157835264
537 1.11 158420992
538 1.1 159055872
539 1.11 159707136
540 1.12 160538624
541 1.12 160935936
542 1.12 161562624
543 1.13 162242560
544 1.13 162877440
545 1.14 163463168
546 1.15 164102144
547 1.15 164741120
548 1.15 165380096
549 1.15 165916672
550 1.15 166576128
551 1.16 167227392
552 1.15 167813120
553 1.15 168427520
554 1.16 169062400
555 1.16 169676800
556 1.17 170577920
557 1.18 170962944
558 1.18 171724800
559 1.18 172335104
560 1.19 172904448
561 1.19 173543424
562 1.2 174129152
563 1.2 174895104
564 1.19 175435776
565 1.2 176062464
566 1.2 176730112
567 1.2 177332224
568 1.21 177958912
569 1.22 178638848
570 1.21 179208192
571 1.22 179834880
572 1.22 180482048
573 1.24 181100544
574 1.22 181690368
575 1.23 182366208
576 1.24 183001088
577 1.24 183574528
578 1.25 184315904
579 1.25 184885248
580 1.26 185524224
581 1.27 186351616
582 1.26 186781696
583 1.26 187486208
584 1.26 188043264
585 1.27 188628992
586 1.26 189325312
587 1.28 189931520
588 1.29 190631936
589 1.28 191193088
590 1.28 191897600
591 1.28 192528384
592 1.29 193155072
593 1.29 193740800
594 1.29 194355200
595 1.31 195264512
596 1.33 195686400
597 1.31 196308992
598 1.31 196947968
599 1.34 197849088
600 1.32 198164480
601 1.32 198791168
602 1.34 199458816
603 1.34 200327168
604 1.33 200749056
605 1.34 201359360
606 1.35 202125312
607 1.35 202657792
608 1.34 203247616
609 1.34 203890688
610 1.35 204566528
611 1.36 205197312
612 1.36 205840384
613 1.36 206520320
614 1.36 207097856
615 1.38 207826944
616 1.41 208457728
617 1.38 209047552
618 1.39 209686528
619 1.38 210350080
620 1.38 210997248
621 1.4 211628032
622 1.39 212258816
623 1.4 212889600
624 1.4 213520384
625 1.4 214114304
626 1.41 214736896
627 1.42 215691264
628 1.42 216064000
629 1.42 216645632
630 1.43 217407488
631 1.47 218062848
632 1.43 218632192
633 1.43 219267072
634 1.44 219910144
635 1.45 220622848
636 1.46 221265920
637 1.46 221843456
638 1.45 222482432
639 1.46 223113216
640 1.5 223838208
641 1.46 224362496
642 1.47 225009664
643 1.47 225693696
644 1.47 226328576
645 1.52 227033088
646 1.48 227602432
647 1.48 228245504
648 1.48 228851712
649 1.49 229507072
650 1.5 230203392
651 1.51 231153664
652 1.53 231493632
653 1.51 232067072
654 1.52 232722432
655 1.51 233345024
656 1.51 234045440
657 1.52 234631168
658 1.53 235384832
659 1.52 235962368
660 1.53 236601344
661 1.54 237211648
662 1.55 237944832
663 1.55 238673920
664 1.55 239161344
665 1.61 240062464
666 1.55 240484352
667 1.55 241086464
668 1.56 241786880
669 1.57 242454528
670 1.63 243245056
671 1.57 243732480
672 1.58 244363264
673 1.59 245014528
674 1.59 245649408
675 1.58 246276096
676 1.6 246935552
677 1.67 247754752
678 1.64 248287232
679 1.72 249077760
680 1.66 249565184
681 1.65 250286080
682 1.66 250888192
683 1.66 251486208
684 1.73 252293120
685 1.68 252755968
686 1.67 253435904
687 1.68 254210048
688 1.68 254705664
689 1.69 255344640
690 1.7 256086016
691 1.69 256614400
692 1.7 257310720
693 1.7 257933312
694 1.71 258744320
695 1.78 259387392
696 1.72 259915776
697 1.72 260558848
698 1.73 261337088
699 1.73 261894144
700 1.73 262541312
701 1.74 263266304
702 1.73 263794688
703 1.74 264495104
704 1.74 265097216
705 1.75 265912320
706 1.75 266387456
707 1.75 267104256
708 1.87 267907072
709 1.93 268480512
710 1.83 269201408
711 1.78 269766656
712 1.78 270303232
713 1.78 270966784
714 1.78 271638528
715 1.98 272486400
716 1.94 273137664
717 1.81 273690624
718 1.8 274247680
719 1.82 274890752
720 1.81 275603456
721 1.86 276303872
722 1.92 277057536
723 1.82 277684224
724 1.82 278216704
725 1.84 278937600
726 1.83 279490560
727 1.84 280121344
728 1.84 280788992
729 1.84 281513984
730 1.85 282120192
731 1.85 282730496
732 1.87 283471872
733 1.85 284082176
734 1.88 284774400
735 1.88 285405184
736 1.87 286027776
737 1.92 286810112
738 1.89 287461376
739 1.9 288047104
740 1.97 289001472
741 1.9 289312768
742 1.94 290250752
743 1.9 290660352
744 1.91 291282944
745 1.92 291905536
746 1.92 292577280
747 2.0 293310464
748 1.93 294117376
749 1.92 294617088
750 2.0 295489536
751 1.93 295915520
752 1.95 296591360
753 1.95 297238528
754 1.96 297877504
755 1.96 298565632
756 1.99 299454464
757 1.96 299794432
758 1.98 300494848
759 1.98 301154304
760 1.97 301809664
761 1.98 302493696
762 2.15 303349760
763 2.15 303947776
764 2.15 304611328
765 2.0 305119232
766 2.0 305786880
767 2.02 306466816
768 2.0 307122176
769 2.02 307761152
770 2.04 308408320
771 2.04 309014528
772 2.05 309809152
773 2.03 310448128
774 2.04 311058432
775 2.05 311767040
776 2.05 312397824
777 2.06 313282560
778 2.05 313749504
779 2.08 314437632
780 2.07 315019264
781 2.23 315949056
782 2.08 316350464
783 2.08 317030400
784 2.07 317685760
785 2.1 318431232
786 2.1 318992384
787 2.1 319709184
788 2.11 320360448
789 2.11 320999424
790 2.11 321708032
791 2.11 322355200
792 2.13 322998272
793 2.14 323760128
794 2.13 324325376
795 2.36 325353472
796 2.15 325595136
797 2.15 326287360
798 2.36 327090176
799 2.16 327667712
800 2.17 328368128