1 0.07 10575872
2 0.07 10670080
3 0.08 10842112
4 0.08 10772480
5 0.07 10784768
6 0.09 10891264
7 0.1 10936320
8 0.09 10989568
9 0.08 10956800
10 0.07 11001856
11 0.08 11038720
12 0.09 11120640
13 0.07 11116544
14 0.09 11206656
15 0.08 11403264
16 0.09 11304960
17 0.09 11374592
18 0.08 11399168
19 0.09 11431936
20 0.09 11472896
21 0.09 11538432
22 0.09 11591680
23 0.1 11767808
24 0.09 11595776
25 0.09 11796480
26 0.09 11718656
27 0.1 11784192
28 0.09 11767808
29 0.09 11816960
30 0.1 11964416
31 0.1 11968512
32 0.09 11919360
33 0.1 12115968
34 0.1 12185600
35 0.11 12197888
36 0.1 12189696
37 0.1 12214272
38 0.1 12201984
39 0.1 12308480
40 0.1 12308480
41 0.1 12533760
42 0.11 12484608
43 0.1 12574720
44 0.1 12509184
45 0.12 12648448
46 0.11 12595200
47 0.11 12627968
48 0.11 12701696
49 0.11 12763136
50 0.12 12861440
51 0.11 12812288
52 0.11 12845056
53 0.11 12902400
54 0.12 12972032
55 0.11 12935168
56 0.12 12992512
57 0.12 13041664
58 0.12 13094912
59 0.11 13156352
60 0.11 13197312
61 0.12 13234176
62 0.11 13365248
63 0.12 13361152
64 0.12 13471744
65 0.15 13524992
66 0.12 13488128
67 0.12 13524992
68 0.12 13602816
69 0.12 13623296
70 0.13 13709312
71 0.12 13684736
72 0.13 13893632
73 0.13 13946880
74 0.13 13955072
75 0.13 13852672
76 0.14 13905920
77 0.13 13938688
78 0.12 14020608
79 0.13 14098432
80 0.12 14131200
81 0.14 14303232
82 0.13 14217216
83 0.14 14360576
84 0.14 14479360
85 0.13 14405632
86 0.15 14553088
87 0.16 14577664
88 0.16 14528512
89 0.13 14577664
90 0.16 14553088
91 0.14 14663680
92 0.15 14667776
93 0.15 14815232
94 0.14 14757888
95 0.15 14921728
96 0.14 14860288
97 0.14 14864384
98 0.14 14905344
99 0.16 15106048
100 0.15 15130624
101 0.18 15122432
102 0.16 15269888
103 0.17 15323136
104 0.16 15241216
105 0.15 15220736
106 0.15 15265792
107 0.15 15368192
108 0.16 15454208
109 0.15 15319040
110 0.16 15585280
111 0.16 15577088
112 0.17 15605760
113 0.16 15564800
114 0.17 15720448
115 0.16 15818752
116 0.17 15806464
117 0.17 15777792
118 0.19 15958016
119 0.17 15962112
120 0.16 15892480
121 0.18 16068608
122 0.18 16105472
123 0.18 16228352
124 0.16 16121856
125 0.16 16097280
126 0.17 16240640
127 0.16 16211968
128 0.17 16232448
129 0.17 16474112
130 0.16 16371712
131 0.18 16408576
132 0.18 16547840
133 0.2 16617472
134 0.18 16572416
135 0.19 16674816
136 0.18 16781312
137 0.18 16637952
138 0.21 16871424
139 0.17 16756736
140 0.19 16830464
141 0.25 16855040
142 0.19 16949248
143 0.19 16949248
144 0.19 17088512
145 0.2 17076224
146 0.18 17051648
147 0.2 17199104
148 0.19 17174528
149 0.19 17178624
150 0.18 17170432
151 0.19 17207296
152 0.2 17264640
153 0.18 17305600
154 0.18 17383424
155 0.19 17440768
156 0.2 17534976
157 0.18 17588224
158 0.18 17563648
159 0.19 17539072
160 0.19 17641472
161 0.19 17653760
162 0.19 17690624
163 0.19 17690624
164 0.22 17948672
165 0.19 17833984
166 0.19 17932288
167 0.2 17965056
168 0.2 18014208
169 0.2 18108416
170 0.19 18300928
171 0.2 18173952
172 0.21 18223104
173 0.21 18255872
174 0.22 18333696
175 0.21 18440192
176 0.22 18526208
177 0.21 18583552
178 0.23 18583552
179 0.21 18685952
180 0.2 18542592
181 0.22 18657280
182 0.23 18677760
183 0.22 18780160
184 0.22 18776064
185 0.22 18980864
186 0.22 18817024
187 0.23 18972672
188 0.21 19025920
189 0.23 19083264
190 0.23 19165184
191 0.22 19030016
192 0.22 19197952
193 0.23 19271680
194 0.22 19259392
195 0.22 19218432
196 0.22 19230720
197 0.22 19337216
198 0.22 19464192
199 0.22 19382272
200 0.22 19410944
201 0.22 19476480
202 0.23 19591168
203 0.23 19607552
204 0.24 19578880
205 0.23 19628032
206 0.24 19787776
207 0.23 19709952
208 0.23 19857408
209 0.23 19849216
210 0.23 20021248
211 0.24 20013056
212 0.23 20103168
213 0.24 20025344
214 0.24 20168704
215 0.24 20090880
216 0.23 20180992
217 0.24 20291584
218 0.23 20221952
219 0.24 20336640
220 0.23 20312064
221 0.24 20434944
222 0.25 20451328
223 0.24 20459520
224 0.24 20520960
225 0.24 20594688
226 0.24 20594688
227 0.26 20819968
228 0.25 20750336
229 0.25 20709376
230 0.27 20860928
231 0.26 20963328
232 0.25 20836352
233 0.28 21032960
234 0.25 21008384
235 0.25 20955136
236 0.25 21000192
237 0.24 20992000
238 0.25 21110784
239 0.24 21147648
240 0.25 21192704
241 0.3 21336064
242 0.27 21356544
243 0.27 21417984
244 0.26 21463040
245 0.28 21483520
246 0.29 21536768
247 0.27 21544960
248 0.25 21549056
249 0.25 21524480
250 0.27 21618688
251 0.25 21757952
252 0.27 21745664
253 0.26 21749760
254 0.26 21807104
255 0.26 21831680
256 0.27 21913600
257 0.28 21987328
258 0.28 22114304
259 0.27 22056960
260 0.26 22110208
261 0.29 22257664
262 0.27 22134784
263 0.27 22233088
264 0.28 22261760
265 0.28 22327296
266 0.3 22495232
267 0.28 22462464
268 0.29 22523904
269 0.31 22528000
270 0.3 22577152
271 0.31 22659072
272 0.29 22667264
273 0.3 22786048
274 0.28 22695936
275 0.28 22720512
276 0.3 22921216
277 0.29 22810624
278 0.29 22941696
279 0.29 23064576
280 0.3 23101440
281 0.28 22978560
282 0.28 23101440
283 0.28 22999040
284 0.28 23134208
285 0.28 23134208
286 0.3 23334912
287 0.28 23203840
288 0.29 23367680
289 0.29 23318528
290 0.3 23367680
291 0.29 23437312
292 0.3 23441408
293 0.3 23601152
294 0.3 23650304
295 0.3 23748608
296 0.33 23732224
297 0.32 23744512
298 0.31 23707648
299 0.31 23769088
300 0.3 23769088
301 0.3 24039424
302 0.29 23855104
303 0.3 23883776
304 0.33 23973888
305 0.3 24031232
306 0.3 24023040
307 0.3 24260608
308 0.32 24256512
309 0.32 24346624
310 0.31 24309760
311 0.31 24240128
312 0.32 24481792
313 0.29 24358912
314 0.33 24489984
315 0.32 24559616
316 0.31 24444928
317 0.33 24649728
318 0.33 24551424
319 0.31 24784896
320 0.32 24649728
321 0.31 24690688
322 0.31 24743936
323 0.33 25001984
324 0.31 24854528
325 0.32 24903680
326 0.36 25174016
327 0.34 25186304
328 0.32 25047040
329 0.41 25247744
330 0.34 25337856
331 0.33 25341952
332 0.33 25227264
333 0.35 25415680
334 0.32 25432064
335 0.33 25612288
336 0.32 25739264
337 0.32 25669632
338 0.34 25690112
339 0.34 25870336
340 0.33 25853952
341 0.34 25792512
342 0.35 25853952
343 0.34 25841664
344 0.34 25886720
345 0.34 26017792
346 0.34 26173440
347 0.33 25989120
348 0.33 26066944
349 0.34 26083328
350 0.33 26132480
351 0.35 26337280
352 0.35 26357760
353 0.34 26255360
354 0.34 26312704
355 0.34 26337280
356 0.34 26525696
357 0.35 26443776
358 0.38 26669056
359 0.36 26566656
360 0.34 26529792
361 0.34 26603520
362 0.35 26656768
363 0.35 26804224
364 0.35 26808320
365 0.35 26857472
366 0.35 26886144
367 0.35 26841088
368 0.34 26832896
369 0.34 27066368
370 0.35 26968064
371 0.35 27041792
372 0.35 27078656
373 0.35 27107328
374 0.35 27156480
375 0.35 27197440
376 0.36 27365376
377 0.36 27463680
378 0.35 27394048
379 0.34 27328512
380 0.35 27430912
381 0.36 27607040
382 0.37 27688960
383 0.36 27721728
384 0.36 27701248
385 0.36 27701248
386 0.36 27832320
387 0.35 27836416
388 0.36 27795456
389 0.36 27955200
390 0.37 27918336
391 0.37 28102656
392 0.39 28143616
393 0.39 28123136
394 0.48 28192768
395 0.4 28229632
396 0.4 28188672
397 0.39 28258304
398 0.39 28422144
399 0.37 28241920
400 0.37 28221440
401 0.38 28315648
402 0.38 28426240
403 0.38 28553216
404 0.4 28471296
405 0.39 28626944
406 0.37 28590080
407 0.39 28557312
408 0.43 28835840
409 0.41 28729344
410 0.43 28901376
411 0.38 28737536
412 0.38 28790784
413 0.41 28905472
414 0.41 29007872
415 0.38 28925952
416 0.39 29151232
417 0.39 29171712
418 0.4 29102080
419 0.39 29290496
420 0.4 29110272
421 0.4 29278208
422 0.39 29376512
423 0.41 29356032
424 0.41 29466624
425 0.43 29523968
426 0.41 29532160
427 0.4 29483008
428 0.41 29470720
429 0.41 29757440
430 0.43 29724672
431 0.43 29712384
432 0.42 29769728
433 0.42 29839360
434 0.43 29855744
435 0.49 29921280
436 0.41 29851648
437 0.41 30031872
438 0.41 30085120
439 0.45 30150656
440 0.4 30220288
441 0.42 30212096
442 0.42 30294016
443 0.43 30310400
444 0.43 30351360
445 0.43 30318592
446 0.44 30502912
447 0.43 30408704
448 0.42 30486528
449 0.44 30498816
450 0.45 30564352
451 0.41 30613504
452 0.42 30760960
453 0.41 30584832
454 0.41 30601216
455 0.43 30785536
456 0.47 30867456
457 0.45 30879744
458 0.45 30961664
459 0.44 30949376
460 0.44 31055872
461 0.41 30920704
462 0.43 31055872
463 0.42 31178752
464 0.43 31162368
465 0.45 31371264
466 0.45 31457280
467 0.47 31416320
468 0.43 31330304
469 0.44 31490048
470 0.46 31522816
471 0.45 31666176
472 0.51 31617024
473 0.47 31686656
474 0.46 31748096
475 0.46 31678464
476 0.45 31825920
477 0.45 31735808
478 0.5 31866880
479 0.43 31813632
480 0.44 31952896
481 0.46 32088064
482 0.44 32096256
483 0.45 32198656
484 0.43 32149504
485 0.45 32268288
486 0.44 32145408
487 0.51 32382976
488 0.55 32415744
489 0.43 32264192
490 0.46 32403456
491 0.49 32485376
492 0.47 32448512
493 0.49 32612352
494 0.51 32665600
495 0.52 32661504
496 0.47 32739328
497 0.55 32698368
498 0.49 32796672
499 0.48 32849920
500 0.47 32849920
501 0.48 32935936
502 0.49 32858112
503 0.49 33079296
504 0.44 32927744
505 0.46 32931840
506 0.45 32985088
507 0.45 33193984
508 0.45 33058816
509 0.45 33124352
510 0.46 33169408
511 0.45 33312768
512 0.45 33267712
513 0.46 33415168
514 0.46 33488896
515 0.46 33562624
516 0.46 33419264
517 0.48 33648640
518 0.49 33652736
519 0.48 33714176
520 0.48 33652736
521 0.47 33685504
522 0.48 33861632
523 0.48 33959936
524 0.5 33865728
525 0.48 33935360
526 0.48 34021376
527 0.47 33886208
528 0.49 34168832
529 0.5 34013184
530 0.47 34111488
531 0.49 34189312
532 0.49 34234368
533 0.49 34312192
534 0.53 34365440
535 0.51 34373632
536 0.49 34414592
537 0.54 34508800
538 0.57 34541568
539 0.48 34467840
540 0.49 34582528
541 0.49 34533376
542 0.49 34545664
543 0.5 34770944
544 0.5 34627584
545 0.54 34779136
546 0.52 34742272
547 0.55 34922496
548 0.49 34967552
549 0.48 34861056
550 0.49 34897920
551 0.49 34918400
552 0.48 35028992
553 0.5 35094528
554 0.49 35049472
555 0.49 35139584
556 0.5 35151872
557 0.49 35414016
558 0.5 35282944
559 0.49 35426304
560 0.48 35483648
561 0.5 35504128
562 0.64 35508224
563 0.52 35508224
564 0.51 35586048
565 0.55 35639296
566 0.5 35573760
567 0.5 35618816
568 0.49 35667968
569 0.51 35786752
570 0.51 35880960
571 0.5 35799040
572 0.5 35827712
573 0.5 35901440
574 0.5 35962880
575 0.51 36036608
576 0.51 36061184
577 0.52 36175872
578 0.51 36233216
579 0.54 36294656
580 0.54 36257792
581 0.52 36401152
582 0.52 36356096
583 0.51 36294656
584 0.58 36478976
585 0.53 36438016
586 0.58 36618240
587 0.6 36515840
588 0.56 36683776
589 0.53 36749312
590 0.52 36712448
591 0.52 36683776
592 0.52 36704256
593 0.52 36773888
594 0.52 36782080
595 0.52 36904960
596 0.54 36978688
597 0.52 36921344
598 0.55 36966400
599 0.53 36995072
600 0.53 37134336
601 0.56 37212160
602 0.55 37339136
603 0.57 37281792
604 0.57 37392384
605 0.63 37351424
606 0.56 37351424
607 0.56 37511168
608 0.55 37539840
609 0.57 37560320
610 0.55 37613568
611 0.54 37728256
612 0.53 37580800
613 0.53 37617664
614 0.53 37683200
615 0.59 37883904
616 0.55 37924864
617 0.54 37765120
618 0.54 37900288
619 0.53 38027264
620 0.55 37961728
621 0.55 38031360
622 0.58 38166528
623 0.54 38076416
624 0.54 38080512
625 0.63 38170624
626 0.6 38313984
627 0.62 38256640
628 0.56 38371328
629 0.6 38367232
630 0.55 38354944
631 0.57 38510592
632 0.55 38457344
633 0.6 38694912
634 0.59 38662144
635 0.58 38686720
636 0.55 38629376
637 0.56 38694912
638 0.64 38891520
639 0.62 38891520
640 0.55 38854656
641 0.57 38969344
642 0.6 39043072
643 0.58 39075840
644 0.56 38981632
645 0.58 39063552
646 0.56 39141376
647 0.56 39071744
648 0.56 39215104
649 0.56 39194624
650 0.55 39256064
651 0.56 39329792
652 0.55 39378944
653 0.56 39464960
654 0.59 39604224
655 0.56 39542784
656 0.56 39567360
657 0.57 39596032
658 0.56 39591936
659 0.59 39804928
660 0.58 39837696
661 0.56 39727104
662 0.58 39968768
663 0.57 39907328
664 0.58 39800832
665 0.57 39931904
666 0.57 40009728
667 0.58 40042496
668 0.57 39919616
669 0.57 40067072
670 0.58 40202240
671 0.58 40284160
672 0.6 40300544
673 0.58 40390656
674 0.58 40341504
675 0.61 40431616
676 0.58 40411136
677 0.59 40558592
678 0.6 40554496
679 0.59 40665088
680 0.59 40501248
681 0.59 40660992
682 0.59 40677376
683 0.6 40677376
684 0.63 40783872
685 0.62 40783872
686 0.62 40960000
687 0.6 40796160
688 0.6 41005056
689 0.62 40984576
690 0.67 41054208
691 0.63 41025536
692 0.7 41234432
693 0.62 41238528
694 0.64 41226240
695 0.66 41267200
696 0.6 41349120
697 0.64 41398272
698 0.64 41492480
699 0.6 41324544
700 0.65 41398272
701 0.71 41553920
702 0.64 41648128
703 0.64 41799680
704 0.65 41607168
705 0.63 41680896
706 0.66 41730048
707 0.63 41807872
708 0.65 41930752
709 0.63 41840640
710 0.68 41967616
711 0.65 42045440
712 0.65 41996288
713 0.63 41914368
714 0.65 42098688
715 0.68 42147840
716 0.68 42233856
717 0.63 42217472
718 0.67 42348544
719 0.63 42319872
720 0.68 42369024
721 0.69 42446848
722 0.64 42389504
723 0.65 42504192
724 0.65 42405888
725 0.64 42586112
726 0.66 42598400
727 0.63 42586112
728 0.67 42774528
729 0.64 42704896
730 0.63 42639360
731 0.68 42881024
732 0.63 42786816
733 0.63 42921984
734 0.7 42979328
735 0.65 42889216
736 0.65 43053056
737 0.64 43016192
738 0.64 42967040
739 0.69 43167744
740 0.65 43331584
741 0.65 43433984
742 0.69 43417600
743 0.68 43593728
744 0.72 43491328
745 0.68 43642880
746 0.69 43692032
747 0.66 43655168
748 0.67 43827200
749 0.65 43761664
750 0.66 43761664
751 0.67 43802624
752 0.65 43794432
753 0.65 43855872
754 0.67 43855872
755 0.66 43917312
756 0.66 44060672
757 0.65 44003328
758 0.66 44068864
759 0.74 44175360
760 0.68 44163072
761 0.66 44265472
762 0.69 44408832
763 0.68 44396544
764 0.7 44326912
765 0.68 44376064
766 0.66 44392448
767 0.67 44449792
768 0.67 44589056
769 0.67 44539904
770 0.69 44691456
771 0.67 44589056
772 0.67 44744704
773 0.66 44752896
774 0.65 44630016
775 0.66 44843008
776 0.66 44847104
777 0.65 44830720
778 0.68 45002752
779 0.67 45051904
780 0.67 44994560
781 0.69 45096960
782 0.68 45027328
783 0.69 45195264
784 0.67 45232128
785 0.68 45314048
786 0.69 45318144
787 0.68 45326336
788 0.67 45387776
789 0.7 45506560
790 0.68 45510656
791 0.69 45498368
792 0.67 45445120
793 0.69 45633536
794 0.68 45576192
795 0.71 45793280
796 0.74 45719552
797 0.74 45842432
798 0.75 45854720
799 0.73 45985792
800 0.71 45920256