1 0.02 7417856
2 0.02 7438336
3 0.02 7438336
4 0.02 7487488
5 0.02 7491584
6 0.02 7495680
7 0.01 7532544
8 0.02 7532544
9 0.02 7577600
10 0.02 7532544
11 0.02 7581696
12 0.02 7606272
13 0.02 7626752
14 0.02 7610368
15 0.02 7667712
16 0.03 7606272
17 0.03 7671808
18 0.03 7700480
19 0.02 7704576
20 0.02 7700480
21 0.02 7716864
22 0.03 7700480
23 0.02 7790592
24 0.03 7778304
25 0.03 7802880
26 0.02 7802880
27 0.02 7819264
28 0.02 7835648
29 0.02 7868416
30 0.03 7880704
31 0.03 7888896
32 0.03 7913472
33 0.02 7929856
34 0.02 7979008
35 0.03 7950336
36 0.02 8024064
37 0.03 8036352
38 0.03 8028160
39 0.03 8052736
40 0.03 8101888
41 0.03 8081408
42 0.03 8085504
43 0.02 8089600
44 0.03 8142848
45 0.03 8142848
46 0.03 8187904
47 0.02 8204288
48 0.03 8228864
49 0.03 8224768
50 0.03 8261632
51 0.03 8290304
52 0.03 8273920
53 0.03 8314880
54 0.02 8282112
55 0.03 8310784
56 0.04 8351744
57 0.03 8318976
58 0.04 8384512
59 0.02 8314880
60 0.03 8368128
61 0.04 8437760
62 0.03 8417280
63 0.03 8499200
64 0.03 8437760
65 0.03 8495104
66 0.03 8540160
67 0.03 8560640
68 0.04 8548352
69 0.03 8593408
70 0.04 8589312
71 0.03 8564736
72 0.04 8638464
73 0.04 8671232
74 0.03 8634368
75 0.04 8704000
76 0.03 8658944
77 0.04 8724480
78 0.03 8749056
79 0.04 8781824
80 0.03 8744960
81 0.04 8785920
82 0.04 8790016
83 0.04 8826880
84 0.04 8847360
85 0.04 8876032
86 0.04 8900608
87 0.04 8912896
88 0.03 8884224
89 0.04 8941568
90 0.03 8966144
91 0.04 8986624
92 0.04 8998912
93 0.04 9031680
94 0.03 9023488
95 0.04 8966144
96 0.04 9109504
97 0.04 9076736
98 0.04 9060352
99 0.04 9129984
100 0.04 9097216
101 0.04 9170944
102 0.04 9117696
103 0.04 9207808
104 0.05 9203712
105 0.04 9236480
106 0.05 9207808
107 0.04 9261056
108 0.04 9297920
109 0.04 9269248
110 0.04 9314304
111 0.04 9342976
112 0.04 9310208
113 0.04 9371648
114 0.04 9355264
115 0.05 9347072
116 0.05 9424896
117 0.05 9437184
118 0.05 9441280
119 0.04 9482240
120 0.05 9486336
121 0.04 9523200
122 0.05 9523200
123 0.05 9498624
124 0.05 9572352
125 0.05 9555968
126 0.05 9584640
127 0.04 9629696
128 0.05 9613312
129 0.04 9650176
130 0.05 9625600
131 0.05 9728000
132 0.05 9728000
133 0.05 9781248
134 0.04 9781248
135 0.07 9797632
136 0.05 9834496
137 0.08 9842688
138 0.05 9863168
139 0.05 9883648
140 0.05 9904128
141 0.05 9879552
142 0.05 9957376
143 0.05 9928704
144 0.05 9957376
145 0.05 10035200
146 0.05 10002432
147 0.05 10080256
148 0.05 10080256
149 0.05 10096640
150 0.05 10153984
151 0.05 10100736
152 0.06 10145792
153 0.05 10207232
154 0.05 10203136
155 0.05 10244096
156 0.05 10289152
157 0.05 10362880
158 0.06 10371072
159 0.06 10379264
160 0.05 10407936
161 0.05 10436608
162 0.05 10452992
163 0.06 10473472
164 0.06 10485760
165 0.05 10493952
166 0.06 10452992
167 0.06 10534912
168 0.05 10604544
169 0.06 10604544
170 0.06 10645504
171 0.05 10608640
172 0.06 10645504
173 0.06 10649600
174 0.06 10743808
175 0.07 10756096
176 0.06 10727424
177 0.06 10768384
178 0.06 10706944
179 0.07 10809344
180 0.07 10870784
181 0.06 10817536
182 0.07 10870784
183 0.05 10907648
184 0.06 10899456
185 0.07 10915840
186 0.07 11018240
187 0.06 10944512
188 0.07 10948608
189 0.06 11014144
190 0.06 11018240
191 0.06 11022336
192 0.06 11042816
193 0.07 11149312
194 0.06 11141120
195 0.06 11112448
196 0.06 11116544
197 0.06 11202560
198 0.06 11173888
199 0.07 11280384
200 0.07 11243520
201 0.07 11239424
202 0.06 11321344
203 0.07 11243520
204 0.07 11395072
205 0.07 11395072
206 0.07 11415552
207 0.09 11407360
208 0.09 11468800
209 0.07 11481088
210 0.07 11427840
211 0.06 11440128
212 0.07 11489280
213 0.06 11505664
214 0.07 11563008
215 0.07 11513856
216 0.07 11603968
217 0.06 11608064
218 0.07 11673600
219 0.07 11612160
220 0.07 11694080
221 0.07 11669504
222 0.06 11755520
223 0.07 11771904
224 0.08 11796480
225 0.07 11792384
226 0.08 11833344
227 0.07 11845632
228 0.07 11890688
229 0.08 11894784
230 0.07 11849728
231 0.07 11911168
232 0.07 11923456
233 0.07 11972608
234 0.08 11968512
235 0.07 12025856
236 0.07 12046336
237 0.08 12099584
238 0.07 12083200
239 0.08 12083200
240 0.07 12091392
241 0.08 12148736
242 0.08 12144640
243 0.08 12148736
244 0.07 12181504
245 0.07 12238848
246 0.07 12267520
247 0.07 12255232
248 0.08 12288000
249 0.08 12341248
250 0.08 12357632
251 0.08 12349440
252 0.08 12406784
253 0.08 12357632
254 0.08 12521472
255 0.08 12533760
256 0.08 12513280
257 0.08 12599296
258 0.08 12623872
259 0.09 12644352
260 0.08 12709888
261 0.08 12750848
262 0.08 12722176
263 0.08 12738560
264 0.08 12820480
265 0.09 12812288
266 0.09 12869632
267 0.09 12791808
268 0.08 12935168
269 0.08 12910592
270 0.08 12955648
271 0.08 12996608
272 0.08 13037568
273 0.08 13021184
274 0.08 13074432
275 0.08 13074432
276 0.09 13033472
277 0.09 13148160
278 0.08 13193216
279 0.09 13279232
280 0.09 13258752
281 0.09 13242368
282 0.09 13373440
283 0.09 13352960
284 0.08 13352960
285 0.09 13426688
286 0.09 13430784
287 0.09 13479936
288 0.09 13459456
289 0.09 13553664
290 0.08 13549568
291 0.09 13545472
292 0.09 13615104
293 0.09 13631488
294 0.1 13676544
295 0.09 13680640
296 0.08 13746176
297 0.1 13819904
298 0.09 13819904
299 0.09 13848576
300 0.09 13864960
301 0.1 13918208
302 0.1 14008320
303 0.09 13885440
304 0.09 13971456
305 0.1 13991936
306 0.1 14024704
307 0.1 13991936
308 0.1 14102528
309 0.1 14110720
310 0.09 14135296
311 0.1 14209024
312 0.09 14221312
313 0.1 14139392
314 0.09 14249984
315 0.1 14311424
316 0.1 14221312
317 0.09 14286848
318 0.1 14368768
319 0.1 14417920
320 0.1 14401536
321 0.09 14467072
322 0.1 14442496
323 0.1 14503936
324 0.1 14508032
325 0.1 14565376
326 0.1 14630912
327 0.1 14639104
328 0.1 14598144
329 0.1 14688256
330 0.1 14667776
331 0.11 14843904
332 0.1 14868480
333 0.1 14761984
334 0.1 14925824
335 0.1 14884864
336 0.1 14979072
337 0.1 14987264
338 0.1 14934016
339 0.1 15028224
340 0.1 15056896
341 0.09 14974976
342 0.1 15151104
343 0.1 15183872
344 0.11 15216640
345 0.1 15204352
346 0.1 15212544
347 0.12 15237120
348 0.15 15196160
349 0.1 15241216
350 0.11 15343616
351 0.11 15380480
352 0.1 15314944
353 0.11 15355904
354 0.1 15441920
355 0.11 15466496
356 0.11 15405056
357 0.12 15544320
358 0.14 15536128
359 0.12 15507456
360 0.12 15663104
361 0.1 15597568
362 0.11 15650816
363 0.12 15753216
364 0.11 15761408
365 0.12 15753216
366 0.12 15732736
367 0.11 15872000
368 0.11 15761408
369 0.11 15867904
370 0.11 15921152
371 0.12 15966208
372 0.11 15974400
373 0.12 16015360
374 0.12 16064512
375 0.12 16080896
376 0.11 16023552
377 0.12 16130048
378 0.11 16171008
379 0.12 16179200
380 0.11 16236544
381 0.12 16277504
382 0.12 16252928
383 0.11 16297984
384 0.12 16359424
385 0.11 16244736
386 0.12 16375808
387 0.12 16310272
388 0.14 16482304
389 0.12 16482304
390 0.12 16465920
391 0.12 16502784
392 0.13 16609280
393 0.12 16523264
394 0.12 16601088
395 0.12 16605184
396 0.12 16678912
397 0.12 16572416
398 0.12 16707584
399 0.12 16752640
400 0.12 16777216
401 0.12 16805888
402 0.13 16855040
403 0.12 16793600
404 0.13 16941056
405 0.12 16961536
406 0.13 16990208
407 0.13 17014784
408 0.13 16982016
409 0.12 17051648
410 0.13 17088512
411 0.13 17158144
412 0.12 17129472
413 0.12 17203200
414 0.13 17223680
415 0.13 17227776
416 0.13 17252352
417 0.12 17326080
418 0.12 17219584
419 0.13 17313792
420 0.13 17444864
421 0.14 17448960
422 0.21 17473536
423 0.13 17412096
424 0.13 17457152
425 0.13 17518592
426 0.13 17530880
427 0.13 17571840
428 0.13 17608704
429 0.14 17641472
430 0.14 17698816
431 0.14 17702912
432 0.14 17768448
433 0.14 17780736
434 0.13 17780736
435 0.14 17805312
436 0.12 17833984
437 0.14 17854464
438 0.14 17895424
439 0.13 17903616
440 0.14 17944576
441 0.13 17952768
442 0.15 17993728
443 0.14 18022400
444 0.14 18067456
445 0.14 18100224
446 0.14 18182144
447 0.13 18100224
448 0.13 18063360
449 0.13 18194432
450 0.14 18288640
451 0.14 18300928
452 0.14 18350080
453 0.14 18366464
454 0.14 18386944
455 0.15 18292736
456 0.15 18448384
457 0.14 18415616
458 0.14 18509824
459 0.15 18546688
460 0.14 18509824
461 0.14 18518016
462 0.14 18538496
463 0.14 18579456
464 0.15 18722816
465 0.15 18632704
466 0.14 18694144
467 0.14 18755584
468 0.15 18776064
469 0.14 18735104
470 0.14 18874368
471 0.15 18911232
472 0.14 18812928
473 0.15 18919424
474 0.14 18923520
475 0.15 18939904
476 0.15 19042304
477 0.14 19038208
478 0.14 19070976
479 0.15 19038208
480 0.15 19144704
481 0.15 19189760
482 0.15 19296256
483 0.15 19292160
484 0.16 19304448
485 0.15 19296256
486 0.15 19357696
487 0.15 19369984
488 0.15 19451904
489 0.16 19476480
490 0.16 19484672
491 0.16 19496960
492 0.16 19537920
493 0.16 19554304
494 0.15 19632128
495 0.17 19636224
496 0.15 19673088
497 0.15 19636224
498 0.16 19726336
499 0.15 19652608
500 0.16 19726336
501 0.15 19783680
502 0.16 19845120
503 0.16 19828736
504 0.16 19881984
505 0.15 19914752
506 0.16 19996672
507 0.16 19972096
508 0.16 20000768
509 0.17 19939328
510 0.16 20119552
511 0.17 20131840
512 0.17 20148224
513 0.16 20213760
514 0.16 20099072
515 0.18 20168704
516 0.19 20422656
517 0.16 20406272
518 0.16 20369408
519 0.17 20512768
520 0.16 20537344
521 0.15 20512768
522 0.14 20656128
523 0.15 20701184
524 0.14 20774912
525 0.15 20647936
526 0.15 20774912
527 0.14 20766720
528 0.15 20918272
529 0.15 20828160
530 0.15 20934656
531 0.16 21004288
532 0.17 21008384
533 0.17 21090304
534 0.17 21168128
535 0.17 21172224
536 0.16 21233664
537 0.15 21102592
538 0.18 21311488
539 0.17 21266432
540 0.19 21458944
541 0.18 21467136
542 0.17 21487616
543 0.17 21483520
544 0.17 21557248
545 0.17 21659648
546 0.18 21721088
547 0.17 21606400
548 0.18 21741568
549 0.18 21823488
550 0.17 21868544
551 0.17 21856256
552 0.17 21942272
553 0.17 21966848
554 0.19 22069248
555 0.19 21962752
556 0.18 22081536
557 0.18 22007808
558 0.18 22200320
559 0.18 22323200
560 0.18 22368256
561 0.17 22425600
562 0.18 22380544
563 0.19 22339584
564 0.17 22474752
565 0.18 22466560
566 0.17 22388736
567 0.18 22491136
568 0.18 22700032
569 0.17 22646784
570 0.19 22728704
571 0.18 22716416
572 0.18 22867968
573 0.18 22843392
574 0.19 22900736
575 0.18 22863872
576 0.18 22990848
577 0.19 23117824
578 0.18 23060480
579 0.19 23011328
580 0.19 23064576
581 0.19 23027712
582 0.19 23187456
583 0.19 23224320
584 0.18 23289856
585 0.19 23330816
586 0.19 23441408
587 0.18 23445504
588 0.18 23535616
589 0.2 23584768
590 0.19 23560192
591 0.19 23597056
592 0.19 23642112
593 0.19 23670784
594 0.2 23760896
595 0.19 23883776
596 0.2 23998464
597 0.2 23965696
598 0.19 23801856
599 0.2 24027136
600 0.2 24162304
601 0.18 24096768
602 0.2 24141824
603 0.19 24227840
604 0.2 24301568
605 0.2 24154112
606 0.2 24387584
607 0.2 24383488
608 0.2 24387584
609 0.19 24428544
610 0.2 24424448
611 0.2 24420352
612 0.21 24612864
613 0.23 24690688
614 0.23 24743936
615 0.2 24674304
616 0.2 24674304
617 0.27 24784896
618 0.2 24829952
619 0.21 24952832
620 0.21 24965120
621 0.2 25026560
622 0.21 24997888
623 0.19 25067520
624 0.22 25169920
625 0.19 25296896
626 0.22 25214976
627 0.21 25227264
628 0.2 25243648
629 0.21 25313280
630 0.23 25477120
631 0.22 25464832
632 0.22 25591808
633 0.21 25554944
634 0.21 25550848
635 0.2 25526272
636 0.2 25661440
637 0.21 25645056
638 0.21 25780224
639 0.22 25845760
640 0.21 25878528
641 0.21 25767936
642 0.21 25993216
643 0.22 26030080
644 0.22 26009600
645 0.21 26034176
646 0.22 26021888
647 0.22 26107904
648 0.21 26214400
649 0.21 26144768
650 0.22 26226688
651 0.21 26292224
652 0.22 26365952
653 0.22 26361856
654 0.22 26460160
655 0.22 26468352
656 0.21 26517504
657 0.22 26578944
658 0.22 26640384
659 0.22 26595328
660 0.21 26664960
661 0.22 26730496
662 0.21 26775552
663 0.23 26832896
664 0.21 26750976
665 0.22 26853376
666 0.22 27037696
667 0.22 27086848
668 0.22 27049984
669 0.23 27140096
670 0.23 27164672
671 0.23 27099136
672 0.22 27267072
673 0.22 27189248
674 0.23 27275264
675 0.21 27369472
676 0.21 27144192
677 0.22 27418624
678 0.23 27426816
679 0.24 27557888
680 0.22 27549696
681 0.22 27553792
682 0.22 27672576
683 0.23 27660288
684 0.22 27619328
685 0.23 27836416
686 0.22 27848704
687 0.23 27836416
688 0.22 27815936
689 0.24 27877376
690 0.24 28053504
691 0.22 27992064
692 0.25 28024832
693 0.24 28200960
694 0.24 28151808
695 0.24 28225536
696 0.22 28323840
697 0.24 28213248
698 0.28 28360704
699 0.3 28332032
700 0.3 28327936
701 0.23 28372992
702 0.27 28606464
703 0.28 28610560
704 0.24 28622848
705 0.25 28676096
706 0.24 28647424
707 0.24 28622848
708 0.23 28676096
709 0.29 28876800
710 0.29 28942336
711 0.27 28856320
712 0.31 28762112
713 0.29 28921856
714 0.25 29089792
715 0.23 29110272
716 0.25 29192192
717 0.26 29196288
718 0.24 29315072
719 0.25 29278208
720 0.24 29306880
721 0.24 29409280
722 0.25 29343744
723 0.24 29429760
724 0.25 29454336
725 0.24 29532160
726 0.24 29675520
727 0.24 29585408
728 0.26 29704192
729 0.25 29708288
730 0.25 29736960
731 0.24 29728768
732 0.25 29913088
733 0.24 29732864
734 0.24 29995008
735 0.23 29908992
736 0.25 29896704
737 0.25 29958144
738 0.25 30179328
739 0.25 30031872
740 0.26 30195712
741 0.25 30261248
742 0.25 30281728
743 0.26 30294016
744 0.24 30294016
745 0.26 30388224
746 0.25 30486528
747 0.25 30486528
748 0.24 30466048
749 0.26 30568448
750 0.26 30707712
751 0.25 30703616
752 0.24 30699520
753 0.26 30736384
754 0.25 30748672
755 0.26 30838784
756 0.26 30941184
757 0.26 30908416
758 0.26 30965760
759 0.26 31027200
760 0.26 31035392
761 0.26 31084544
762 0.26 31158272
763 0.26 31211520
764 0.25 31080448
765 0.28 31313920
766 0.27 31322112
767 0.26 31322112
768 0.26 31436800
769 0.27 31391744
770 0.27 31563776
771 0.25 31674368
772 0.27 31563776
773 0.26 31469568
774 0.27 31756288
775 0.27 31735808
776 0.27 31780864
777 0.27 31830016
778 0.27 31821824
779 0.28 31870976
780 0.27 31887360
781 0.26 32006144
782 0.26 31973376
783 0.27 32051200
784 0.26 32047104
785 0.28 32092160
786 0.26 32206848
787 0.28 32247808
788 0.26 32243712
789 0.26 32358400
790 0.27 32329728
791 0.27 32313344
792 0.28 32452608
793 0.27 32407552
794 0.28 32628736
795 0.25 32632832
796 0.28 32612352
797 0.28 32534528
798 0.28 32772096
799 0.27 32796672
800 0.26 32808960