1 0.02 7426048
2 0.02 7397376
3 0.02 7462912
4 0.01 7475200
5 0.02 7512064
6 0.02 7507968
7 0.02 7512064
8 0.02 7548928
9 0.02 7540736
10 0.02 7520256
11 0.03 7553024
12 0.02 7598080
13 0.01 7585792
14 0.02 7618560
15 0.02 7634944
16 0.02 7647232
17 0.02 7622656
18 0.02 7704576
19 0.02 7680000
20 0.02 7700480
21 0.03 7712768
22 0.02 7766016
23 0.02 7720960
24 0.02 7778304
25 0.03 7770112
26 0.02 7794688
27 0.02 7806976
28 0.02 7835648
29 0.02 7802880
30 0.02 7872512
31 0.03 7852032
32 0.02 7868416
33 0.03 7925760
34 0.03 7962624
35 0.02 7962624
36 0.03 7991296
37 0.02 8024064
38 0.03 8028160
39 0.03 8028160
40 0.02 8085504
41 0.02 8028160
42 0.03 8114176
43 0.03 8110080
44 0.02 8085504
45 0.03 8171520
46 0.03 8151040
47 0.02 8175616
48 0.03 8175616
49 0.03 8216576
50 0.03 8208384
51 0.03 8245248
52 0.03 8261632
53 0.03 8269824
54 0.03 8241152
55 0.03 8253440
56 0.03 8282112
57 0.03 8323072
58 0.03 8364032
59 0.03 8409088
60 0.03 8359936
61 0.02 8413184
62 0.04 8417280
63 0.03 8491008
64 0.04 8445952
65 0.02 8458240
66 0.04 8495104
67 0.03 8511488
68 0.03 8527872
69 0.03 8544256
70 0.04 8560640
71 0.04 8556544
72 0.04 8609792
73 0.03 8638464
74 0.03 8667136
75 0.04 8658944
76 0.03 8708096
77 0.04 8679424
78 0.03 8671232
79 0.03 8687616
80 0.03 8744960
81 0.04 8761344
82 0.04 8781824
83 0.03 8790016
84 0.04 8835072
85 0.03 8835072
86 0.04 8863744
87 0.03 8871936
88 0.04 8908800
89 0.04 8871936
90 0.05 8962048
91 0.03 8941568
92 0.04 8986624
93 0.04 8957952
94 0.04 8982528
95 0.05 8970240
96 0.04 9039872
97 0.05 9068544
98 0.03 9048064
99 0.04 9105408
100 0.05 9113600
101 0.04 9076736
102 0.04 9134080
103 0.04 9109504
104 0.04 9162752
105 0.04 9183232
106 0.04 9187328
107 0.04 9162752
108 0.04 9293824
109 0.04 9293824
110 0.05 9297920
111 0.04 9285632
112 0.04 9302016
113 0.04 9289728
114 0.04 9338880
115 0.04 9359360
116 0.04 9375744
117 0.05 9433088
118 0.05 9416704
119 0.04 9424896
120 0.04 9445376
121 0.04 9486336
122 0.05 9494528
123 0.05 9523200
124 0.05 9555968
125 0.05 9510912
126 0.04 9564160
127 0.04 9654272
128 0.05 9662464
129 0.05 9682944
130 0.05 9637888
131 0.05 9666560
132 0.04 9715712
133 0.05 9723904
134 0.05 9715712
135 0.05 9756672
136 0.04 9760768
137 0.05 9777152
138 0.05 9814016
139 0.05 9908224
140 0.05 9863168
141 0.05 9883648
142 0.05 9916416
143 0.05 9973760
144 0.04 9940992
145 0.05 9969664
146 0.04 9994240
147 0.06 10072064
148 0.05 10055680
149 0.06 10067968
150 0.05 10121216
151 0.05 10125312
152 0.05 10182656
153 0.05 10194944
154 0.05 10182656
155 0.06 10231808
156 0.05 10313728
157 0.05 10276864
158 0.05 10346496
159 0.06 10440704
160 0.07 10428416
161 0.05 10342400
162 0.05 10416128
163 0.06 10416128
164 0.06 10424320
165 0.05 10448896
166 0.06 10489856
167 0.05 10522624
168 0.07 10600448
169 0.05 10551296
170 0.05 10543104
171 0.05 10584064
172 0.06 10588160
173 0.06 10604544
174 0.05 10661888
175 0.06 10665984
176 0.05 10686464
177 0.05 10715136
178 0.06 10711040
179 0.05 10739712
180 0.06 10801152
181 0.06 10854400
182 0.05 10821632
183 0.06 10829824
184 0.06 10842112
185 0.06 10854400
186 0.07 10981376
187 0.07 10944512
188 0.06 10924032
189 0.06 10964992
190 0.06 10969088
191 0.06 10977280
192 0.06 11046912
193 0.06 11104256
194 0.06 11087872
195 0.05 11091968
196 0.06 11087872
197 0.07 11202560
198 0.06 11169792
199 0.06 11194368
200 0.06 11198464
201 0.07 11214848
202 0.07 11264000
203 0.06 11247616
204 0.06 11333632
205 0.06 11321344
206 0.07 11325440
207 0.06 11350016
208 0.06 11378688
209 0.07 11382784
210 0.06 11415552
211 0.07 11526144
212 0.07 11501568
213 0.07 11538432
214 0.06 11497472
215 0.07 11497472
216 0.07 11653120
217 0.07 11558912
218 0.07 11542528
219 0.07 11608064
220 0.07 11624448
221 0.07 11685888
222 0.06 11689984
223 0.07 11698176
224 0.07 11722752
225 0.08 11808768
226 0.07 11755520
227 0.07 11825152
228 0.07 11833344
229 0.07 11853824
230 0.08 11829248
231 0.07 11845632
232 0.09 11878400
233 0.1 11890688
234 0.07 11915264
235 0.07 11948032
236 0.07 11972608
237 0.07 11997184
238 0.07 12099584
239 0.08 12066816
240 0.07 12070912
241 0.08 12161024
242 0.08 12169216
243 0.07 12136448
244 0.08 12136448
245 0.07 12165120
246 0.07 12201984
247 0.08 12275712
248 0.07 12304384
249 0.07 12267520
250 0.08 12320768
251 0.08 12292096
252 0.07 12345344
253 0.08 12349440
254 0.08 12402688
255 0.08 12423168
256 0.08 12455936
257 0.08 12562432
258 0.08 12582912
259 0.08 12660736
260 0.08 12595200
261 0.07 12648448
262 0.08 12673024
263 0.09 12636160
264 0.07 12824576
265 0.08 12713984
266 0.09 12886016
267 0.08 12787712
268 0.08 12877824
269 0.08 12931072
270 0.09 12873728
271 0.07 12914688
272 0.08 13074432
273 0.09 12943360
274 0.07 12996608
275 0.09 13115392
276 0.09 13074432
277 0.08 13164544
278 0.08 13107200
279 0.08 13279232
280 0.08 13148160
281 0.08 13283328
282 0.08 13303808
283 0.08 13242368
284 0.09 13258752
285 0.09 13275136
286 0.08 13246464
287 0.09 13393920
288 0.08 13377536
289 0.09 13389824
290 0.08 13451264
291 0.08 13463552
292 0.08 13611008
293 0.08 13504512
294 0.09 13549568
295 0.08 13561856
296 0.09 13553664
297 0.09 13676544
298 0.08 13705216
299 0.09 13713408
300 0.08 13770752
301 0.09 13795328
302 0.08 13811712
303 0.09 13848576
304 0.09 13848576
305 0.09 13885440
306 0.1 14098432
307 0.09 13946880
308 0.1 13963264
309 0.09 14000128
310 0.09 14151680
311 0.09 14057472
312 0.08 14110720
313 0.09 14229504
314 0.09 14155776
315 0.09 14184448
316 0.09 14299136
317 0.09 14196736
318 0.09 14278656
319 0.08 14319616
320 0.1 14336000
321 0.09 14405632
322 0.09 14397440
323 0.09 14323712
324 0.1 14450688
325 0.1 14454784
326 0.09 14508032
327 0.09 14684160
328 0.1 14573568
329 0.1 14602240
330 0.1 14774272
331 0.09 14688256
332 0.09 14725120
333 0.1 14688256
334 0.1 14786560
335 0.09 14782464
336 0.1 14839808
337 0.1 14950400
338 0.1 14884864
339 0.1 14929920
340 0.1 14995456
341 0.09 14905344
342 0.1 15011840
343 0.1 15032320
344 0.1 15155200
345 0.1 15097856
346 0.09 15114240
347 0.1 15130624
348 0.1 15306752
349 0.1 15314944
350 0.1 15327232
351 0.1 15273984
352 0.11 15282176
353 0.09 15335424
354 0.11 15347712
355 0.11 15368192
356 0.11 15527936
357 0.1 15376384
358 0.11 15437824
359 0.1 15441920
360 0.11 15667200
361 0.1 15536128
362 0.1 15704064
363 0.1 15638528
364 0.11 15642624
365 0.1 15630336
366 0.1 15634432
367 0.11 15732736
368 0.11 15785984
369 0.11 15785984
370 0.1 15773696
371 0.11 15822848
372 0.11 15859712
373 0.11 15872000
374 0.11 16072704
375 0.11 16011264
376 0.1 16027648
377 0.11 16023552
378 0.1 16039936
379 0.11 16125952
380 0.11 16199680
381 0.11 16150528
382 0.11 16121856
383 0.11 16257024
384 0.12 16199680
385 0.11 16236544
386 0.11 16261120
387 0.12 16289792
388 0.11 16289792
389 0.11 16314368
390 0.12 16449536
391 0.11 16392192
392 0.11 16441344
393 0.12 16449536
394 0.11 16445440
395 0.11 16482304
396 0.11 16580608
397 0.11 16601088
398 0.12 16642048
399 0.11 16674816
400 0.11 16658432
401 0.11 16658432
402 0.11 16756736
403 0.11 16711680
404 0.12 16809984
405 0.11 16867328
406 0.12 16855040
407 0.11 16990208
408 0.12 16916480
409 0.12 16998400
410 0.12 16965632
411 0.12 16990208
412 0.12 17002496
413 0.12 17133568
414 0.11 17092608
415 0.12 17084416
416 0.12 17195008
417 0.12 17129472
418 0.11 17240064
419 0.12 17211392
420 0.12 17268736
421 0.11 17317888
422 0.12 17321984
423 0.13 17342464
424 0.12 17420288
425 0.12 17444864
426 0.12 17428480
427 0.13 17567744
428 0.12 17612800
429 0.12 17510400
430 0.12 17518592
431 0.12 17702912
432 0.13 17608704
433 0.13 17616896
434 0.12 17674240
435 0.12 17682432
436 0.13 17739776
437 0.12 17711104
438 0.13 17752064
439 0.13 17764352
440 0.13 17879040
441 0.13 17887232
442 0.13 17846272
443 0.12 17866752
444 0.12 17932288
445 0.14 17997824
446 0.14 18149376
447 0.14 18067456
448 0.13 18124800
449 0.13 18153472
450 0.15 18272256
451 0.12 18141184
452 0.13 18190336
453 0.13 18239488
454 0.12 18280448
455 0.12 18255872
456 0.13 18415616
457 0.14 18374656
458 0.12 18391040
459 0.13 18391040
460 0.14 18448384
461 0.13 18374656
462 0.13 18477056
463 0.13 18518016
464 0.13 18616320
465 0.13 18554880
466 0.12 18550784
467 0.13 18636800
468 0.13 18620416
469 0.14 18673664
470 0.14 18792448
471 0.12 18735104
472 0.13 18747392
473 0.13 18771968
474 0.13 18800640
475 0.13 18829312
476 0.14 18976768
477 0.12 18898944
478 0.13 18894848
479 0.14 18907136
480 0.13 19013632
481 0.14 19091456
482 0.14 19185664
483 0.13 19128320
484 0.14 19267584
485 0.14 19222528
486 0.15 19341312
487 0.13 19292160
488 0.15 19410944
489 0.16 19337216
490 0.16 19525632
491 0.16 19472384
492 0.13 19378176
493 0.14 19496960
494 0.14 19558400
495 0.15 19476480
496 0.14 19558400
497 0.15 19587072
498 0.15 19693568
499 0.16 19673088
500 0.14 19615744
501 0.14 19779584
502 0.16 19795968
503 0.14 19693568
504 0.15 19726336
505 0.15 19804160
506 0.15 19816448
507 0.15 19943424
508 0.14 19849216
509 0.15 19972096
510 0.14 19955712
511 0.16 20119552
512 0.14 20111360
513 0.15 20197376
514 0.15 20119552
515 0.15 20205568
516 0.15 20385792
517 0.14 20254720
518 0.15 20410368
519 0.18 20344832
520 0.15 20336640
521 0.14 20344832
522 0.15 20549632
523 0.15 20525056
524 0.15 20570112
525 0.17 20717568
526 0.19 20832256
527 0.16 20742144
528 0.16 20942848
529 0.16 20758528
530 0.17 20987904
531 0.15 20938752
532 0.15 20877312
533 0.15 20869120
534 0.15 21020672
535 0.16 21106688
536 0.15 21266432
537 0.16 21299200
538 0.15 21225472
539 0.15 21184512
540 0.15 21295104
541 0.17 21495808
542 0.16 21499904
543 0.17 21569536
544 0.16 21389312
545 0.15 21446656
546 0.15 21532672
547 0.16 21708800
548 0.16 21680128
549 0.16 21725184
550 0.15 21680128
551 0.15 21643264
552 0.17 21807104
553 0.16 21835776
554 0.16 21762048
555 0.18 21950464
556 0.15 21962752
557 0.17 22102016
558 0.16 22151168
559 0.18 22151168
560 0.16 22323200
561 0.16 22319104
562 0.17 22138880
563 0.17 22413312
564 0.17 22532096
565 0.18 22396928
566 0.15 22368256
567 0.16 22392832
568 0.18 22368256
569 0.16 22384640
570 0.16 22577152
571 0.17 22532096
572 0.17 22564864
573 0.18 22745088
574 0.17 22814720
575 0.17 22720512
576 0.16 22863872
577 0.17 23060480
578 0.18 22904832
579 0.17 22863872
580 0.17 22900736
581 0.16 22941696
582 0.18 23187456
583 0.16 23080960
584 0.18 23109632
585 0.17 23281664
586 0.18 23384064
587 0.18 23318528
588 0.18 23543808
589 0.18 23441408
590 0.18 23592960
591 0.17 23506944
592 0.18 23523328
593 0.17 23707648
594 0.17 23756800
595 0.17 23732224
596 0.17 23801856
597 0.18 23871488
598 0.19 23838720
599 0.19 23904256
600 0.18 23973888
601 0.19 24031232
602 0.21 24178688
603 0.2 24166400
604 0.19 24195072
605 0.19 24170496
606 0.18 24121344
607 0.18 24236032
608 0.18 24342528
609 0.18 24326144
610 0.18 24358912
611 0.21 24297472
612 0.18 24449024
613 0.19 24592384
614 0.18 24666112
615 0.19 24530944
616 0.19 24559616
617 0.18 24580096
618 0.18 24739840
619 0.19 24748032
620 0.18 24698880
621 0.18 24899584
622 0.19 24952832
623 0.18 24887296
624 0.18 25190400
625 0.19 25047040
626 0.19 25112576
627 0.18 25145344
628 0.18 25157632
629 0.18 25169920
630 0.19 25268224
631 0.18 25210880
632 0.19 25313280
633 0.18 25399296
634 0.2 25440256
635 0.19 25399296
636 0.19 25600000
637 0.19 25587712
638 0.18 25604096
639 0.19 25636864
640 0.19 25649152
641 0.19 25649152
642 0.18 25804800
643 0.19 25845760
644 0.19 25772032
645 0.19 25927680
646 0.2 25948160
647 0.19 26038272
648 0.2 26087424
649 0.19 26038272
650 0.2 26288128
651 0.2 26185728
652 0.19 26193920
653 0.21 26267648
654 0.2 26324992
655 0.19 26472448
656 0.19 26402816
657 0.2 26390528
658 0.19 26333184
659 0.2 26394624
660 0.2 26570752
661 0.21 26611712
662 0.2 26619904
663 0.2 26611712
664 0.2 26718208
665 0.19 26718208
666 0.2 26820608
667 0.2 26836992
668 0.21 26943488
669 0.2 26816512
670 0.21 27168768
671 0.2 26939392
672 0.2 27099136
673 0.2 27058176
674 0.21 27119616
675 0.21 27357184
676 0.19 27172864
677 0.22 27385856
678 0.2 27361280
679 0.22 27471872
680 0.22 27422720
681 0.22 27635712
682 0.2 27475968
683 0.21 27594752
684 0.2 27639808
685 0.22 27762688
686 0.23 27828224
687 0.22 27721728
688 0.22 27820032
689 0.21 27766784
690 0.21 27779072
691 0.21 27901952
692 0.21 27930624
693 0.21 27975680
694 0.21 28045312
695 0.21 28004352
696 0.22 28327936
697 0.22 28200960
698 0.21 28217344
699 0.21 28393472
700 0.21 28229632
701 0.22 28360704
702 0.21 28405760
703 0.21 28377088
704 0.2 28430336
705 0.23 28565504
706 0.2 28520448
707 0.22 28647424
708 0.2 28684288
709 0.22 28794880
710 0.22 28811264
711 0.22 28856320
712 0.23 28770304
713 0.21 28774400
714 0.22 29020160
715 0.21 29032448
716 0.22 29204480
717 0.22 29184000
718 0.21 29077504
719 0.22 29220864
720 0.21 29224960
721 0.25 29298688
722 0.24 29495296
723 0.25 29417472
724 0.26 29478912
725 0.21 29347840
726 0.22 29425664
727 0.21 29384704
728 0.22 29724672
729 0.22 29548544
730 0.22 29589504
731 0.22 29569024
732 0.22 29663232
733 0.22 29696000
734 0.21 29790208
735 0.22 30068736
736 0.22 29835264
737 0.22 29802496
738 0.22 29921280
739 0.23 29958144
740 0.23 30130176
741 0.22 30072832
742 0.24 30216192
743 0.22 30093312
744 0.22 30183424
745 0.23 30248960
746 0.24 30519296
747 0.22 30339072
748 0.23 30404608
749 0.22 30326784
750 0.23 30519296
751 0.23 30482432
752 0.24 30711808
753 0.25 30720000
754 0.27 30777344
755 0.23 30621696
756 0.23 30781440
757 0.23 30900224
758 0.23 30806016
759 0.23 30810112
760 0.24 31002624
761 0.24 31068160
762 0.26 31215616
763 0.25 31158272
764 0.26 31166464
765 0.31 31211520
766 0.25 31117312
767 0.25 31289344
768 0.28 31498240
769 0.25 31367168
770 0.25 31453184
771 0.25 31531008
772 0.26 31358976
773 0.24 31404032
774 0.27 31723520
775 0.24 31666176
776 0.23 31543296
777 0.23 31629312
778 0.24 31719424
779 0.24 31670272
780 0.29 31895552
781 0.24 32034816
782 0.24 31850496
783 0.24 32022528
784 0.23 31854592
785 0.23 31875072
786 0.24 32104448
787 0.24 32174080
788 0.23 32047104
789 0.23 32133120
790 0.23 32219136
791 0.25 32116736
792 0.25 32440320
793 0.25 32505856
794 0.24 32448512
795 0.25 32473088
796 0.25 32481280
797 0.24 32382976
798 0.23 32571392
799 0.24 32600064
800 0.24 32653312