1 0.07 10575872
2 0.08 10776576
3 0.08 10817536
4 0.09 10792960
5 0.07 10792960
6 0.09 10956800
7 0.08 10924032
8 0.08 10858496
9 0.08 11010048
10 0.08 11091968
11 0.1 11100160
12 0.09 11116544
13 0.08 11161600
14 0.08 11206656
15 0.08 11329536
16 0.09 11350016
17 0.1 11423744
18 0.09 11423744
19 0.08 11440128
20 0.1 11563008
21 0.09 11558912
22 0.09 11550720
23 0.1 11620352
24 0.09 11653120
25 0.1 11739136
26 0.09 11747328
27 0.1 11919360
28 0.1 11886592
29 0.09 11853824
30 0.1 11898880
31 0.09 11960320
32 0.09 12005376
33 0.1 12083200
34 0.11 12083200
35 0.09 12083200
36 0.11 12169216
37 0.1 12267520
38 0.11 12365824
39 0.11 12423168
40 0.12 12365824
41 0.11 12472320
42 0.11 12521472
43 0.11 12509184
44 0.11 12648448
45 0.11 12664832
46 0.11 12595200
47 0.13 12701696
48 0.12 12754944
49 0.13 12771328
50 0.12 12800000
51 0.11 12800000
52 0.12 12918784
53 0.11 12918784
54 0.12 13119488
55 0.12 12951552
56 0.11 13070336
57 0.12 13045760
58 0.11 13099008
59 0.12 13230080
60 0.12 13209600
61 0.11 13238272
62 0.12 13287424
63 0.12 13312000
64 0.12 13541376
65 0.12 13467648
66 0.12 13479936
67 0.12 13561856
68 0.13 13680640
69 0.13 13586432
70 0.12 13832192
71 0.13 13692928
72 0.14 13860864
73 0.12 13778944
74 0.13 13828096
75 0.13 13930496
76 0.14 13901824
77 0.13 14032896
78 0.15 14123008
79 0.14 14196736
80 0.14 14159872
81 0.13 14204928
82 0.13 14262272
83 0.13 14381056
84 0.13 14393344
85 0.13 14368768
86 0.15 14610432
87 0.14 14475264
88 0.13 14548992
89 0.15 14553088
90 0.14 14581760
91 0.15 14663680
92 0.14 14770176
93 0.14 14680064
94 0.13 14807040
95 0.16 14766080
96 0.14 14815232
97 0.14 14856192
98 0.17 14979072
99 0.15 14970880
100 0.15 15020032
101 0.15 15036416
102 0.14 15069184
103 0.15 15142912
104 0.15 15163392
105 0.15 15302656
106 0.15 15233024
107 0.17 15503360
108 0.16 15347712
109 0.16 15450112
110 0.17 15544320
111 0.17 15437824
112 0.19 15609856
113 0.18 15626240
114 0.17 15683584
115 0.15 15704064
116 0.15 15683584
117 0.16 15757312
118 0.16 15757312
119 0.16 15851520
120 0.16 15892480
121 0.15 15937536
122 0.17 15998976
123 0.17 16027648
124 0.17 16232448
125 0.17 16117760
126 0.16 16203776
127 0.17 16211968
128 0.17 16408576
129 0.2 16384000
130 0.18 16293888
131 0.18 16498688
132 0.19 16453632
133 0.18 16519168
134 0.18 16551936
135 0.2 16572416
136 0.18 16613376
137 0.17 16617472
138 0.17 16629760
139 0.18 16715776
140 0.18 16769024
141 0.19 16871424
142 0.17 16769024
143 0.18 17002496
144 0.19 17031168
145 0.18 16973824
146 0.18 17027072
147 0.19 17043456
148 0.2 17162240
149 0.19 17141760
150 0.19 17248256
151 0.18 17203200
152 0.19 17264640
153 0.18 17383424
154 0.2 17457152
155 0.22 17518592
156 0.22 17514496
157 0.21 17612800
158 0.21 17731584
159 0.2 17620992
160 0.2 17707008
161 0.2 17764352
162 0.2 17780736
163 0.2 17895424
164 0.22 17952768
165 0.21 17879040
166 0.22 18071552
167 0.21 18022400
168 0.2 17969152
169 0.22 18137088
170 0.23 18190336
171 0.22 18227200
172 0.21 18280448
173 0.2 18264064
174 0.21 18350080
175 0.22 18399232
176 0.21 18567168
177 0.21 18542592
178 0.22 18563072
179 0.19 18464768
180 0.21 18591744
181 0.21 18694144
182 0.23 18796544
183 0.24 18763776
184 0.21 18853888
185 0.22 18927616
186 0.24 18915328
187 0.21 19021824
188 0.21 18903040
189 0.23 19111936
190 0.22 19132416
191 0.21 19030016
192 0.21 19079168
193 0.21 19136512
194 0.24 19304448
195 0.24 19316736
196 0.23 19255296
197 0.24 19275776
198 0.24 19476480
199 0.23 19419136
200 0.24 19554304
201 0.25 19587072
202 0.24 19595264
203 0.23 19628032
204 0.22 19599360
205 0.23 19697664
206 0.24 19750912
207 0.22 19718144
208 0.23 19869696
209 0.23 19857408
210 0.24 19972096
211 0.24 19980288
212 0.24 20103168
213 0.24 20131840
214 0.26 20205568
215 0.23 20099072
216 0.24 20144128
217 0.24 20312064
218 0.25 20373504
219 0.27 20402176
220 0.26 20320256
221 0.25 20467712
222 0.25 20463616
223 0.24 20480000
224 0.27 20606976
225 0.26 20619264
226 0.28 20668416
227 0.25 20639744
228 0.24 20692992
229 0.27 20873216
230 0.24 20705280
231 0.25 20914176
232 0.25 20848640
233 0.26 20959232
234 0.28 20992000
235 0.26 21082112
236 0.25 21012480
237 0.24 21065728
238 0.25 21106688
239 0.25 21291008
240 0.27 21172224
241 0.25 21225472
242 0.25 21446656
243 0.26 21331968
244 0.27 21401600
245 0.26 21430272
246 0.27 21516288
247 0.26 21471232
248 0.26 21635072
249 0.26 21573632
250 0.27 21770240
251 0.26 21688320
252 0.27 21704704
253 0.25 21753856
254 0.27 21921792
255 0.28 21966848
256 0.26 22077440
257 0.26 21970944
258 0.27 22110208
259 0.28 22212608
260 0.27 22167552
261 0.27 22224896
262 0.27 22134784
263 0.28 22355968
264 0.28 22269952
265 0.27 22319104
266 0.28 22409216
267 0.28 22450176
268 0.27 22384640
269 0.28 22573056
270 0.28 22532096
271 0.28 22519808
272 0.29 22679552
273 0.29 22720512
274 0.29 22843392
275 0.29 22900736
276 0.29 22851584
277 0.28 22876160
278 0.28 22822912
279 0.27 23056384
280 0.29 23068672
281 0.28 22953984
282 0.3 23085056
283 0.29 23138304
284 0.29 23117824
285 0.28 23322624
286 0.29 23158784
287 0.29 23171072
288 0.28 23265280
289 0.29 23339008
290 0.29 23306240
291 0.31 23416832
292 0.29 23404544
293 0.29 23523328
294 0.28 23539712
295 0.29 23576576
296 0.29 23662592
297 0.3 23740416
298 0.3 23822336
299 0.29 23719936
300 0.31 23941120
301 0.29 23801856
302 0.3 23920640
303 0.3 23896064
304 0.3 23949312
305 0.31 24068096
306 0.36 24084480
307 0.31 24072192
308 0.33 24182784
309 0.29 24158208
310 0.3 24195072
311 0.31 24281088
312 0.3 24309760
313 0.31 24518656
314 0.31 24461312
315 0.31 24465408
316 0.33 24612864
317 0.35 24625152
318 0.32 24543232
319 0.32 24825856
320 0.33 24711168
321 0.39 24772608
322 0.31 24715264
323 0.36 24965120
324 0.38 25006080
325 0.36 25116672
326 0.37 25206784
327 0.33 25063424
328 0.34 25128960
329 0.31 25096192
330 0.33 25251840
331 0.33 25206784
332 0.32 25198592
333 0.33 25399296
334 0.39 25628672
335 0.38 25628672
336 0.34 25591808
337 0.33 25686016
338 0.34 25800704
339 0.37 25767936
340 0.35 25837568
341 0.34 25821184
342 0.33 25931776
343 0.38 25923584
344 0.38 26071040
345 0.41 26046464
346 0.36 26120192
347 0.38 26128384
348 0.37 26177536
349 0.36 26116096
350 0.37 26292224
351 0.39 26341376
352 0.37 26337280
353 0.36 26320896
354 0.37 26443776
355 0.42 26546176
356 0.43 26505216
357 0.36 26570752
358 0.37 26562560
359 0.38 26648576
360 0.41 26669056
361 0.43 26767360
362 0.38 26816512
363 0.37 26853376
364 0.34 26734592
365 0.35 26910720
366 0.4 26968064
367 0.4 26992640
368 0.4 27103232
369 0.39 27090944
370 0.44 27095040
371 0.36 27041792
372 0.36 27099136
373 0.35 27078656
374 0.41 27299840
375 0.43 27361280
376 0.46 27340800
377 0.39 27439104
378 0.39 27484160
379 0.38 27578368
380 0.37 27693056
381 0.37 27537408
382 0.36 27525120
383 0.37 27660288
384 0.38 27738112
385 0.39 27811840
386 0.36 27672576
387 0.49 27893760
388 0.47 27893760
389 0.44 27865088
390 0.44 28000256
391 0.42 28049408
392 0.38 28151808
393 0.41 28102656
394 0.41 28160000
395 0.39 28237824
396 0.38 28319744
397 0.38 28266496
398 0.39 28381184
399 0.4 28434432
400 0.44 28364800
401 0.47 28499968
402 0.38 28389376
403 0.39 28573696
404 0.39 28446720
405 0.4 28631040
406 0.39 28610560
407 0.39 28618752
408 0.39 28798976
409 0.4 28778496
410 0.4 28839936
411 0.4 28733440
412 0.4 29016064
413 0.5 29024256
414 0.51 29089792
415 0.44 29036544
416 0.4 29016064
417 0.42 29184000
418 0.4 29069312
419 0.42 29294592
420 0.4 29261824
421 0.42 29298688
422 0.4 29339648
423 0.42 29347840
424 0.41 29409280
425 0.41 29339648
426 0.4 29523968
427 0.4 29470720
428 0.41 29466624
429 0.41 29556736
430 0.42 29736960
431 0.41 29626368
432 0.41 29802496
433 0.41 29884416
434 0.41 29863936
435 0.4 30003200
436 0.41 29896704
437 0.43 30027776
438 0.41 29954048
439 0.41 30154752
440 0.42 30023680
441 0.42 30261248
442 0.43 30289920
443 0.42 30105600
444 0.42 30273536
445 0.41 30236672
446 0.42 30367744
447 0.42 30412800
448 0.42 30507008
449 0.43 30535680
450 0.44 30527488
451 0.42 30511104
452 0.43 30699520
453 0.42 30736384
454 0.42 30695424
455 0.43 30789632
456 0.42 30724096
457 0.43 30822400
458 0.41 30728192
459 0.42 30896128
460 0.41 30871552
461 0.43 31121408
462 0.43 30965760
463 0.44 31100928
464 0.52 31145984
465 0.54 31383552
466 0.42 31195136
467 0.43 31432704
468 0.43 31526912
469 0.43 31543296
470 0.44 31531008
471 0.43 31612928
472 0.43 31584256
473 0.44 31567872
474 0.44 31744000
475 0.44 31727616
476 0.46 31850496
477 0.44 31772672
478 0.45 31813632
479 0.43 31776768
480 0.44 31924224
481 0.44 32067584
482 0.44 31969280
483 0.43 32190464
484 0.44 32210944
485 0.44 32116736
486 0.46 32260096
487 0.45 32337920
488 0.46 32358400
489 0.44 32276480
490 0.45 32415744
491 0.45 32350208
492 0.44 32526336
493 0.44 32440320
494 0.45 32559104
495 0.45 32575488
496 0.45 32739328
497 0.44 32661504
498 0.45 32694272
499 0.46 32829440
500 0.44 32747520
501 0.45 32997376
502 0.46 32976896
503 0.45 32882688
504 0.61 33107968
505 0.68 33095680
506 0.59 33177600
507 0.58 33198080
508 0.54 33284096
509 0.6 33247232
510 0.53 33271808
511 0.47 33341440
512 0.47 33398784
513 0.47 33480704
514 0.47 33460224
515 0.47 33505280
516 0.46 33423360
517 0.46 33669120
518 0.47 33673216
519 0.47 33607680
520 0.49 33746944
521 0.46 33636352
522 0.47 33726464
523 0.47 33771520
524 0.47 33882112
525 0.47 33923072
526 0.47 33955840
527 0.47 34103296
528 0.48 34136064
529 0.49 34123776
530 0.55 34193408
531 0.61 34205696
532 0.71 34279424
533 0.53 34336768
534 0.55 34422784
535 0.53 34480128
536 0.47 34430976
537 0.5 34496512
538 0.54 34570240
539 0.69 34562048
540 0.49 34574336
541 0.49 34570240
542 0.7 34705408
543 0.67 34779136
544 0.52 34791424
545 0.5 34762752
546 0.49 34734080
547 0.51 34877440
548 0.6 34930688
549 0.56 35012608
550 0.5 34979840
551 0.5 35102720
552 0.5 34967552
553 0.5 35094528
554 0.5 35127296
555 0.54 35155968
556 0.61 35311616
557 0.51 35409920
558 0.5 35237888
559 0.5 35217408
560 0.5 35332096
561 0.52 35450880
562 0.52 35606528
563 0.51 35426304
564 0.52 35590144
565 0.52 35631104
566 0.51 35688448
567 0.51 35573760
568 0.52 35655680
569 0.54 35733504
570 0.51 35864576
571 0.51 35807232
572 0.52 35889152
573 0.52 35921920
574 0.54 36020224
575 0.53 36077568
576 0.58 36093952
577 0.6 36081664
578 0.6 36212736
579 0.57 36257792
580 0.53 36241408
581 0.59 36352000
582 0.59 36347904
583 0.54 36511744
584 0.56 36511744
585 0.62 36519936
586 0.59 36569088
587 0.56 36651008
588 0.52 36581376
589 0.51 36589568
590 0.57 36810752
591 0.59 36794368
592 0.54 36868096
593 0.57 36864000
594 0.58 36929536
595 0.57 37027840
596 0.64 37085184
597 0.77 37064704
598 0.73 37158912
599 0.6 37134336
600 0.56 37232640
601 0.55 37240832
602 0.57 37302272
603 0.63 37355520
604 0.63 37425152
605 0.58 37421056
606 0.67 37425152
607 0.71 37511168
608 0.63 37490688
609 0.58 37572608
610 0.57 37539840
611 0.55 37634048
612 0.55 37756928
613 0.59 37789696
614 0.64 37834752
615 0.6 37888000
616 0.59 37916672
617 0.67 37957632
618 0.61 37928960
619 0.56 37994496
620 0.55 38019072
621 0.54 38060032
622 0.54 38047744
623 0.55 38109184
624 0.54 38072320
625 0.54 38125568
626 0.56 38260736
627 0.54 38232064
628 0.54 38244352
629 0.54 38375424
630 0.54 38354944
631 0.56 38563840
632 0.59 38617088
633 0.59 38678528
634 0.6 38604800
635 0.58 38674432
636 0.58 38727680
637 0.56 38658048
638 0.57 38780928
639 0.56 38871040
640 0.57 38879232
641 0.54 38916096
642 0.59 39055360
643 0.58 39088128
644 0.6 39120896
645 0.57 39145472
646 0.61 39301120
647 0.58 39284736
648 0.58 39276544
649 0.58 39387136
650 0.57 39415808
651 0.6 39407616
652 0.59 39411712
653 0.59 39452672
654 0.57 39395328
655 0.61 39620608
656 0.59 39661568
657 0.57 39636992
658 0.58 39657472
659 0.58 39641088
660 0.56 39809024
661 0.57 39841792
662 0.58 39862272
663 0.62 39968768
664 0.6 39989248
665 0.61 40034304
666 0.59 40046592
667 0.58 40058880
668 0.6 40189952
669 0.58 40124416
670 0.58 40157184
671 0.6 40247296
672 0.59 40157184
673 0.65 40386560
674 0.61 40407040
675 0.6 40308736
676 0.64 40517632
677 0.65 40497152
678 0.62 40480768
679 0.61 40652800
680 0.62 40562688
681 0.6 40669184
682 0.65 40787968
683 0.6 40734720
684 0.63 40751104
685 0.63 40845312
686 0.63 40845312
687 0.62 40919040
688 0.61 40906752
689 0.64 41005056
690 0.63 41132032
691 0.66 41119744
692 0.62 41144320
693 0.59 41193472
694 0.6 41189376
695 0.6 41086976
696 0.6 41193472
697 0.61 41365504
698 0.61 41414656
699 0.64 41410560
700 0.63 41512960
701 0.61 41472000
702 0.61 41521152
703 0.61 41734144
704 0.62 41717760
705 0.66 41623552
706 0.64 41828352
707 0.65 41893888
708 0.64 41930752
709 0.66 41914368
710 0.64 41996288
711 0.61 41918464
712 0.61 41881600
713 0.61 41979904
714 0.63 41930752
715 0.63 42225664
716 0.64 42250240
717 0.61 42098688
718 0.63 42168320
719 0.62 42266624
720 0.63 42356736
721 0.67 42463232
722 0.72 42479616
723 0.64 42508288
724 0.62 42385408
725 0.65 42586112
726 0.67 42532864
727 0.62 42700800
728 0.66 42672128
729 0.66 42684416
730 0.67 42889216
731 0.68 42835968
732 0.67 42868736
733 0.63 42856448
734 0.66 42905600
735 0.67 43065344
736 0.65 42921984
737 0.63 42942464
738 0.71 43184128
739 0.7 43229184
740 0.67 43372544
741 0.72 43364352
742 0.69 43479040
743 0.64 43409408
744 0.63 43413504
745 0.69 43610112
746 0.69 43589632
747 0.65 43667456
748 0.69 43741184
749 0.72 43876352
750 0.68 43855872
751 0.69 43835392
752 0.77 43900928
753 0.66 43888640
754 0.65 44015616
755 0.67 43941888
756 0.67 44077056
757 0.65 43900928
758 0.66 44216320
759 0.71 44175360
760 0.66 44232704
761 0.65 44187648
762 0.71 44392448
763 0.67 44318720
764 0.66 44306432
765 0.67 44380160
766 0.72 44359680
767 0.71 44597248
768 0.78 44589056
769 0.7 44670976
770 0.68 44740608
771 0.65 44597248
772 0.67 44756992
773 0.68 44830720
774 0.68 44929024
775 0.68 44875776
776 0.67 44929024
777 0.7 45002752
778 0.68 45015040
779 0.68 45019136
780 0.69 44969984
781 0.67 45129728
782 0.69 45187072
783 0.67 45129728
784 0.68 45105152
785 0.67 45305856
786 0.69 45359104
787 0.69 45453312
788 0.71 45432832
789 0.71 45510656
790 0.68 45387776
791 0.7 45477888
792 0.69 45441024
793 0.7 45592576
794 0.69 45670400
795 0.69 45637632
796 0.7 45748224
797 0.73 45826048
798 0.75 45862912
799 0.73 45936640
800 0.76 46043136