1 0.3 23175168
2 0.3 23437312
3 0.29 23863296
4 0.29 23285760
5 0.31 23408640
6 0.32 23511040
7 0.3 23359488
8 0.3 23797760
9 0.32 24006656
10 0.31 23523328
11 0.31 23937024
12 0.31 23777280
13 0.32 24559616
14 0.31 24633344
15 0.3 23875584
16 0.32 24363008
17 0.31 24010752
18 0.31 24039424
19 0.32 24641536
20 0.31 24092672
21 0.31 24383488
22 0.32 24764416
23 0.33 25284608
24 0.32 24649728
25 0.32 25055232
26 0.32 24924160
27 0.33 24707072
28 0.36 25448448
29 0.31 24793088
30 0.33 24838144
31 0.33 25333760
32 0.33 25260032
33 0.34 25366528
34 0.33 25788416
35 0.33 25440256
36 0.34 25460736
37 0.34 25821184
38 0.34 25640960
39 0.34 25665536
40 0.35 25640960
41 0.36 26771456
42 0.36 26234880
43 0.34 26210304
44 0.35 26243072
45 0.37 27049984
46 0.41 27156480
47 0.37 26976256
48 0.36 27041792
49 0.4 27308032
50 0.38 27287552
51 0.35 26599424
52 0.35 26640384
53 0.38 27353088
54 0.37 26710016
55 0.36 26750976
56 0.36 26816512
57 0.38 27496448
58 0.37 26923008
59 0.37 27226112
60 0.4 27299840
61 0.39 27750400
62 0.37 27410432
63 0.37 27492352
64 0.36 27127808
65 0.38 27377664
66 0.39 27693056
67 0.37 27209728
68 0.37 27295744
69 0.37 27508736
70 0.37 27332608
71 0.37 27410432
72 0.39 27729920
73 0.37 27897856
74 0.37 27488256
75 0.38 27570176
76 0.39 27648000
77 0.41 28663808
78 0.4 27828224
79 0.38 27893760
80 0.39 28270592
81 0.39 28262400
82 0.39 27893760
83 0.4 28790784
84 0.41 28557312
85 0.41 28442624
86 0.39 28098560
87 0.38 28422144
88 0.41 28659712
89 0.38 28168192
90 0.38 28209152
91 0.4 28958720
92 0.38 28282880
93 0.4 29167616
94 0.39 28532736
95 0.38 28491776
96 0.4 28590080
97 0.39 28561408
98 0.39 28852224
99 0.39 29421568
100 0.42 28921856
101 0.39 28778496
102 0.39 28696576
103 0.4 28839936
104 0.39 28762112
105 0.39 28811264
106 0.4 29208576
107 0.4 28848128
108 0.4 29085696
109 0.4 28930048
110 0.39 29007872
111 0.4 28995584
112 0.4 29134848
113 0.41 29671424
114 0.4 29413376
115 0.4 29163520
116 0.4 29298688
117 0.42 29425664
118 0.43 30097408
119 0.42 30130176
120 0.41 29495296
121 0.4 29609984
122 0.43 29765632
123 0.44 30371840
124 0.41 29659136
125 0.41 29601792
126 0.42 29945856
127 0.42 29904896
128 0.42 30027776
129 0.42 29835264
130 0.43 30007296
131 0.43 29945856
132 0.42 30326784
133 0.42 30212096
134 0.43 30162944
135 0.44 30965760
136 0.45 30916608
137 0.45 30334976
138 0.46 30928896
139 0.42 30220288
140 0.43 30433280
141 0.46 30842880
142 0.45 30457856
143 0.46 30826496
144 0.43 30699520
145 0.43 30588928
146 0.45 30547968
147 0.42 30556160
148 0.45 31014912
149 0.43 30597120
150 0.46 31035392
151 0.46 31551488
152 0.48 31158272
153 0.52 30953472
154 0.47 31752192
155 0.44 31051776
156 0.45 30920704
157 0.46 30994432
158 0.45 31674368
159 0.47 31178752
160 0.45 31080448
161 0.46 31920128
162 0.45 31584256
163 0.45 31199232
164 0.46 31424512
165 0.49 32002048
166 0.48 32043008
167 0.47 31690752
168 0.47 31981568
169 0.47 31580160
170 0.46 31465472
171 0.45 31510528
172 0.45 31911936
173 0.46 31604736
174 0.46 31731712
175 0.52 32620544
176 0.45 31719424
177 0.45 31756288
178 0.46 31825920
179 0.49 32210944
180 0.49 32841728
181 0.47 32751616
182 0.45 31969280
183 0.46 32194560
184 0.46 32276480
185 0.46 32636928
186 0.48 32423936
187 0.5 32657408
188 0.49 32821248
189 0.46 32223232
190 0.46 32256000
191 0.46 32313344
192 0.47 32456704
193 0.48 33173504
194 0.49 33157120
195 0.47 33308672
196 0.48 33402880
197 0.47 32612352
198 0.48 32706560
199 0.48 32940032
200 0.49 32763904
201 0.49 33181696
202 0.49 33472512
203 0.49 32866304
204 0.49 33427456
205 0.47 32976896
206 0.49 33697792
207 0.5 33320960
208 0.47 33079296
209 0.5 33300480
210 0.54 34185216
211 0.5 33636352
212 0.51 34033664
213 0.47 33296384
214 0.49 33357824
215 0.53 34103296
216 0.52 33669120
217 0.49 33669120
218 0.48 33501184
219 0.5 33550336
220 0.48 33591296
221 0.51 33964032
222 0.49 33828864
223 0.49 33726464
224 0.49 33755136
225 0.48 33755136
226 0.51 34045952
227 0.53 34172928
228 0.5 34095104
229 0.48 34181120
230 0.5 34213888
231 0.49 34025472
232 0.5 34267136
233 0.49 34078720
234 0.51 34492416
235 0.5 34172928
236 0.5 34979840
237 0.5 34496512
238 0.5 34521088
239 0.52 34467840
240 0.51 34476032
241 0.51 34443264
242 0.52 35217408
243 0.53 35373056
244 0.5 34574336
245 0.51 34611200
246 0.5 34652160
247 0.51 34783232
248 0.5 34721792
249 0.53 34836480
250 0.51 34807808
251 0.51 35049472
252 0.54 34992128
253 0.54 35078144
254 0.53 35733504
255 0.53 35663872
256 0.53 35373056
257 0.52 35766272
258 0.51 35483648
259 0.53 35528704
260 0.53 35348480
261 0.54 35667968
262 0.55 35667968
263 0.54 36048896
264 0.55 35774464
265 0.54 35586048
266 0.52 35450880
267 0.56 36360192
268 0.54 35835904
269 0.53 35741696
270 0.52 35622912
271 0.52 35631104
272 0.54 35889152
273 0.53 36265984
274 0.57 35987456
275 0.57 36933632
276 0.54 36294656
277 0.55 36184064
278 0.53 36032512
279 0.53 36397056
280 0.54 36474880
281 0.53 36188160
282 0.54 36220928
283 0.55 36352000
284 0.54 36470784
285 0.54 36564992
286 0.54 36757504
287 0.54 36384768
288 0.57 36962304
289 0.56 37101568
290 0.54 36548608
291 0.55 36765696
292 0.54 36630528
293 0.54 36638720
294 0.57 37273600
295 0.57 37175296
296 0.61 37724160
297 0.57 37728256
298 0.56 37511168
299 0.57 37253120
300 0.57 37707776
301 0.57 37429248
302 0.55 37765120
303 0.56 37167104
304 0.56 37175296
305 0.57 37466112
306 0.56 37404672
307 0.56 37851136
308 0.56 37834752
309 0.55 37380096
310 0.55 37441536
311 0.56 37507072
312 0.57 37642240
313 0.56 38256640
314 0.59 38170624
315 0.6 37953536
316 0.59 37642240
317 0.59 38322176
318 0.64 38379520
319 0.61 38035456
320 0.71 38780928
321 0.66 38760448
322 0.63 38719488
323 0.61 38084608
324 0.59 38940672
325 0.58 38318080
326 0.59 38789120
327 0.58 38027264
328 0.58 38477824
329 0.6 38141952
330 0.61 38604800
331 0.63 38924288
332 0.6 39055360
333 0.57 38236160
334 0.58 38350848
335 0.58 38354944
336 0.61 39059456
337 0.61 39194624
338 0.61 38998016
339 0.61 39014400
340 0.58 38522880
341 0.58 38604800
342 0.6 38739968
343 0.6 39256064
344 0.59 38875136
345 0.62 39268352
346 0.59 39010304
347 0.58 39415808
348 0.69 39927808
349 0.6 38977536
350 0.58 39571456
351 0.59 38952960
352 0.58 39100416
353 0.61 39460864
354 0.6 39317504
355 0.6 39985152
356 0.6 39321600
357 0.6 39350272
358 0.64 39747584
359 0.59 39415808
360 0.59 39444480
361 0.6 39800832
362 0.6 40046592
363 0.59 39460864
364 0.6 40706048
365 0.61 41107456
366 0.61 40955904
367 0.62 41570304
368 0.61 40783872
369 0.63 41611264
370 0.62 41578496
371 0.61 41168896
372 0.61 41435136
373 0.61 41091072
374 0.61 41820160
375 0.65 41324544
376 0.61 41095168
377 0.62 41410560
378 0.61 41603072
379 0.62 41431040
380 0.61 41635840
381 0.61 41324544
382 0.61 41467904
383 2.55 41406464
384 0.61 41431040
385 0.62 41480192
386 0.61 41525248
387 0.62 41553920
388 0.62 41607168
389 0.62 41644032
390 0.63 41914368
391 0.62 42102784
392 0.62 41910272
393 0.62 42131456
394 0.63 41963520
395 0.62 41869312
396 0.62 41914368
397 0.63 42307584
398 0.62 42024960
399 0.62 42057728
400 0.62 42086400
401 0.62 42217472
402 0.63 42172416
403 0.65 42516480
404 0.68 42582016
405 0.62 42291200
406 0.64 42754048
407 0.63 42360832
408 0.64 42733568
409 0.64 42496000
410 0.65 42512384
411 0.64 42586112
412 0.64 42598400
413 0.64 42618880
414 0.63 42700800
415 0.64 43040768
416 0.64 43220992
417 0.65 43520000
418 0.65 43016192
419 0.64 42885120
420 0.64 42926080
421 0.65 42971136
422 0.64 43008000
423 0.65 43036672
424 0.64 43077632
425 0.65 43130880
426 0.65 43409408
427 0.65 43397120
428 0.64 43196416
429 0.65 43286528
430 0.65 43270144
431 0.66 43503616
432 0.65 43474944
433 0.66 43814912
434 0.66 43474944
435 0.65 43634688
436 0.65 43569152
437 0.66 43614208
438 0.66 43696128
439 0.65 43692032
440 0.67 43827200
441 0.66 43728896
442 0.67 43991040
443 0.67 43835392
444 0.65 43880448
445 0.66 43925504
446 0.66 44032000
447 0.67 44089344
448 0.65 44036096
449 0.67 44793856
450 0.68 44195840
451 0.67 44163072
452 0.66 44523520
453 0.66 44240896
454 0.67 44462080
455 0.67 44613632
456 0.67 44355584
457 0.69 44781568
458 0.67 44957696
459 0.68 45019136
460 0.67 44519424
461 0.67 44560384
462 0.67 44601344
463 0.68 45187072
464 0.68 44810240
465 0.68 45133824
466 0.69 45170688
467 0.7 45236224
468 0.74 44994560
469 0.68 44875776
470 0.8 45117440
471 0.76 45285376
472 0.74 45813760
473 0.73 45305856
474 0.75 45252608
475 0.73 45199360
476 0.74 45932544
477 0.7 45383680
478 0.7 45629440
479 0.72 45481984
480 0.71 45629440
481 0.72 45723648
482 0.7 45744128
483 0.69 45510656
484 0.69 45580288
485 0.7 45674496
486 0.7 45699072
487 0.7 45813760
488 0.71 46055424
489 0.72 45924352
490 0.7 46608384
491 0.73 46825472
492 0.7 45940736
493 0.72 46125056
494 0.7 46112768
495 0.74 46166016
496 0.76 46235648
497 0.73 46436352
498 0.74 46800896
499 0.75 46809088
500 0.75 46485504
501 0.79 46960640
502 0.7 46325760
503 0.79 46923776
504 0.76 46596096
505 0.74 47046656
506 0.79 47386624
507 0.73 46755840
508 0.74 46698496
509 0.74 46813184
510 0.73 46891008
511 0.74 47157248
512 0.75 46784512
513 0.78 47063040
514 0.74 47005696
515 0.74 47181824
516 0.73 46948352
517 0.72 47013888
518 0.73 47349760
519 0.72 47235072
520 0.74 47951872
521 0.72 47362048
522 0.72 47378432
523 0.75 47894528
524 0.73 47697920
525 0.73 47783936
526 0.73 47661056
527 0.73 47497216
528 0.73 47640576
529 0.74 47693824
530 0.74 47706112
531 0.74 47886336
532 0.79 47878144
533 0.73 47939584
534 0.75 48001024
535 0.73 47919104
536 0.75 48054272
537 0.74 47996928
538 0.74 48013312
539 0.74 48144384
540 0.75 48500736
541 0.74 48148480
542 0.74 48173056
543 0.74 48209920
544 0.74 48156672
545 0.75 48369664
546 0.75 48369664
547 0.75 48500736
548 0.75 48414720
549 0.75 48517120
550 0.76 48640000
551 0.77 48820224
552 0.76 48533504
553 0.76 48754688
554 0.75 48680960
555 0.76 48779264
556 0.76 49446912
557 0.75 48791552
558 0.76 48893952
559 0.76 48873472
560 0.77 48902144
561 0.78 49680384
562 0.81 49098752
563 0.77 48988160
564 0.77 49057792
565 0.79 49172480
566 0.77 49238016
567 0.78 49311744
568 0.84 49684480
569 0.87 50139136
570 0.81 49479680
571 0.8 49401856
572 0.86 49917952
573 0.85 50012160
574 0.82 50479104
575 0.8 49917952
576 0.89 49733632
577 0.8 49721344
578 0.81 49758208
579 0.84 50405376
580 0.78 49741824
581 0.8 50024448
582 0.79 49946624
583 0.78 49975296
584 0.79 49999872
585 0.78 50335744
586 0.78 50073600
587 0.79 50024448
588 0.8 50343936
589 0.79 50515968
590 0.82 50253824
591 0.82 50401280
592 0.83 50274304
593 0.82 50368512
594 0.8 50487296
595 0.82 50733056
596 0.81 50503680
597 0.84 50667520
598 0.82 50540544
599 0.82 51142656
600 0.81 51060736
601 0.79 50593792
602 0.8 50855936
603 0.8 50794496
604 0.81 51068928
605 0.81 50917376
606 0.81 50925568
607 0.81 50950144
608 0.82 51605504
609 0.8 50925568
610 0.8 51052544
611 0.81 50991104
612 0.82 51085312
613 0.8 50950144
614 0.82 51490816
615 0.84 51544064
616 0.83 51339264
617 0.83 51855360
618 0.81 51388416
619 0.83 51994624
620 0.83 51322880
621 0.85 51556352
622 0.81 51376128
623 0.85 52310016
624 0.87 52371456
625 0.9 51658752
626 0.84 51707904
627 0.83 51798016
628 0.86 52101120
629 0.87 51970048
630 0.88 51855360
631 0.87 52465664
632 0.83 51965952
633 0.82 52027392
634 0.83 52338688
635 0.85 52641792
636 0.86 52088832
637 0.83 52789248
638 0.82 52133888
639 0.84 52621312
640 0.84 52588544
641 0.85 52518912
642 0.87 52736000
643 0.87 52502528
644 0.91 52432896
645 0.87 52527104
646 0.89 52867072
647 0.9 52953088
648 0.86 52719616
649 0.85 53080064
650 0.87 52875264
651 0.85 52658176
652 0.85 52781056
653 0.85 52883456
654 0.89 53415936
655 0.87 53477376
656 0.86 52961280
657 0.88 52924416
658 0.86 53358592
659 0.84 53088256
660 0.83 53014528
661 0.84 53055488
662 0.85 53116928
663 0.85 53489664
664 0.85 53329920
665 0.85 53215232
666 0.88 53362688
667 0.85 53354496
668 0.85 53571584
669 0.86 53460992
670 0.87 53514240
671 0.86 53592064
672 0.86 53837824
673 0.9 54018048
674 0.88 53952512
675 0.9 54075392
676 0.88 53768192
677 0.86 53760000
678 0.87 53809152
679 0.88 54210560
680 0.89 53854208
681 0.9 54054912
682 0.88 54693888
683 0.86 53993472
684 0.86 53911552
685 0.88 54403072
686 0.88 54620160
687 0.94 54292480
688 0.87 54550528
689 0.93 54681600
690 0.9 54652928
691 0.86 54181888
692 0.88 54702080
693 0.87 54632448
694 0.89 54542336
695 0.92 54603776
696 0.87 54824960
697 0.88 54857728
698 0.89 55136256
699 0.93 54763520
700 0.91 55058432
701 0.91 55132160
702 0.87 54988800
703 0.9 54923264
704 0.96 55369728
705 0.93 55218176
706 0.89 55345152
707 0.89 55111680
708 0.9 55816192
709 0.89 55062528
710 0.91 55836672
711 0.9 55259136
712 0.91 55279616
713 0.94 56233984
714 0.93 55836672
715 0.94 55365632
716 0.94 56107008
717 0.91 55754752
718 0.93 56446976
719 0.97 55726080
720 0.89 55386112
721 0.92 55607296
722 1.0 55902208
723 0.94 56201216
724 0.91 55676928
725 0.92 55672832
726 0.92 56320000
727 0.94 56127488
728 0.95 56061952
729 0.95 55996416
730 1.02 56401920
731 0.93 56741888
732 0.91 56188928
733 0.91 56115200
734 0.92 56209408
735 0.92 56188928
736 0.93 56336384
737 0.92 56283136
738 0.95 56901632
739 0.91 56295424
740 0.91 56254464
741 0.9 56250368
742 0.9 57192448
743 0.94 56721408
744 1.04 56807424
745 1.0 56750080
746 1.05 57044992
747 0.99 57446400
748 1.04 57360384
749 0.95 57126912
750 0.9 56668160
751 0.9 56807424
752 0.94 56975360
753 0.91 56897536
754 0.92 57012224
755 0.93 57462784
756 0.93 57389056
757 0.92 57184256
758 0.92 57159680
759 0.94 57888768
760 0.92 57540608
761 0.94 57556992
762 1.02 57327616
763 1.0 57430016
764 0.97 57643008
765 0.97 57962496
766 0.91 57425920
767 1.01 58335232
768 1.05 58253312
769 1.01 57909248
770 1.0 57819136
771 0.92 57614336
772 0.97 57765888
773 1.0 58269696
774 1.09 57876480
775 1.04 58277888
776 0.95 57962496
777 1.01 58040320
778 1.06 58236928
779 1.02 58515456
780 0.96 58163200
781 1.06 58331136
782 1.14 58626048
783 1.09 58540032
784 1.06 58888192
785 0.94 58023936
786 0.99 58793984
787 1.03 58363904
788 0.96 58314752
789 0.95 58363904
790 0.95 58519552
791 0.97 58576896
792 0.95 58601472
793 0.95 59269120
794 0.95 58818560
795 0.94 58568704
796 0.93 58646528
797 0.95 58687488
798 0.96 58802176
799 0.96 58949632
800 0.94 58843136