1 0.0183 5345280
2 0.0146 5308416
3 0.0156 5349376
4 0.0147 5357568
5 0.0159 5328896
6 0.0151 5332992
7 0.0149 5332992
8 0.0151 5382144
9 0.0151 5341184
10 0.0159 5345280
11 0.0149 5353472
12 0.0156 5365760
13 0.0151 5382144
14 0.0158 5390336
15 0.0152 5398528
16 0.0157 5406720
17 0.0153 5406720
18 0.0154 5459968
19 0.0156 5431296
20 0.0154 5439488
21 0.0197 5480448
22 0.0194 5492736
23 0.0157 5464064
24 0.0158 5517312
25 0.0158 5484544
26 0.0159 5509120
27 0.0161 5509120
28 0.0159 5517312
29 0.0162 5545984
30 0.0166 5550080
31 0.0167 5591040
32 0.0165 5562368
33 0.0204 5619712
34 0.0166 5599232
35 0.0166 5603328
36 0.0173 5652480
37 0.0169 5623808
38 0.0171 5681152
39 0.0169 5664768
40 0.0177 5722112
41 0.0168 5677056
42 0.018 5730304
43 0.0171 5701632
44 0.0172 5713920
45 0.0173 5734400
46 0.0175 5746688
47 0.0175 5763072
48 0.0223 5808128
49 0.018 5791744
50 0.0178 5804032
51 0.0187 5824512
52 0.0182 5836800
53 0.0186 5857280
54 0.0182 5869568
55 0.0184 5922816
56 0.0226 5959680
57 0.0183 5922816
58 0.0193 5963776
59 0.0231 5988352
60 0.0189 5976064
61 0.0191 5996544
62 0.0194 6012928
63 0.0194 6078464
64 0.0235 6098944
65 0.0194 6090752
66 0.0194 6103040
67 0.0205 6160384
68 0.0197 6139904
69 0.0241 6213632
70 0.0241 6217728
71 0.0244 6238208
72 0.021 6266880
73 0.0204 6246400
74 0.0206 6258688
75 0.0207 6287360
76 0.0208 6307840
77 0.0216 6365184
78 0.021 6365184
79 0.0212 6393856
80 0.0267 6447104
81 0.0216 6471680
82 0.0258 6488064
83 0.022 6492160
84 0.0265 6520832
85 0.022 6520832
86 0.0225 6557696
87 0.0221 6561792
88 0.0226 6598656
89 0.0224 6606848
90 0.0227 6672384
91 0.0268 6684672
92 0.0275 6717440
93 0.0241 6717440
94 0.0273 6766592
95 0.0235 6758400
96 0.0249 6778880
97 0.0237 6811648
98 0.027 6914048
99 0.0281 6877184
100 0.0246 6905856
101 0.0244 6901760
102 0.0244 6926336
103 0.0244 6955008
104 0.0249 6983680
105 0.026 7008256
106 0.0254 7024640
107 0.0304 7098368
108 0.0253 7081984
109 0.0258 7151616
110 0.0255 7155712
111 0.0265 7180288
112 0.026 7204864
113 0.0259 7229440
114 0.0307 7278592
115 0.0264 7274496
116 0.0271 7307264
117 0.0268 7340032
118 0.0271 7360512
119 0.0278 7385088
120 0.0288 7446528
121 0.028 7442432
122 0.0281 7507968
123 0.0277 7499776
124 0.0284 7536640
125 0.0329 7651328
126 0.0328 7663616
127 0.0328 7692288
128 0.0296 7778304
129 0.0336 7778304
130 0.0292 7766016
131 0.0293 7794688
132 0.0293 7847936
133 0.0299 7872512
134 0.0299 7901184
135 0.0299 7958528
136 0.0301 7970816
137 0.0306 8011776
138 0.0306 8085504
139 0.0308 8081408
140 0.0363 8151040
141 0.0321 8196096
142 0.0343 8310784
143 0.0366 8261632
144 0.0358 8306688
145 0.0323 8318976
146 0.0327 8347648
147 0.0337 8392704
148 0.0333 8421376
149 0.0334 8458240
150 0.033 8499200
151 0.0377 8564736
152 0.0382 8609792
153 0.0341 8605696
154 0.0338 8630272
155 0.0345 8663040
156 0.0356 8708096
157 0.0351 8744960
158 0.0354 8777728
159 0.0352 8822784
160 0.0355 8855552
161 0.0366 8912896
162 0.0401 9027584
163 0.0362 8982528
164 0.0371 9003008
165 0.0403 9158656
166 0.0363 9080832
167 0.0372 9129984
168 0.0406 9273344
169 0.038 9211904
170 0.0389 9248768
171 0.0381 9297920
172 0.0386 9359360
173 0.0387 9371648
174 0.0441 9502720
175 0.0389 9433088
176 0.0396 9469952
177 0.0393 9494528
178 0.0428 9601024
179 0.0403 9588736
180 0.0444 9674752
181 0.0401 9658368
182 0.0404 9674752
183 0.049 9879552
184 0.0416 9785344
185 0.041 9773056
186 0.0417 9854976
187 0.0422 9863168
188 0.0465 9961472
189 0.0423 9945088
190 0.0426 9994240
191 0.0473 10076160
192 0.0429 10080256
193 0.0467 10158080
194 0.0438 10170368
195 0.0437 10219520
196 0.0447 10244096
197 0.0445 10297344
198 0.0444 10395648
199 0.0447 10395648
200 0.0492 10481664
201 0.0491 10522624
202 0.0463 10559488
203 0.0501 10584064
204 0.0458 10633216
205 0.0467 10661888
206 0.0507 10735616
207 0.0466 10764288
208 0.0475 10817536
209 0.0476 10858496
210 0.0476 10899456
211 0.0524 11128832
212 0.0485 11038720
213 0.0535 11116544
214 0.0498 11083776
215 0.0489 11157504
216 0.0487 11206656
217 0.0494 11235328
218 0.0495 11321344
219 0.0502 11382784
220 0.051 11403264
221 0.0514 11448320
222 0.0512 11563008
223 0.0512 11591680
224 0.0517 11640832
225 0.0517 11694080
226 0.0528 11759616
227 0.0527 11816960
228 0.0564 11898880
229 0.053 11927552
230 0.0595 11972608
231 0.0576 12062720
232 0.0578 12144640
233 0.0586 12161024
234 0.0629 12242944
235 0.0647 12288000
236 0.0548 12320768
237 0.0573 12402688
238 0.0898 12406784
239 0.0573 12468224
240 0.0558 12509184
241 0.0943 12673024
242 0.0568 12615680
243 0.062 12775424
244 0.0575 12722176
245 0.0579 12804096
246 0.0618 12865536
247 0.0608 12845056
248 0.063 12967936
249 0.0659 12963840
250 0.0616 12980224
251 0.0608 13152256
252 0.0634 13189120
253 0.0651 13303808
254 0.0608 13291520