1 0.0193 5820416
2 0.0167 5840896
3 0.0168 5844992
4 0.0158 5820416
5 0.0177 5840896
6 0.0158 5853184
7 0.0179 5853184
8 0.0193 5840896
9 0.0177 5881856
10 0.016 5849088
11 0.0156 5812224
12 0.2233 5885952
13 0.0156 5857280
14 0.0175 5849088
15 0.0195 5836800
16 0.0214 5857280
17 0.0167 5877760
18 0.0162 5861376
19 0.0159 5853184
20 0.0205 5914624
21 0.0168 5873664
22 0.0171 5861376
23 0.0162 5853184
24 0.0161 5873664
25 0.0181 5865472
26 0.0166 5881856
27 0.0168 5910528
28 0.0167 5844992
29 0.0201 5881856
30 0.0202 5840896
31 0.0171 5885952
32 0.2175 5885952
33 0.0194 5877760
34 0.0162 5869568
35 0.0188 5877760
36 0.0214 5902336
37 0.0178 5849088
38 0.0171 5873664
39 0.0159 5906432
40 0.019 5898240
41 0.017 5885952
42 0.018 5844992
43 0.0171 5873664
44 0.0194 5881856
45 0.0177 5865472
46 0.0173 5836800
47 0.0184 5902336
48 0.0172 5861376
49 0.0197 5906432
50 0.0183 5894144
51 0.0189 5853184
52 0.2444 5877760
53 0.016 5877760
54 0.0198 5902336
55 0.0204 5910528
56 0.0178 5869568
57 0.019 5865472
58 0.0172 5873664
59 0.0159 5881856
60 0.018 5894144
61 0.0185 5898240
62 0.0175 5894144
63 0.0159 5873664
64 0.0181 5910528
65 0.016 5877760
66 0.0194 5914624
67 0.018 5926912
68 0.0178 5861376
69 0.0182 5877760
70 0.0183 5902336
71 0.0188 5926912
72 0.217 5918720
73 0.016 5849088
74 0.0189 5951488
75 0.0162 5890048
76 0.0207 5951488
77 0.0202 5869568
78 0.0189 5877760
79 0.018 5906432
80 0.0201 5922816
81 0.0177 5906432
82 0.0174 5849088
83 0.0188 5894144
84 0.0183 5890048
85 0.0174 5885952
86 0.0171 5914624
87 0.0187 5906432
88 0.0162 5853184
89 0.0189 5885952
90 0.0197 5906432
91 0.0213 5914624
92 0.2183 5935104
93 0.0203 5910528
94 0.0181 5947392
95 0.0227 5935104
96 0.0216 5902336
97 0.0209 5922816
98 0.0196 5914624
99 0.0211 5926912
100 0.0176 5890048
101 0.0192 5894144
102 0.0163 5910528
103 0.0163 5906432
104 0.0214 5926912
105 0.018 5922816
106 0.0215 5881856
107 0.0165 5869568
108 0.0205 5894144
109 0.0201 5931008
110 0.0163 5881856
111 0.0173 5902336
112 0.2226 5881856
113 0.0164 5910528
114 0.0189 5902336
115 0.0204 5935104
116 0.0213 5922816
117 0.0163 5873664
118 0.019 5963776
119 0.0175 5906432
120 0.0195 5922816
121 0.0169 5910528
122 0.0208 5902336
123 0.0217 5890048
124 0.0219 5906432
125 0.0209 5906432
126 0.0173 5914624
127 0.017 5918720
128 0.017 5935104
129 0.0218 5918720
130 0.0199 5955584
131 0.0175 5947392
132 0.2323 5947392
133 0.0254 5931008
134 0.028 5902336
135 0.0267 5971968
136 0.0222 5922816
137 0.0176 5955584
138 0.0187 5935104
139 0.0175 5926912
140 0.0209 5894144
141 0.0198 5935104
142 0.0182 5898240
143 0.0216 5955584
144 0.0215 5947392
145 0.0181 5877760
146 0.019 5963776
147 0.0228 5984256
148 0.0193 5980160
149 0.0191 5902336
150 0.2303 5935104
151 0.0175 5926912
152 0.0218 5898240
153 0.0186 5914624
154 0.021 5906432
155 0.0213 5939200
156 0.0167 5918720
157 0.0227 5951488
158 0.0177 5922816
159 0.0215 5980160
160 0.018 5914624
161 0.0201 5902336
162 0.0206 5943296
163 0.0204 5902336
164 0.0179 5918720
165 0.0204 5988352
166 0.021 5931008
167 0.0196 5984256
168 0.0205 5918720
169 0.0166 5898240
170 0.2205 5935104
171 0.0219 5943296
172 0.0207 5967872
173 0.0216 5963776
174 0.0201 5926912
175 0.0211 5939200
176 0.0172 5926912
177 0.0191 5926912
178 0.0195 5971968
179 0.0173 5963776
180 0.0222 5951488
181 0.0215 5931008
182 0.0207 5971968
183 0.0176 5914624
184 0.0196 5926912
185 0.0205 5996544
186 0.0211 5947392
187 0.0192 6000640
188 0.0212 5931008
189 0.0218 5943296
190 0.0189 5947392
191 0.0213 5935104
192 0.0207 5967872
193 0.0198 5926912
194 0.0202 5967872
195 0.021 5935104
196 0.0216 5955584
197 0.0212 5935104
198 0.0197 5939200
199 0.0177 5906432
200 0.0188 5947392
201 0.0175 5943296
202 0.0214 5931008
203 0.0183 5943296
204 0.0177 5931008
205 0.0206 6008832
206 0.021 5963776
207 0.0213 6004736
208 0.0222 5980160
209 0.0227 5951488
210 0.0215 6017024
211 0.0179 5939200
212 0.018 5955584
213 0.0225 6017024
214 0.0191 5976064
215 0.0178 5951488
216 0.0215 5971968
217 0.0178 5939200
218 0.0173 5947392
219 0.0225 6008832
220 0.0208 5947392
221 0.0192 5967872
222 0.0195 5955584
223 0.0208 5959680
224 0.0213 5955584
225 0.0173 5918720
226 0.0213 5988352
227 0.0187 5976064
228 0.0193 5959680
229 0.0218 5967872
230 0.0211 5955584
231 0.0222 5992448
232 0.0213 5971968
233 0.0197 5943296
234 0.018 5926912
235 0.0188 5976064
236 0.0182 5984256
237 0.0199 5939200
238 0.0211 5959680
239 0.02 5947392
240 0.0205 6004736
241 0.0216 5992448
242 0.0194 5963776
243 0.0188 5996544
244 0.021 5976064
245 0.0202 5971968
246 0.0226 5976064
247 0.02 5955584
248 0.0247 6037504
249 0.0206 5955584
250 0.0204 5996544
251 0.0232 6025216
252 0.0187 5971968
253 0.0207 5951488
254 0.0186 5967872
255 0.0204 5935104
256 0.0194 5988352
257 0.023 6000640
258 0.0196 5988352
259 0.0214 5963776
260 0.0194 5926912
261 0.0208 6017024
262 0.0235 6033408
263 0.023 5996544
264 0.0196 5976064
265 0.0202 5963776
266 0.0211 5988352
267 0.022 5963776
268 0.0203 5992448
269 0.02 5971968
270 0.0223 5963776
271 0.0231 5988352
272 0.0205 5988352
273 0.0189 5926912
274 0.0228 5988352
275 0.02 6017024
276 0.0186 5959680
277 0.0199 5959680
278 0.0224 6017024
279 0.0235 6000640
280 0.02 5971968
281 0.0208 5955584
282 0.021 6008832
283 0.0205 5976064
284 0.0193 5996544
285 0.0231 5959680
286 0.0302 6053888
287 0.0317 6029312
288 0.0281 6037504
289 0.0277 6029312
290 0.0182 5943296
291 0.0247 6062080
292 0.0211 6008832
293 0.0204 6012928
294 0.0219 6033408
295 0.0232 6049792
296 0.0215 5976064
297 0.0218 6008832
298 0.0208 6004736
299 0.0191 5984256
300 0.0216 6037504
301 0.0212 6029312
302 0.0187 5996544
303 0.0243 6062080
304 0.0241 6017024
305 0.0269 6041600
306 0.032 6049792
307 0.0238 6000640
308 0.0182 5959680
309 0.0251 6029312
310 0.0325 6012928
311 0.0194 5988352
312 0.0224 6070272
313 0.0217 6033408
314 0.0238 5992448
315 0.02 6053888
316 0.022 6029312
317 0.0197 5988352
318 0.0245 6008832
319 0.0187 6012928
320 0.0222 6000640
321 0.0203 5988352
322 0.023 6021120
323 0.0232 6066176
324 0.0181 6021120
325 0.0257 6017024
326 0.0232 6066176
327 0.0196 6008832
328 0.0184 5992448
329 0.0215 6025216
330 0.0196 6021120
331 0.0221 6012928
332 0.0299 6070272
333 0.0233 6090752
334 0.0181 5996544
335 0.0191 5996544
336 0.023 6037504
337 0.0214 6037504
338 0.0201 6041600
339 0.0236 6037504
340 0.02 6029312
341 0.0199 6053888
342 0.0235 6037504
343 0.0203 6021120
344 0.0195 6049792
345 0.0237 6062080
346 0.0245 6037504
347 0.0199 6053888
348 0.0191 6004736
349 0.0196 6053888
350 0.0247 6057984
351 0.0221 6017024
352 0.0226 6045696
353 0.0218 6033408
354 0.0236 6066176
355 0.0189 6000640
356 0.0218 6033408
357 0.0193 6033408
358 0.0252 6074368
359 0.0211 6074368
360 0.0231 6045696
361 0.0233 6066176
362 0.0224 6086656
363 0.0196 6029312
364 0.0233 6008832
365 0.0244 6082560
366 0.024 6033408
367 0.0197 5992448
368 0.0202 6045696
369 0.0247 6057984
370 0.0195 6029312
371 0.0207 6037504
372 0.0187 6029312
373 0.019 6008832
374 0.0219 6045696
375 0.0236 6053888
376 0.0207 6086656
377 0.0207 6070272
378 0.0208 6033408
379 0.0243 6053888
380 0.0212 6049792
381 0.0247 6086656
382 0.02 6017024
383 0.0238 6057984
384 0.0212 6062080
385 0.0226 6029312
386 0.0236 6062080
387 0.0222 6037504
388 0.0256 6066176
389 0.0203 6049792
390 0.0202 6008832
391 0.0237 6041600
392 0.02 6029312
393 0.0214 6074368
394 0.0244 6094848
395 0.0194 6008832
396 0.0247 6041600
397 0.0235 6033408
398 0.0195 6008832
399 0.0213 6066176
400 0.023 6045696
401 0.0225 6062080
402 0.023 6049792
403 0.0206 6012928
404 0.0211 6131712
405 0.0212 6049792
406 0.021 6045696
407 0.0212 6062080
408 0.0193 6049792
409 0.022 6045696
410 0.0216 6045696
411 0.0251 6070272
412 0.0288 6090752
413 0.02 6033408
414 0.0222 6103040
415 0.0224 6086656
416 0.0268 6086656
417 0.0226 6086656
418 0.0656 6070272
419 0.0202 6062080
420 0.0322 6053888
421 0.0271 6127616
422 0.0222 6025216
423 0.0258 6070272
424 0.0233 6053888
425 0.0212 6090752
426 0.0224 6078464
427 0.0246 6086656
428 0.0192 6062080
429 0.0204 6053888
430 0.0242 6074368
431 0.0213 6057984
432 0.0195 6062080
433 0.0213 6086656
434 0.0249 6090752
435 0.0216 6062080
436 0.0216 6078464
437 0.0215 6057984
438 0.022 6062080
439 0.0198 6041600
440 0.0205 6094848
441 0.0222 6086656
442 0.0233 6094848
443 0.0221 6049792
444 0.0211 6094848
445 0.0214 6082560
446 0.0216 6098944
447 0.0253 6074368
448 0.0208 6053888
449 0.0244 6098944
450 0.0215 6152192
451 0.0206 6090752
452 0.0202 6094848
453 0.0215 6135808
454 0.0248 6074368
455 0.0235 6078464
456 0.0241 6090752
457 0.0217 6098944
458 0.0242 6115328
459 0.0343 6139904
460 0.0282 6139904
461 0.0322 6144000
462 0.0371 6111232
463 0.0285 6098944
464 0.0283 6152192
465 0.0302 6086656
466 0.0294 6090752
467 0.0322 6082560
468 0.0325 6082560
469 0.0291 6144000
470 0.027 6090752
471 0.0277 6119424
472 0.0309 6115328
473 0.0324 6119424
474 0.0249 6139904
475 0.0223 6086656
476 0.0242 6078464
477 0.0202 6041600
478 0.0264 6172672
479 0.0239 6086656
480 0.0245 6123520
481 0.0215 6152192
482 0.0261 6148096
483 0.022 6144000
484 0.0216 6074368
485 0.0224 6082560
486 0.0225 6197248
487 0.0228 6119424
488 0.0222 6119424
489 0.0199 6045696
490 0.0243 6139904
491 0.0226 6144000
492 0.0225 6078464
493 0.0215 6127616
494 0.0232 6148096
495 0.0221 6123520
496 0.0203 6127616
497 0.0214 6066176
498 0.0215 6139904
499 0.0258 6144000
500 0.0256 6156288
501 0.0253 6103040
502 0.0256 6090752
503 0.0254 6103040
504 0.0243 6103040
505 0.0206 6098944
506 0.0222 6090752
507 0.0234 6135808
508 0.0215 6090752
509 0.0212 6090752
510 0.0241 6119424
511 0.0242 6123520
512 0.0213 6082560
513 0.0222 6144000
514 0.0228 6103040
515 0.0215 6168576
516 0.0233 6119424
517 0.0207 6127616
518 0.0214 6098944
519 0.0249 6098944
520 0.0233 6152192
521 0.0208 6123520
522 0.0258 6135808
523 0.0202 6082560
524 0.021 6098944
525 0.0208 6086656
526 0.027 6156288
527 0.0219 6053888
528 0.0293 6131712
529 0.0375 6160384
530 0.0315 6148096
531 0.0333 6156288
532 0.0413 6172672
533 0.0282 6131712
534 0.0234 6135808
535 0.0242 6078464
536 0.0255 6119424
537 0.0225 6103040
538 0.0217 6098944
539 0.0237 6156288
540 0.0273 6062080
541 0.0296 6144000
542 0.0289 6160384
543 0.0343 6176768
544 0.0339 6156288
545 0.0285 6062080
546 0.0251 6164480
547 0.0239 6144000
548 0.021 6107136
549 0.0246 6148096
550 0.0205 6078464
551 0.0211 6103040
552 0.0215 6119424
553 0.0226 6168576
554 0.0216 6098944
555 0.0217 6123520
556 0.023 6135808
557 0.0294 6139904
558 0.026 6119424
559 0.0247 6111232
560 0.0201 6111232
561 0.0288 6094848
562 0.0203 6111232
563 0.0274 6119424
564 0.0254 6144000
565 0.0267 6098944
566 0.0209 6107136
567 0.0216 6164480
568 0.0216 6111232
569 0.0248 6082560
570 0.0272 6135808
571 0.0271 6164480
572 0.0209 6135808
573 0.0204 6115328
574 0.0229 6107136
575 0.0258 6180864
576 0.0226 6115328
577 0.0237 6172672
578 0.0206 6127616
579 0.0209 6115328
580 0.025 6193152
581 0.0222 6127616
582 0.0203 6127616
583 0.0217 6189056
584 0.0206 6082560
585 0.0256 6176768
586 0.022 6148096
587 0.0205 6127616
588 0.0211 6139904
589 0.0234 6131712
590 0.0266 6164480
591 0.021 6127616
592 0.0259 6119424
593 0.0223 6127616
594 0.0232 6131712
595 0.028 6201344
596 0.024 6160384
597 0.0221 6152192
598 0.0287 6111232
599 0.026 6189056
600 0.0216 6131712
601 0.0273 6164480
602 0.0222 6094848
603 0.0218 6127616
604 0.0243 6115328
605 0.023 6119424
606 0.0253 6119424
607 0.021 6156288
608 0.0231 6119424
609 0.0273 6148096
610 0.0267 6246400
611 0.0233 6127616
612 0.0207 6144000
613 0.0232 6139904
614 0.0209 6148096
615 0.0277 6176768
616 0.0226 6221824
617 0.0251 6172672
618 0.0265 6156288
619 0.0274 6156288
620 0.0253 6139904
621 0.0235 6172672
622 0.0275 6156288
623 0.0208 6094848
624 0.0248 6225920
625 0.0212 6094848
626 0.0263 6221824
627 0.0217 6131712
628 0.0257 6107136
629 0.0209 6144000
630 0.0253 6135808
631 0.0252 6180864
632 0.0255 6209536
633 0.0245 6168576
634 0.0234 6152192
635 0.027 6156288
636 0.0269 6201344
637 0.0258 6189056
638 0.025 6180864
639 0.0252 6217728
640 0.0241 6144000
641 0.0234 6180864
642 0.0264 6152192
643 0.0259 6209536
644 0.0284 6275072
645 0.0215 6189056
646 0.0258 6189056
647 0.0232 6123520
648 0.026 6225920
649 0.0247 6139904
650 0.0216 6172672
651 0.0256 6238208
652 0.0271 6221824
653 0.0261 6217728
654 0.0265 6184960
655 0.0241 6205440
656 0.0226 6144000
657 0.021 6152192
658 0.0236 6152192
659 0.0253 6184960
660 0.0208 6107136
661 0.0269 6291456
662 0.0215 6107136
663 0.0226 6135808
664 0.0211 6107136
665 0.0265 6184960
666 0.0267 6144000
667 0.0211 6148096
668 0.0262 6238208
669 0.0215 6168576
670 0.0241 6148096
671 0.0236 6258688
672 0.026 6246400
673 0.0269 6148096
674 0.0252 6197248
675 0.0217 6184960
676 0.0259 6148096
677 0.023 6164480
678 0.0214 6213632
679 0.0267 6184960
680 0.021 6164480
681 0.0254 6209536
682 0.0244 6193152
683 0.0217 6225920
684 0.025 6144000
685 0.026 6160384
686 0.025 6176768
687 0.0273 6266880
688 0.031 6189056
689 0.0254 6230016
690 0.0253 6156288
691 0.0263 6221824
692 0.0284 6320128
693 0.0219 6164480
694 0.0221 6164480
695 0.0225 6193152
696 0.0269 6172672
697 0.0222 6205440
698 0.0211 6172672
699 0.0278 6225920
700 0.0267 6225920
701 0.0265 6258688
702 0.0228 6197248
703 0.0272 6201344
704 0.0232 6230016
705 0.0251 6205440
706 0.0239 6217728
707 0.0259 6168576
708 0.0216 6139904
709 0.024 6217728
710 0.0268 6213632
711 0.0243 6217728
712 0.0229 6168576
713 0.0232 6172672
714 0.0218 6139904
715 0.0214 6139904
716 0.0286 6246400
717 0.0301 6262784
718 0.0283 6221824
719 0.0242 6184960
720 0.0215 6172672
721 0.0258 6201344
722 0.0267 6254592
723 0.0224 6344704
724 0.0276 6311936
725 0.0219 6217728
726 0.0242 6234112
727 0.0257 6180864
728 0.0268 6180864
729 0.0233 6238208
730 0.0236 6209536
731 0.0274 6230016
732 0.0229 6201344
733 0.0227 6209536
734 0.0278 6238208
735 0.0216 6213632
736 0.0233 6225920
737 0.0254 6209536
738 0.0234 6225920
739 0.0273 6221824
740 0.0246 6262784
741 0.0227 6303744
742 0.0251 6283264
743 0.0244 6209536
744 0.0233 6193152
745 0.0276 6225920
746 0.0254 6250496
747 0.0265 6246400
748 0.0233 6201344
749 0.0303 6250496
750 0.0286 6193152
751 0.0276 6225920
752 0.0281 6295552
753 0.0223 6193152
754 0.0284 6221824
755 0.0244 6242304
756 0.0226 6234112
757 0.0264 6266880
758 0.0237 6189056
759 0.027 6225920
760 0.022 6189056
761 0.0247 6176768
762 0.0247 6213632
763 0.0266 6230016
764 0.0298 6197248
765 0.0256 6262784
766 0.0223 6209536
767 0.0263 6270976
768 0.0239 6283264
769 0.0215 6180864
770 0.0267 6230016
771 0.0266 6311936
772 0.0231 6217728
773 0.0313 6270976
774 0.0257 6254592
775 0.0234 6258688
776 0.022 6193152
777 0.0234 6221824
778 0.0237 6221824
779 0.0222 6221824
780 0.0278 6234112
781 0.0262 6217728
782 0.0218 6180864
783 0.0246 6258688
784 0.0269 6270976
785 0.029 6361088
786 0.0219 6230016
787 0.0251 6238208
788 0.0262 6344704
789 0.0276 6340608
790 0.022 6234112
791 0.0251 6266880
792 0.0264 6258688
793 0.0221 6221824
794 0.0271 6238208
795 0.0269 6221824
796 0.0278 6287360
797 0.0266 6221824
798 0.0231 6221824
799 0.0275 6316032
800 0.0288 6283264
801 0.0246 6283264
802 0.0226 6266880
803 0.0247 6221824
804 0.0268 6295552
805 0.0282 6262784
806 0.0286 6275072
807 0.0289 6262784
808 0.0228 6230016
809 0.0225 6230016
810 0.0248 6262784
811 0.0286 6242304
812 0.0256 6246400
813 0.0263 6287360
814 0.0266 6225920
815 0.0267 6246400
816 0.0251 6234112
817 0.0384 6291456
818 0.0268 6340608
819 0.0255 6365184
820 0.0276 6291456
821 0.0235 6225920
822 0.0274 6266880
823 0.0301 6242304
824 0.024 6295552
825 0.0241 6303744
826 0.0281 6320128
827 0.0257 6266880
828 0.0224 6238208
829 0.029 6283264
830 0.0264 6299648
831 0.026 6295552
832 0.0227 6250496
833 0.0236 6287360
834 0.0277 6250496
835 0.0251 6311936
836 0.0286 6316032
837 0.0267 6279168
838 0.027 6328320
839 0.0254 6266880
840 0.023 6254592
841 0.0319 6242304
842 0.0331 6283264
843 0.0244 6254592
844 0.0255 6291456
845 0.0246 6209536
846 0.0285 6303744
847 0.0271 6275072
848 0.0269 6275072
849 0.0282 6311936
850 0.024 6250496
851 0.025 6246400
852 0.0262 6283264
853 0.0277 6311936
854 0.0236 6242304
855 0.0287 6279168
856 0.0229 6213632
857 0.0229 6254592
858 0.0293 6332416
859 0.0293 6324224
860 0.023 6254592
861 0.0243 6291456
862 0.0301 6320128
863 0.0275 6299648
864 0.0273 6311936
865 0.0231 6238208
866 0.0346 6340608
867 0.0326 6283264
868 0.0253 6250496
869 0.0261 6262784
870 0.0248 6291456
871 0.0234 6283264
872 0.0266 6287360
873 0.0281 6258688
874 0.0289 6299648
875 0.0288 6307840
876 0.0242 6234112
877 0.0295 6352896
878 0.0341 6320128
879 0.0315 6311936
880 0.0264 6299648
881 0.0282 6356992
882 0.0319 6295552
883 0.0246 6250496
884 0.0269 6283264
885 0.0283 6328320
886 0.025 6373376
887 0.0249 6221824
888 0.0271 6340608
889 0.0274 6303744
890 0.0251 6262784
891 0.0281 6307840
892 0.026 6291456
893 0.0296 6238208
894 0.0231 6275072
895 0.0251 6283264
896 0.0274 6287360
897 0.0262 6385664
898 0.0278 6361088
899 0.0275 6320128
900 0.0275 6324224
901 0.0256 6287360
902 0.0265 6311936
903 0.0234 6270976
904 0.0244 6410240
905 0.024 6397952
906 0.0292 6295552
907 0.0273 6348800
908 0.0254 6381568
909 0.0232 6283264
910 0.0305 6287360
911 0.0255 6266880
912 0.0251 6262784
913 0.0315 6303744
914 0.0239 6279168
915 0.0292 6373376
916 0.0254 6402048
917 0.0275 6316032
918 0.0259 6393856
919 0.0286 6316032
920 0.0289 6332416
921 0.0241 6270976
922 0.024 6270976
923 0.0244 6311936
924 0.028 6356992
925 0.0282 6365184
926 0.0235 6254592
927 0.0251 6262784
928 0.0284 6340608
929 0.0267 6328320
930 0.0289 6316032
931 0.0241 6283264
932 0.0257 6295552
933 0.0276 6275072
934 0.0271 6340608
935 0.028 6275072
936 0.0231 6283264
937 0.0256 6279168
938 0.0244 6316032
939 0.0287 6344704
940 0.0266 6340608
941 0.0265 6320128
942 0.027 6438912
943 0.024 6250496
944 0.0279 6332416
945 0.0265 6307840
946 0.0251 6287360
947 0.0239 6283264
948 0.0262 6352896
949 0.0244 6303744
950 0.024 6320128
951 0.0252 6414336
952 0.0247 6340608
953 0.0251 6385664
954 0.0252 6291456
955 0.0253 6336512
956 0.0256 6295552
957 0.0257 6307840
958 0.0239 6311936
959 0.025 6320128
960 0.025 6393856
961 0.0265 6377472
962 0.0257 6344704
963 0.0254 6307840
964 0.0243 6340608
965 0.0281 6389760
966 0.025 6295552
967 0.0269 6328320
968 0.0244 6295552
969 0.0243 6295552
970 0.0253 6316032
971 0.0238 6291456
972 0.0256 6356992
973 0.0264 6373376
974 0.0239 6266880
975 0.0243 6307840
976 0.0271 6307840
977 0.0264 6438912
978 0.0238 6356992
979 0.0245 6377472
980 0.0239 6348800
981 0.03 6344704
982 0.0297 6369280
983 0.0274 6320128
984 0.0276 6418432
985 0.0282 6332416
986 0.0328 6307840
987 0.0315 6402048
988 0.029 6418432
989 0.0281 6320128
990 0.0307 6361088
991 0.0315 6373376
992 0.0291 6303744
993 0.0284 6340608
994 0.0293 6328320
995 0.0275 6336512
996 0.0248 6410240
997 0.0296 6344704
998 0.0315 6406144
999 0.0249 6402048
1000 0.0289 6467584