1 0.0144 5308416
2 0.0146 5345280
3 0.0147 5312512
4 0.0146 5312512
5 0.0149 5312512
6 0.0185 5345280
7 0.0146 5316608
8 0.0184 5349376
9 0.0147 5316608
10 0.0149 5353472
11 0.0147 5320704
12 0.0148 5361664
13 0.0149 5324800
14 0.0146 5324800
15 0.0148 5324800
16 0.0149 5369856
17 0.0147 5328896
18 0.0148 5332992
19 0.0148 5332992
20 0.0186 5365760
21 0.0148 5337088
22 0.0157 5337088
23 0.0148 5341184
24 0.0151 5353472
25 0.0189 5373952
26 0.0155 5345280
27 0.0155 5345280
28 0.0152 5357568
29 0.0152 5349376
30 0.0151 5349376
31 0.0154 5349376
32 0.0212 5349376
33 0.0178 5353472
34 0.0154 5353472
35 0.0151 5357568
36 0.0153 5361664
37 0.0175 5361664
38 0.0193 5394432
39 0.0154 5365760
40 0.0155 5365760
41 0.0154 5365760
42 0.0154 5369856
43 0.0194 5398528
44 0.0153 5369856
45 0.0153 5373952
46 0.0173 5373952
47 0.0154 5373952
48 0.0154 5378048
49 0.0153 5382144
50 0.0162 5382144
51 0.0166 5382144
52 0.0158 5382144
53 0.0156 5382144
54 0.0157 5386240
55 0.0156 5423104
56 0.0155 5390336
57 0.0197 5419008
58 0.0156 5390336
59 0.016 5390336
60 0.0157 5390336
61 0.0197 5427200
62 0.0156 5394432
63 0.0166 5398528
64 0.0163 5398528
65 0.0169 5398528
66 0.0199 5431296
67 0.0158 5402624
68 0.0158 5402624
69 0.0158 5406720
70 0.0158 5406720
71 0.0175 5439488
72 0.0163 5410816
73 0.0202 5443584
74 0.0166 5451776
75 0.016 5455872
76 0.0202 5451776
77 0.016 5419008
78 0.0164 5464064
79 0.0161 5419008
80 0.0169 5419008
81 0.016 5423104
82 0.0164 5423104
83 0.0163 5455872
84 0.0162 5427200
85 0.0164 5468160
86 0.0171 5427200
87 0.017 5431296
88 0.0164 5435392
89 0.0162 5423104
90 0.0163 5443584
91 0.0209 5468160
92 0.0164 5443584
93 0.0169 5443584
94 0.0205 5472256
95 0.0164 5447680
96 0.0164 5447680
97 0.0206 5476352
98 0.0164 5455872
99 0.0167 5455872
100 0.0164 5455872
101 0.0165 5455872
102 0.0167 5455872
103 0.0176 5484544
104 0.0166 5488640
105 0.0167 5500928
106 0.0167 5464064
107 0.0165 5472256
108 0.0167 5509120
109 0.0173 5472256
110 0.017 5472256
111 0.0167 5480448
112 0.0169 5480448
113 0.0168 5484544
114 0.0169 5484544
115 0.0174 5480448
116 0.0212 5509120
117 0.0169 5484544
118 0.0169 5488640
119 0.0169 5484544
120 0.0177 5484544
121 0.017 5492736
122 0.0171 5529600
123 0.017 5492736
124 0.0211 5521408
125 0.0212 5517312
126 0.017 5492736
127 0.0215 5525504
128 0.0213 5533696
129 0.017 5505024
130 0.017 5505024
131 0.0171 5505024
132 0.0177 5505024
133 0.0173 5505024
134 0.019 5517312
135 0.0174 5509120
136 0.0175 5537792
137 0.0172 5509120
138 0.0213 5537792
139 0.0179 5517312
140 0.0173 5517312
141 0.0234 5554176
142 0.0173 5517312
143 0.0216 5545984
144 0.0177 5570560
145 0.0175 5537792
146 0.0175 5537792
147 0.0175 5537792
148 0.0175 5537792
149 0.0217 5570560
150 0.0217 5574656
151 0.0184 5578752
152 0.019 5586944
153 0.0218 5574656
154 0.0175 5550080
155 0.0182 5550080
156 0.0184 5550080
157 0.0178 5550080
158 0.0177 5550080
159 0.0186 5582848
160 0.0188 5595136
161 0.0181 5550080
162 0.0182 5558272
163 0.0223 5595136
164 0.0223 5578752
165 0.0179 5591040
166 0.0223 5586944
167 0.0181 5562368
168 0.0183 5591040
169 0.0222 5607424
170 0.0178 5558272
171 0.0183 5611520
172 0.018 5562368
173 0.0181 5562368
174 0.018 5558272
175 0.0225 5586944
176 0.0222 5591040
177 0.0183 5566464
178 0.0181 5562368
179 0.0222 5599232
180 0.018 5566464
181 0.0185 5570560
182 0.0227 5603328
183 0.0182 5570560
184 0.0184 5570560
185 0.028 5599232
186 0.0185 5570560
187 0.0189 5619712
188 0.0184 5574656
189 0.0189 5570560
190 0.0187 5574656
191 0.0187 5574656
192 0.0183 5611520
193 0.0186 5595136
194 0.0185 5636096
195 0.0187 5599232
196 0.0185 5607424
197 0.0189 5599232
198 0.0189 5599232
199 0.0185 5603328
200 0.0191 5607424
201 0.0186 5607424
202 0.0189 5603328
203 0.0194 5607424
204 0.0229 5644288
205 0.0187 5611520
206 0.0192 5611520
207 0.0189 5615616
208 0.0187 5615616
209 0.0189 5611520
210 0.019 5611520
211 0.0191 5615616
212 0.0192 5611520
213 0.0193 5660672
214 0.0229 5640192
215 0.0197 5656576
216 0.019 5627904
217 0.0189 5615616
218 0.0192 5615616
219 0.0197 5615616
220 0.0189 5615616
221 0.0232 5648384
222 0.0232 5652480
223 0.0231 5660672
224 0.0193 5619712
225 0.0194 5619712
226 0.0197 5623808
227 0.0191 5632000
228 0.0192 5664768
229 0.0196 5627904
230 0.0192 5623808
231 0.0195 5627904
232 0.0194 5640192
233 0.0193 5652480
234 0.0197 5648384
235 0.0195 5652480
236 0.0236 5726208
237 0.0196 5693440
238 0.0196 5652480
239 0.0196 5652480
240 0.0199 5656576
241 0.0201 5656576
242 0.0238 5693440
243 0.0195 5660672
244 0.021 5722112
245 0.0196 5660672
246 0.0194 5660672
247 0.0197 5660672
248 0.0196 5664768
249 0.0222 5726208
250 0.0198 5668864
251 0.0198 5664768
252 0.0199 5664768
253 0.0295 5689344
254 0.0222 5672960
255 0.0199 5689344
256 0.0198 5672960
257 0.0202 5672960
258 0.0198 5672960
259 0.02 5672960
260 0.02 5685248
261 0.02 5722112
262 0.02 5685248
263 0.0201 5726208
264 0.0199 5685248
265 0.0212 5722112
266 0.02 5677056
267 0.0202 5677056
268 0.021 5685248
269 0.0201 5681152
270 0.0204 5681152
271 0.0241 5713920
272 0.0201 5685248
273 0.0204 5685248
274 0.0202 5685248
275 0.0208 5685248
276 0.0202 5689344
277 0.0202 5705728
278 0.0245 5742592
279 0.0206 5705728
280 0.0204 5705728
281 0.0244 5742592
282 0.0214 5705728
283 0.0244 5742592
284 0.0245 5742592
285 0.0256 5750784
286 0.0212 5746688
287 0.021 5713920
288 0.0207 5722112
289 0.0207 5767168
290 0.0212 5726208
291 0.0248 5763072
292 0.0206 5726208
293 0.0253 5763072
294 0.0205 5726208
295 0.0205 5734400
296 0.0247 5771264
297 0.0232 5795840
298 0.0207 5791744
299 0.0207 5783552
300 0.0209 5795840
301 0.0208 5746688
302 0.0212 5746688
303 0.0209 5746688
304 0.0249 5783552
305 0.021 5791744
306 0.0209 5754880
307 0.0212 5754880
308 0.0211 5754880
309 0.0209 5754880
310 0.0212 5754880
311 0.0209 5754880
312 0.0212 5754880
313 0.0213 5799936
314 0.021 5763072
315 0.0213 5763072
316 0.0211 5763072
317 0.0212 5763072
318 0.0212 5763072
319 0.0252 5799936
320 0.0215 5775360
321 0.0211 5767168
322 0.0216 5771264
323 0.0253 5808128
324 0.0216 5775360
325 0.0213 5775360
326 0.0213 5775360
327 0.0215 5775360
328 0.0216 5775360
329 0.0216 5820416
330 0.0259 5812224
331 0.0215 5779456
332 0.0216 5783552
333 0.0216 5783552
334 0.0224 5828608
335 0.0214 5783552
336 0.0217 5836800
337 0.0258 5820416
338 0.0216 5783552
339 0.0261 5853184
340 0.0218 5791744
341 0.0216 5795840
342 0.0218 5836800
343 0.0217 5795840
344 0.0256 5832704
345 0.0217 5795840
346 0.0276 5824512
347 0.0217 5799936
348 0.0239 5804032
349 0.0222 5840896
350 0.0218 5804032
351 0.0258 5836800
352 0.0219 5808128
353 0.022 5844992
354 0.0228 5849088
355 0.0263 5840896
356 0.0224 5844992
357 0.0223 5820416
358 0.022 5808128
359 0.0218 5820416
360 0.0221 5820416
361 0.0223 5828608
362 0.0219 5824512
363 0.0221 5824512
364 0.0219 5824512
365 0.0222 5824512
366 0.0224 5861376
367 0.0225 5832704
368 0.0225 5832704
369 0.0224 5832704
370 0.0221 5836800
371 0.0223 5836800
372 0.0267 5861376
373 0.0263 5865472
374 0.0226 5832704
375 0.0224 5877760
376 0.0226 5832704
377 0.0223 5832704
378 0.023 5836800
379 0.0223 5885952
380 0.0223 5840896
381 0.025 5910528
382 0.0223 5849088
383 0.0225 5853184
384 0.0224 5857280
385 0.0268 5898240
386 0.0265 5902336
387 0.0264 5902336
388 0.0226 5869568
389 0.0229 5869568
390 0.0235 5906432
391 0.0227 5869568
392 0.0237 5869568
393 0.0268 5902336
394 0.0232 5890048
395 0.0228 5877760
396 0.0235 5877760
397 0.0235 5877760
398 0.0231 5877760
399 0.0233 5877760
400 0.0231 5877760
401 0.0265 5943296
402 0.0228 5894144
403 0.023 5894144
404 0.0283 5931008
405 0.0237 5898240
406 0.023 5902336
407 0.0233 5902336
408 0.0269 5935104
409 0.0229 5902336
410 0.0231 5902336
411 0.0232 5910528
412 0.0231 5910528
413 0.0234 5910528
414 0.0231 5910528
415 0.0234 5910528
416 0.0235 5910528
417 0.0277 6017024
418 0.0237 5914624
419 0.0232 5914624
420 0.029 5955584
421 0.0278 5951488
422 0.0234 5922816
423 0.0241 5922816
424 0.0239 5922816
425 0.0235 5967872
426 0.0278 5963776
427 0.0233 5926912
428 0.0238 5971968
429 0.0244 5931008
430 0.028 5984256
431 0.0234 5935104
432 0.0237 5971968
433 0.0234 5935104
434 0.0246 5971968
435 0.024 5935104
436 0.0283 5963776
437 0.0235 5935104
438 0.0241 5980160
439 0.0235 5943296
440 0.0236 5943296
441 0.0278 5988352
442 0.0236 5947392
443 0.0239 5943296
444 0.0236 5947392
445 0.0237 5947392
446 0.0238 5947392
447 0.0237 5947392
448 0.0244 5955584
449 0.0241 5955584
450 0.0238 5955584
451 0.0252 5959680
452 0.0283 5992448
453 0.0239 5959680
454 0.0242 5963776
455 0.0242 5971968
456 0.0239 5967872
457 0.0295 6008832
458 0.024 6008832
459 0.0238 5971968
460 0.0248 6000640
461 0.0244 5976064
462 0.0251 5980160
463 0.0245 6012928
464 0.0244 5980160
465 0.0248 6021120
466 0.0243 5980160
467 0.0255 6053888
468 0.0247 5976064
469 0.025 5992448
470 0.0259 6021120
471 0.025 6004736
472 0.0248 6041600
473 0.0249 6045696
474 0.025 6041600
475 0.0246 6004736
476 0.0253 6004736
477 0.025 6004736
478 0.0254 6045696
479 0.0252 6012928
480 0.0247 6012928
481 0.0247 6012928
482 0.0246 6012928
483 0.0253 6049792
484 0.0254 6012928
485 0.0257 6078464
486 0.0248 6017024
487 0.0266 6021120
488 0.0252 6053888
489 0.0249 6029312
490 0.0251 6017024
491 0.0248 6029312
492 0.0255 6029312
493 0.0254 6066176
494 0.0257 6074368
495 0.0253 6029312
496 0.026 6033408
497 0.0284 6082560
498 0.0255 6037504
499 0.0261 6082560
500 0.029 6070272
501 0.0289 6070272
502 0.0247 6037504
503 0.0273 6082560
504 0.0247 6037504
505 0.025 6045696
506 0.0284 6090752
507 0.0254 6057984
508 0.025 6045696
509 0.025 6045696
510 0.0251 6045696
511 0.0251 6078464
512 0.0254 6045696
513 0.0294 6074368
514 0.0297 6082560
515 0.0255 6037504
516 0.0272 6045696
517 0.027 6090752
518 0.0255 6045696
519 0.0251 6045696
520 0.025 6049792
521 0.0299 6082560
522 0.026 6049792
523 0.0254 6057984
524 0.0253 6057984
525 0.0254 6057984
526 0.0295 6098944
527 0.0258 6049792
528 0.03 6168576
529 0.0258 6057984
530 0.0285 6057984
531 0.026 6057984
532 0.0257 6062080
533 0.0255 6062080
534 0.0261 6062080
535 0.0259 6066176
536 0.0263 6066176
537 0.0254 6070272
538 0.0261 6070272
539 0.0305 6098944
540 0.0318 6107136
541 0.0258 6074368
542 0.0256 6074368
543 0.0264 6074368
544 0.0258 6074368
545 0.0299 6074368
546 0.0298 6111232
547 0.026 6078464
548 0.0263 6082560
549 0.0259 6127616
550 0.0257 6094848
551 0.0293 6086656
552 0.0323 6168576
553 0.0259 6123520
554 0.0265 6094848
555 0.0302 6217728
556 0.0302 6123520
557 0.0266 6094848
558 0.0301 6152192
559 0.0325 6266880
560 0.0287 6148096
561 0.0301 6144000
562 0.0308 6205440
563 0.0312 6135808
564 0.027 6103040
565 0.0265 6107136
566 0.0274 6107136
567 0.0271 6123520
568 0.0273 6107136
569 0.0288 6180864
570 0.031 6144000
571 0.0268 6111232
572 0.0272 6111232
573 0.0263 6111232
574 0.033 6144000
575 0.0265 6115328
576 0.0273 6164480
577 0.0272 6180864
578 0.031 6201344
579 0.0272 6172672
580 0.0279 6172672
581 0.0266 6172672
582 0.0266 6213632
583 0.028 6172672
584 0.0329 6270976
585 0.0274 6172672
586 0.0266 6213632
587 0.0265 6172672
588 0.0275 6172672
589 0.0274 6180864
590 0.0291 6184960
591 0.0268 6184960
592 0.0304 6250496
593 0.0272 6225920
594 0.0309 6221824
595 0.0276 6189056
596 0.0329 6307840
597 0.0325 6332416
598 0.031 6221824
599 0.0269 6193152
600 0.0285 6221824
601 0.0304 6193152
602 0.0278 6189056
603 0.0275 6189056
604 0.0318 6234112
605 0.0317 6320128
606 0.0275 6189056
607 0.0273 6189056
608 0.027 6189056
609 0.0275 6189056
610 0.0269 6189056
611 0.0273 6189056
612 0.0325 6250496
613 0.0289 6316032
614 0.0271 6217728
615 0.0278 6205440
616 0.0273 6205440
617 0.0278 6246400
618 0.0319 6270976
619 0.0286 6213632
620 0.0271 6230016
621 0.0279 6250496
622 0.0294 6213632
623 0.0278 6213632
624 0.0273 6225920
625 0.0276 6221824
626 0.0273 6209536
627 0.0278 6209536
628 0.0281 6209536
629 0.0279 6209536
630 0.0408 6332416
631 0.0329 6234112
632 0.0286 6320128
633 0.0276 6221824
634 0.0274 6221824
635 0.0275 6221824
636 0.0277 6221824
637 0.0321 6283264
638 0.0281 6221824
639 0.0323 6250496
640 0.0281 6230016
641 0.03 6344704
642 0.0281 6234112
643 0.0277 6238208
644 0.0285 6238208
645 0.0283 6238208
646 0.0279 6242304
647 0.0276 6242304
648 0.0282 6242304
649 0.0279 6242304
650 0.029 6242304
651 0.0292 6242304
652 0.0322 6275072
653 0.0321 6270976
654 0.0286 6275072
655 0.0283 6287360
656 0.0293 6250496
657 0.0289 6254592
658 0.0343 6389760
659 0.0283 6291456
660 0.0287 6287360
661 0.0318 6406144
662 0.0284 6258688
663 0.0283 6258688
664 0.0281 6258688
665 0.0282 6258688
666 0.0285 6258688
667 0.0289 6250496
668 0.0292 6336512
669 0.0284 6250496
670 0.0281 6266880
671 0.0283 6283264
672 0.0292 6283264
673 0.0294 6283264
674 0.0288 6307840
675 0.0289 6250496
676 0.0284 6266880
677 0.0284 6266880
678 0.0286 6283264
679 0.0328 6361088
680 0.0318 6373376
681 0.0385 6291456
682 0.0302 6295552
683 0.0298 6348800
684 0.0308 6316032
685 0.0291 6311936
686 0.0289 6295552
687 0.0299 6295552
688 0.0293 6299648
689 0.0325 6438912
690 0.0305 6299648
691 0.0289 6311936
692 0.0295 6303744
693 0.0311 6303744
694 0.0289 6303744
695 0.0295 6303744
696 0.0304 6344704
697 0.0295 6307840
698 0.0335 6340608
699 0.03 6307840
700 0.0297 6311936
701 0.0295 6348800
702 0.0297 6324224
703 0.0334 6324224
704 0.0302 6311936
705 0.0308 6361088
706 0.0297 6320128
707 0.0289 6320128
708 0.0292 6320128
709 0.0292 6361088
710 0.0291 6324224
711 0.0294 6328320
712 0.0335 6410240
713 0.0292 6324224
714 0.029 6328320
715 0.0296 6324224
716 0.0334 6361088
717 0.0293 6324224
718 0.0292 6324224
719 0.0294 6328320
720 0.0295 6328320
721 0.0337 6418432
722 0.0378 6381568
723 0.0304 6332416
724 0.0295 6320128
725 0.0332 6373376
726 0.0296 6344704
727 0.0295 6344704
728 0.0296 6344704
729 0.0298 6344704
730 0.0299 6344704
731 0.031 6348800
732 0.0295 6348800
733 0.0349 6377472
734 0.0335 6389760
735 0.0299 6356992
736 0.0306 6373376
737 0.0297 6447104
738 0.0297 6356992
739 0.0296 6356992
740 0.0296 6356992
741 0.0296 6356992
742 0.0298 6361088
743 0.0301 6361088
744 0.0297 6365184
745 0.0298 6344704
746 0.0298 6365184
747 0.0301 6365184
748 0.0298 6365184
749 0.0302 6361088
750 0.0299 6410240
751 0.0299 6365184
752 0.0298 6365184
753 0.0309 6369280
754 0.0308 6369280
755 0.0351 6402048
756 0.0313 6369280
757 0.0312 6369280
758 0.0299 6369280
759 0.0304 6369280
760 0.0307 6422528
761 0.0327 6475776
762 0.034 6414336
763 0.0302 6377472
764 0.0302 6373376
765 0.0301 6385664
766 0.0302 6385664
767 0.0304 6381568
768 0.0301 6393856
769 0.0303 6414336
770 0.0302 6414336
771 0.0352 6418432
772 0.0364 6426624
773 0.031 6467584
774 0.0351 6463488
775 0.0303 6430720
776 0.0303 6418432
777 0.0312 6459392
778 0.0302 6422528
779 0.0304 6422528
780 0.0343 6471680
781 0.0306 6426624
782 0.0306 6426624
783 0.0307 6426624
784 0.0346 6475776
785 0.0312 6434816
786 0.0305 6434816
787 0.0356 6549504
788 0.0335 6586368
789 0.0312 6451200
790 0.0311 6451200
791 0.0361 6483968
792 0.0312 6455296
793 0.0307 6455296
794 0.0305 6438912
795 0.0307 6438912
796 0.0307 6438912
797 0.0311 6438912
798 0.0344 6598656
799 0.0366 6475776
800 0.0326 6565888
801 0.031 6443008
802 0.0349 6488064
803 0.0319 6443008
804 0.0316 6455296
805 0.032 6496256
806 0.033 6455296
807 0.0318 6455296
808 0.0319 6463488
809 0.0308 6463488
810 0.0312 6463488
811 0.0311 6512640
812 0.0314 6463488
813 0.0314 6475776
814 0.0362 6586368
815 0.0336 6598656
816 0.0359 6500352
817 0.0317 6467584
818 0.0314 6467584
819 0.0311 6467584
820 0.0321 6500352
821 0.0361 6586368
822 0.0313 6475776
823 0.0312 6483968
824 0.0314 6483968
825 0.0318 6483968
826 0.0361 6602752
827 0.0319 6483968
828 0.0346 6627328
829 0.0319 6471680
830 0.032 6471680
831 0.0329 6496256
832 0.0317 6496256
833 0.0315 6512640
834 0.0317 6512640
835 0.0316 6516736
836 0.0321 6516736
837 0.0329 6516736
838 0.0328 6516736
839 0.0324 6520832
840 0.0368 6717440
841 0.0345 6520832
842 0.0362 6561792
843 0.0379 6684672
844 0.0323 6524928
845 0.0325 6524928
846 0.0329 6524928
847 0.0319 6524928
848 0.0321 6524928
849 0.0325 6524928
850 0.0328 6529024
851 0.0322 6533120
852 0.0325 6541312
853 0.032 6561792
854 0.0358 6606848
855 0.0367 6602752
856 0.0326 6565888
857 0.0366 6594560
858 0.0321 6565888
859 0.033 6598656
860 0.0319 6565888
861 0.0324 6565888
862 0.0324 6569984
863 0.0373 6602752
864 0.0325 6569984
865 0.0325 6549504
866 0.032 6565888
867 0.0323 6569984
868 0.0322 6582272
869 0.0321 6582272
870 0.0358 6729728
871 0.0326 6582272
872 0.0323 6594560
873 0.0337 6606848
874 0.0326 6627328
875 0.0326 6590464
876 0.0379 6631424
877 0.0336 6635520
878 0.0327 6594560
879 0.0327 6594560
880 0.0331 6643712
881 0.0341 6594560
882 0.0334 6635520
883 0.0339 6594560
884 0.0333 6594560
885 0.0324 6598656
886 0.033 6606848
887 0.0343 6610944
888 0.0368 6635520
889 0.0332 6590464
890 0.0327 6602752
891 0.0326 6606848
892 0.0374 6643712
893 0.0372 6799360
894 0.0333 6606848
895 0.0329 6610944
896 0.0328 6606848
897 0.0338 6610944
898 0.0331 6651904
899 0.0336 6610944
900 0.034 6610944
901 0.0336 6610944
902 0.0334 6610944
903 0.0367 6766592
904 0.0375 6656000
905 0.0336 6668288
906 0.0385 6656000
907 0.034 6619136
908 0.034 6619136
909 0.0336 6623232
910 0.0336 6623232
911 0.0332 6627328
912 0.0376 6643712
913 0.0338 6627328
914 0.0343 6750208
915 0.0374 6656000
916 0.0355 6635520
917 0.0345 6631424
918 0.0386 6672384
919 0.0338 6668288
920 0.0337 6631424
921 0.0353 6635520
922 0.0379 6668288
923 0.0339 6647808
924 0.0357 6639616
925 0.0335 6639616
926 0.0336 6639616
927 0.0339 6639616
928 0.0515 6692864
929 0.0385 6692864
930 0.0342 6643712
931 0.0347 6643712
932 0.034 6647808
933 0.0342 6647808
934 0.0365 6647808
935 0.0347 6668288
936 0.0343 6660096
937 0.0352 6660096
938 0.0342 6664192
939 0.0348 6696960
940 0.0351 6696960
941 0.0338 6696960
942 0.0386 6725632
943 0.0342 6701056
944 0.034 6701056
945 0.0343 6701056
946 0.0343 6701056
947 0.0391 6742016
948 0.034 6705152
949 0.0345 6705152
950 0.0384 6893568
951 0.0347 6692864
952 0.0345 6692864
953 0.0345 6692864
954 0.034 6692864
955 0.0384 6721536
956 0.0347 6692864
957 0.0346 6696960
958 0.0343 6684672
959 0.0343 6692864
960 0.0348 6692864
961 0.0343 6705152
962 0.0348 6709248
963 0.0341 6754304
964 0.035 6709248
965 0.0385 6909952
966 0.0343 6713344
967 0.0345 6713344
968 0.0359 6713344
969 0.0375 6811648
970 0.0387 6742016
971 0.0353 6713344
972 0.0347 6713344
973 0.039 6742016
974 0.0341 6713344
975 0.0346 6721536
976 0.0346 6721536
977 0.0348 6717440
978 0.0357 6721536
979 0.0348 6721536
980 0.0362 6733824
981 0.0346 6832128
982 0.0349 6733824
983 0.035 6729728
984 0.035 6733824
985 0.0347 6737920
986 0.0347 6737920
987 0.035 6737920
988 0.0391 6934528
989 0.039 6766592
990 0.0394 6770688
991 0.0346 6737920
992 0.0352 6737920
993 0.0358 6746112
994 0.0353 6750208
995 0.0393 6959104
996 0.0348 6750208
997 0.035 6754304
998 0.0353 6758400
999 0.0353 6758400
1000 0.0348 6754304