1 0.0146 5341184
2 0.0149 5341184
3 0.0157 5382144
4 0.0163 5345280
5 0.0152 5357568
6 0.0151 5382144
7 0.0151 5345280
8 0.0153 5373952
9 0.0149 5345280
10 0.0147 5345280
11 0.0187 5382144
12 0.0148 5353472
13 0.0155 5353472
14 0.0147 5353472
15 0.0154 5353472
16 0.0147 5353472
17 0.0153 5394432
18 0.0153 5357568
19 0.0188 5394432
20 0.0152 5357568
21 0.0154 5402624
22 0.0193 5394432
23 0.0191 5394432
24 0.015 5365760
25 0.0159 5365760
26 0.015 5365760
27 0.0155 5361664
28 0.0149 5365760
29 0.0169 5394432
30 0.0149 5365760
31 0.0186 5398528
32 0.0189 5402624
33 0.015 5369856
34 0.0153 5369856
35 0.0252 5423104
36 0.0152 5373952
37 0.0153 5373952
38 0.015 5373952
39 0.0154 5378048
40 0.0158 5378048
41 0.0152 5378048
42 0.0161 5378048
43 0.0154 5378048
44 0.0164 5386240
45 0.0153 5386240
46 0.0157 5386240
47 0.0152 5386240
48 0.0154 5382144
49 0.0153 5386240
50 0.0153 5386240
51 0.0154 5386240
52 0.0153 5386240
53 0.0153 5390336
54 0.0161 5390336
55 0.0154 5390336
56 0.0155 5390336
57 0.0156 5390336
58 0.0194 5419008
59 0.0155 5390336
60 0.0156 5431296
61 0.0156 5394432
62 0.0154 5394432
63 0.0166 5394432
64 0.0161 5394432
65 0.0197 5427200
66 0.0156 5394432
67 0.0161 5394432
68 0.0157 5398528
69 0.0171 5431296
70 0.0158 5398528
71 0.0183 5419008
72 0.0162 5451776
73 0.0161 5447680
74 0.016 5419008
75 0.0161 5459968
76 0.016 5414912
77 0.0161 5414912
78 0.0161 5459968
79 0.016 5414912
80 0.0178 5459968
81 0.0159 5419008
82 0.0172 5459968
83 0.0171 5419008
84 0.016 5414912
85 0.0159 5419008
86 0.0164 5423104
87 0.016 5423104
88 0.016 5427200
89 0.0164 5468160
90 0.0164 5464064
91 0.0166 5431296
92 0.0161 5435392
93 0.0165 5472256
94 0.0163 5435392
95 0.0163 5435392
96 0.0162 5435392
97 0.0166 5476352
98 0.0161 5443584
99 0.0169 5439488
100 0.0168 5476352
101 0.0165 5480448
102 0.0166 5476352
103 0.0169 5459968
104 0.0165 5472256
105 0.0165 5443584
106 0.0177 5484544
107 0.0168 5459968
108 0.0164 5447680
109 0.0163 5451776
110 0.0166 5451776
111 0.0167 5488640
112 0.0164 5459968
113 0.0163 5459968
114 0.0166 5459968
115 0.0215 5509120
116 0.0259 5550080
117 0.0161 5459968
118 0.0167 5505024
119 0.0206 5492736
120 0.0205 5496832
121 0.0167 5464064
122 0.0163 5464064
123 0.0162 5464064
124 0.0178 5464064
125 0.0193 5562368
126 0.0381 5541888
127 0.2266 5496832
128 0.0207 5496832
129 0.0165 5513216
130 0.0207 5492736
131 0.0167 5464064
132 0.0208 5496832
133 0.021 5496832
134 0.0166 5472256
135 0.0169 5505024
136 0.021 5500928
137 0.0168 5517312
138 0.0186 5578752
139 0.0175 5472256
140 0.0171 5472256
141 0.0173 5472256
142 0.0171 5513216
143 0.0177 5517312
144 0.0217 5545984
145 0.0168 5480448
146 0.0169 5521408
147 0.0169 5480448
148 0.0175 5480448
149 0.0174 5488640
150 0.0169 5488640
151 0.0169 5488640
152 0.017 5488640
153 0.0174 5488640
154 0.0171 5488640
155 0.0176 5521408
156 0.0171 5492736
157 0.0172 5492736
158 0.0214 5525504
159 0.0175 5496832
160 0.0175 5496832
161 0.017 5537792
162 0.0173 5496832
163 0.0182 5541888
164 0.0214 5525504
165 0.0173 5509120
166 0.0175 5505024
167 0.0172 5505024
168 0.0174 5496832
169 0.018 5541888
170 0.0173 5500928
171 0.0173 5488640
172 0.0172 5488640
173 0.0172 5496832
174 0.0174 5525504
175 0.0176 5496832
176 0.0172 5492736
177 0.0172 5541888
178 0.0172 5496832
179 0.0172 5496832
180 0.0175 5533696
181 0.0213 5533696
182 0.0222 5529600
183 0.0178 5529600
184 0.0177 5529600
185 0.0176 5500928
186 0.0227 5578752
187 0.0178 5500928
188 0.0176 5500928
189 0.022 5537792
190 0.0205 5586944
191 0.0218 5541888
192 0.0177 5509120
193 0.0176 5513216
194 0.0175 5513216
195 0.018 5513216
196 0.0176 5513216
197 0.0175 5513216
198 0.0183 5513216
199 0.0182 5541888
200 0.0183 5550080
201 0.0178 5521408
202 0.0184 5521408
203 0.0191 5521408
204 0.0185 5521408
205 0.0219 5582848
206 0.0192 5550080
207 0.0188 5537792
208 0.0177 5521408
209 0.0182 5566464
210 0.0216 5570560
211 0.0291 5574656
212 0.0269 5632000
213 0.0276 5566464
214 0.0288 5599232
215 0.025 5599232
216 0.0204 5533696
217 0.018 5574656
218 0.0212 5578752
219 0.0206 5537792
220 0.0232 5578752
221 0.0187 5537792
222 0.0223 5566464
223 0.0201 5537792
224 0.023 5562368
225 0.0196 5574656
226 0.0184 5541888
227 0.0201 5574656
228 0.0185 5578752
229 0.0184 5545984
230 0.0182 5545984
231 0.0183 5586944
232 0.0182 5545984
233 0.0275 5652480
234 0.023 5586944
235 0.0236 5595136
236 0.0224 5595136
237 0.0251 5640192
238 0.0186 5603328
239 0.0211 5599232
240 0.0198 5574656
241 0.0181 5554176
242 0.0233 5591040
243 0.0182 5554176
244 0.0196 5554176
245 0.0183 5554176
246 0.0197 5603328
247 0.0191 5558272
248 0.0279 5660672
249 0.0295 5615616
250 0.0295 5615616
251 0.0205 5595136
252 0.0182 5558272
253 0.0224 5599232
254 0.0206 5595136
255 0.019 5611520
256 0.019 5578752
257 0.0185 5558272
258 0.0183 5562368
259 0.0194 5562368
260 0.019 5603328
261 0.0239 5627904
262 0.0271 5570560
263 0.0318 5627904
264 0.0231 5640192
265 0.0224 5644288
266 0.0204 5681152
267 0.0195 5566464
268 0.0229 5656576
269 0.0192 5566464
270 0.0213 5640192
271 0.0196 5603328
272 0.0203 5595136
273 0.0214 5615616
274 0.0192 5615616
275 0.0194 5582848
276 0.0231 5586944
277 0.0219 5607424
278 0.0214 5574656
279 0.0238 5607424
280 0.0212 5603328
281 0.0203 5591040
282 0.024 5656576
283 0.0239 5636096
284 0.0218 5619712
285 0.022 5619712
286 0.0214 5574656
287 0.023 5582848
288 0.0199 5636096
289 0.0239 5677056
290 0.0226 5652480
291 0.0198 5648384
292 0.0245 5623808
293 0.0255 5652480
294 0.0225 5648384
295 0.0196 5595136
296 0.0198 5595136
297 0.0201 5603328
298 0.0199 5611520
299 0.0199 5619712
300 0.0233 5648384
301 0.0237 5607424
302 0.0227 5718016
303 0.0234 5656576
304 0.0199 5648384
305 0.0229 5660672
306 0.0191 5623808
307 0.0192 5623808
308 0.0232 5668864
309 0.0192 5623808
310 0.0195 5623808
311 0.0198 5623808
312 0.0215 5623808
313 0.0205 5623808
314 0.0267 5623808
315 0.0262 5660672
316 0.0309 5632000
317 0.0208 5623808
318 0.0191 5672960
319 0.0193 5623808
320 0.0232 5677056
321 0.0208 5677056
322 0.0191 5632000
323 0.0197 5632000
324 0.0208 5632000
325 0.0223 5705728
326 0.0262 5713920
327 0.0235 5668864
328 0.0216 5693440
329 0.0192 5640192
330 0.0228 5664768
331 0.0234 5672960
332 0.0191 5640192
333 0.0239 5677056
334 0.0208 5677056
335 0.0201 5640192
336 0.0252 5681152
337 0.0221 5640192
338 0.0205 5632000
339 0.0201 5627904
340 0.0197 5689344
341 0.0243 5677056
342 0.02 5652480
343 0.0202 5652480
344 0.025 5693440
345 0.0238 5726208
346 0.0204 5656576
347 0.0229 5697536
348 0.0202 5668864
349 0.0206 5701632
350 0.0237 5697536
351 0.0213 5697536
352 0.0241 5693440
353 0.0197 5652480
354 0.0197 5652480
355 0.0201 5652480
356 0.0204 5652480
357 0.0292 5709824
358 0.0275 5718016
359 0.0265 5685248
360 0.0249 5705728
361 0.0246 5718016
362 0.0281 5726208
363 0.0305 5742592
364 0.0307 5775360
365 0.0256 5750784
366 0.0302 5763072
367 0.0276 5746688
368 0.0236 5672960
369 0.0235 5754880
370 0.0318 5771264
371 0.025 5689344
372 0.0235 5713920
373 0.0209 5668864
374 0.0231 5713920
375 0.0238 5713920
376 0.0217 5668864
377 0.0203 5685248
378 0.0212 5734400
379 0.0211 5697536
380 0.0246 5722112
381 0.0204 5668864
382 0.0208 5705728
383 0.0206 5681152
384 0.0245 5722112
385 0.0199 5685248
386 0.0213 5685248
387 0.0206 5730304
388 0.0227 5746688
389 0.0203 5693440
390 0.0203 5693440
391 0.024 5746688
392 0.0205 5730304
393 0.0205 5685248
394 0.0237 5718016
395 0.0204 5726208
396 0.0256 5742592
397 0.0203 5685248
398 0.0204 5677056
399 0.0204 5677056
400 0.0204 5677056
401 0.0209 5685248
402 0.0206 5685248
403 0.0204 5685248
404 0.0247 5722112
405 0.0205 5697536
406 0.0214 5689344
407 0.0238 5734400
408 0.0211 5726208
409 0.0211 5689344
410 0.0218 5689344
411 0.026 5705728
412 0.0217 5701632
413 0.0221 5738496
414 0.0212 5701632
415 0.0224 5738496
416 0.0221 5701632
417 0.0255 5726208
418 0.024 5754880
419 0.0249 5734400
420 0.0218 5746688
421 0.0264 5816320
422 0.0218 5767168
423 0.022 5746688
424 0.0248 5726208
425 0.0361 5767168
426 0.0217 5718016
427 0.0235 5820416
428 0.0213 5722112
429 0.0244 5738496
430 0.0212 5771264
431 0.0209 5718016
432 0.0246 5750784
433 0.0217 5718016
434 0.0211 5722112
435 0.021 5722112
436 0.021 5722112
437 0.0209 5722112
438 0.0211 5722112
439 0.021 5734400
440 0.021 5767168
441 0.0212 5726208
442 0.021 5726208
443 0.0211 5734400
444 0.0224 5767168
445 0.0216 5730304
446 0.021 5734400
447 0.0213 5746688
448 0.0209 5742592
449 0.0216 5730304
450 0.0214 5750784
451 0.0254 5775360
452 0.0213 5742592
453 0.0212 5742592
454 0.0213 5742592
455 0.0265 5799936
456 0.0211 5738496
457 0.0213 5738496
458 0.0212 5742592
459 0.0216 5758976
460 0.0216 5730304
461 0.0215 5730304
462 0.0213 5730304
463 0.0231 5771264
464 0.0293 5783552
465 0.0277 5791744
466 0.0289 5767168
467 0.0281 5758976
468 0.0296 5746688
469 0.0274 5812224
470 0.0293 5746688
471 0.0304 5873664
472 0.0301 5763072
473 0.0283 5758976
474 0.0299 5804032
475 0.0284 5771264
476 0.0254 5791744
477 0.0215 5754880
478 0.0213 5754880
479 0.0216 5775360
480 0.0218 5775360
481 0.0215 5775360
482 0.0263 5804032
483 0.0215 5779456
484 0.0219 5783552
485 0.0216 5775360
486 0.0218 5775360
487 0.0215 5775360
488 0.0255 5808128
489 0.0218 5771264
490 0.0255 5816320
491 0.0218 5779456
492 0.0226 5779456
493 0.0217 5775360
494 0.023 5816320
495 0.0216 5775360
496 0.0264 5824512
497 0.0216 5783552
498 0.026 5820416
499 0.0268 5820416
500 0.0217 5832704
501 0.026 5816320
502 0.0218 5791744
503 0.0217 5791744
504 0.0257 5828608
505 0.0224 5791744
506 0.0221 5791744
507 0.0229 5840896
508 0.0261 5824512
509 0.0221 5791744
510 0.0225 5791744
511 0.0228 5791744
512 0.0262 5828608
513 0.0226 5787648
514 0.0276 5861376
515 0.0221 5832704
516 0.0219 5787648
517 0.0222 5787648
518 0.0237 5824512
519 0.022 5791744
520 0.0263 5828608
521 0.0224 5799936
522 0.0221 5844992
523 0.0225 5799936
524 0.0222 5791744
525 0.0223 5791744
526 0.0263 5828608
527 0.0259 5857280
528 0.0221 5787648
529 0.0269 5828608
530 0.0223 5832704
531 0.0226 5791744
532 0.026 5824512
533 0.022 5791744
534 0.0263 5824512
535 0.0261 5824512
536 0.0221 5791744
537 0.0224 5828608
538 0.0222 5791744
539 0.0226 5832704
540 0.0223 5791744
541 0.0275 5898240
542 0.0223 5799936
543 0.0377 5926912
544 0.0262 5836800
545 0.0262 5832704
546 0.0247 5861376
547 0.0223 5799936
548 0.0225 5812224
549 0.0223 5812224
550 0.0223 5812224
551 0.0221 5812224
552 0.0226 5812224
553 0.0223 5812224
554 0.0235 5816320
555 0.0226 5861376
556 0.0237 5816320
557 0.027 5853184
558 0.0225 5820416
559 0.0225 5820416
560 0.0224 5820416
561 0.0268 5853184
562 0.0227 5820416
563 0.0279 5853184
564 0.0272 5869568
565 0.0272 5849088
566 0.0269 5865472
567 0.0227 5828608
568 0.0272 5861376
569 0.0228 5828608
570 0.0229 5869568
571 0.023 5828608
572 0.0228 5877760
573 0.0225 5832704
574 0.0227 5828608
575 0.0228 5853184
576 0.0272 5881856
577 0.023 5865472
578 0.0227 5865472
579 0.0254 5910528
580 0.0228 5865472
581 0.0227 5865472
582 0.0229 5865472
583 0.023 5865472
584 0.0231 5865472
585 0.0233 5865472
586 0.0271 5902336
587 0.0228 5869568
588 0.0241 5869568
589 0.0233 5869568
590 0.0242 5869568
591 0.0229 5869568
592 0.023 5869568
593 0.0231 5865472
594 0.0271 5898240
595 0.0232 5869568
596 0.0233 5890048
597 0.0274 5918720
598 0.0235 5881856
599 0.0279 5914624
600 0.0233 5881856
601 0.0233 5881856
602 0.0233 5881856
603 0.0235 5881856
604 0.0238 5881856
605 0.0233 5922816
606 0.0453 5881856
607 0.0237 5881856
608 0.0236 5881856
609 0.0276 5918720
610 0.0237 5881856
611 0.0244 5881856
612 0.0233 5881856
613 0.023 5881856
614 0.0276 5914624
615 0.0236 5881856
616 0.0299 6017024
617 0.0235 5881856
618 0.0237 5890048
619 0.0238 5885952
620 0.024 5885952
621 0.0279 5926912
622 0.0275 5935104
623 0.0273 5922816
624 0.0235 5885952
625 0.0286 5922816
626 0.0309 5984256
627 0.0276 5926912
628 0.0242 5885952
629 0.0236 5885952
630 0.0273 5918720
631 0.0287 5922816
632 0.0239 5885952
633 0.0238 5885952
634 0.0242 5926912
635 0.024 5931008
636 0.0277 5951488
637 0.0237 5894144
638 0.0237 5947392
639 0.0235 5898240
640 0.0238 5894144
641 0.0243 5922816
642 0.0277 5918720
643 0.0239 5894144
644 0.0276 5947392
645 0.0277 5931008
646 0.0243 5898240
647 0.0244 5898240
648 0.0239 5902336
649 0.0282 5931008
650 0.0238 5906432
651 0.0242 5939200
652 0.0292 5926912
653 0.0244 5943296
654 0.0238 5906432
655 0.0253 5951488
656 0.024 5943296
657 0.0246 5906432
658 0.0244 5910528
659 0.0239 5910528
660 0.024 5910528
661 0.024 5926912
662 0.0244 5902336
663 0.0243 5902336
664 0.0247 5902336
665 0.0278 5935104
666 0.0245 5955584
667 0.0263 5959680
668 0.0241 5918720
669 0.028 5951488
670 0.0242 5918720
671 0.0253 5988352
672 0.0279 5955584
673 0.0243 5963776
674 0.0243 5918720
675 0.0243 5918720
676 0.0248 5918720
677 0.0242 5980160
678 0.0242 5922816
679 0.0248 5922816
680 0.0242 5918720
681 0.025 5939200
682 0.0244 5935104
683 0.0286 5967872
684 0.0243 5984256
685 0.0247 5939200
686 0.0242 5939200
687 0.0299 5967872
688 0.0243 5939200
689 0.0246 5943296
690 0.0243 5943296
691 0.0242 5943296
692 0.0247 5943296
693 0.0251 5943296
694 0.0257 5943296
695 0.025 5943296
696 0.0246 5988352
697 0.0286 5984256
698 0.0252 5943296
699 0.0242 5943296
700 0.0245 5943296
701 0.0248 5947392
702 0.0246 5947392
703 0.0244 5939200
704 0.0249 5955584
705 0.0288 5976064
706 0.0243 5939200
707 0.0263 6004736
708 0.026 5939200
709 0.0288 5980160
710 0.0245 5939200
711 0.0291 5980160
712 0.0317 5984256
713 0.0246 5959680
714 0.0245 5951488
715 0.0248 5963776
716 0.0257 5996544
717 0.0248 6021120
718 0.03 5984256
719 0.6301 5967872
720 0.0249 5955584
721 0.0246 5951488
722 0.0291 5984256
723 0.0293 5992448
724 0.0248 5984256
725 0.0294 6008832
726 0.0249 6000640
727 0.0295 5988352
728 0.0248 6000640
729 0.025 5955584
730 0.0248 5955584
731 0.025 5955584
732 0.0292 5992448
733 0.0262 6012928
734 0.0249 5963776
735 0.0291 6078464
736 0.0251 5971968
737 0.0295 6062080
738 0.0253 5971968
739 0.0252 5971968
740 0.025 5976064
741 0.0253 5976064
742 0.0252 6021120
743 0.025 5976064
744 0.0294 6012928
745 0.0251 5976064
746 0.0249 5992448
747 0.0252 6025216
748 0.0298 6094848
749 0.0253 5976064
750 0.0249 5976064
751 0.0256 5976064
752 0.0294 6017024
753 0.0292 6029312
754 0.0251 5988352
755 0.0296 6025216
756 0.0265 5988352
757 0.03 6025216
758 0.0254 5988352
759 0.0252 5988352
760 0.0298 6017024
761 0.0314 6066176
762 0.0255 5988352
763 0.0258 5988352
764 0.0252 5988352
765 0.0255 6037504
766 0.0256 5984256
767 0.0269 6037504
768 0.0257 6037504
769 0.0255 6000640
770 0.0252 6000640
771 0.0261 6004736
772 0.0298 6041600
773 0.0255 6012928
774 0.0255 6049792
775 0.0267 6049792
776 0.026 5996544
777 0.0269 6045696
778 0.0255 6000640
779 0.0258 6000640
780 0.0297 6041600
781 0.0261 6045696
782 0.0261 6000640
783 0.0271 6062080
784 0.0268 6000640
785 0.0256 6049792
786 0.0258 6004736
787 0.0259 6004736
788 0.0257 6025216
789 0.0295 6066176
790 0.0255 6008832
791 0.026 6017024
792 0.0313 6086656
793 0.0267 6017024
794 0.03 6053888
795 0.0258 6017024
796 0.0257 6062080
797 0.0272 6017024
798 0.0262 6017024
799 0.0262 6017024
800 0.0263 6062080
801 0.0265 6017024
802 0.0258 6017024
803 0.0259 6017024
804 0.0265 6017024
805 0.0304 6053888
806 0.0277 6017024
807 0.0287 6152192
808 0.026 6021120
809 0.0258 6041600
810 0.0302 6070272
811 0.0262 6078464
812 0.0306 6074368
813 0.0297 6135808
814 0.0321 6029312
815 0.0275 6070272
816 0.0263 6082560
817 0.0303 6074368
818 0.0272 6029312
819 0.027 6029312
820 0.0269 6078464
821 0.0263 6029312
822 0.0282 6033408
823 0.0304 6074368
824 0.0307 6066176
825 0.0305 6074368
826 0.0262 6021120
827 0.0262 6021120
828 0.0301 6066176
829 0.0261 6021120
830 0.0266 6025216
831 0.0264 6049792
832 0.0267 6107136
833 0.0266 6033408
834 0.0263 6033408
835 0.0269 6033408
836 0.0263 6033408
837 0.0314 6078464
838 0.027 6029312
839 0.0305 6086656
840 0.027 6029312
841 0.0263 6029312
842 0.0269 6078464
843 0.0307 6078464
844 0.0305 6078464
845 0.0264 6033408
846 0.0264 6033408
847 0.0265 6033408
848 0.0267 6033408
849 0.0317 6086656
850 0.0274 6033408
851 0.0321 6078464
852 0.0274 6119424
853 0.0264 6098944
854 0.0269 6103040
855 0.0306 6135808
856 0.0265 6090752
857 0.027 6090752
858 0.0268 6156288
859 0.0265 6090752
860 0.0306 6139904
861 0.0268 6094848
862 0.0271 6111232
863 0.0269 6098944
864 0.0272 6111232
865 0.0273 6135808
866 0.0324 6246400
867 0.0269 6148096
868 0.0268 6103040
869 0.0271 6098944
870 0.0272 6098944
871 0.0325 6156288
872 0.0328 6189056
873 0.0272 6098944
874 0.0269 6119424
875 0.0419 6156288
876 0.0285 6115328
877 0.0274 6111232
878 0.0273 6111232
879 0.0285 6156288
880 0.0282 6111232
881 0.0274 6123520
882 0.0271 6111232
883 0.0269 6086656
884 0.0272 6111232
885 0.028 6230016
886 0.0275 6111232
887 0.0275 6111232
888 0.027 6111232
889 0.0275 6111232
890 0.0272 6111232
891 0.0322 6148096
892 0.0393 6254592
893 0.0292 6172672
894 0.0312 6160384
895 0.0279 6135808
896 0.0273 6131712
897 0.0272 6123520
898 0.0314 6164480
899 0.0272 6127616
900 0.0284 6127616
901 0.0283 6172672
902 0.0317 6168576
903 0.0271 6127616
904 0.0273 6127616
905 0.0279 6180864
906 0.0274 6131712
907 0.0284 6168576
908 0.0276 6168576
909 0.0273 6172672
910 0.0282 6131712
911 0.0319 6164480
912 0.0277 6131712
913 0.0279 6127616
914 0.0317 6168576
915 0.0327 6172672
916 0.0279 6144000
917 0.0319 6189056
918 0.0278 6135808
919 0.0317 6176768
920 0.0346 6242304
921 0.028 6139904
922 0.0303 6184960
923 0.0291 6144000
924 0.0318 6180864
925 0.0307 6291456
926 0.0328 6197248
927 0.0315 6164480
928 0.0279 6139904
929 0.0277 6144000
930 0.0326 6184960
931 0.0284 6144000
932 0.0281 6144000
933 0.0318 6184960
934 0.0273 6144000
935 0.0321 6184960
936 0.0288 6144000
937 0.0279 6144000
938 0.0287 6148096
939 0.0279 6148096
940 0.0281 6148096
941 0.0277 6152192
942 0.0278 6152192
943 0.028 6201344
944 0.0324 6189056
945 0.0284 6160384
946 0.0281 6160384
947 0.0319 6197248
948 0.0278 6160384
949 0.0323 6189056
950 0.0279 6160384
951 0.0279 6160384
952 0.028 6160384
953 0.0283 6160384
954 0.0285 6160384
955 0.0279 6160384
956 0.0289 6160384
957 0.0282 6189056
958 0.033 6201344
959 0.0279 6156288
960 0.0321 6205440
961 0.0321 6197248
962 0.0281 6164480
963 0.0284 6164480
964 0.0332 6201344
965 0.0279 6164480
966 0.0322 6209536
967 0.0369 6291456
968 0.0324 6213632
969 0.0281 6172672
970 0.028 6172672
971 0.0323 6205440
972 0.0281 6213632
973 0.0301 6275072
974 0.0286 6172672
975 0.0296 6209536
976 0.0298 6287360
977 0.029 6172672
978 0.0283 6172672
979 0.0283 6172672
980 0.0338 6230016
981 0.0307 6258688
982 0.0295 6176768
983 0.0327 6217728
984 0.0285 6238208
985 0.0286 6176768
986 0.0327 6209536
987 0.0292 6184960
988 0.0283 6184960
989 0.033 6221824
990 0.0281 6189056
991 0.0289 6189056
992 0.0289 6230016
993 0.0329 6270976
994 0.0282 6205440
995 0.0325 6230016
996 0.0326 6230016
997 0.0285 6193152
998 0.0334 6287360
999 0.0297 6262784
1000 0.0285 6193152