1 0.0203 5517312
2 0.0151 5521408
3 0.0173 5521408
4 0.0156 5521408
5 0.0193 5554176
6 0.0152 5537792
7 0.0159 5558272
8 0.0154 5525504
9 0.0152 5566464
10 0.0197 5558272
11 0.0153 5525504
12 0.0153 5529600
13 0.0154 5529600
14 0.0194 5562368
15 0.0193 5529600
16 0.0153 5529600
17 0.0171 5582848
18 0.0154 5545984
19 0.0154 5545984
20 0.0201 5545984
21 0.0157 5545984
22 0.0155 5545984
23 0.0165 5545984
24 0.0164 5550080
25 0.0213 5550080
26 0.0158 5550080
27 0.0155 5554176
28 0.0156 5554176
29 0.0175 5562368
30 0.0237 5640192
31 0.0161 5603328
32 0.0163 5562368
33 0.0162 5562368
34 0.0201 5603328
35 0.0164 5562368
36 0.0159 5566464
37 0.0162 5599232
38 0.0159 5566464
39 0.0232 5595136
40 0.0218 5591040
41 0.0161 5570560
42 0.0167 5603328
43 0.016 5574656
44 0.0202 5607424
45 0.0206 5607424
46 0.0159 5574656
47 0.0161 5574656
48 0.0163 5619712
49 0.0161 5578752
50 0.0161 5578752
51 0.0167 5582848
52 0.0172 5582848
53 0.0169 5627904
54 0.0166 5582848
55 0.0165 5586944
56 0.0164 5586944
57 0.0162 5586944
58 0.0206 5636096
59 0.0179 5586944
60 0.0163 5586944
61 0.0164 5586944
62 0.0164 5586944
63 0.0168 5586944
64 0.0166 5595136
65 0.0168 5640192
66 0.0165 5595136
67 0.0165 5595136
68 0.0168 5599232
69 0.017 5599232
70 0.0214 5632000
71 0.0167 5599232
72 0.0166 5603328
73 0.0221 5640192
74 0.0168 5652480
75 0.0167 5607424
76 0.0177 5607424
77 0.0169 5607424
78 0.0211 5685248
79 0.0173 5652480
80 0.0206 5615616
81 0.0168 5619712
82 0.0178 5619712
83 0.017 5619712
84 0.0213 5652480
85 0.0214 5656576
86 0.0171 5619712
87 0.0214 5652480
88 0.0213 5656576
89 0.0215 5652480
90 0.017 5619712
91 0.0172 5619712
92 0.0173 5627904
93 0.0178 5627904
94 0.0173 5627904
95 0.0214 5664768
96 0.0173 5632000
97 0.0172 5632000
98 0.0176 5632000
99 0.0216 5672960
100 0.0176 5644288
101 0.0179 5652480
102 0.0222 5697536
103 0.0215 5681152
104 0.0215 5681152
105 0.0176 5652480
106 0.0219 5681152
107 0.0174 5652480
108 0.0183 5652480
109 0.0175 5652480
110 0.0181 5652480
111 0.0176 5660672
112 0.0175 5660672
113 0.0222 5693440
114 0.0219 5693440
115 0.0176 5660672
116 0.0224 5693440
117 0.0177 5660672
118 0.0233 5693440
119 0.0179 5660672
120 0.0178 5664768
121 0.0179 5664768
122 0.0178 5664768
123 0.0229 5693440
124 0.0179 5672960
125 0.0179 5672960
126 0.0187 5672960
127 0.0223 5701632
128 0.0186 5713920
129 0.0223 5701632
130 0.019 5672960
131 0.0182 5672960
132 0.0193 5701632
133 0.0182 5672960
134 0.0185 5685248
135 0.0182 5677056
136 0.0181 5681152
137 0.0184 5681152
138 0.0181 5681152
139 0.0182 5681152
140 0.0189 5681152
141 0.0185 5681152
142 0.0184 5681152
143 0.0186 5681152
144 0.0186 5689344
145 0.0189 5730304
146 0.0228 5722112
147 0.0187 5730304
148 0.0188 5697536
149 0.0186 5697536
150 0.0187 5697536
151 0.0185 5697536
152 0.0186 5697536
153 0.0192 5726208
154 0.019 5734400
155 0.0191 5697536
156 0.0231 5730304
157 0.0187 5697536
158 0.0196 5697536
159 0.0188 5697536
160 0.0193 5750784
161 0.0193 5746688
162 0.0197 5705728
163 0.021 5734400
164 0.0189 5718016
165 0.0193 5705728
166 0.0193 5742592
167 0.0192 5705728
168 0.0198 5709824
169 0.0192 5709824
170 0.0197 5709824
171 0.0235 5738496
172 0.0235 5746688
173 0.0201 5709824
174 0.0193 5734400
175 0.0192 5718016
176 0.0194 5718016
177 0.0194 5718016
178 0.0195 5758976
179 0.0193 5718016
180 0.0193 5718016
181 0.0203 5718016
182 0.0195 5718016
183 0.0196 5718016
184 0.0195 5718016
185 0.0198 5718016
186 0.0238 5754880
187 0.0195 5726208
188 0.0197 5726208
189 0.0197 5738496
190 0.0198 5726208
191 0.02 5730304
192 0.0199 5775360
193 0.0199 5771264
194 0.0207 5771264
195 0.0247 5787648
196 0.024 5763072
197 0.0199 5730304
198 0.0198 5730304
199 0.024 5763072
200 0.0199 5758976
201 0.0199 5742592
202 0.0204 5746688
203 0.0199 5746688
204 0.0242 5804032
205 0.0201 5746688
206 0.0201 5746688
207 0.0199 5746688
208 0.0213 5746688
209 0.0216 5746688
210 0.0202 5746688
211 0.0206 5779456
212 0.0203 5754880
213 0.0203 5754880
214 0.0253 5828608
215 0.0245 5787648
216 0.0203 5754880
217 0.0245 5783552
218 0.0204 5754880
219 0.0205 5754880
220 0.021 5795840
221 0.0207 5754880
222 0.0204 5754880
223 0.0208 5754880
224 0.0206 5758976
225 0.0246 5795840
226 0.0208 5767168
227 0.0207 5767168
228 0.0242 5799936
229 0.021 5767168
230 0.0246 5808128
231 0.0209 5816320
232 0.0236 5812224
233 0.0208 5816320
234 0.0213 5771264
235 0.0214 5771264
236 0.0208 5771264
237 0.0209 5779456
238 0.021 5775360
239 0.0214 5775360
240 0.0211 5775360
241 0.0209 5775360
242 0.0211 5775360
243 0.0211 5775360
244 0.0213 5779456
245 0.0212 5828608
246 0.0213 5783552
247 0.0235 5808128
248 0.0214 5779456
249 0.0213 5779456
250 0.0254 5816320
251 0.021 5783552
252 0.0213 5783552
253 0.0252 5820416
254 0.0215 5783552
255 0.0212 5783552
256 0.0255 5836800
257 0.0249 5881856
258 0.0266 5787648
259 0.0253 5828608
260 0.0217 5791744
261 0.0217 5791744
262 0.0214 5791744
263 0.0214 5791744
264 0.0263 5836800
265 0.0214 5791744
266 0.022 5791744
267 0.0216 5791744
268 0.0216 5791744
269 0.0215 5795840
270 0.0216 5795840
271 0.0217 5795840
272 0.022 5844992
273 0.0217 5804032
274 0.0218 5849088
275 0.0219 5804032
276 0.0219 5804032
277 0.0219 5804032
278 0.0221 5857280
279 0.0257 5849088
280 0.0227 5816320
281 0.0259 5853184
282 0.0264 5857280
283 0.0221 5816320
284 0.0223 5816320
285 0.0224 5816320
286 0.0233 5853184
287 0.0221 5816320
288 0.0264 5861376
289 0.0222 5877760
290 0.0223 5828608
291 0.0222 5828608
292 0.0225 5832704
293 0.0222 5840896
294 0.0267 5881856
295 0.0224 5840896
296 0.0223 5840896
297 0.0266 5877760
298 0.0223 5840896
299 0.0224 5840896
300 0.023 5840896
301 0.0223 5840896
302 0.0227 5873664
303 0.0228 5844992
304 0.0229 5844992
305 0.0268 5877760
306 0.0225 5853184
307 0.0226 5853184
308 0.0225 5902336
309 0.0237 5902336
310 0.0275 5894144
311 0.0229 5865472
312 0.0278 5894144
313 0.0226 5857280
314 0.024 5857280
315 0.0227 5857280
316 0.0278 5890048
317 0.0226 5857280
318 0.0228 5857280
319 0.0227 5865472
320 0.0227 5869568
321 0.0233 5906432
322 0.0229 5869568
323 0.0231 5869568
324 0.0229 5869568
325 0.0276 5906432
326 0.0231 5869568
327 0.0233 5873664
328 0.0237 5914624
329 0.0228 5873664
330 0.0238 5873664
331 0.0231 5881856
332 0.0236 5881856
333 0.0238 5918720
334 0.0247 5881856
335 0.0232 5881856
336 0.0232 5881856
337 0.0234 5922816
338 0.0232 5881856
339 0.0233 5881856
340 0.0266 5918720
341 0.0239 5885952
342 0.0272 5910528
343 0.0274 5922816
344 0.0235 5894144
345 0.027 5922816
346 0.024 5894144
347 0.0277 5935104
348 0.0274 5935104
349 0.028 5926912
350 0.0237 5894144
351 0.0276 5935104
352 0.0234 5894144
353 0.0284 5935104
354 0.0238 5943296
355 0.0237 5894144
356 0.0244 5894144
357 0.0237 5902336
358 0.0246 5902336
359 0.0236 5902336
360 0.0278 5947392
361 0.0245 5955584
362 0.0238 5906432
363 0.0241 5906432
364 0.0243 5906432
365 0.0242 5906432
366 0.0244 5910528
367 0.0288 5971968
368 0.0239 5910528
369 0.0286 5951488
370 0.0307 5967872
371 0.0239 5918720
372 0.0245 5967872
373 0.0245 5967872
374 0.0242 5918720
375 0.0242 5918720
376 0.0245 5922816
377 0.0245 5922816
378 0.0243 5922816
379 0.0246 5967872
380 0.0282 5959680
381 0.0243 5931008
382 0.0243 5931008
383 0.0242 5931008
384 0.0242 5931008
385 0.0251 5939200
386 0.0245 5939200
387 0.0246 5939200
388 0.0249 5939200
389 0.0244 5939200
390 0.0244 5939200
391 0.0292 6008832
392 0.0245 5939200
393 0.0245 5939200
394 0.0254 5992448
395 0.0249 5947392
396 0.0246 5947392
397 0.0248 5947392
398 0.0247 5947392
399 0.0255 5947392
400 0.0247 5947392
401 0.029 5980160
402 0.0251 5947392
403 0.025 5947392
404 0.0256 5947392
405 0.0252 5996544
406 0.0264 5955584
407 0.025 5955584
408 0.0291 5996544
409 0.0289 5992448
410 0.0249 5959680
411 0.0311 5988352
412 0.0255 6000640
413 0.0292 5988352
414 0.025 5959680
415 0.0255 5959680
416 0.0251 5959680
417 0.0253 5959680
418 0.0253 5959680
419 0.0252 5967872
420 0.0252 5967872
421 0.0252 5967872
422 0.0253 5967872
423 0.0259 5967872
424 0.0253 5967872
425 0.0253 5967872
426 0.0259 5967872
427 0.0253 5967872
428 0.0256 6012928
429 0.0258 5967872
430 0.0261 5967872
431 0.0257 5967872
432 0.026 5976064
433 0.0256 5976064
434 0.0295 6017024
435 0.0255 5976064
436 0.0263 5976064
437 0.0257 5976064
438 0.0259 5976064
439 0.0263 6021120
440 0.03 6021120
441 0.0264 5980160
442 0.026 5980160
443 0.0257 5984256
444 0.0302 6025216
445 0.0258 5988352
446 0.0267 6029312
447 0.03 6029312
448 0.0298 6029312
449 0.0261 5988352
450 0.0297 6078464
451 0.026 5996544
452 0.0264 5996544
453 0.0307 6033408
454 0.026 6000640
455 0.0263 6000640
456 0.0306 6037504
457 0.0264 6000640
458 0.0261 6004736
459 0.0268 6004736
460 0.0305 6041600
461 0.0261 6004736
462 0.0274 6049792
463 0.0263 6012928
464 0.0265 6012928
465 0.0263 6012928
466 0.027 6057984
467 0.0267 6053888
468 0.0264 6012928
469 0.0265 6012928
470 0.0311 6049792
471 0.0271 6012928
472 0.0266 6012928
473 0.0269 6012928
474 0.0266 6012928
475 0.0282 6025216
476 0.0267 6025216
477 0.0266 6025216
478 0.0268 6066176
479 0.0272 6025216
480 0.0268 6025216
481 0.0265 6025216
482 0.0269 6025216
483 0.0278 6025216
484 0.0276 6029312
485 0.0268 6029312
486 0.0274 6029312
487 0.0268 6029312
488 0.027 6037504
489 0.0309 6074368
490 0.027 6037504
491 0.0277 6037504
492 0.0275 6037504
493 0.0315 6074368
494 0.0268 6037504
495 0.031 6074368
496 0.0269 6037504
497 0.0272 6037504
498 0.0278 6037504
499 0.0275 6037504
500 0.0316 6078464
501 0.0274 6049792
502 0.0272 6049792
503 0.0281 6049792
504 0.0317 6086656
505 0.0279 6049792
506 0.0272 6049792
507 0.0278 6049792
508 0.0275 6049792
509 0.0276 6049792
510 0.0277 6049792
511 0.0281 6049792
512 0.0277 6049792
513 0.0289 6053888
514 0.0274 6053888
515 0.032 6090752
516 0.0317 6090752
517 0.0314 6094848
518 0.0275 6057984
519 0.0323 6090752
520 0.0285 6062080
521 0.028 6062080
522 0.0326 6107136
523 0.0282 6062080
524 0.0278 6062080
525 0.0276 6111232
526 0.0283 6066176
527 0.0298 6103040
528 0.0327 6103040
529 0.0288 6066176
530 0.0285 6066176
531 0.0324 6103040
532 0.0285 6070272
533 0.0297 6070272
534 0.0285 6070272
535 0.0282 6115328
536 0.028 6074368
537 0.0282 6074368
538 0.0297 6078464
539 0.0306 6119424
540 0.0282 6078464
541 0.0294 6078464
542 0.0331 6115328
543 0.029 6078464
544 0.0329 6119424
545 0.0306 6082560
546 0.0333 6119424
547 0.0314 6107136
548 0.0288 6082560
549 0.0299 6082560
550 0.0288 6086656
551 0.0316 6086656
552 0.0379 6164480
553 0.0328 6168576
554 0.0288 6086656
555 0.029 6131712
556 0.0287 6090752
557 0.0284 6094848
558 0.029 6094848
559 0.0285 6094848
560 0.0287 6094848
561 0.0289 6094848
562 0.0288 6094848
563 0.0291 6115328
564 0.0293 6098944
565 0.0292 6098944
566 0.0299 6164480
567 0.0289 6098944
568 0.0288 6098944
569 0.0329 6135808
570 0.0333 6148096
571 0.0287 6103040
572 0.0292 6103040
573 0.0288 6103040
574 0.0292 6103040
575 0.0294 6103040
576 0.0295 6135808
577 0.0295 6135808
578 0.032 6164480
579 0.0295 6135808
580 0.0335 6172672
581 0.029 6139904
582 0.0298 6139904
583 0.03 6144000
584 0.0298 6176768
585 0.0335 6184960
586 0.0297 6148096
587 0.0298 6148096
588 0.0294 6152192
589 0.0336 6193152
590 0.0295 6201344
591 0.0336 6193152
592 0.0337 6197248
593 0.0308 6156288
594 0.0346 6197248
595 0.0299 6160384
596 0.0303 6160384
597 0.0299 6156288
598 0.0318 6189056
599 0.0341 6197248
600 0.0299 6193152
601 0.0334 6201344
602 0.0297 6164480
603 0.0304 6164480
604 0.0319 6209536
605 0.0294 6164480
606 0.03 6209536
607 0.0295 6164480
608 0.0299 6168576
609 0.0296 6168576
610 0.0308 6168576
611 0.0312 6168576
612 0.0305 6168576
613 0.0301 6172672
614 0.0353 6213632
615 0.0303 6172672
616 0.0307 6221824
617 0.0306 6217728
618 0.0308 6172672
619 0.0345 6213632
620 0.0304 6172672
621 0.0325 6213632
622 0.0322 6217728
623 0.0299 6180864
624 0.0313 6180864
625 0.0304 6189056
626 0.0306 6189056
627 0.0301 6201344
628 0.0301 6189056
629 0.0304 6234112
630 0.035 6266880
631 0.0302 6189056
632 0.0303 6189056
633 0.03 6193152
634 0.0304 6193152
635 0.0302 6193152
636 0.0302 6193152
637 0.0302 6193152
638 0.0307 6197248
639 0.0349 6234112
640 0.0307 6201344
641 0.031 6201344
642 0.0368 6270976
643 0.031 6201344
644 0.032 6201344
645 0.0344 6230016
646 0.0309 6201344
647 0.0351 6234112
648 0.0354 6242304
649 0.0309 6242304
650 0.0321 6234112
651 0.04 6230016
652 0.0312 6209536
653 0.0309 6209536
654 0.0313 6209536
655 0.0311 6209536
656 0.0356 6250496
657 0.0351 6250496
658 0.0329 6209536
659 0.0312 6213632
660 0.0328 6213632
661 0.0354 6254592
662 0.0313 6213632
663 0.0312 6221824
664 0.0308 6221824
665 0.0318 6221824
666 0.031 6221824
667 0.0309 6221824
668 0.0363 6254592
669 0.0333 6250496
670 0.0315 6221824
671 0.0311 6270976
672 0.0313 6225920
673 0.0313 6275072
674 0.0313 6225920
675 0.0312 6225920
676 0.0359 6270976
677 0.0317 6234112
678 0.0336 6270976
679 0.0318 6234112
680 0.032 6234112
681 0.0315 6234112
682 0.0323 6250496
683 0.0365 6270976
684 0.0348 6307840
685 0.0323 6238208
686 0.032 6242304
687 0.0362 6275072
688 0.0364 6283264
689 0.0361 6283264
690 0.0321 6246400
691 0.0364 6279168
692 0.0316 6246400
693 0.0317 6246400
694 0.0331 6307840
695 0.0347 6283264
696 0.0337 6250496
697 0.0362 6283264
698 0.0325 6250496
699 0.0365 6287360
700 0.0321 6258688
701 0.0319 6258688
702 0.0331 6258688
703 0.0364 6295552
704 0.0364 6311936
705 0.0328 6258688
706 0.0363 6295552
707 0.0325 6307840
708 0.0346 6266880
709 0.0368 6287360
710 0.033 6270976
711 0.0327 6270976
712 0.0351 6336512
713 0.0328 6279168
714 0.0348 6324224
715 0.0342 6279168
716 0.0348 6279168
717 0.0461 6303744
718 0.0332 6279168
719 0.0335 6275072
720 0.0329 6275072
721 0.033 6275072
722 0.0324 6279168
723 0.0327 6279168
724 0.0324 6279168
725 0.0328 6279168
726 0.0336 6287360
727 0.0374 6324224
728 0.0371 6324224
729 0.0329 6287360
730 0.0334 6287360
731 0.0368 6324224
732 0.0329 6287360
733 0.0375 6336512
734 0.0333 6287360
735 0.0338 6287360
736 0.0335 6291456
737 0.0338 6332416
738 0.0338 6291456
739 0.0375 6336512
740 0.033 6299648
741 0.0335 6344704
742 0.0357 6348800
743 0.0334 6299648
744 0.0335 6299648
745 0.0345 6299648
746 0.0335 6303744
747 0.0379 6373376
748 0.0329 6303744
749 0.0331 6303744
750 0.0334 6316032
751 0.0338 6311936
752 0.0351 6311936
753 0.0337 6348800
754 0.0342 6311936
755 0.0339 6311936
756 0.0338 6311936
757 0.0365 6348800
758 0.0337 6320128
759 0.0385 6414336
760 0.0336 6320128
761 0.0351 6369280
762 0.0338 6320128
763 0.034 6320128
764 0.0333 6320128
765 0.0334 6320128
766 0.0386 6361088
767 0.0364 6352896
768 0.0338 6324224
769 0.0338 6332416
770 0.0347 6332416
771 0.0355 6332416
772 0.0339 6332416
773 0.0338 6344704
774 0.0387 6365184
775 0.0346 6332416
776 0.0341 6332416
777 0.0343 6344704
778 0.0384 6373376
779 0.0389 6447104
780 0.0384 6373376
781 0.0345 6336512
782 0.0342 6389760
783 0.037 6426624
784 0.0346 6340608
785 0.0388 6381568
786 0.0347 6340608
787 0.0359 6377472
788 0.0345 6344704
789 0.0344 6344704
790 0.0347 6344704
791 0.0342 6344704
792 0.034 6344704
793 0.0347 6344704
794 0.036 6393856
795 0.035 6352896
796 0.0343 6352896
797 0.0391 6393856
798 0.035 6352896
799 0.039 6393856
800 0.0351 6352896
801 0.0399 6397952
802 0.0387 6397952
803 0.0351 6352896
804 0.0346 6389760
805 0.0352 6356992
806 0.035 6381568
807 0.0353 6385664
808 0.0362 6385664
809 0.0392 6422528
810 0.0355 6389760
811 0.0352 6389760
812 0.035 6389760
813 0.0389 6430720
814 0.0353 6402048
815 0.0353 6385664
816 0.0354 6434816
817 0.0357 6434816
818 0.0358 6393856
819 0.0354 6393856
820 0.0352 6389760
821 0.0395 6438912
822 0.0353 6393856
823 0.0353 6397952
824 0.0352 6406144
825 0.0353 6406144
826 0.0357 6475776
827 0.0396 6443008
828 0.0354 6406144
829 0.0349 6406144
830 0.0355 6406144
831 0.0357 6414336
832 0.0356 6414336
833 0.0356 6414336
834 0.036 6451200
835 0.0354 6414336
836 0.0373 6414336
837 0.035 6414336
838 0.0361 6414336
839 0.0358 6414336
840 0.04 6447104
841 0.0373 6418432
842 0.0368 6418432
843 0.0357 6430720
844 0.0376 6479872
845 0.0367 6434816
846 0.0359 6430720
847 0.0405 6475776
848 0.0358 6434816
849 0.0361 6488064
850 0.0393 6520832
851 0.04 6475776
852 0.0356 6488064
853 0.0365 6479872
854 0.037 6438912
855 0.0371 6483968
856 0.0386 6438912
857 0.0371 6451200
858 0.0455 6483968
859 0.0375 6438912
860 0.0373 6492160
861 0.0378 6443008
862 0.0368 6443008
863 0.0372 6443008
864 0.0376 6443008
865 0.0372 6443008
866 0.0375 6479872
867 0.0372 6443008
868 0.0383 6443008
869 0.0378 6455296
870 0.0366 6455296
871 0.0389 6455296
872 0.0374 6455296
873 0.0368 6459392
874 0.0366 6459392
875 0.0366 6459392
876 0.0379 6516736
877 0.0367 6459392
878 0.0381 6516736
879 0.0369 6471680
880 0.053 6610944
881 0.0425 6483968
882 0.0387 6565888
883 0.0376 6574080
884 0.0438 6508544
885 0.0417 6508544
886 0.0416 6488064
887 0.0389 6467584
888 0.037 6467584
889 0.0409 6504448
890 0.0376 6467584
891 0.04 6512640
892 0.04 6500352
893 0.0378 6467584
894 0.0376 6516736
895 0.0379 6488064
896 0.0373 6488064
897 0.0388 6483968
898 0.0417 6586368
899 0.0373 6483968
900 0.0393 6574080
901 0.0392 6520832
902 0.0368 6483968
903 0.037 6483968
904 0.0412 6516736
905 0.0383 6483968
906 0.0376 6483968
907 0.0375 6483968
908 0.0379 6479872
909 0.0374 6479872
910 0.0379 6479872
911 0.0376 6483968
912 0.0379 6496256
913 0.0376 6483968
914 0.0378 6483968
915 0.0378 6483968
916 0.0383 6483968
917 0.0381 6488064
918 0.0385 6488064
919 0.0383 6500352
920 0.0383 6553600
921 0.0381 6545408
922 0.0389 6504448
923 0.0384 6504448
924 0.0385 6549504
925 0.0382 6504448
926 0.0382 6504448
927 0.0384 6504448
928 0.038 6504448
929 0.0397 6504448
930 0.0382 6504448
931 0.0384 6504448
932 0.0392 6549504
933 0.0384 6508544
934 0.0388 6541312
935 0.0388 6508544
936 0.0391 6508544
937 0.0384 6508544
938 0.0387 6512640
939 0.0386 6512640
940 0.039 6541312
941 0.0387 6512640
942 0.0387 6512640
943 0.0383 6512640
944 0.0388 6598656
945 0.0383 6565888
946 0.0387 6529024
947 0.0382 6529024
948 0.0386 6529024
949 0.0399 6565888
950 0.0382 6524928
951 0.0426 6557696
952 0.0394 6586368
953 0.039 6524928
954 0.0382 6524928
955 0.0427 6565888
956 0.0393 6524928
957 0.0385 6524928
958 0.0413 6574080
959 0.0392 6606848
960 0.0385 6529024
961 0.0389 6529024
962 0.039 6529024
963 0.039 6529024
964 0.0386 6529024
965 0.0403 6529024
966 0.0389 6541312
967 0.0389 6529024
968 0.0386 6533120
969 0.0394 6574080
970 0.0394 6541312
971 0.0416 6582272
972 0.0391 6590464
973 0.0434 6574080
974 0.0395 6541312
975 0.0393 6590464
976 0.0387 6537216
977 0.0453 6664192
978 0.0429 6594560
979 0.0391 6537216
980 0.044 6660096
981 0.0393 6590464
982 0.0401 6545408
983 0.0404 6545408
984 0.039 6561792
985 0.0396 6561792
986 0.0395 6561792
987 0.0402 6602752
988 0.044 6672384
989 0.0393 6561792
990 0.0393 6561792
991 0.0396 6561792
992 0.0395 6561792
993 0.0396 6598656
994 0.0396 6561792
995 0.0396 6561792
996 0.0397 6561792
997 0.0399 6565888
998 0.0398 6565888
999 0.0395 6565888
1000 0.0406 6569984