1 0.015 5492736
2 0.0149 5484544
3 0.0154 5451776
4 0.0154 5455872
5 0.0188 5492736
6 0.0149 5459968
7 0.0151 5496832
8 0.0151 5509120
9 0.0188 5500928
10 0.0191 5505024
11 0.0152 5476352
12 0.0195 5505024
13 0.0151 5476352
14 0.0153 5513216
15 0.0155 5517312
16 0.0151 5480448
17 0.0152 5488640
18 0.0155 5488640
19 0.0152 5488640
20 0.0154 5533696
21 0.0154 5533696
22 0.0155 5492736
23 0.0194 5525504
24 0.0199 5533696
25 0.0155 5541888
26 0.0154 5500928
27 0.0194 5533696
28 0.0159 5500928
29 0.0155 5500928
30 0.0155 5500928
31 0.0165 5545984
32 0.0155 5509120
33 0.0156 5517312
34 0.0196 5550080
35 0.0159 5517312
36 0.0198 5554176
37 0.016 5517312
38 0.0159 5517312
39 0.0159 5566464
40 0.0158 5525504
41 0.0161 5570560
42 0.0158 5533696
43 0.0171 5566464
44 0.0209 5566464
45 0.016 5533696
46 0.0159 5533696
47 0.0159 5533696
48 0.0165 5537792
49 0.0166 5537792
50 0.0159 5545984
51 0.0202 5578752
52 0.016 5545984
53 0.0162 5545984
54 0.0161 5545984
55 0.0168 5558272
56 0.016 5545984
57 0.0171 5550080
58 0.0163 5550080
59 0.0162 5550080
60 0.0162 5554176
61 0.0165 5599232
62 0.0162 5554176
63 0.0162 5558272
64 0.0168 5558272
65 0.0165 5558272
66 0.0162 5558272
67 0.0164 5562368
68 0.0164 5607424
69 0.0171 5566464
70 0.0205 5599232
71 0.0163 5566464
72 0.0165 5615616
73 0.0164 5574656
74 0.0165 5574656
75 0.0176 5607424
76 0.0165 5582848
77 0.0165 5582848
78 0.0179 5615616
79 0.0165 5574656
80 0.0175 5599232
81 0.0169 5595136
82 0.0168 5636096
83 0.0167 5595136
84 0.021 5636096
85 0.0168 5603328
86 0.0188 5603328
87 0.017 5603328
88 0.0169 5603328
89 0.017 5603328
90 0.0168 5599232
91 0.0178 5599232
92 0.0175 5652480
93 0.0212 5644288
94 0.0169 5615616
95 0.0173 5619712
96 0.017 5619712
97 0.0184 5619712
98 0.0172 5619712
99 0.0178 5619712
100 0.0212 5652480
101 0.0172 5627904
# 102 1.5866 5652480
103 0.0171 5644288
104 0.0177 5640192
105 0.0174 5677056
106 0.0173 5640192
107 0.0177 5640192
108 0.0174 5677056
109 0.0177 5648384
110 0.0175 5648384
111 0.019 5648384
112 0.0174 5652480
113 0.0176 5652480
114 0.0216 5681152
115 0.0175 5652480
116 0.0175 5689344
117 0.0176 5660672
118 0.0176 5660672
119 0.0189 5660672
120 0.0217 5685248
121 0.0218 5693440
122 0.0174 5660672
123 0.0226 5730304
124 0.0176 5701632
125 0.0227 5701632
126 0.0207 5693440
127 0.0177 5672960
128 0.018 5672960
129 0.0221 5701632
130 0.0176 5672960
131 0.0178 5672960
132 0.0191 5697536
133 0.019 5701632
134 0.0179 5722112
135 0.0179 5681152
136 0.0183 5734400
137 0.0208 5713920
138 0.0178 5693440
139 0.0193 5730304
140 0.0184 5730304
141 0.0181 5689344
142 0.0184 5693440
143 0.0189 5693440
144 0.019 5730304
145 0.0192 5722112
146 0.0198 5701632
147 0.0203 5738496
148 0.0186 5701632
149 0.0229 5734400
150 0.0184 5709824
151 0.021 5742592
152 0.0188 5713920
153 0.0201 5750784
154 0.0189 5713920
155 0.0195 5713920
156 0.0185 5713920
157 0.0186 5713920
158 0.0183 5713920
159 0.019 5713920
160 0.0182 5722112
161 0.019 5742592
162 0.0201 5767168
163 0.0192 5746688
164 0.0197 5758976
165 0.0226 5775360
166 0.0189 5795840
167 0.023 5775360
168 0.0187 5734400
169 0.0186 5734400
170 0.0187 5746688
171 0.0199 5742592
172 0.0229 5771264
173 0.0188 5742592
174 0.0189 5775360
175 0.0232 5783552
176 0.0232 5783552
177 0.0193 5746688
178 0.0194 5754880
179 0.0234 5787648
180 0.0194 5758976
181 0.0286 5820416
182 0.0257 5767168
183 0.0197 5795840
184 0.0233 5791744
185 0.0191 5763072
186 0.0231 5795840
187 0.019 5767168
188 0.0191 5799936
189 0.0239 5808128
190 0.0234 5804032
191 0.0192 5783552
192 0.0194 5820416
193 0.0232 5816320
194 0.0191 5771264
195 0.0206 5775360
196 0.0195 5787648
197 0.0193 5787648
198 0.0194 5779456
199 0.0194 5779456
200 0.0193 5783552
201 0.0196 5812224
202 0.0196 5820416
203 0.0198 5787648
204 0.02 5836800
205 0.0205 5787648
206 0.0195 5799936
207 0.0197 5799936
208 0.0237 5824512
209 0.0196 5791744
210 0.0195 5791744
211 0.0198 5791744
212 0.0208 5795840
213 0.02 5820416
214 0.0204 5808128
215 0.0198 5808128
216 0.0198 5795840
217 0.0237 5849088
218 0.0201 5844992
219 0.0205 5799936
220 0.0203 5828608
221 0.0198 5812224
222 0.0242 5853184
223 0.0199 5816320
224 0.0208 5824512
225 0.0241 5857280
226 0.0201 5820416
227 0.0208 5820416
228 0.0206 5861376
229 0.0203 5869568
230 0.0201 5828608
231 0.0205 5828608
232 0.0245 5865472
233 0.0242 5840896
234 0.0201 5885952
235 0.0204 5881856
236 0.0205 5840896
237 0.0244 5873664
238 0.0205 5836800
239 0.0203 5836800
240 0.0203 5836800
241 0.0208 5844992
242 0.0206 5844992
243 0.0211 5844992
244 0.0208 5894144
245 0.0206 5844992
246 0.0283 5926912
247 0.025 5931008
248 0.0259 5947392
249 0.0308 5885952
250 0.0333 5943296
251 0.0315 5939200
252 0.0267 5881856
253 0.0238 5906432
254 0.0292 5914624
255 0.0287 5898240
256 0.0224 5955584
257 0.021 5873664
258 0.0224 5873664
259 0.0208 5877760
260 0.0218 5877760
261 0.0209 5873664
262 0.0219 5885952
263 0.0214 5885952
264 0.0215 5935104
265 0.0212 5885952
266 0.0219 5877760
267 0.0237 5935104
268 0.0215 5877760
269 0.0234 5947392
270 0.0213 5881856
271 0.0252 5935104
272 0.0209 5894144
273 0.0217 5943296
274 0.0217 5898240
275 0.0211 5898240
276 0.0217 5898240
277 0.0256 5943296
278 0.0219 5890048
279 0.0255 5935104
280 0.0216 5890048
281 0.0253 5943296
282 0.023 5931008
283 0.0214 5910528
284 0.0212 5910528
285 0.0214 5910528
286 0.0215 5910528
287 0.0218 5922816
288 0.0217 5918720
289 0.0213 5918720
290 0.0218 5939200
291 0.0229 5955584
292 0.0258 5980160
293 0.0218 5935104
294 0.0219 5935104
295 0.0264 5955584
296 0.026 5967872
297 0.0259 5988352
298 0.0284 5971968
299 0.0223 5943296
300 0.0219 5951488
301 0.0259 5980160
302 0.0258 5984256
303 0.0264 5984256
304 0.022 5951488
305 0.0218 5955584
306 0.022 5955584
307 0.0222 5955584
308 0.0219 5996544
309 0.0219 5955584
310 0.0222 5959680
311 0.0223 5959680
312 0.0227 5959680
313 0.0219 5955584
314 0.0223 5996544
315 0.0219 5955584
316 0.0223 6008832
317 0.022 5967872
318 0.0221 5967872
319 0.0219 5967872
320 0.0221 5988352
321 0.0221 6004736
322 0.0222 6004736
323 0.0262 6029312
324 0.0222 6004736
325 0.0222 6004736
326 0.0224 6000640
327 0.0224 6041600
328 0.0225 6012928
329 0.0223 6012928
330 0.0228 6012928
331 0.0223 6012928
332 0.0227 6021120
333 0.0232 6021120
334 0.0271 6057984
335 0.0229 6017024
336 0.0226 6066176
337 0.0233 6021120
338 0.023 6053888
339 0.0226 6012928
340 0.0228 6017024
341 0.0225 6029312
342 0.0227 6029312
343 0.0226 6029312
344 0.0229 6033408
345 0.0229 6037504
346 0.0238 6037504
347 0.0266 6074368
348 0.0227 6033408
349 0.0236 6037504
350 0.0229 6037504
351 0.0268 6094848
352 0.0246 6062080
353 0.0229 6062080
354 0.0236 6062080
355 0.0229 6057984
356 0.0233 6053888
357 0.0234 6053888
358 0.0271 6090752
359 0.0231 6070272
360 0.0236 6074368
361 0.0229 6074368
362 0.0278 6111232
363 0.0235 6070272
364 0.0234 6115328
365 0.0231 6115328
366 0.0234 6115328
367 0.0276 6107136
368 0.0231 6066176
369 0.0276 6111232
370 0.025 6066176
371 0.0232 6082560
372 0.0234 6070272
373 0.0241 6070272
374 0.0233 6127616
375 0.0244 6082560
376 0.0235 6082560
377 0.0235 6094848
378 0.0233 6094848
379 0.0279 6119424
380 0.0285 6115328
381 0.0237 6127616
382 0.0239 6119424
383 0.0238 6074368
384 0.0239 6111232
385 0.0239 6107136
386 0.0282 6168576
387 0.0243 6156288
388 0.0237 6115328
389 0.024 6160384
390 0.0238 6115328
391 0.0236 6111232
392 0.0237 6164480
393 0.0236 6123520
394 0.0287 6152192
395 0.0277 6156288
396 0.0239 6119424
397 0.0238 6115328
398 0.024 6176768
399 0.0237 6127616
400 0.0238 6127616
401 0.0242 6160384
402 0.0245 6111232
403 0.0251 6189056
404 0.0279 6176768
405 0.024 6139904
406 0.0244 6127616
407 0.0279 6184960
408 0.024 6127616
409 0.0249 6127616
410 0.0243 6144000
411 0.0244 6131712
412 0.025 6131712
413 0.0247 6156288
414 0.0254 6156288
415 0.0248 6156288
416 0.0241 6184960
417 0.0246 6152192
418 0.0242 6152192
419 0.0244 6139904
420 0.0243 6139904
421 0.0248 6144000
422 0.0284 6205440
423 0.0284 6205440
424 0.0247 6168576
425 0.0298 6213632
426 0.0245 6168576
427 0.0243 6168576
428 0.0254 6168576
429 0.0254 6160384
430 0.0247 6160384
431 0.0293 6197248
432 0.0254 6221824
433 0.0244 6160384
434 0.0249 6160384
435 0.0246 6160384
436 0.0247 6164480
437 0.0253 6176768
438 0.0245 6176768
439 0.0252 6168576
440 0.0247 6168576
441 0.0248 6168576
442 0.0255 6168576
443 0.0254 6213632
444 0.0249 6189056
445 0.0249 6168576
446 0.0249 6197248
447 0.0253 6184960
448 0.0292 6225920
449 0.0249 6189056
450 0.0265 6242304
451 0.0249 6180864
452 0.0249 6180864
453 0.0262 6180864
454 0.025 6180864
455 0.0258 6180864
456 0.029 6258688
457 0.0251 6213632
458 0.0256 6246400
459 0.0251 6201344
460 0.0251 6205440
461 0.031 6230016
462 0.0298 6230016
463 0.0256 6197248
464 0.0292 6242304
465 0.0291 6254592
466 0.0295 6246400
467 0.0252 6230016
468 0.0261 6230016
469 0.0255 6230016
470 0.0253 6221824
471 0.0267 6213632
472 0.0256 6217728
473 0.0255 6217728
474 0.0254 6209536
475 0.0302 6262784
476 0.0255 6242304
477 0.0271 6258688
478 0.0255 6242304
479 0.026 6246400
480 0.0257 6246400
481 0.0257 6246400
482 0.026 6238208
483 0.03 6258688
484 0.0296 6262784
485 0.0256 6246400
486 0.0297 6295552
487 0.0299 6299648
488 0.0304 6291456
489 0.0267 6262784
490 0.026 6307840
491 0.026 6266880
492 0.026 6266880
493 0.0334 6324224
494 0.0264 6262784
495 0.026 6262784
496 0.0267 6262784
497 0.0264 6275072
498 0.0266 6275072
499 0.0264 6283264
500 0.0261 6287360
501 0.0268 6287360
502 0.026 6287360
503 0.0262 6291456
504 0.0262 6295552
505 0.0308 6307840
506 0.0308 6303744
507 0.0263 6275072
508 0.0267 6275072
509 0.0261 6279168
510 0.0307 6316032
511 0.0267 6279168
512 0.0271 6320128
513 0.0262 6287360
514 0.0269 6295552
515 0.0271 6295552
516 0.0274 6295552
517 0.0267 6279168
518 0.0265 6287360
519 0.0265 6291456
520 0.0269 6291456
521 0.0272 6316032
522 0.0269 6303744
523 0.0276 6340608
524 0.0271 6307840
525 0.027 6320128
526 0.0267 6311936
527 0.0307 6348800
528 0.0271 6303744
529 0.0271 6287360
530 0.0269 6287360
531 0.0266 6291456
532 0.0273 6291456
533 0.0276 6311936
534 0.0273 6311936
535 0.0268 6311936
536 0.0268 6311936
537 0.0322 6348800
538 0.027 6316032
539 0.0285 6356992
540 0.0284 6361088
541 0.027 6311936
542 0.0271 6316032
543 0.0271 6320128
544 0.0426 6373376
545 0.0276 6324224
546 0.0275 6324224
547 0.0273 6340608
548 0.0279 6373376
549 0.0272 6328320
550 0.0285 6328320
551 0.0318 6365184
552 0.0278 6311936
553 0.0275 6328320
554 0.0272 6373376
555 0.0276 6332416
556 0.0273 6336512
557 0.0288 6352896
558 0.0315 6381568
559 0.0282 6352896
560 0.0281 6352896
561 0.0296 6361088
562 0.0282 6365184
563 0.0286 6356992
564 0.0277 6340608
565 0.0273 6340608
566 0.0282 6377472
567 0.0274 6352896
568 0.0287 6369280
569 0.028 6447104
570 0.0303 6389760
571 0.0274 6352896
572 0.0279 6377472
573 0.0277 6389760
574 0.0292 6361088
575 0.0282 6361088
576 0.0282 6385664
577 0.0326 6438912
578 0.0278 6397952
579 0.0325 6426624
580 0.0275 6410240
581 0.0283 6410240
582 0.0281 6459392
583 0.032 6430720
584 0.0278 6397952
585 0.0293 6397952
586 0.0285 6418432
587 0.0292 6418432
588 0.0284 6418432
589 0.028 6410240
590 0.0281 6410240
591 0.0284 6463488
592 0.0285 6406144
593 0.0327 6443008
594 0.0335 6438912
595 0.0288 6410240
596 0.0285 6430720
597 0.0282 6430720
598 0.0282 6430720
599 0.0283 6430720
600 0.0328 6459392
601 0.0282 6422528
602 0.0289 6426624
603 0.0286 6426624
604 0.0334 6438912
605 0.0297 6418432
606 0.0331 6479872
607 0.0287 6438912
608 0.0298 6438912
609 0.0293 6438912
610 0.0296 6438912
611 0.0308 6451200
612 0.0296 6434816
613 0.033 6475776
614 0.029 6483968
615 0.0327 6467584
616 0.0331 6492160
617 0.0292 6451200
618 0.0291 6455296
619 0.0302 6455296
620 0.0296 6451200
621 0.0291 6451200
622 0.029 6459392
623 0.0288 6443008
624 0.0286 6451200
625 0.0291 6455296
626 0.0292 6459392
627 0.0327 6500352
628 0.0289 6471680
629 0.029 6471680
630 0.0292 6471680
631 0.0296 6455296
632 0.0293 6455296
633 0.0294 6455296
634 0.0292 6471680
635 0.029 6434816
636 0.0299 6438912
637 0.0334 6471680
638 0.0303 6492160
639 0.0295 6479872
640 0.0301 6512640
641 0.0302 6520832
642 0.0296 6520832
643 0.0309 6557696
644 0.0298 6541312
645 0.0291 6537216
646 0.034 6574080
647 0.0298 6565888
648 0.0345 6610944
649 0.0339 6574080
650 0.0302 6516736
651 0.03 6569984
652 0.0303 6541312
653 0.0313 6569984
654 0.0298 6541312
655 0.0301 6537216
656 0.03 6537216
657 0.0302 6537216
658 0.0295 6533120
659 0.0344 6574080
660 0.0302 6606848
661 0.0342 6598656
662 0.0343 6578176
663 0.0341 6578176
664 0.0335 6586368
665 0.0297 6574080
666 0.0341 6606848
667 0.0294 6549504
668 0.034 6590464
669 0.0343 6598656
670 0.0306 6565888
671 0.031 6582272
672 0.0312 6549504
673 0.0306 6561792
674 0.0338 6586368
675 0.0305 6574080
676 0.0339 6615040
677 0.0321 6586368
678 0.0309 6553600
679 0.0384 6610944
680 0.0331 6561792
681 0.0311 6561792
682 0.0306 6582272
683 0.0317 6582272
684 0.0311 6590464
685 0.0307 6561792
686 0.0306 6574080
687 0.0313 6565888
688 0.0319 6565888
689 0.0307 6565888
690 0.0308 6594560
691 0.031 6619136
692 0.031 6594560
693 0.0301 6582272
694 0.0333 6631424
695 0.0311 6598656
696 0.0357 6631424
697 0.036 6606848
698 0.0315 6602752
699 0.0318 6602752
700 0.0306 6602752
701 0.0306 6602752
702 0.0353 6639616
703 0.0349 6647808
704 0.0305 6606848
705 0.0412 6631424
706 0.033 6619136
707 0.0313 6647808
708 0.0318 6619136
709 0.0361 6651904
710 0.0355 6676480
711 0.0316 6639616
712 0.0319 6627328
713 0.0327 6635520
714 0.0306 6635520
715 0.0308 6635520
716 0.0323 6672384
717 0.0375 6664192
718 0.0316 6627328
719 0.0323 6627328
720 0.0319 6627328
721 0.0309 6701056
722 0.0311 6639616
723 0.0321 6639616
724 0.0356 6680576
725 0.0355 6688768
726 0.036 6688768
727 0.031 6651904
728 0.0323 6651904
729 0.0311 6651904
730 0.0356 6688768
731 0.0318 6656000
732 0.0316 6660096
733 0.0316 6664192
734 0.0319 6709248
735 0.0315 6664192
736 0.0318 6664192
737 0.0316 6672384
738 0.0348 6701056
739 0.0355 6701056
740 0.0314 6664192
741 0.0313 6680576
742 0.0358 6701056
743 0.0348 6688768
744 0.0331 6688768
745 0.0322 6713344
746 0.0316 6672384
747 0.0317 6676480
748 0.0321 6705152
749 0.0369 6725632
750 0.0314 6688768
751 0.0321 6688768
752 0.0315 6701056
753 0.0317 6701056
754 0.0314 6688768
755 0.0372 6729728
756 0.0326 6692864
757 0.0322 6692864
758 0.0322 6692864
759 0.0319 6721536
760 0.0317 6705152
761 0.0318 6705152
762 0.0317 6705152
763 0.032 6701056
764 0.0363 6758400
765 0.0334 6701056
766 0.0345 6729728
767 0.033 6709248
768 0.033 6766592
769 0.0367 6737920
770 0.0322 6709248
771 0.0332 6709248
772 0.0319 6721536
773 0.0323 6725632
774 0.0341 6725632
775 0.0328 6774784
776 0.0328 6709248
777 0.0367 6762496
778 0.0321 6709248
779 0.0322 6721536
780 0.0367 6754304
781 0.0327 6762496
782 0.0336 6754304
783 0.0329 6733824
784 0.0377 6782976
785 0.0331 6737920
786 0.0329 6737920
787 0.0342 6737920
788 0.0378 6762496
789 0.0344 6766592
790 0.0332 6778880
791 0.0329 6737920
792 0.0338 6787072
793 0.0326 6742016
794 0.0325 6742016
795 0.033 6750208
796 0.0333 6758400
797 0.0331 6758400
798 0.0333 6770688
799 0.0332 6795264
800 0.0331 6750208
801 0.0326 6742016
802 0.0373 6782976
803 0.0331 6737920
804 0.0371 6774784
805 0.0331 6832128
806 0.034 6815744
807 0.0335 6774784
808 0.0331 6774784
809 0.0376 6815744
810 0.0336 6807552
811 0.0333 6770688
812 0.0425 6828032
813 0.0335 6791168
814 0.0383 6844416
815 0.042 6914048
816 0.0373 6840320
817 0.0328 6803456
818 0.0334 6799360
819 0.0335 6799360
820 0.0338 6799360
821 0.0375 6848512
822 0.034 6799360
823 0.033 6803456
824 0.0335 6795264
825 0.0339 6795264
826 0.0366 6864896
827 0.0394 6889472
828 0.0337 6803456
829 0.0346 6803456
830 0.034 6803456
831 0.0331 6799360
832 0.0333 6799360
833 0.0335 6807552
834 0.0342 6807552
835 0.034 6807552
836 0.0379 6836224
837 0.0344 6811648
838 0.0349 6844416
839 0.0343 6811648
840 0.0398 6934528
841 0.0353 6828032
842 0.0379 6856704
843 0.0376 6860800
844 0.0382 6885376
845 0.0359 6905856
846 0.0343 6819840
847 0.0348 6819840
848 0.0343 6828032
849 0.0357 6832128
850 0.0369 6889472
851 0.0349 6832128
852 0.0342 6836224
853 0.0392 6868992
854 0.0345 6828032
855 0.0342 6840320
856 0.0385 6942720
857 0.0354 6852608
858 0.0351 6922240
859 0.0351 6856704
860 0.0418 6963200
861 0.0345 6860800
862 0.0338 6860800
863 0.0344 6864896
864 0.0347 6926336
865 0.0349 6868992
866 0.0358 6860800
867 0.035 6860800
868 0.0352 6860800
869 0.0347 6860800
870 0.0351 6860800
871 0.0356 6860800
872 0.0347 6864896
873 0.0381 6918144
874 0.0396 7032832
875 0.035 6852608
876 0.0357 6877184
877 0.0402 6975488
878 0.0347 6893568
879 0.0352 6893568
880 0.0347 6893568
881 0.0349 6893568
882 0.0356 6893568
883 0.0352 6881280
884 0.0354 6901760
885 0.0348 6901760
886 0.0396 6942720
887 0.0355 6914048
888 0.0351 6914048
889 0.0342 6889472
890 0.035 6889472
891 0.035 6889472
892 0.0382 6914048
893 0.0347 6889472
894 0.0354 6889472
895 0.0394 6955008
896 0.0353 6897664
897 0.0359 6893568
898 0.0356 6893568
899 0.0357 6893568
900 0.0351 6893568
901 0.036 6893568
902 0.0351 6893568
903 0.0352 6901760
904 0.0359 6893568
905 0.0401 7028736
906 0.0353 6897664
907 0.0354 6897664
908 0.0355 6897664
909 0.0354 6922240
910 0.0361 6922240
911 0.0365 6922240
912 0.0357 6987776
913 0.041 6979584
914 0.0398 6942720
915 0.0395 6991872
916 0.0352 6938624
917 0.0362 6942720
918 0.0352 6942720
919 0.043 6967296
920 0.0394 6975488
921 0.0359 6922240
922 0.0357 6922240
923 0.0354 6959104
924 0.0365 6950912
925 0.0408 6979584
926 0.036 6950912
927 0.0359 6950912
928 0.0358 6950912
929 0.0363 6950912
930 0.0363 6987776
931 0.0359 6950912
932 0.037 6979584
933 0.0368 6946816
934 0.0356 6959104
935 0.0359 6959104
936 0.0367 6959104
937 0.0361 6959104
938 0.0357 6963200
939 0.0364 6963200
940 0.041 7024640
941 0.0358 6963200
942 0.0368 6963200
943 0.0378 7008256
944 0.0404 6987776
945 0.0363 6946816
946 0.0364 6946816
947 0.0369 6975488
948 0.0364 6971392
949 0.0373 6971392
950 0.0365 6975488
951 0.0364 6959104
952 0.0367 6959104
953 0.0373 6967296
954 0.0364 6967296
955 0.036 6967296
956 0.0402 7004160
957 0.0363 6967296
958 0.0363 6967296
959 0.0363 6967296
960 0.0366 6979584
961 0.0369 6995968
962 0.0368 6995968
963 0.0365 7000064
964 0.0407 7036928
965 0.0365 6995968
966 0.0373 7000064
967 0.0362 6979584
968 0.0367 6979584
969 0.0415 7032832
970 0.0367 6979584
971 0.0409 7049216
972 0.0372 7028736
973 0.0411 7036928
974 0.0364 7004160
975 0.0409 7036928
976 0.0374 7008256
977 0.0382 7036928
978 0.0378 7004160
979 0.0373 7004160
980 0.0369 7008256
981 0.0372 7008256
982 0.0422 7036928
983 0.0372 7016448
984 0.0371 7041024
985 0.038 7024640
986 0.0371 7036928
987 0.0419 7102464
988 0.0376 7028736
989 0.0413 7065600
990 0.0372 7028736
991 0.0385 7028736
992 0.0378 7028736
993 0.037 7016448
994 0.0416 7045120
995 0.038 7036928
996 0.0407 7139328
997 0.0375 7049216
998 0.038 7045120
999 0.0372 7045120
1000 0.0375 7045120