1 0.0227 6025216
2 0.0237 6094848
3 0.0285 6115328
4 0.024 6131712
5 0.0307 6205440
6 0.0243 6115328
7 0.0249 6139904
8 0.0251 6201344
9 0.0263 6209536
10 0.0259 6213632
11 0.0309 6299648
12 0.0313 6270976
13 0.0306 6340608
14 0.0317 6430720
15 0.0267 6344704
16 0.0288 6418432
17 0.0275 6397952
18 0.0284 6500352
19 0.0342 6500352
20 0.0281 6537216
21 0.0282 6508544
22 0.0291 6594560
23 0.0339 6574080
24 0.0301 6668288
25 0.035 6635520
26 0.0351 6701056
27 0.032 6692864
28 0.0332 6766592
29 0.0329 6823936
30 0.0338 6868992
31 0.0327 6840320
32 0.032 6840320
33 0.034 6918144
34 0.0342 6909952
35 0.0353 6946816
36 0.0341 6991872
37 0.035 7016448
38 0.0352 7086080
39 0.0354 7086080
40 0.0353 7127040
41 0.0367 7163904
42 0.0367 7204864
43 0.0367 7233536
44 0.0381 7286784
45 0.0374 7307264
46 0.0373 7352320
47 0.0384 7475200
48 0.0386 7528448
49 0.0385 7467008
50 0.0395 7532544
51 0.0403 7598080
52 0.0394 7630848
53 0.0399 7626752
54 0.0411 7675904
55 0.042 7819264
56 0.0479 7872512
57 0.0406 7856128
58 0.0431 7946240
59 0.0418 7909376
60 0.0447 8032256
61 0.0449 8065024
62 0.0434 8048640
63 0.043 8085504
64 0.0452 8146944
65 0.0514 8196096
66 0.0513 8310784
67 0.0477 8351744
68 0.0502 8400896
69 0.0473 8458240
70 0.0498 8515584
71 0.0464 8466432
72 0.0532 8609792
73 0.049 8667136
74 0.0503 8630272
75 0.052 8691712
76 0.054 8822784
77 0.0516 8790016
78 0.0517 8843264
79 0.0511 8904704
80 0.0516 8962048
81 0.0531 9003008
82 0.057 9072640
83 0.0559 9187328
84 0.0601 9158656
85 0.0594 9211904
86 0.0596 9261056
87 0.063 9318400
88 0.056 9363456
89 0.0586 9506816
90 0.0621 9494528
91 0.0566 9531392
92 0.0641 9601024
93 0.0575 9662464
94 0.0628 9723904
95 0.0598 9756672
96 0.059 9846784
97 0.0581 9854976
98 0.0603 9949184
99 0.0659 10035200
100 0.0588 10076160
101 0.0621 10137600
102 0.0619 10211328
103 0.0615 10260480
104 0.0624 10305536
105 0.066 10412032
106 0.066 10469376
107 0.0639 10522624
108 0.0628 10539008
109 0.0669 10649600
110 0.0649 10731520
111 0.0654 10805248
112 0.0671 10850304
113 0.0658 10919936
114 0.0692 10981376
115 0.0742 11067392
116 0.068 11120640
117 0.0685 11149312
118 0.0698 11313152
119 0.0748 11333632
120 0.0697 11526144
121 0.0707 11448320
122 0.0723 11538432
123 0.0725 11608064
124 0.0724 11657216
125 0.0725 11755520
126 0.0725 11776000
127 0.0762 11911168
128 0.0753 11976704
129 0.0828 12062720
130 0.0779 12132352
131 0.0806 12210176
132 0.0823 12275712
133 0.099 12378112
134 0.0845 12423168
135 0.0781 12484608
136 0.089 12541952
137 0.0803 12574720
138 0.0801 12726272
139 0.0861 12926976
140 0.0889 12836864
141 0.0815 12943360
142 0.0829 13008896
143 0.0836 13107200
144 0.0909 13176832
145 0.0847 13266944
146 0.0864 13357056
147 0.0915 13582336
148 0.0861 13524992
149 0.0936 13627392
150 0.0964 13701120
151 0.0947 13799424
152 0.09 13885440
153 0.0889 13967360
154 0.091 14061568
155 0.0924 14127104
156 0.0911 14364672
157 0.0946 14307328
158 0.0925 14512128
159 0.095 14491648
160 0.0985 14569472
161 0.094 14647296
162 0.0986 14716928
163 0.0936 14753792
164 0.0946 14811136
165 0.0966 14987264
166 0.0966 15040512
167 0.101 15245312
168 0.1004 15224832
169 0.0987 15302656
170 0.101 15335424
171 0.1059 15470592
172 0.1053 15478784
173 0.1012 15618048
174 0.1024 15638528
175 0.0997 15687680
176 0.1014 15745024
177 0.1027 15880192
178 0.1077 15941632
179 0.1048 15970304
180 0.1079 16117760
181 0.1097 16412672
182 0.1115 16293888
183 0.1077 16363520
184 0.1069 16412672
185 0.1161 16576512
186 0.1098 16670720
187 0.1108 16744448
188 0.1155 16838656
189 0.1108 16949248
190 0.113 17002496
191 0.1111 17031168
192 0.112 17133568
193 0.116 17293312
194 0.1127 17317888
195 0.1142 17506304
196 0.1147 17510400
197 0.1163 17661952
198 0.1209 17768448
199 0.1209 17854464
200 0.1226 17956864
201 0.122 18030592
202 0.122 18231296
203 0.1196 18161664
204 0.1254 18415616
205 0.1277 18755584
206 0.1236 18534400
207 0.1278 18640896
208 0.125 18767872
209 0.1267 18837504
210 0.1254 18870272
211 0.1258 18968576
212 0.127 19083264
213 0.1294 19279872
214 0.13 19324928
215 0.1298 19390464
216 0.1298 19496960
217 0.1382 19709952
218 0.1386 19853312
219 0.1395 19922944
220 0.1339 19980288
221 0.1362 20131840
222 0.1372 20246528
223 0.1357 20545536
224 0.1388 20692992
225 0.1376 20443136
226 0.139 20668416
227 0.1402 20729856
228 0.1494 20979712
229 0.1416 20959232
230 0.1487 21282816
231 0.1523 21270528
232 0.1429 21204992
233 0.1442 21393408
234 0.1445 21561344
235 0.154 21721088
236 0.1475 21798912
237 0.1537 21934080
238 0.15 22032384
239 0.1505 22151168
240 0.1504 22233088
241 0.1505 22310912
242 0.153 22470656
243 0.152 22593536
244 0.1581 22679552
245 0.1565 22867968
246 0.1541 22822912
247 0.1577 22986752
248 0.1583 23175168
249 0.1591 23293952
250 0.1751 23678976
251 0.1661 23404544