1 0.0227 6041600
2 0.0246 6057984
3 0.0235 6074368
4 0.024 6148096
5 0.0261 6160384
6 0.0261 6156288
7 0.0291 6205440
8 0.0276 6230016
9 0.0292 6266880
10 0.0308 6291456
11 0.0277 6311936
12 0.0272 6348800
13 0.0258 6316032
14 0.0302 6397952
15 0.0267 6422528
16 0.0288 6447104
17 0.0276 6434816
18 0.0275 6447104
19 0.0318 6520832
20 0.0279 6500352
21 0.0285 6574080
22 0.0299 6598656
23 0.0293 6594560
24 0.0296 6619136
25 0.0295 6639616
26 0.0299 6688768
27 0.0341 6766592
28 0.0317 6737920
29 0.031 6770688
30 0.0342 6795264
31 0.0312 6893568
32 0.0356 6909952
33 0.0321 6901760
34 0.033 6934528
35 0.0331 6971392
36 0.0379 7053312
37 0.034 7036928
38 0.037 7163904
39 0.0343 7106560
40 0.0421 7290880
41 0.0348 7233536
42 0.0389 7249920
43 0.0347 7249920
44 0.0421 7364608
45 0.0692 7446528
46 0.0423 7385088
47 0.0415 7520256
48 0.038 7446528
49 0.0417 7548928
50 0.0388 7520256
51 0.0386 7569408
52 0.0384 7622656
53 0.0394 7798784
54 0.0417 7786496
55 0.0415 7835648
56 0.0401 7901184
57 0.0412 7847936
58 0.0448 7946240
59 0.0428 8007680
60 0.042 7974912
61 0.0445 8097792
62 0.044 8134656
63 0.0507 8130560
64 0.0442 8142848
65 0.0465 8204288
66 0.0476 8257536
67 0.0465 8306688
68 0.0474 8429568
69 0.047 8433664
70 0.0486 8482816
71 0.0528 8495104
72 0.0486 8564736
73 0.0519 8630272
74 0.0484 8642560
75 0.0525 8744960
76 0.0532 8761344
77 0.0497 8785920
78 0.0573 8876032
79 0.0531 8925184
80 0.0522 8978432
81 0.0499 9052160
82 0.0515 9158656
83 0.0534 9097216
84 0.0527 9179136
85 0.0529 9236480
86 0.0521 9248768
87 0.0612 9474048
88 0.0558 9383936
89 0.0547 9457664
90 0.0548 9506816
91 0.0567 9523200
92 0.0575 9617408
93 0.0573 9629696
94 0.0541 9736192
95 0.0598 9789440
96 0.058 9863168
97 0.0671 9891840
98 0.0579 9932800
99 0.0595 10043392
100 0.0599 10055680
101 0.0625 10149888
102 0.0628 10227712
103 0.0612 10366976
104 0.0683 10362880
105 0.0858 10559488
106 0.0912 10522624
107 0.0827 10629120
108 0.116 10670080
109 0.1197 10727424
110 0.0854 10870784
111 0.0701 10883072
112 0.0692 10985472
113 0.081 10973184
114 0.0954 10985472
115 0.0726 11120640
116 0.0787 11288576
117 0.0701 11165696
118 0.0716 11337728
119 0.0771 11386880
120 0.0807 11497472
121 0.0726 11444224
122 0.0729 11685888
123 0.0797 11628544
124 0.1595 11833344
125 0.1006 11902976
126 0.1132 11894784
127 0.0938 12005376
128 0.1438 12009472
129 0.0866 12230656
130 0.0773 12165120
131 0.0768 12161024
132 0.0903 12447744
133 0.1067 12386304
134 0.1306 12484608
135 0.1285 12623872
136 0.1634 12509184
137 0.0844 12718080
138 0.0865 12910592
139 0.0884 12959744
140 0.1274 12939264
141 0.1077 13004800
142 0.0935 13086720
143 0.0908 13164544
144 0.0867 13201408
145 0.0892 13254656
146 0.0924 13467648
147 0.0887 13385728
148 0.0895 13680640
149 0.0908 13627392
150 0.0986 13766656
151 0.0907 13840384
152 0.0939 13996032
153 0.0925 14020608
154 0.0955 14127104
155 0.0983 14114816
156 0.1037 14307328
157 0.0962 14430208
158 0.1017 14516224
159 0.0992 14614528
160 0.1274 14663680
161 0.1295 14721024
162 0.1132 14815232
163 0.1052 14819328
164 0.1074 14954496
165 0.1102 15233024
166 0.1345 15302656
167 0.1015 15269888
168 0.1086 15364096
169 0.1011 15437824
170 0.0976 15249408
171 0.0978 15425536
172 0.1045 15478784
173 0.1223 15699968
174 0.1263 15691776
175 0.1266 15814656
176 0.1267 15863808
177 0.1114 15867904
178 0.1163 15917056
179 0.1148 16023552
180 0.1096 16097280
181 0.1142 16359424
182 0.1061 16224256
183 0.1104 16543744
184 0.1116 16453632
185 0.1221 16531456
186 0.1204 16654336
187 0.116 16879616
188 0.1151 16900096
189 0.1096 16859136
190 0.1105 16949248
191 0.1122 17108992
192 0.1198 17223680
193 0.1129 17223680
194 0.1152 17395712
195 0.1141 17416192
196 0.1152 17526784
197 0.1191 17702912
198 0.1241 17768448
199 0.1181 17866752
200 0.1244 17891328
201 0.1232 18120704
202 0.125 18178048
203 0.1565 18378752
204 0.131 18489344
205 0.134 18620416
206 0.1293 18583552
207 0.1261 18640896
208 0.1255 18759680
209 0.1255 18771968
210 0.1275 18993152
211 0.1336 19324928
212 0.1275 19173376
213 0.1292 19283968
214 0.1309 19365888
215 0.13 19484672
216 0.1312 19496960
217 0.1325 19714048
218 0.133 19795968
219 0.1327 19943424
220 0.1381 20008960
221 0.1387 20226048
222 0.1373 20135936
223 0.1377 20443136
224 0.1369 20406272
225 0.1473 20578304
226 0.1377 20709376
227 0.1426 20869120
228 0.1397 20783104
229 0.1493 21041152
230 0.14 21057536
231 0.1419 21094400
232 0.144 21213184
233 0.142 21315584
234 0.1469 21520384
235 0.1485 21876736
236 0.146 21659648
237 0.1505 22208512
238 0.1534 22011904
239 0.1495 22159360
240 0.1572 22290432
241 0.1555 22372352
242 0.1577 22573056
243 0.1554 22614016
244 0.1533 22601728
245 0.1626 23154688
246 0.1558 23085056
247 0.1577 23048192
248 0.1599 23146496
249 0.1594 23285760
250 0.1623 23367680