1 0.0023 3497984
2 0.0021 3522560
3 0.0021 3514368
4 0.0024 3510272
5 0.0025 3538944
6 0.0028 3555328
7 0.0025 3567616
8 0.0027 3600384
9 0.0026 3600384
10 0.0037 3579904
11 0.0031 3588096
12 0.0031 3624960
13 0.0039 3637248
14 0.0038 3665920
15 0.003 3674112
16 0.0037 3682304
17 0.0035 3723264
18 0.004 3686400
19 0.0038 3719168
20 0.0043 3756032
21 0.0043 3731456
22 0.004 3780608
23 0.0048 3756032
24 0.0038 3788800
25 0.0045 3792896
26 0.004 3805184
27 0.0054 3825664
28 0.0048 3825664
29 0.0043 3862528
30 0.0057 3874816
31 0.0047 3895296
32 0.0064 3932160
33 0.008 3919872
34 0.0062 3973120
35 0.0066 4001792
36 0.0052 3981312
37 0.0069 4005888
38 0.0052 4009984
39 0.0055 4034560
40 0.0065 4042752
41 0.0064 4079616
42 0.0079 4104192
43 0.0179 4165632
44 0.0098 4116480
45 0.0131 4132864
46 0.0099 4165632
47 0.0065 4182016
48 0.0062 4177920
49 0.0063 4198400
50 0.0096 4280320
51 0.007 4292608
52 0.0105 4329472
53 0.0085 4308992
54 0.0116 4354048
55 0.0111 4370432
56 0.0109 4403200
57 0.0094 4403200
58 0.0094 4481024
59 0.0072 4419584
60 0.0073 4440064
61 0.0091 4509696
62 0.0089 4567040
63 0.0153 4550656
64 0.0079 4546560
65 0.0091 4648960
66 0.012 4665344
67 0.0089 4673536
68 0.013 4730880
69 0.0164 4739072
70 0.012 4804608
71 0.0094 4743168
72 0.0145 4833280
73 0.0872 4878336
74 0.0098 4812800
75 0.0101 4915200
76 0.0106 4935680
77 0.0107 4931584
78 0.0104 4935680
79 0.0205 4993024
80 0.0235 5009408
81 0.0196 5042176
82 0.0446 5079040
83 0.0226 5083136
84 0.01 5111808
85 0.0103 5148672
86 0.011 5206016
87 0.0126 5271552
88 0.0138 5312512
89 0.0139 5283840
90 0.0179 5328896
91 0.0111 5328896
92 0.0119 5423104
93 0.0281 5410816
94 0.0118 5443584
95 0.0125 5464064
96 0.0122 5505024
97 0.0135 5537792
98 0.0123 5566464
99 0.0182 5668864
100 0.0139 5701632
101 0.028 5734400
102 0.0132 5709824
103 0.0136 5804032
104 0.0135 5771264
105 0.0141 5799936
106 0.0184 5918720
107 0.0216 5984256
108 0.0181 5951488
109 0.0206 6074368
110 0.0148 5951488
111 0.0152 6078464
112 0.0153 6017024
113 0.0195 6107136
114 0.0153 6078464
115 0.0157 6184960
116 0.0165 6221824
117 0.0167 6258688
118 0.0165 6275072
119 0.0165 6250496
120 0.0168 6283264
121 0.0264 6377472
122 0.0329 6369280
123 0.0239 6443008
124 0.0182 6414336
125 0.0185 6451200
126 0.0179 6520832
127 0.0199 6545408
128 0.0219 6696960
129 0.0186 6619136
130 0.0217 6692864
131 0.0229 6848512
132 0.0287 6852608
133 0.0265 6877184
134 0.0214 6807552
135 0.0243 6909952
136 0.0253 6983680
137 0.024 7073792
138 0.0276 7098368
139 0.0226 7090176
140 0.0215 7032832
141 0.0236 7151616
142 0.0245 7155712
143 0.0312 7311360
144 0.0327 7225344
145 0.0272 7389184
146 0.0418 7315456
147 0.0402 7458816
148 0.0343 7409664
149 0.0367 7520256
150 0.0338 7528448
151 0.0302 7589888
152 0.0271 7512064
153 0.0281 7585792
154 0.0289 7667712
155 0.0259 7634944
156 0.0275 7761920
157 0.0271 7741440
158 0.028 7798784
159 0.0257 7716864
160 0.0263 7860224
161 0.0275 7954432
162 0.0267 7905280
163 0.0275 7958528
164 0.0295 8155136
165 0.0337 8179712
166 0.0326 8237056
167 0.0312 8204288
168 0.0345 8290304
169 0.0361 8445952
170 0.039 8364032
171 0.0916 8417280
172 0.0364 8552448
173 0.0303 8507392
174 0.04 8687616
175 0.0339 8654848
176 0.0398 8732672
177 0.0461 8867840
178 0.0442 8904704
179 0.0476 8912896
180 0.0448 8945664
181 0.0396 8986624
182 0.0367 8978432
183 0.0428 9060352
184 0.0383 9043968
185 0.0397 8982528
186 0.039 9097216
187 0.042 9170944
188 0.0378 9064448
189 0.0509 9216000
190 0.0421 9207808
191 0.0383 9170944
192 0.05 9392128
193 0.0592 9342976
194 0.044 9400320
195 0.0377 9367552
196 0.0361 9310208
197 0.0365 9367552
198 0.0385 9396224
199 0.0383 9494528
200 0.043 9662464
201 0.0383 9588736
202 0.045 9809920
203 0.0453 9887744
204 0.0497 9871360
205 0.0578 9900032
206 0.0428 9961472
207 0.0426 10039296
208 0.0404 9887744
209 0.0464 10035200
210 0.0411 10022912
211 0.0418 10076160
212 0.0409 10063872
213 0.0437 10215424
214 0.0461 10190848
215 0.0443 10330112
216 0.0424 10260480
217 0.0455 10481664
218 0.043 10412032
219 0.0462 10530816
220 0.0474 10608640
221 0.0469 10686464
222 0.0462 10764288
223 0.047 10817536
224 0.0447 10768384
225 0.0458 10870784
226 0.0469 10944512
227 0.0478 11001856
228 0.0509 11067392
229 0.0482 11124736
230 0.0482 11132928
231 0.0512 11251712
232 0.0523 11264000
233 0.0605 11354112
234 0.0682 11509760
235 0.0736 11534336
236 0.0496 11489280
237 0.0487 11485184
238 0.0532 11579392
239 0.0488 11567104
240 0.0492 11612160
241 0.0505 11689984
242 0.0497 11767808
243 0.0507 11841536
244 0.0517 11866112
245 0.0519 12038144
246 0.053 11964416
247 0.0518 12029952
248 0.0519 12087296
249 0.0524 12132352
250 0.0547 12263424
251 0.0529 12222464
252 0.0539 12361728
253 0.0589 12492800
254 0.0538 12546048
255 0.0781 12574720