1 0.0021 3764224
2 0.0022 3768320
3 0.0027 3772416
4 0.0022 3776512
5 0.0022 3780608
6 0.0028 3792896
7 0.0023 3796992
8 0.0026 3796992
9 0.0024 3801088
10 0.0024 3805184
11 0.0024 3809280
12 0.0025 3817472
13 0.0025 3821568
14 0.0026 3821568
15 0.0025 3829760
16 0.0025 3846144
17 0.0026 3842048
18 0.0026 3846144
19 0.0026 3850240
20 0.0027 3858432
21 0.0027 3862528
22 0.0027 3866624
23 0.0029 3870720
24 0.0028 3878912
25 0.003 3883008
26 0.0029 3887104
27 0.0029 3891200
28 0.0035 3903488
29 0.0031 3899392
30 0.003 3903488
31 0.0031 3907584
32 0.003 3911680
33 0.0031 3919872
34 0.0031 3923968
35 0.0032 3932160
36 0.0032 3936256
37 0.0032 3940352
38 0.0033 3944448
39 0.0032 3969024
40 0.0033 3952640
41 0.0034 3964928
42 0.0035 3964928
43 0.0035 3973120
44 0.0042 3977216
45 0.0035 3981312
46 0.0036 3997696
47 0.0035 3993600
48 0.0036 3997696
49 0.0036 4001792
50 0.0036 4005888
51 0.0044 4014080
52 0.0038 4026368
53 0.0038 4030464
54 0.0039 4034560
55 0.0038 4042752
56 0.0039 4046848
57 0.0039 4050944
58 0.004 4059136
59 0.004 4063232
60 0.0041 4071424
61 0.0041 4079616
62 0.004 4079616
63 0.0043 4083712
64 0.0042 4096000
65 0.0048 4100096
66 0.0043 4108288
67 0.0042 4112384
68 0.0043 4124672
69 0.0044 4128768
70 0.0044 4132864
71 0.0044 4141056
72 0.0046 4141056
73 0.0045 4141056
74 0.0045 4145152
75 0.0046 4153344
76 0.0046 4177920
77 0.0046 4169728
78 0.0047 4177920
79 0.0047 4190208
80 0.0048 4198400
81 0.0047 4202496
82 0.0049 4218880
83 0.0048 4222976
84 0.005 4231168
85 0.0049 4247552
86 0.005 4247552
87 0.005 4251648
88 0.0057 4259840
89 0.0052 4255744
90 0.0051 4268032
91 0.0051 4272128
92 0.0053 4288512
93 0.0054 4284416
94 0.0057 4300800
95 0.0061 4296704
96 0.0058 4313088
97 0.0057 4317184
98 0.0145 4378624
99 0.0105 4337664
100 0.0084 4403200
101 0.0064 4337664
102 0.006 4354048
103 0.0058 4362240
104 0.0061 4374528
105 0.0059 4366336
106 0.0064 4390912
107 0.0061 4374528
108 0.0063 4390912
109 0.0061 4399104
110 0.0064 4427776
111 0.0078 4407296
112 0.0065 4448256
113 0.0076 4440064
114 0.0072 4440064
115 0.0066 4444160
116 0.0072 4530176
117 0.0064 4452352
118 0.0101 4452352
119 0.007 4468736
120 0.0065 4468736
121 0.0068 4481024
122 0.0065 4489216
123 0.0064 4493312
124 0.0068 4501504
125 0.0066 4509696
126 0.0072 4513792
127 0.0066 4521984
128 0.0069 4542464
129 0.0068 4534272
130 0.007 4542464
131 0.0068 4554752
132 0.0068 4575232
133 0.0069 4575232
134 0.0074 4591616
135 0.0071 4608000
136 0.0075 4669440
137 0.0077 4669440
138 0.0071 4620288
139 0.0074 4689920
140 0.0077 4698112
141 0.0081 4706304
142 0.0076 4718592
143 0.0079 4685824
144 0.0075 4694016
145 0.0081 4739072
146 0.008 4767744
147 0.0076 4718592
148 0.0076 4714496
149 0.0079 4796416
150 0.0082 4739072
151 0.0079 4747264
152 0.0104 4820992
153 0.0151 4780032
154 0.0082 4759552
155 0.0097 4841472
156 0.012 4816896
157 0.014 4853760
158 0.0128 4890624
159 0.0099 4829184
160 0.0122 4845568
161 0.0145 4915200
162 0.0087 4907008
163 0.0189 4857856
164 0.0089 4927488
165 0.0083 4857856
166 0.0083 4874240
167 0.0102 4947968
168 0.0087 4861952
169 0.0089 4894720
170 0.0107 4894720
171 0.0092 4960256
172 0.0097 4902912
173 0.012 5038080
174 0.0102 4915200
175 0.0089 4993024
176 0.0089 4939776
177 0.0089 4943872
178 0.0091 4943872
179 0.0089 4952064
180 0.0119 5046272
181 0.009 4976640
182 0.0094 4984832
183 0.0113 5066752
184 0.0097 4997120
185 0.0145 5050368
186 0.0563 5042176
187 0.0122 5128192
188 0.0331 5144576
189 0.0316 5111808
190 0.0131 5062656
191 0.0781 5169152
192 0.0313 5152768
193 0.0697 5156864
194 0.1096 5095424
195 0.0505 5099520
196 0.0098 5091328
197 0.0782 5156864
198 0.0109 5156864
199 0.01 5206016
200 0.0146 5115904
201 0.0102 5124096
202 0.0142 5222400
203 0.0181 5160960
204 0.0295 5275648
205 0.0113 5152768
206 0.0132 5173248
207 0.0124 5152768
208 0.0137 5275648
209 0.0759 5341184
210 0.0118 5332992
211 0.0123 5316608
212 0.0352 5324800
213 0.0209 5419008
214 0.0138 5222400
215 0.0125 5361664
216 0.0577 5464064
217 0.0177 5287936
218 0.0503 5455872
219 0.0152 5353472
220 0.0152 5447680
221 0.0145 5300224
222 0.0164 5394432
223 0.0117 5410816
224 0.0128 5308416
225 0.0163 5402624
226 0.0139 5324800
227 0.014 5484544
228 0.0114 5353472
229 0.0111 5349376
230 0.0149 5431296
231 0.0114 5369856
232 0.0115 5517312
233 0.0114 5398528
234 0.014 5398528
235 0.0124 5406720
236 0.0155 5513216
237 0.0174 5677056
238 0.022 5476352
239 0.0122 5439488
240 0.0145 5488640
241 0.0157 5468160
242 0.0121 5562368
243 0.0159 5664768
244 0.0177 5476352
245 0.0154 5603328
246 0.0224 5754880
247 0.0144 5537792
248 0.0146 5586944
249 0.0122 5525504
250 0.0168 5787648
251 0.0131 5533696
252 0.0135 5566464
253 0.0162 5677056
254 0.0163 5685248
255 0.0161 5849088
256 0.0128 5607424
257 0.0126 5607424
258 0.0199 5877760
259 0.019 5779456
260 0.0142 5652480
261 0.0151 5705728
262 0.013 5636096
263 0.0135 5799936
264 0.0194 5918720
265 0.0135 5660672
266 0.0131 5668864
267 0.0178 5861376
268 0.0133 5693440
269 0.0132 5701632
270 0.0157 5775360
271 0.015 5718016
272 0.015 5804032
273 0.0134 5730304
274 0.0194 6049792
275 0.0139 5754880
276 0.0136 5775360
277 0.0157 5771264
278 0.0195 6066176
279 0.0154 5799936
280 0.0178 5922816
281 0.0146 5808128
282 0.017 6135808
283 0.0212 5947392
284 0.0223 5853184
285 0.0229 5861376
286 0.0143 5873664
287 0.0142 5865472
288 0.0156 5885952
289 0.0285 6184960
290 0.015 5898240
291 0.0149 5890048
292 0.0206 5943296
293 0.0144 5922816
294 0.02 6283264
295 0.0152 5947392
296 0.0165 5971968
297 0.017 6270976
298 0.0151 6078464
299 0.0178 6111232
300 0.0223 6189056
301 0.0219 6340608
302 0.0416 6148096
303 0.0154 6000640
304 0.0152 6012928
305 0.0158 6025216
306 0.0154 6033408
307 0.0154 6053888
308 0.0159 6172672
309 0.0156 6078464
310 0.016 6184960
311 0.0181 6148096
312 0.0165 6090752
313 0.0161 6094848
314 0.016 6123520
315 0.016 6111232
316 0.0165 6172672
317 0.0172 6144000
318 0.0165 6266880
319 0.0169 6164480
320 0.0162 6184960
321 0.0222 6623232
322 0.0164 6209536
323 0.0163 6205440
324 0.0172 6213632
325 0.017 6230016
326 0.0173 6217728
327 0.0239 6299648
328 0.0214 6336512
329 0.0233 6471680
330 0.0221 6680576
331 0.022 6610944
332 0.0227 6451200
333 0.0181 6324224
334 0.0183 6328320
335 0.0186 6438912
336 0.0222 6447104
337 0.0225 6479872
338 0.0253 6725632
339 0.0253 6807552
340 0.0252 6512640
341 0.0238 6500352
342 0.0199 6459392
343 0.0922 6459392
344 0.024 6959104
345 0.0187 6459392
346 0.0203 6561792
347 0.0198 7081984
348 0.0182 6471680
349 0.018 6500352
350 0.0214 6922240
351 0.0214 7024640
352 0.0185 6557696
353 0.0306 6565888
354 0.0298 6819840
355 0.0248 7041024
356 0.0301 6799360
357 0.0299 7110656
358 0.0275 7176192
359 0.0285 6823936
360 0.0249 7024640
361 0.028 7016448
362 0.0287 7192576
363 0.0282 7163904
364 0.03 7184384
365 0.0229 6746112
366 0.0253 7069696
367 0.0239 7163904
368 0.0234 7024640
369 0.0225 6787072
370 0.0201 6737920
371 0.0244 7139328
372 0.0206 6840320
373 0.0239 7303168
374 0.02 6762496
375 0.0223 6844416
376 0.0199 6787072
377 0.0213 6881280
378 0.0241 6889472
379 0.0216 6889472
380 0.0241 6918144
381 0.0237 6889472
382 0.0243 6950912
383 0.0272 7184384
384 0.0245 7401472
385 0.0219 7000064
386 0.0234 6967296
387 0.023 6967296
388 0.0228 6942720
389 0.022 7065600
390 0.0212 6950912
391 0.0218 6963200
392 0.0206 7049216
393 0.0216 7061504
394 0.0207 6975488
395 0.0255 7553024
396 0.0223 7094272
397 0.021 7118848
398 0.0275 7503872
399 0.0223 7024640
400 0.0256 7163904
401 0.0227 7614464
402 0.0216 7221248
403 0.023 7188480
404 0.0257 7196672
405 0.0256 7225344
406 0.0268 7233536
407 0.0257 7258112
408 0.0217 7180288
409 0.0218 7155712
410 0.0226 7315456
411 0.0226 7475200
412 0.0265 7299072
413 0.0217 7217152
414 0.0264 7319552
415 0.0219 7225344
416 0.022 7217152
417 0.0223 7233536
418 0.0226 7380992
419 0.0234 7385088
420 0.0225 7282688
421 0.0276 7737344
422 0.0225 7311360
423 0.027 7434240
424 0.0235 7319552
425 0.0248 7446528
426 0.0226 7376896
427 0.0281 7458816
428 0.0287 7958528
429 0.0228 7376896
430 0.0238 7495680
431 0.0296 7544832
432 0.023 7438336
433 0.0229 7405568
434 0.0242 7442432
435 0.0247 7417856
436 0.0287 7573504
437 0.0233 7462912
438 0.0289 7622656
439 0.0234 7528448
440 0.0237 7524352
441 0.03 8196096
442 0.0237 7548928
443 0.0291 7667712
444 0.0237 7598080
445 0.0299 8261632
446 0.0239 7561216
447 0.0288 7680000
448 0.0266 7606272
449 0.029 8187904
450 0.0301 7802880
451 0.0261 7667712
452 0.0259 7655424
453 0.0261 7651328
454 0.0263 7655424
455 0.0256 7716864
456 0.0252 7733248
457 0.026 7733248
458 0.031 7831552
459 0.0323 8245248
460 0.0259 7888896
461 0.0269 7790592
462 0.0266 7880704
463 0.0264 7942144
464 0.0262 7839744
465 0.03 8634368
466 0.031 7962624
467 0.0263 7839744
468 0.0322 8749056
469 0.0264 7888896
470 0.0258 7917568
471 0.0259 7901184
472 0.0263 7929856
473 0.0277 8036352
474 0.0329 8015872
475 0.03 8699904
476 0.0274 7933952
477 0.0329 8847360
478 0.0274 7995392
479 0.0349 8888320
480 0.0321 8073216
481 0.028 7970816
482 0.0608 8491008
483 0.0384 8138752
484 0.0311 8417280
485 0.0668 8192000
486 0.0399 8097792
487 0.0324 9027584
488 0.028 8110080
489 0.029 8155136
490 0.0288 8159232
491 0.0291 8122368
492 0.0349 9023488
493 0.031 8237056
494 0.0281 8167424
495 0.0339 8699904
496 0.0284 8310784
497 0.0291 8339456
498 0.0286 8228864
499 0.0344 9224192
500 0.029 8228864
501 0.0342 9216000
502 0.0289 8253440
503 0.0335 8417280
504 0.0303 8527872
505 0.0307 9093120
506 0.0344 8925184
507 0.0299 8429568
508 0.0306 8462336
509 0.0331 8421376
510 0.0295 8433664
511 0.0293 8413184
512 0.0338 8511488
513 0.0336 8544256
514 0.0296 8458240
515 0.03 8425472
516 0.0322 8470528
517 0.0302 8486912
518 0.0348 9293824
519 0.0313 8495104
520 0.0352 9019392
521 0.0304 8556544
522 0.0304 8556544
523 0.036 8675328
524 0.0312 8556544
525 0.0357 8679424
526 0.0332 9719808
527 0.0301 8630272
528 0.036 8720384
529 0.0347 8699904
530 0.0304 8634368
531 0.0322 8708096
532 0.0308 8671232
533 0.0312 8798208
534 0.0311 8691712
535 0.032 8818688
536 0.0355 8982528
537 0.0334 8732672
538 0.0364 9424896
539 0.033 8757248
540 0.0332 8761344
541 0.0322 8876032
542 0.0322 8810496
543 0.0323 8781824
544 0.0333 8953856
545 0.0327 8949760
546 0.0326 8859648
547 0.0326 8863744
548 0.0354 8982528
549 0.033 8876032
550 0.0374 9023488
551 0.0328 9031680
552 0.0328 8937472
553 0.0399 9056256
554 0.0354 10170368
555 0.0367 9191424
556 0.0392 9867264
557 0.0378 9060352
558 0.0387 9109504
559 0.0345 9711616
560 0.0352 10252288
561 0.0333 9031680
562 0.0335 9056256
563 0.0341 9162752
564 0.0337 9117696
565 0.0343 9232384
566 0.0371 10326016
567 0.0341 9084928
568 0.0342 9162752
569 0.0338 9175040
570 0.0357 10227712
571 0.0366 10440704
572 0.0346 9216000
573 0.0347 9158656
574 0.0377 10510336
575 0.0391 9297920
576 0.0354 9273344
577 0.0362 9269248
578 0.04 9400320
579 0.0353 9297920
580 0.0404 9474048
581 0.0366 9355264
582 0.0362 9388032
583 0.042 10698752
584 0.0418 9527296
585 0.0363 9347072
586 0.0366 9420800
587 0.0394 9560064
588 0.039 9756672
589 0.0524 10006528
590 0.0398 10940416
591 0.0363 9560064
592 0.0423 10731520
593 0.0417 10887168
594 0.0409 11034624
595 0.038 10924032
596 0.0368 9527296
597 0.04 9539584
598 0.0411 9707520
599 0.0424 10956800
600 0.0375 9699328
601 0.0373 9682944
602 0.0386 9838592
603 0.0557 10964992
604 0.0466 11063296
605 0.0407 10272768
606 0.1617 11268096
607 0.0399 10977280
608 0.0392 9674752
609 0.0387 9777152
610 0.0518 10588160
611 0.0596 10543104
612 0.0621 9908224
613 0.0509 11001856
614 0.044 10878976
615 0.0409 10416128
616 0.0519 10616832
617 0.0457 11190272
618 0.0587 11513856
619 0.051 10588160
620 0.0508 10903552
621 0.059 11493376
622 0.0532 11276288
623 0.0552 10469376
624 0.062 10838016
625 0.0627 10653696
626 0.0481 11194368
627 0.042 10055680
628 0.041 10113024
629 0.0439 10334208
630 0.0407 10047488
631 0.0589 10100736
632 0.0472 11726848
633 0.0464 11104256
634 0.0519 10153984
635 0.0407 10186752
636 0.0569 10588160
637 0.0473 11808768
638 0.0494 11788288
639 0.0442 10194944
640 0.041 10199040
641 0.0404 10465280
642 0.041 10235904
643 0.0432 11862016
644 0.0451 10444800
645 0.0408 10326016
646 0.0422 10375168
647 0.0452 10416128
648 0.0433 10354688
649 0.0462 11640832
650 0.0412 10358784
651 0.046 10596352
652 0.0416 10424320
653 0.0537 10612736
654 0.0436 10477568
655 0.0436 10518528
656 0.0422 10473472
657 0.0461 11243520
658 0.0433 10563584
659 0.043 10559488
660 0.0472 11350016
661 0.0474 11116544
662 0.0451 11796480
663 0.0513 12410880
664 0.0498 12337152
665 0.0472 10895360
666 0.0462 12304384
667 0.0481 12308480
668 0.0445 10940416
669 0.0444 10960896
670 0.0447 10944512
671 0.0549 12525568
672 0.0453 10764288
673 0.054 11661312
674 0.0469 12365824
675 0.047 12427264
676 0.0462 11010048
677 0.049 12513280
678 0.0491 12148736
679 0.0469 11149312
680 0.0473 12169216
681 0.047 12550144
682 0.0508 11460608
683 0.0525 12316672
684 0.0505 11173888
685 0.0516 12894208
686 0.0477 12722176
687 0.0513 11157504
688 0.0517 12668928
689 0.0492 11571200
690 0.047 11116544
691 0.0461 11239424
692 0.0517 11464704
693 0.0483 12804096
694 0.0499 11780096
695 0.0479 12673024
696 0.0483 11997184
697 0.0483 11960320
698 0.0505 12697600
699 0.0707 12767232
700 0.0501 12992512
701 0.0571 12820480
702 0.0475 11345920
703 0.0491 12767232
704 0.0517 11640832
705 0.0491 11755520
706 0.0804 11800576
707 0.0618 13287424
708 0.0596 12619776
709 0.0476 11436032
710 0.0508 13164544
711 0.053 13344768
712 0.0542 11833344
713 0.055 13045760
714 0.0524 11792384
715 0.0487 11522048
716 0.0512 11743232
717 0.0542 13524992
718 0.0537 13361152
719 0.0523 11890688
720 0.0504 13594624
721 0.051 11649024
722 0.0511 11677696
723 0.0518 11665408
724 0.0544 12128256
725 0.0516 11902976
726 0.0544 12853248
727 0.0583 13365248
728 0.0507 11771904
729 0.0528 13176832
730 0.057 13692928
731 0.0513 12144640
732 0.0502 11866112
733 0.0519 13737984
734 0.0568 12632064
735 0.054 13709312
736 0.0523 11935744
737 0.0557 12275712
738 0.0561 13840384
739 0.054 12070912
740 0.0692 13729792
741 0.0669 14163968
742 0.1877 12079104
743 0.0545 13647872
744 0.0531 13524992
745 0.0573 12103680
746 0.054 12435456
747 0.0583 12881920
748 0.0742 13996032
749 0.0766 13053952
750 0.0903 13148160
751 0.0751 13291520
752 0.0646 14368768
753 0.0626 13766656
754 0.0546 13230080
755 0.0527 12275712
756 0.0517 12238848
757 0.0515 12275712
758 0.0533 12283904
759 0.0605 12664832
760 0.0526 12378112
761 0.0572 14282752
762 0.0663 13971456
763 0.0648 14360576
764 0.0572 12566528
765 0.0512 12529664
766 0.0568 13803520
767 0.0616 14008320
768 0.0578 14114816
769 0.0667 14561280
770 0.0594 14700544
771 0.0578 12804096
772 0.0573 13590528
773 0.0537 12574720
774 0.054 12541952
775 0.0527 12574720
776 0.0629 13676544
777 0.0587 13189120
778 0.0554 12988416
779 0.0535 12701696
780 0.0573 12922880
781 0.0778 13389824
782 0.0675 13025280
783 0.1016 13852672
784 0.0709 13574144
785 0.0824 14954496
786 0.0953 14336000
787 0.073 14794752
788 0.0775 13660160
789 0.0682 15081472
790 0.0893 14557184
791 0.0817 15056896
792 0.074 14237696
793 0.0953 14602240
794 0.0808 15372288
795 0.0686 15183872
796 0.0753 15319040
797 0.0714 13361152
798 0.0727 15302656
799 0.0656 15306752
800 0.0728 14946304