1 0.0231 6037504
2 0.0248 6057984
3 0.0243 6139904
4 0.0292 6180864
5 0.0244 6127616
6 0.0316 6266880
7 0.025 6172672
8 0.0265 6217728
9 0.03 6295552
10 0.0311 6316032
11 0.0264 6283264
12 0.0263 6389760
13 0.0278 6356992
14 0.0331 6438912
15 0.03 6443008
16 0.028 6447104
17 0.0283 6549504
18 0.0327 6569984
19 0.0329 6590464
20 0.0289 6561792
21 0.0288 6590464
22 0.0292 6688768
23 0.0335 6709248
24 0.0356 6737920
25 0.0307 6721536
26 0.0351 6823936
27 0.037 6848512
28 0.031 6828032
29 0.0312 6860800
30 0.0362 6950912
31 0.0368 6987776
32 0.0335 6975488
33 0.0342 7004160
34 0.0378 7065600
35 0.0341 7081984
36 0.0343 7122944
37 0.0354 7217152
38 0.0338 7196672
39 0.0391 7282688
40 0.0419 7319552
41 0.044 7331840
42 0.0378 7393280
43 0.0366 7462912
44 0.0382 7450624
45 0.0372 7475200
46 0.0399 7524352
47 0.0376 7557120
48 0.0384 7598080
49 0.04 7675904
50 0.0436 7700480
51 0.039 7720960
52 0.0444 7856128
53 0.0468 7892992
54 0.0403 7917568
55 0.0424 8003584
56 0.0447 8019968
57 0.041 8015872
58 0.0435 8138752
59 0.0442 8192000
60 0.0426 8167424
61 0.0516 8273920
62 0.0489 8314880
63 0.0443 8298496
64 0.0438 8359936
65 0.0466 8503296
66 0.047 8560640
67 0.0479 8515584
68 0.0503 8597504
69 0.0523 8634368
70 0.0527 8691712
71 0.0484 8687616
72 0.0496 8818688
73 0.0493 8925184
74 0.0507 8986624
75 0.0502 8929280
76 0.0506 8998912
77 0.0546 9068544
78 0.0528 9191424
79 0.0525 9146368
80 0.0568 9228288
81 0.0555 9293824
82 0.0525 9318400
83 0.0545 9416704
84 0.0611 9424896
85 0.0573 9551872
86 0.0559 9547776
87 0.0592 9596928
88 0.0563 9666560
89 0.0551 9699328
90 0.0568 9785344
91 0.0568 9940992
92 0.0575 9924608
93 0.0613 9990144
94 0.0657 10059776
95 0.062 10129408
96 0.0594 10141696
97 0.0612 10203136
98 0.0593 10240000
99 0.0619 10407936
100 0.0626 10412032
101 0.0615 10493952
102 0.0698 10559488
103 0.0644 10584064
104 0.0718 10653696
105 0.0676 10932224
106 0.0652 10784768
107 0.069 10874880
108 0.0674 10940416
109 0.0706 11030528
110 0.0667 11067392
111 0.0711 11247616
112 0.068 11190272
113 0.073 11280384
114 0.0684 11522048
115 0.0706 11374592
116 0.0785 11513856
117 0.071 11550720
118 0.0701 11657216
119 0.1181 11735040
120 0.0742 11816960
121 0.0712 11878400
122 0.0741 11874304
123 0.0821 12193792
124 0.0802 12050432
125 0.0801 12165120
126 0.0787 12234752
127 0.0732 12255232
128 0.0807 12578816
129 0.0767 12546048
130 0.0797 12574720
131 0.0821 12771328
132 0.0769 12632064
133 0.0862 12771328
134 0.0796 13074432
135 0.0782 12910592
136 0.0808 13103104
137 0.0782 13029376
138 0.0837 13160448
139 0.0847 13242368
140 0.0816 13352960
141 0.0873 13627392
142 0.0833 13434880
143 0.0829 13545472
144 0.0818 13627392
145 0.0858 13774848
146 0.0875 13856768
147 0.0839 13881344
148 0.0896 14028800
149 0.0899 14106624
150 0.0898 14172160
151 0.0866 14225408
152 0.0867 14389248
153 0.0868 14405632
154 0.0939 14729216
155 0.088 14655488
156 0.0926 14749696
157 0.0966 14815232
158 0.0994 14938112
159 0.0975 14987264
160 0.0924 15085568
161 0.0935 15183872
162 0.093 15167488
163 0.0972 15491072
164 0.1023 15511552
165 0.1004 15622144
166 0.1039 15552512
167 0.1056 15806464
168 0.1027 15712256
169 0.1227 15642624
170 0.1022 15749120
171 0.1068 15843328
172 0.1158 15958016
173 0.1108 16060416
174 0.1025 16138240
175 0.1248 16343040
176 0.1028 16310272
177 0.1085 16580608
178 0.1066 16470016
179 0.1066 16588800
180 0.1053 16629760
181 0.1065 16736256
182 0.1111 16834560
183 0.1077 16941056
184 0.1098 16977920
185 0.1102 17108992
186 0.1129 17178624
187 0.1109 17326080
188 0.1113 17424384
189 0.117 17559552
190 0.1121 17633280
191 0.1157 17743872
192 0.1133 17833984
193 0.1146 18075648
194 0.1155 18001920
195 0.1159 18112512
196 0.1154 18219008
197 0.1207 18296832
198 0.1171 18305024
199 0.1198 18464768
200 0.1197 18509824
201 0.122 18673664
202 0.122 18796544
203 0.1206 18812928
204 0.1223 18997248
205 0.1208 19095552
206 0.1272 19218432
207 0.1273 19292160
208 0.1238 19308544
209 0.1238 19427328
210 0.1333 19656704
211 0.1366 19718144
212 0.1265 19824640
213 0.1355 19963904
214 0.1362 20025344
215 0.1287 20045824
216 0.1293 20156416
217 0.1362 20328448
218 0.1366 20553728
219 0.1316 20598784
220 0.1334 20594688
221 0.1649 20856832
222 0.1582 20905984
223 0.1639 21110784
224 0.139 21204992
225 0.1483 21217280
226 0.1395 21319680
227 0.1528 21516288
228 0.1477 21970944
229 0.1417 21733376
230 0.1446 21872640
231 0.1467 21872640
232 0.1457 22081536
233 0.1525 22204416
234 0.1488 22278144
235 0.1481 22409216
236 0.152 22675456
237 0.1706 22638592
238 0.1928 22888448
239 0.1639 22745088
240 0.1613 23224320
241 0.1594 23322624
242 0.1518 23273472
243 0.156 23326720
244 0.1561 23371776
245 0.1587 23461888
246 0.1592 23601152
247 0.1559 24055808
248 0.1533 23937024
249 0.1624 24068096
250 0.1564 24174592
251 0.1574 24313856
252 0.1565 24440832
253 0.1627 24608768