1 0.0019 3514368
2 0.002 3522560
3 0.002 3522560
4 0.0021 3526656
5 0.002 3534848
6 0.0242 3575808
7 0.0021 3563520
8 0.0026 3567616
9 0.0023 3571712
10 0.0022 3575808
11 0.0022 3579904
12 0.0023 3584000
13 0.0138 3608576
14 0.0024 3604480
15 0.0024 3604480
16 0.2037 3612672
17 0.0029 3620864
18 0.0025 3629056
19 0.0025 3641344
20 0.0026 3637248
21 0.0026 3641344
22 0.0027 3645440
23 0.0026 3649536
24 0.0027 3665920
25 0.0028 3670016
26 0.0028 3674112
27 0.0028 3678208
28 0.0029 3686400
29 0.0029 3690496
30 0.0231 3706880
31 0.0031 3710976
32 0.0031 3715072
33 0.0031 3719168
34 0.0037 3727360
35 0.0032 3731456
36 0.1963 3780608
37 0.0225 3776512
38 0.0033 3764224
39 0.0033 3768320
40 0.0034 3788800
41 0.0034 3792896
42 0.0035 3813376
43 0.0036 3821568
44 0.0037 3817472
45 0.0045 3837952
46 0.0038 3829760
47 0.0038 3829760
48 0.004 3846144
49 0.0046 3854336
50 0.0039 3854336
51 0.0039 3874816
52 0.004 3870720
53 0.0039 3878912
54 0.0041 3891200
55 0.0041 3895296
56 0.1999 3911680
57 0.005 3907584
58 0.006 3919872
59 0.0042 3923968
60 0.0044 3936256
61 0.0044 3948544
62 0.0045 3952640
63 0.0051 3973120
64 0.0045 3969024
65 0.0046 3977216
66 0.0046 3985408
67 0.0048 3997696
68 0.0048 4005888
69 0.0048 4014080
70 0.0052 4038656
71 0.0049 4034560
72 0.005 4042752
73 0.0051 4050944
74 0.0052 4059136
75 0.2129 4063232
76 0.0179 4075520
77 0.0052 4091904
78 0.0054 4104192
79 0.0053 4112384
80 0.0053 4116480
81 0.0054 4116480
82 0.0056 4128768
83 0.0055 4136960
84 0.0056 4157440
85 0.0056 4169728
86 0.0057 4173824
87 0.0057 4186112
88 0.0058 4194304
89 0.0058 4206592
90 0.0059 4231168
91 0.006 4247552
92 0.0061 4255744
93 0.006 4259840
94 0.0062 4272128
95 0.2087 4284416
96 0.0223 4317184
97 0.0105 4304896
98 0.0071 4308992
99 0.0064 4317184
100 0.0064 4333568
101 0.0065 4349952
102 0.0066 4354048
103 0.0068 4345856
104 0.0068 4358144
105 0.0067 4378624
106 0.0068 4374528
107 0.0069 4386816
108 0.0069 4399104
109 0.0069 4411392
110 0.0069 4419584
111 0.0077 4456448
112 0.0078 4431872
113 0.0072 4452352
114 0.0076 4456448
115 0.2045 4485120
116 0.0221 4501504
117 0.0078 4521984
118 0.0075 4501504
119 0.0078 4558848
120 0.0076 4534272
121 0.0077 4546560
122 0.0086 4591616
123 0.0079 4608000
124 0.0079 4587520
125 0.0088 4612096
126 0.008 4595712
127 0.008 4608000
128 0.0081 4628480
129 0.0102 4698112
130 0.0083 4653056
131 0.0083 4657152
132 0.0086 4677632
133 0.0086 4734976
134 0.0087 4706304
135 0.2072 4743168
136 0.0218 4743168
137 0.0086 4730880
138 0.0089 4743168
139 0.0088 4755456
140 0.0091 4825088
141 0.0089 4792320
142 0.009 4804608
143 0.0112 4841472
144 0.0092 4874240
145 0.0103 4870144
146 0.0092 4853760
147 0.0094 4853760
148 0.0093 4857856
149 0.0116 4894720
150 0.0094 4886528
151 0.0096 4886528
152 0.0097 4956160
153 0.0097 4911104
154 0.0117 4964352
155 0.2063 4923392
156 0.0099 4939776
157 0.01 4943872
158 0.0126 4997120
159 0.0109 5033984
160 0.0126 5009408
161 0.0103 5038080
162 0.0103 5017600
163 0.0111 5021696
164 0.0104 5033984
165 0.0104 5046272
166 0.0105 5042176
167 0.0106 5062656
168 0.0137 5140480
169 0.0109 5079040
170 0.0108 5074944
171 0.0112 5083136
172 0.0138 5136384
173 0.0139 5156864
174 0.0111 5132288
175 0.2042 5169152
176 0.0123 5201920
177 0.0113 5160960
178 0.0114 5169152
179 0.0114 5185536
180 0.0115 5226496
181 0.0119 5308416
182 0.015 5292032
183 0.0116 5238784
184 0.0119 5246976
185 0.0118 5251072
186 0.012 5271552
187 0.0121 5279744
188 0.0122 5283840
189 0.0122 5296128
190 0.0123 5361664
191 0.0123 5414912
192 0.0123 5378048
193 0.0123 5386240
194 0.0132 5435392
195 0.0132 5361664
196 0.1019 5402624
197 0.0238 5390336
198 0.0128 5431296
199 0.0128 5443584
200 0.0129 5431296
201 0.0168 5521408
202 0.013 5464064
203 0.0133 5476352
204 0.0131 5505024
205 0.0135 5513216
206 0.0135 5591040
207 0.0133 5521408
208 0.0172 5611520
209 0.0175 5636096
210 0.0136 5582848
211 0.0138 5591040
212 0.0137 5595136
213 0.0139 5709824
214 0.018 5693440
215 0.0139 5644288
216 0.0143 5730304
217 0.0142 5664768
218 0.0184 5734400
219 0.0143 5689344
220 0.0145 5701632
221 0.0185 5767168
222 0.0145 5738496
223 0.0188 5795840
224 0.0147 5730304
225 0.0191 5795840
226 0.0149 5763072
227 0.0149 5783552
228 0.015 5808128
229 0.0151 5812224
230 0.0153 5828608
231 0.0152 5861376
232 0.0264 5914624
233 0.0158 5935104
234 0.016 5955584
235 0.0157 5931008
236 0.0164 5971968
237 0.0159 5922816
238 0.0161 5955584
239 0.0164 6041600
240 0.0162 6004736
241 0.0165 6008832
242 0.0174 6070272
243 0.0182 6025216
244 0.0163 6033408
245 0.0205 6045696
246 0.0209 6119424
247 0.0168 6078464
248 0.0211 6135808
249 0.0168 6094848
250 0.0183 6127616
251 0.0169 6111232
252 0.0172 6197248
253 0.0214 6201344
254 0.0173 6115328
255 0.0216 6238208
256 0.0217 6340608
257 0.0175 6189056
258 0.0178 6205440
259 0.0223 6266880
260 0.0183 6234112
261 0.0179 6238208
262 0.0182 6348800
263 0.0179 6254592
264 0.0224 6352896
265 0.0182 6320128
266 0.0185 6316032
267 0.0183 6336512
268 0.0186 6348800
269 0.023 6426624
270 0.0187 6385664
271 0.0231 6467584
272 0.0193 6488064
273 0.0189 6418432
274 0.0207 6529024
275 0.0191 6451200
276 0.0193 6467584
277 0.0192 6463488
278 0.0196 6569984
279 0.0237 6553600
280 0.0194 6504448
281 0.0241 6598656
282 0.0199 6549504
283 0.0231 6664192
284 0.0235 6594560
285 0.0199 6590464
286 0.02 6586368
287 0.0201 6631424
288 0.0204 6713344
289 0.0207 6660096
290 0.0209 6680576
291 0.0206 6696960
292 0.0208 6701056
293 0.0211 6795264
294 0.0209 6733824
295 0.0211 6746112
296 0.0208 6770688
297 0.0214 6766592
298 0.0213 6868992
299 0.0212 6778880
300 0.0257 6877184
301 0.0214 6840320
302 0.0214 6844416
303 0.0216 6856704
304 0.0221 6881280
305 0.0215 6893568
306 0.0264 6987776
307 0.0222 6934528
308 0.0265 7012352
309 0.023 7061504
310 0.0223 6959104
311 0.0224 6971392
312 0.0223 6987776
313 0.0272 7151616
314 0.0226 7036928
315 0.0271 7131136
316 0.0228 7036928
317 0.0237 7049216
318 0.0234 7204864
319 0.0279 7180288
320 0.0232 7110656
321 0.0278 7258112
322 0.025 7245824
323 0.0234 7151616
324 0.0238 7323648
325 0.024 7262208
326 0.0279 7282688
327 0.0239 7233536
328 0.0287 7319552
329 0.024 7249920
330 0.0243 7266304
331 0.0243 7278592
332 0.0246 7323648
333 0.0245 7323648
334 0.0288 7397376
335 0.0246 7335936
336 0.0249 7360512
337 0.0249 7380992
338 0.0251 7475200
339 0.0255 7417856
340 0.0254 7434240
341 0.0253 7434240
342 0.0256 7475200
343 0.0256 7467008
344 0.0256 7512064
345 0.0264 7536640
346 0.0303 7639040
347 0.0261 7643136
348 0.0264 7577600
349 0.0265 7700480
350 0.0263 7606272
351 0.0273 7684096
352 0.0267 7761920
353 0.0268 7634944
354 0.0277 7675904
355 0.0268 7675904
356 0.0277 7737344
357 0.0275 7733248
358 0.027 7745536
359 0.0271 7749632
360 0.0279 7786496
361 0.0273 7790592
362 0.0275 7925760
363 0.0277 7835648
364 0.0279 7839744
365 0.0279 7860224
366 0.0279 7897088
367 0.028 7897088
368 0.0295 7913472
369 0.0282 7925760
370 0.0282 7954432
371 0.0283 7962624
372 0.0284 7991296
373 0.0286 8040448
374 0.0288 8052736
375 0.03 8073216
376 0.0354 8257536
377 0.0289 8110080
378 0.0337 8220672
379 0.0294 8249344
380 0.0302 8237056
381 0.0297 8155136
382 0.0304 8163328
383 0.0299 8208384
384 0.0308 8220672
385 0.0349 8347648
386 0.0302 8269824
387 0.0313 8278016
388 0.0312 8294400
389 0.0306 8413184
390 0.0305 8372224
391 0.031 8519680
392 0.0313 8425472
393 0.0313 8445952
394 0.0314 8437760
395 0.0358 8617984
396 0.0315 8482816
397 0.0315 8486912
398 0.0315 8499200
399 0.0361 8638464
400 0.0322 8552448
401 0.0362 8671232
402 0.0324 8609792
403 0.0322 8613888
404 0.0324 8626176
405 0.0383 8724480
406 0.034 8642560
407 0.0358 8704000
408 0.0453 8773632
409 0.0327 8683520
410 0.0372 8790016
411 0.0333 8744960
412 0.0379 8847360
413 0.0335 8847360
414 0.0335 8757248
415 0.0339 8818688
416 0.0381 8937472
417 0.0338 8826880
418 0.0337 8888320
419 0.0342 8863744
420 0.0342 8921088
421 0.0346 8945664
422 0.0344 8945664
423 0.0346 8966144
424 0.0345 8982528
425 0.0345 9007104
426 0.0351 9138176
427 0.0351 9048064
428 0.0359 9191424
429 0.0424 9220096
430 0.0354 9080832
431 0.0353 9097216
432 0.0357 9170944
433 0.0359 9146368
434 0.0364 9191424
435 0.0362 9199616
436 0.0362 9203712
437 0.036 9228288
438 0.0364 9256960
439 0.0372 9277440
440 0.0366 9388032
441 0.0367 9437184
442 0.0368 9486336
443 0.0416 9461760
444 0.0413 9506816
445 0.042 9551872
446 0.0417 9527296
447 0.0371 9449472
448 0.0379 9584640
449 0.0433 9629696
450 0.0491 9895936
451 0.0421 9629696
452 0.0382 9535488
453 0.0382 9527296
454 0.0391 9564160
455 0.0383 9588736
456 0.0393 9633792
457 0.0392 9613312
458 0.0387 9621504
459 0.0385 9682944
460 0.039 9822208
461 0.039 9744384
462 0.0395 9777152
463 0.0394 9793536
464 0.0396 9773056
465 0.04 9834496
466 0.0397 9805824
467 0.04 10010624
468 0.0405 9867264
469 0.0401 10051584
470 0.0461 10067968
471 0.0405 9940992
472 0.0414 9949184
473 0.0409 9998336
474 0.042 10076160
475 0.0414 10043392
476 0.0412 10031104
477 0.0462 10186752
478 0.0465 10231808
479 0.0422 10240000
480 0.0418 10182656
481 0.0468 10289152
482 0.0423 10145792
483 0.0425 10186752
484 0.0424 10240000
485 0.0428 10223616
486 0.0473 10395648
487 0.0431 10248192
488 0.0434 10305536
489 0.0435 10309632
490 0.0433 10350592
491 0.0432 10358784
492 0.0435 10371072
493 0.0438 10395648
494 0.0482 10551296
495 0.0483 10563584
496 0.0443 10448896
497 0.0441 10448896
498 0.0442 10481664
499 0.0445 10526720
500 0.0443 10514432
501 0.0448 10547200
502 0.045 10563584
503 0.0493 10706944
504 0.0449 10608640
505 0.0498 10756096
506 0.0505 11087872
507 0.0454 10678272
508 0.0457 10715136
509 0.0456 10715136
510 0.0466 10739712
511 0.051 10887168
512 0.0462 10788864
513 0.0465 10919936
514 0.0471 10977280
515 0.0479 10985472
516 0.0469 10907648
517 0.0475 10928128
518 0.0515 11137024
519 0.0486 11038720
520 0.048 10981376
521 0.048 11030528
522 0.0524 11149312
523 0.0484 11030528
524 0.0526 11149312
525 0.0481 11067392
526 0.0491 11116544
527 0.0489 11247616
528 0.0491 11190272
529 0.0486 11206656
530 0.0542 11603968
531 0.0489 11214848
532 0.0536 11366400
533 0.0493 11259904
534 0.0495 11304960
535 0.0496 11304960
536 0.0499 11350016
537 0.0497 11366400
538 0.0543 11530240
539 0.0503 11423744
540 0.0547 11542528
541 0.0509 11558912
542 0.0513 11485184
543 0.0517 11620352
544 0.053 11640832
545 0.0528 11546624
546 0.0521 11591680
547 0.0523 11636736
548 0.0527 11620352
549 0.0525 11685888
550 0.0526 11673600
551 0.0532 11698176
552 0.0534 11911168
553 0.0534 11870208
554 0.0532 11915264
555 0.0533 11804672
556 0.0534 11837440
557 0.0537 11862016
558 0.0539 11862016
559 0.0547 12214272
560 0.0544 12042240
561 0.054 11968512
562 0.0543 12001280
563 0.0542 12066816
564 0.0545 12017664
565 0.0548 12115968
566 0.0583 12189696
567 0.0543 12206080
568 0.0541 12148736
569 0.0619 12464128
570 0.0587 12357632
571 0.0547 12189696
572 0.0591 12324864
573 0.0594 12283904
574 0.0552 12267520
575 0.06 12451840
576 0.06 12410880
577 0.0557 12341248
578 0.06 12464128
579 0.0575 12488704
580 0.0606 12578816
581 0.0566 12427264
582 0.0565 12464128
583 0.0568 12500992
584 0.0612 12754944
585 0.057 12537856
586 0.0573 12693504
587 0.0571 12554240
588 0.0617 12832768
589 0.062 12767232
590 0.0578 12677120
591 0.0579 12808192
592 0.0732 12898304
593 0.0737 12734464
594 0.058 12783616
595 0.0628 12914688
596 0.0589 12808192
597 0.063 12931072
598 0.0585 12869632
599 0.0591 12922880
600 0.0597 12955648
601 0.0642 13025280
602 0.064 13086720
603 0.0605 12955648
604 0.06 12996608
605 0.0625 13078528
606 0.0603 13066240
607 0.0605 13234176
608 0.0607 13189120
609 0.0603 13131776
610 0.0607 13180928
611 0.0611 13357056
612 0.0609 13217792
613 0.0609 13234176
614 0.0669 13639680
615 0.0616 13316096
616 0.0618 13438976
617 0.0617 13332480
618 0.0625 13479936
619 0.0661 13520896
620 0.0622 13422592
621 0.0628 13447168
622 0.0671 13537280
623 0.0631 13594624
624 0.0629 13504512
625 0.0632 13549568
626 0.0636 13725696
627 0.0675 13701120
628 0.0686 13778944
629 0.0636 13627392
630 0.0648 13656064
631 0.0637 13684736
632 0.064 13729792
633 0.0647 13737984
634 0.0647 13766656
635 0.0691 13979648
636 0.065 13799424
637 0.066 13832192
638 0.065 13819904
639 0.0664 13869056
640 0.065 13910016
641 0.0655 13914112
642 0.066 13942784
643 0.0707 14094336
644 0.0715 14114816
645 0.0666 14032896
646 0.0664 14041088
647 0.0747 14225408
648 0.0722 14352384
649 0.0667 14155776
650 0.068 14168064
651 0.0715 14352384
652 0.067 14225408
653 0.0676 14233600
654 0.0678 14270464
655 0.0678 14295040
656 0.0682 14475264
657 0.073 14520320
658 0.0686 14376960
659 0.0688 14622720
660 0.0696 14446592
661 0.069 14499840
662 0.0737 14655488
663 0.0755 14684160
664 0.0703 14536704
665 0.0698 14573568
666 0.0748 14843904
667 0.0704 14843904
668 0.07 14659584
669 0.0702 14671872
670 0.0757 14823424
671 0.0708 14716928
672 0.0751 14954496
673 0.0708 14819328
674 0.0713 14782464
675 0.0773 14983168
676 0.0714 14839808
677 0.0767 15056896
678 0.0715 14872576
679 0.072 15097856
680 0.0719 14974976
681 0.072 15175680
682 0.0727 15196160
683 0.077 15216640
684 0.0735 15069184
685 0.0732 15089664
686 0.0733 15134720
687 0.0732 15122432
688 0.0738 15351808
689 0.0735 15204352
690 0.0741 15253504
691 0.0782 15446016
692 0.0745 15249408
693 0.0766 15302656
694 0.0866 15368192
695 0.0746 15380480
696 0.0748 15433728
697 0.0747 15454208
698 0.0802 15622144
699 0.0753 15491072
700 0.076 15581184
701 0.0754 15548416
702 0.0761 15564800
703 0.0816 15790080
704 0.0762 15654912
705 0.0817 15790080
706 0.0771 15740928
707 0.0769 15740928
708 0.082 16293888
709 0.078 15798272
710 0.0822 15978496
711 0.0776 15826944
712 0.0781 15872000
713 0.0777 15908864
714 0.0828 16171008
715 0.0787 16195584
716 0.0837 16203776
717 0.0791 16044032
718 0.0801 16097280
719 0.0837 16293888
720 0.0839 16224256
721 0.0796 16158720
722 0.0843 16273408
723 0.0844 16314368
724 0.0804 16232448
725 0.0844 16396288
726 0.0855 16908288
727 0.0814 16523264
728 0.0812 16347136
729 0.0815 16343040
730 0.0822 16379904
731 0.0814 16457728
732 0.0815 16523264
733 0.0823 16470016
734 0.0817 16551936
735 0.0818 16535552
736 0.0878 16662528
737 0.0824 16576512
738 0.0828 16777216
739 0.0874 16797696
740 0.089 16957440
741 0.0879 16801792
742 0.0838 16773120
743 0.0833 16826368
744 0.0833 16793600
745 0.0849 16842752
746 0.0841 16867328
747 0.0904 17268736
748 0.0886 17051648
749 0.0848 16990208
750 0.0896 17096704
751 0.085 17055744
752 0.0849 17022976
753 0.0855 17117184
754 0.0859 17113088
755 0.0863 17227776
756 0.0886 17305600
757 0.0866 17350656
758 0.0906 17371136
759 0.0867 17309696
760 0.0877 17342464
761 0.0866 17379328
762 0.0873 17367040
763 0.0873 17444864
764 0.0984 17498112
765 0.0874 17637376
766 0.0924 17637376
767 0.089 17666048
768 0.0891 17678336
769 0.0905 17743872
770 0.0897 17625088
771 0.0894 17612800
772 0.0938 17780736
773 0.0917 17739776
774 0.0944 17858560
775 0.0906 17911808
776 0.0912 17891328
777 0.0906 17825792
778 0.0912 17846272
779 0.091 17965056
780 0.0999 18169856
781 0.0919 17969152
782 0.096 18141184
783 0.0925 18018304
784 0.0923 18046976
785 0.0969 18210816
786 0.0969 18276352
787 0.0928 18157568
788 0.0932 18137088
789 0.0986 18763776
790 0.0976 18321408
791 0.0946 18345984
792 0.0944 18452480
793 0.0984 18415616
794 0.0943 18354176
795 0.0994 18505728
796 0.0959 18579456
797 0.1071 18878464
798 0.0958 18489344
799 0.0958 18538496
800 0.0955 18583552