1 0.1276 16056320
2 0.1307 16515072
3 0.1338 16846848
4 0.137 16392192
5 0.1301 16687104
6 0.1318 16715776
7 0.1329 16715776
8 0.1381 16809984
9 0.1314 16785408
10 0.1321 16203776
11 0.1469 17068032
12 0.1488 17018880
13 0.1334 16805888
14 0.1333 16924672
15 0.1403 17031168
16 0.1334 16846848
17 0.1372 16547840
18 0.1351 17121280
19 0.1383 16990208
20 0.1374 17358848
21 0.1388 17244160
22 0.1361 17080320
23 0.1393 17100800
24 0.1453 17666048
25 0.1442 17633280
26 0.137 17162240
27 0.1387 16744448
28 0.1373 17190912
29 0.1467 17334272
30 0.1374 17833984
31 0.1492 17690624
32 0.1413 17403904
33 0.1415 17616896
34 0.1405 17092608
35 0.1416 17649664
36 0.141 17633280
37 0.1425 17592320
38 0.1476 17776640
39 0.1436 17731584
40 0.1452 17743872
41 0.1486 18030592
42 0.1458 18010112
43 0.1481 18202624
44 0.1444 17940480
45 0.149 18087936
46 0.1453 17596416
47 0.1454 18026496
48 0.1457 18227200
49 0.1492 18477056
50 0.1456 18206720
51 0.1459 18505728
52 0.1552 18223104
53 0.1468 18407424
54 0.1462 17698816
55 0.1566 18821120
56 0.1464 17686528
57 0.147 17879040
58 0.1464 17887232
59 0.1517 18272256
60 0.1464 18223104
61 0.1461 18341888
62 0.1517 18120704
63 0.1459 18231296
64 0.1461 17715200
65 0.1484 18219008
66 0.1486 18206720
67 0.1469 18096128
68 0.1462 18128896
69 0.1482 18219008
70 0.1505 18288640
71 0.1496 17833984
72 0.1495 18276352
73 0.1474 18419712
74 0.1481 18210816
75 0.1536 18251776
76 0.1474 17858560
77 0.1539 18341888
78 0.1473 17682432
79 0.1494 18210816
80 0.1475 18104320
81 0.1457 17674240
82 0.153 18309120
83 0.1472 17862656
84 0.1501 18198528
85 0.1541 18198528
86 0.147 18157568
87 0.1456 17666048
88 0.1466 18210816
89 0.147 18083840
90 0.1536 18178048
91 0.1449 18182144
92 0.1468 17739776
93 0.1469 17719296
94 0.1537 18251776
95 0.1544 18169856
96 0.146 17715200
97 0.1612 18481152
98 0.1522 18386944
99 0.1467 18190336
100 0.147 18124800
101 0.1729 17858560
102 0.1466 18640896
103 0.1566 17862656
104 0.148 17633280
105 0.1522 17997824
106 0.1508 17780736
107 0.1472 18354176
108 0.1509 18165760
109 0.1451 18042880
110 0.1446 18096128
111 0.1469 18206720
112 0.1457 18227200
113 0.1472 18104320
114 0.1436 17690624
115 0.1459 18112512
116 0.1481 17727488
117 0.1448 17707008
118 0.1464 17715200
119 0.1497 18235392
120 0.1444 17723392
121 0.1495 18255872
122 0.1523 18591744
123 0.1466 17936384
124 0.1471 18399232
125 0.1577 18432000
126 0.1506 18395136
127 0.1484 18292736
128 0.15 18305024
129 0.1445 17784832
130 0.1484 18309120
131 0.1509 18317312
132 0.1496 18026496
133 0.148 18235392
134 0.1458 18231296
135 0.1461 18247680
136 0.1535 18370560
137 0.147 17920000
138 0.1481 18026496
139 0.147 18042880
140 0.1506 18481152
141 0.1461 18382848
142 0.1474 18374656
143 0.1485 18292736
144 0.1552 18227200
145 0.1504 18505728
146 0.1505 18415616
147 0.1464 18305024
148 0.1522 18956288
149 0.1596 19079168
150 0.1484 18751488
151 0.1485 18497536
152 0.1524 18128896
153 0.1477 18501632
154 0.1472 18464768
155 0.1546 18472960
156 0.1486 18145280
157 0.1569 18907136
158 0.147 17952768
159 0.1515 18489344
160 0.1528 18771968
161 0.1457 17969152
162 0.1461 17977344
163 0.1486 18395136
164 0.1477 18014208
165 0.1476 18358272
166 0.1523 18915328
167 0.1482 18198528
168 0.1555 18636800
169 0.1479 18018304
170 0.1576 19034112
171 0.1503 18534400
172 0.149 18407424
173 0.1514 18563072
174 0.1558 18579456
175 0.1489 18472960
176 0.147 18587648
177 0.1472 18063360
178 0.1547 18604032
179 0.1472 18604032
180 0.1466 18075648
181 0.1469 18087936
182 0.1569 18739200
183 0.1465 18096128
184 0.147 18104320
185 0.1476 18112512
186 0.1511 18845696
187 0.1482 18554880
188 0.1469 18661376
189 0.149 18337792
190 0.1513 18743296
191 0.1561 18759680
192 0.1542 18333696
193 0.149 18583552
194 0.1499 18817024
195 0.1526 18694144
196 0.1486 18984960
197 0.1509 18866176
198 0.1515 18722816
199 0.15 18190336
200 0.1493 18763776
201 0.1503 18771968
202 0.1485 18759680
203 0.1486 19030016
204 0.1585 19202048
205 0.15 18423808
206 0.1542 18776064
207 0.1521 18984960
208 0.1566 18919424
209 0.1489 18796544
210 0.1498 18694144
211 0.1488 18477056
212 0.1484 18808832
213 0.1573 18821120
214 0.149 18796544
215 0.1498 18829312
216 0.149 18296832
217 0.1501 18837504
218 0.1502 18329600
219 0.1572 19095552
220 0.1511 18313216
221 0.1505 18907136
222 0.1552 18710528
223 0.1504 18333696
224 0.1515 19378176
225 0.1511 18341888
226 0.1511 18718720
227 0.1507 18931712
228 0.1571 19017728
229 0.1587 19390464
230 0.1514 18751488
231 0.154 19537920
232 0.1509 18927616
233 0.1509 19259392
234 0.1502 18784256
235 0.1512 18608128
236 0.1536 18944000
237 0.1501 19005440
238 0.1528 18964480
239 0.1513 18997248
240 0.1581 19140608
241 0.1556 19017728
242 0.1509 18644992
243 0.1525 18870272
244 0.1511 19107840
245 0.1585 19107840
246 0.1507 18886656
247 0.1503 18903040
248 0.1515 19046400
249 0.1537 19025920
250 0.1499 19161088
251 0.1505 19034112
252 0.1549 19410944
253 0.1498 18927616
254 0.1504 19062784
255 0.1514 18952192
256 0.1534 19046400
257 0.1552 19116032
258 0.1565 18894848
259 0.1528 18915328
260 0.1522 19075072
261 0.1521 18554880
262 0.1526 19197952
263 0.1533 18972672
264 0.1509 18575360
265 0.1507 19009536
266 0.1561 19390464
267 0.1509 19120128
268 0.1498 19136512
269 0.1513 19034112
270 0.1529 19177472
271 0.1503 19304448
272 0.1624 19152896
273 0.1524 19173376
274 0.1536 19165184
275 0.1581 19398656
276 0.1525 18731008
277 0.1515 19066880
278 0.152 19046400
279 0.1528 19156992
280 0.1521 19206144
281 0.1514 18673664
282 0.1707 19423232
283 0.1531 18681856
284 0.153 19283968
285 0.1536 18751488
286 0.1508 18698240
287 0.1499 19251200
288 0.1511 19247104
289 0.1648 19062784
290 0.1515 18714624
291 0.1525 18718720
292 0.1524 19255296
293 0.1522 19181568
294 0.1517 19247104
295 0.1526 19320832
296 0.1532 19300352
297 0.1528 19210240
298 0.1536 19341312
299 0.1519 19218432
300 0.1524 19390464
301 0.1524 19378176
302 0.158 19533824
303 0.157 19529728
304 0.152 18808832
305 0.1541 19308544
306 0.1553 19353600
307 0.1571 19484672
308 0.154 19361792
309 0.152 19337216
310 0.1564 19439616
311 0.1538 19279872
312 0.1541 19283968
313 0.1566 18882560
314 0.1514 18866176
315 0.1527 19308544
316 0.1541 19075072
317 0.1525 19415040
318 0.1561 18952192
319 0.154 19525632
320 0.1523 19451904
321 0.1519 18911232
322 0.1528 19447808
323 0.1511 18923520
324 0.1596 19484672
325 0.1515 18935808
326 0.1548 19365888
327 0.1536 18939904
328 0.1527 19484672
329 0.1531 19488768
330 0.1585 19808256
331 0.1543 19656704
332 0.1532 19472384
333 0.1568 20021248
334 0.1576 19664896
335 0.1559 19800064
336 0.1602 19120128
337 0.1555 19197952
338 0.1618 19533824
339 0.1561 19697664
340 0.1561 20037632
341 0.1534 19595264
342 0.1531 19468288
343 0.1595 19640320
344 0.1545 19906560
345 0.1615 19693568
346 0.156 20082688
347 0.1533 19415040
348 0.1597 19693568
349 0.1558 18993152
350 0.158 19484672
351 0.1532 19013632
352 0.1548 19050496
353 0.1541 19189760
354 0.1574 19111936
355 0.1538 19263488
356 0.155 19206144
357 0.1612 19337216
358 0.1556 19247104
359 0.1587 19230720
360 0.1527 19058688
361 0.1537 19062784
362 0.1523 19054592
363 0.1571 19243008
364 0.1585 19378176
365 0.1562 19288064
366 0.1557 19316736
367 0.1544 19304448
368 0.1586 19451904
369 0.1592 19304448
370 0.158 19189760
371 0.1536 19087360
372 0.1586 19132416
373 0.1635 20361216
374 0.1544 19267584
375 0.156 19312640
376 0.1549 19296256
377 0.1556 19120128
378 0.1631 19447808
379 0.1546 19128320
380 0.1605 19169280
381 0.1628 19419136
382 0.1587 19312640
383 0.1544 19312640
384 0.1549 19144704
385 0.1588 19308544
386 0.1625 20332544
387 0.1575 19353600
388 0.1594 19156992
389 0.1623 19484672
390 0.1591 19259392
391 0.1602 19333120
392 0.1569 19251200
393 0.1594 19386368
394 0.1606 19308544
395 0.1614 19472384
396 0.1555 19189760
397 0.157 19279872
398 0.1546 19197952
399 0.1579 19202048
400 0.1573 19402752
401 0.1575 19529728
402 0.159 19406848
403 0.1582 19464192
404 0.1759 19394560
405 0.1646 19476480
406 0.1712 19435520
407 0.1879 19390464
408 0.1715 19795968
409 0.1705 19353600
410 0.1619 19423232
411 0.1579 19251200
412 0.1537 19251200
413 0.1547 19259392
414 0.154 19263488
415 0.1578 19320832
416 0.1539 19271680
417 0.1576 19464192
418 0.1562 19525632
419 0.1553 19292160
420 0.1552 19304448
421 0.1588 19488768
422 0.1547 19316736
423 0.1575 19357696
424 0.1567 19496960
425 0.1625 19574784
426 0.1653 19517440
427 0.1583 19546112
428 0.1577 19542016
429 0.1563 19570688
430 0.1596 19537920
431 0.1555 19554304
432 0.1608 19574784
433 0.1619 19718144
434 0.1571 19578880
435 0.1614 19705856
436 0.1583 19558400
437 0.169 20525056
438 0.1633 19582976
439 0.1612 19591168
440 0.1572 19619840
441 0.1563 19423232
442 0.1577 19517440
443 0.1678 19714048
444 0.1567 19611648
445 0.1568 19652608
446 0.1621 19521536
447 0.1614 19763200
448 0.1561 19464192
449 0.156 19472384
450 0.1637 19800064
451 0.1558 19689472
452 0.1581 19566592
453 0.1651 19800064
454 0.1588 19673088
455 0.154 19697664
456 0.1671 19664896
457 0.1584 19689472
458 0.157 19697664
459 0.1607 19800064
460 0.1622 19824640
461 0.1594 19603456
462 0.1599 19623936
463 0.1588 19742720
464 0.1637 19976192
465 0.1592 19738624
466 0.1585 19746816
467 0.1574 19791872
468 0.1562 19677184
469 0.1581 19841024
470 0.16 19775488
471 0.1635 19914752
472 0.1594 19681280
473 0.1596 19832832
474 0.1592 19779584
475 0.1654 19869696
476 0.1606 19734528
477 0.1556 19636224
478 0.1561 19640320
479 0.1634 19886080
480 0.1594 19673088
481 0.159 19984384
482 0.1617 19709952
483 0.1557 19673088
484 0.1618 19922944
485 0.1555 19689472
486 0.1577 19861504
487 0.164 19927040
488 0.16 19873792
489 0.1593 19771392
490 0.1581 19877888
491 0.1572 19767296
492 0.1665 20082688
493 0.1658 20103168
494 0.1599 19804160
495 0.1585 20045824
496 0.1591 19902464
497 0.1662 20156416
498 0.1584 19828736
499 0.1578 20914176
500 0.158 19927040
501 0.1582 19836928
502 0.1589 20021248
503 0.1595 19832832
504 0.1593 19873792
505 0.1575 19972096
506 0.1638 19988480
507 0.1575 19980288
508 0.1578 19910656
509 0.1629 20221952
510 0.1591 20004864
511 0.1624 19902464
512 0.1636 19996672
513 0.1585 19849216
514 0.1633 19980288
515 0.1585 20066304
516 0.1575 20037632
517 0.16 20189184
518 0.1577 19881984
519 0.1581 20082688
520 0.1606 19894272
521 0.1574 19898368
522 0.1619 20062208
523 0.1619 20029440
524 0.1594 20148224
525 0.1608 20103168
526 0.1653 20103168
527 0.1587 20103168
528 0.1585 20119552
529 0.1593 19963904
530 0.1601 20013056
531 0.1607 20131840
532 0.1616 20131840
533 0.1585 19968000
534 0.1595 20271104
535 0.1602 20054016
536 0.1644 20283392
537 0.1606 20168704
538 0.1673 20299776
539 0.1679 20250624
540 0.1601 20299776
541 0.1651 20258816
542 0.1676 20557824
543 0.1615 20213760
544 0.1584 20033536
545 0.1601 20045824
546 0.1656 20307968
547 0.1647 20221952
548 0.1599 20221952
549 0.1602 20246528
550 0.16 20070400
551 0.1586 20074496
552 0.1618 20275200
553 0.1613 20250624
554 0.1604 20295680
555 0.1632 20299776
556 0.1595 20393984
557 0.1608 20287488
558 0.1612 20500480
559 0.1664 20541440
560 0.1661 20307968
561 0.1688 20697088
562 0.1677 21352448
563 0.1612 20299776
564 0.1615 20385792
565 0.1615 20496384
566 0.1658 20512768
567 0.1659 20389888
568 0.1643 20623360
569 0.161 20426752
570 0.1616 20430848
571 0.1631 20508672
572 0.1624 20537344
573 0.1619 20586496
574 0.1694 20516864
575 0.1622 20578304
576 0.1604 20381696
577 0.1605 20574208
578 0.1621 20402176
579 0.1616 20574208
580 0.1629 20410368
581 0.1658 20570112
582 0.1622 20516864
583 0.1619 20582400
584 0.1662 20635648
585 0.162 20606976
586 0.1694 20721664
587 0.1617 20611072
588 0.1603 20516864
589 0.1654 20746240
590 0.1625 20860928
591 0.1663 20570112
592 0.1645 20668416
593 0.1622 20754432
594 0.1638 20676608
595 0.1631 20525056
596 0.1641 20729856
597 0.1652 20656128
598 0.1649 20692992
599 0.1641 20606976
600 0.1656 20615168
601 0.163 20705280
602 0.1623 20611072
603 0.1627 20697088
604 0.1683 20754432
605 0.1637 20639744
606 0.1609 20566016
607 0.161 20635648
608 0.1636 20758528
609 0.1615 20619264
610 0.1645 20975616
611 0.1798 20754432
612 0.1661 20819968
613 0.1705 20877312
614 0.1678 20799488
615 0.1628 20729856
616 0.1704 21131264
617 0.1692 20779008
618 0.165 20652032
619 0.1636 20803584
620 0.1611 20746240
621 0.1686 20811776
622 0.1629 20885504
623 0.1661 21061632
624 0.1595 20660224
625 0.1624 20865024
626 0.1675 20901888
627 0.1625 20692992
628 0.1677 20869120
629 0.1631 20795392
630 0.1647 21843968
631 0.1666 20750336
632 0.1656 20881408
633 0.1625 20889600
634 0.1637 20922368
635 0.1657 21053440
636 0.1659 20905984
637 0.1679 20774912
638 0.1609 20750336
639 0.1637 20836352
640 0.1613 20787200
641 0.1631 20934656
642 0.1627 21082112
643 0.165 20963328
644 0.1628 20938752
645 0.1609 20791296
646 0.1614 20799488
647 0.1642 20963328
648 0.1655 20971520
649 0.1635 20815872
650 0.1624 20819968
651 0.1632 20828160
652 0.1651 20836352
653 0.1641 20914176
654 0.1632 21020672
655 0.1707 21028864
656 0.1667 20959232
657 0.164 21024768
658 0.166 21188608
659 0.1666 20955136
660 0.1631 21069824
661 0.164 20881408
662 0.1672 20926464
663 0.1711 21385216
664 0.1638 20963328
665 0.1616 20914176
666 0.1804 21241856
667 0.1655 21217280
668 0.1715 21196800
669 0.1627 21032960
670 0.1662 21303296
671 0.1635 21045248
672 0.1672 21045248
673 0.1643 21000192
674 0.1636 21012480
675 0.1623 21061632
676 0.1701 21069824
677 0.1628 21073920
678 0.1642 21065728
679 0.1652 21155840
680 0.1663 21159936
681 0.1629 21176320
682 0.165 21172224
683 0.1672 21147648
684 0.1669 21323776
685 0.1681 21221376
686 0.1658 21192704
687 0.1688 21323776
688 0.1661 21127168
689 0.167 21217280
690 0.1649 21151744
691 0.1667 21241856
692 0.1667 21229568
693 0.1634 21073920
694 0.1729 21585920
695 0.1712 21118976
696 0.1696 21381120
697 0.1654 21270528
698 0.1656 21266432
699 0.1648 21348352
700 0.1639 21172224
701 0.1682 21282816
702 0.1631 21299200
703 0.1649 21229568
704 0.164 21270528
705 0.1638 21225472
706 0.1653 21352448
707 0.1707 21315584
708 0.1658 21344256
709 0.166 21458944
710 0.1642 21176320
711 0.164 21336064
712 0.1698 21467136
713 0.1639 21295104
714 0.164 21385216
715 0.1669 21303296
716 0.1639 21258240
717 0.1714 21372928
718 0.1709 21700608
719 0.165 21331968
720 0.1715 21409792
721 0.1687 21360640
722 0.1669 21286912
723 0.1644 21368832
724 0.1678 21426176
725 0.1657 21446656
726 0.1715 21336064
727 0.1738 21581824
728 0.1647 21450752
729 0.1648 21471232
730 0.1655 21336064
731 0.1686 21413888
732 0.1714 21372928
733 0.1668 21356544
734 0.1729 21622784
735 0.1644 21426176
736 0.1672 21499904
737 0.1653 21524480
738 0.1677 21381120
739 0.1695 21467136
740 0.171 21434368
741 0.1724 21544960
742 0.1736 21688320
743 0.1655 21557248
744 0.1698 21499904
745 0.1651 21401600
746 0.1695 21569536
747 0.1651 21508096
748 0.1666 21446656
749 0.1701 21700608
750 0.1655 21516288
751 0.1659 21524480
752 0.1691 21610496
753 0.1704 21614592
754 0.1648 21450752
755 0.1728 21741568
756 0.168 21618688
757 0.1699 21635072
758 0.1703 21512192
759 0.1729 21737472
760 0.1703 21643264
761 0.1704 21921792
762 0.1828 21647360
763 0.1687 21504000
764 0.1683 21573632
765 0.1705 21737472
766 0.1741 21585920
767 0.1676 21561344
768 0.1715 21659648
769 0.1651 21540864
770 0.1675 21549056
771 0.1653 21549056
772 0.1663 21553152
773 0.1767 21876736
774 0.167 21659648
775 0.1683 21782528
776 0.1658 21581824
777 0.1714 21864448
778 0.1711 21630976
779 0.167 21606400
780 0.1686 21835776
781 0.1683 21700608
782 0.1732 21671936
783 0.1661 21794816
784 0.1673 21782528
785 0.1671 21725184
786 0.1712 21733376
787 0.17 21811200
788 0.1664 21745664
789 0.168 21815296
790 0.1672 21753856
791 0.1685 21848064
792 0.1713 21770240
793 0.1705 21856256
794 0.1677 21684224
795 0.1662 21712896
796 0.1668 21700608
797 0.1717 21999616
798 0.1678 21712896
799 0.1658 21749760
800 0.1669 21856256