1 0.037 10776576
2 0.0409 10801152
3 0.0372 10813440
4 0.0414 10870784
5 0.0384 10899456
6 0.0424 10948608
7 0.0392 11005952
8 0.0435 11026432
9 0.0403 11055104
10 0.0413 11091968
11 0.0448 11137024
12 0.0457 11177984
13 0.042 11235328
14 0.0429 11296768
15 0.0428 11325440
16 0.0444 11354112
17 0.0443 11403264
18 0.0453 11436032
19 0.0461 11472896
20 0.0462 11522048
21 0.0501 11558912
22 0.0476 11603968
23 0.0474 11653120
24 0.048 11669504
25 0.0487 11739136
26 0.05 11788288
27 0.0501 11808768
28 0.0541 11866112
29 0.0544 11907072
30 0.0512 11968512
31 0.0523 12013568
32 0.0563 12066816
33 0.0536 12136448
34 0.0577 12169216
35 0.0548 12214272
36 0.0563 12259328
37 0.0596 12320768
38 0.0572 12353536
39 0.057 12431360
40 0.0617 12464128
41 0.0586 12513280
42 0.0597 12566528
43 0.06 12611584
44 0.0614 12673024
45 0.065 12754944
46 0.0619 12771328
47 0.0625 12836864
48 0.0626 12890112
49 0.0637 12963840
50 0.0681 12996608
51 0.0667 13115392
52 0.0692 13176832
53 0.0702 13225984
54 0.0673 13283328
55 0.0684 13258752
56 0.0724 13320192
57 0.0704 13385728
58 0.0739 13451264
59 0.0714 13484032
60 0.0715 13578240
61 0.0727 13623296
62 0.0777 13709312
63 0.0771 13746176
64 0.0741 13824000
65 0.0791 13860864
66 0.0754 13959168
67 0.0776 14000128
68 0.0814 14082048
69 0.0792 14123008
70 0.0794 14196736
71 0.0806 14233600
72 0.0806 14336000
73 0.0849 14393344
74 0.0834 14462976
75 0.0871 14512128
76 0.0844 14573568
77 0.0855 14630912
78 0.0863 14700544
79 0.0899 14807040
80 0.0869 14848000
81 0.0889 14925824
82 0.0929 15011840
83 0.0901 15052800
84 0.0946 15130624
85 0.0912 15175680
86 0.0922 15245312
87 0.0967 15314944
88 0.0955 15376384
89 0.0942 15458304
90 0.0989 15544320
91 0.0972 15597568
92 0.1007 15724544
93 0.0992 15749120
94 0.1006 15843328
95 0.1015 15892480
96 0.1026 15978496
97 0.1029 16060416
98 0.1039 16138240
99 0.1045 16207872
100 0.105 16285696
101 0.1072 16338944
102 0.1073 16445440
103 0.1082 16527360
104 0.1093 16588800
105 0.111 16654336
106 0.114 16728064
107 0.1133 16805888
108 0.1109 16891904
109 0.1138 16973824
110 0.1129 17072128
111 0.1149 17133568
112 0.1159 17227776
113 0.1159 17301504
114 0.118 17358848
115 0.1172 17457152
116 0.1183 17555456
117 0.1209 17620992
118 0.1226 17694720
119 0.122 17801216
120 0.1274 17870848
121 0.1264 17965056
122 0.1263 18006016
123 0.1271 18108416
124 0.1321 18190336
125 0.129 18280448
126 0.1303 18391040