1 0.0382 10870784
2 0.0389 10878976
3 0.0433 10903552
4 0.0397 10919936
5 0.0435 10936320
6 0.0403 10993664
7 0.0405 11030528
8 0.0413 11042816
9 0.0414 11079680
10 0.0414 11108352
11 0.0423 11145216
12 0.0433 11182080
13 0.0464 11210752
14 0.0425 11243520
15 0.0473 11296768
16 0.0431 11300864
17 0.048 11325440
18 0.0461 11411456
19 0.0455 11411456
20 0.0458 11448320
21 0.0497 11460608
22 0.0468 11497472
23 0.0506 11534336
24 0.0472 11567104
25 0.0476 11579392
26 0.0484 11636736
27 0.0532 11669504
28 0.0496 11694080
29 0.0497 11743232
30 0.0501 11788288
31 0.0543 11812864
32 0.0504 11857920
33 0.0552 11886592
34 0.0522 11915264
35 0.0522 11939840
36 0.0527 11984896
37 0.0529 12058624
38 0.0536 12070912
39 0.0543 12120064
40 0.0559 12185600
41 0.0595 12234752
42 0.0827 12292096
43 0.0621 12378112
44 0.0606 12365824
45 0.0624 12414976
46 0.0588 12455936
47 0.0593 12492800
48 0.0593 12525568
49 0.064 12615680
50 0.061 12627968
51 0.0615 12673024
52 0.0622 12726272
53 0.0627 12771328
54 0.0683 12816384
55 0.0635 12861440
56 0.068 12902400
57 0.0657 12939264
58 0.0656 12996608
59 0.0664 13037568
60 0.0659 13107200
61 0.0666 13185024
62 0.0676 13271040
63 0.0693 13312000
64 0.0682 13316096
65 0.0735 13418496
66 0.0711 13459456
67 0.0713 13475840
68 0.0756 13529088
69 0.0721 13578240
70 0.073 13627392
71 0.0733 13647872
72 0.0808 13746176
73 0.079 13787136
74 0.0766 13824000
75 0.0804 13889536
76 0.077 13930496
77 0.0804 14000128
78 0.078 14041088
79 0.0828 14127104
80 0.0794 14172160
81 0.0802 14225408
82 0.0812 14282752
83 0.0849 14356480
84 0.0824 14381056
85 0.0863 14467072
86 0.0874 14540800
87 0.0882 14606336
88 0.0852 14684160
89 0.0902 14733312
90 0.0867 14778368
91 0.0883 14876672
92 0.0894 14917632
93 0.0905 14979072
94 0.0906 15081472
95 0.092 15093760
96 0.096 15200256
97 0.0934 15253504
98 0.0984 15478784
99 0.0946 15380480
100 0.0952 15441920
101 0.0969 15486976
102 0.0969 15589376
103 0.098 15671296
104 0.0967 15736832
105 0.0985 15761408
106 0.1002 15872000
107 0.1017 15917056
108 0.1009 16019456
109 0.1026 16039936
110 0.1022 16125952
111 0.1066 16203776
112 0.1051 16273408
113 0.1043 16347136
114 0.1101 16486400
115 0.108 16453632
116 0.1078 16523264
117 0.1125 16609280
118 0.1106 16670720
119 0.114 16744448
120 0.11 16830464
121 0.1147 16883712
122 0.1187 16969728
123 0.1175 17039360
124 0.1159 17129472
125 0.1204 17211392
126 0.1206 17403904
127 0.1165 17330176
128 0.1185 17428480
129 0.1228 17506304
130 0.1209 17571840
131 0.1205 17670144
132 0.1239 17764352
133 0.1229 17833984
134 0.1226 17920000
135 0.1238 17993728
136 0.1299 18071552
137 0.1276 18153472
138 0.1277 18227200
139 0.1319 18329600
140 0.1322 18395136
141 0.1349 18481152
142 0.1295 18518016
143 0.1318 18653184
144 0.1332 18706432
145 0.1364 18784256
146 0.1361 18894848
147 0.1405 18960384
148 0.1414 19058688
149 0.1374 19128320
150 0.14 19247104
151 0.1433 19361792
152 0.1399 19443712
153 0.1414 19542016
154 0.1484 19648512
155 0.144 19726336
156 0.1453 19824640
157 0.1458 19931136
158 0.1478 19992576
159 0.1464 20086784
160 0.151 20185088
161 0.1508 20234240
162 0.1533 20332544
163 0.1553 20439040
164 0.153 20488192
165 0.1552 20615168
166 0.1793 20770816
167 0.1601 20787200
168 0.1578 20885504
169 0.1661 20955136
170 0.1615 21012480
171 0.1644 21118976
172 0.1652 21213184
173 0.1643 21303296
174 0.1681 21458944
175 0.1668 21483520
176 0.1643 21606400
177 0.1679 21663744
178 0.1709 21766144
179 0.1708 21852160
180 0.1725 21942272
181 0.1736 22044672
182 0.175 22163456
183 0.1733 22228992
184 0.1797 22372352
185 0.1826 22482944
186 0.1795 22568960
187 0.1805 22667264
188 0.1843 22777856
189 0.182 22872064
190 0.1849 23027712
191 0.1895 23072768
192 0.1865 23187456
193 0.186 23281664
194 0.1908 23396352
195 0.1909 23486464
196 0.2006 23703552
197 0.192 23670784
198 0.1932 23793664
199 0.1952 23912448
200 0.1965 23953408
201 0.2029 24154112
202 0.2026 24104960
203 0.2024 24236032
204 0.203 24281088
205 0.2082 24412160
206 0.2037 24530944
207 0.2084 24596480
208 0.2057 24694784
209 0.2184 24903680
210 0.2122 24928256
211 0.214 25026560
212 0.2115 25124864
213 0.218 25247744
214 0.2204 25354240
215 0.2193 25497600
216 0.2166 25591808
217 0.2209 25706496
218 0.2182 25821184
219 0.22 25899008
220 0.2279 26333184
221 0.2255 26120192
222 0.2269 26218496
223 0.2255 26345472
224 0.2276 26456064
225 0.2318 26714112
226 0.2339 26755072
227 0.2318 26804224
228 0.2334 26902528
229 0.2369 27021312
230 0.2384 27127808
231 0.2372 27262976
232 0.2406 27398144
233 0.2404 27496448
234 0.2452 27607040
235 0.2449 27729920
236 0.2496 28004352
237 0.2464 27947008
238 0.2493 28078080
239 0.2501 28172288
240 0.2486 28299264
241 0.2548 28405760
242 0.2525 28528640
243 0.253 28622848
244 0.2563 28733440
245 0.2554 28868608
246 0.2635 28987392
247 0.2568 29114368
248 0.2614 29237248
249 0.277 29638656
250 0.2669 29458432
251 0.2679 29614080
252 0.2679 29716480
253 0.2707 29822976
254 0.2709 29966336