1 0.0025 8376320
2 0.0029 8392704
3 0.0032 8425472
4 0.0029 8450048
5 0.0026 8474624
6 0.0027 8466432
7 0.0028 8499200
8 0.0035 8536064
9 0.0031 8568832
10 0.0038 8601600
11 0.0034 8626176
12 0.005 8642560
13 0.0053 8667136
14 0.0044 8683520
15 0.0039 8720384
16 0.0048 8749056
17 0.0049 8769536
18 0.0044 8777728
19 0.0066 8818688
20 0.0047 8859648
21 0.0072 8871936
22 0.005 8908800
23 0.0051 8929280
24 0.0079 8949760
25 0.0062 8970240
26 0.0086 9003008
27 0.0066 9019392
28 0.006 9052160
29 0.0092 9080832
30 0.0072 9097216
31 0.0096 9154560
32 0.0067 9154560
33 0.0076 9191424
34 0.0079 9224192
35 0.0081 9248768
36 0.0083 9285632
37 0.0077 9322496
38 0.0086 9347072
39 0.009 9363456
40 0.0086 9408512
41 0.0085 9408512
42 0.0126 9453568
43 0.0097 9482240
44 0.0102 9539584
45 0.0095 9560064
46 0.0137 9584640
47 0.0101 9621504
48 0.0104 9662464
49 0.011 9678848
50 0.0106 9723904
51 0.0117 9752576
52 0.0153 9789440
53 0.0117 9838592
54 0.012 9887744
55 0.0117 9879552
56 0.0216 9932800
57 0.0194 9924608
58 0.0127 9981952
59 0.0271 10018816
60 0.0164 10055680
61 0.018 10076160
62 0.0181 10117120
63 0.0148 10158080
64 0.0141 10207232
65 0.0176 10309632
66 0.0155 10293248
67 0.0159 10309632
68 0.0196 10350592
69 0.0167 10391552
70 0.0166 10416128
71 0.0194 10448896
72 0.0188 10493952
73 0.0211 10518528
74 0.0215 10588160
75 0.0183 10612736
76 0.0185 10645504
77 0.0187 10682368
78 0.0183 10731520
79 0.0192 10756096
80 0.0197 10809344
81 0.02 10854400
82 0.0199 10878976
83 0.02 10956800
84 0.021 10977280
85 0.0218 11022336
86 0.0211 11071488
87 0.0258 11108352
88 0.0221 11145216
89 0.0221 11194368
90 0.0223 11280384
91 0.023 11272192
92 0.0534 11333632
93 0.0233 11366400
94 0.0398 11456512
95 0.027 11476992
96 0.0253 11517952
97 0.0259 11567104
98 0.0296 11608064
99 0.0299 11669504
100 0.0264 11694080
101 0.027 11739136
102 0.0272 11784192
103 0.0268 11821056
104 0.0278 11866112
105 0.0281 11931648
106 0.0319 11964416
107 0.029 12013568
108 0.0298 12075008
109 0.0298 12103680
110 0.03 12124160
111 0.0344 12185600
112 0.0305 12201984
113 0.0315 12251136
114 0.0322 12300288
115 0.0323 12341248
116 0.0325 12390400
117 0.0341 12439552
118 0.0336 12492800
119 0.0343 12570624
120 0.0335 12591104
121 0.0343 12636160
122 0.0353 12689408
123 0.036 12726272
124 0.0356 12804096
125 0.0401 12894208
126 0.0373 12894208
127 0.0377 12959744