1 0.0405 10866688
2 0.0455 10825728
3 0.048 10850304
4 0.0523 10948608
5 0.0606 10969088
6 0.0422 10940416
7 0.043 10964992
8 0.0443 10964992
9 0.041 11038720
10 0.0439 11075584
11 0.0442 11116544
12 0.0467 11108352
13 0.0497 11137024
14 0.0453 11149312
15 0.0451 11194368
16 0.0453 11218944
17 0.049 11264000
18 0.0633 11378688
19 0.0499 11362304
20 0.0649 11419648
21 0.0642 11448320
22 0.0548 11411456
23 0.061 11497472
24 0.0556 11517952
25 0.0573 11554816
26 0.0533 11513856
27 0.0569 11603968
28 0.0621 11628544
29 0.0571 11644928
30 0.0569 11730944
31 0.0635 11759616
32 0.0614 11698176
33 0.0622 11812864
34 0.0661 11866112
35 0.075 11849728
36 0.0689 11890688
37 0.057 11862016
38 0.058 11890688
39 0.0596 11980800
40 0.0643 12017664
41 0.0654 12042240
42 0.0578 12038144
43 0.0578 12017664
44 0.0621 12173312
45 0.0767 12197888
46 0.0671 12128256
47 0.0662 12206080
48 0.0755 12238848
49 0.0718 12283904
50 0.0649 12275712
51 0.0812 12308480
52 0.0637 12390400
53 0.0646 12390400
54 0.0752 12435456
55 0.0799 12439552
56 0.0674 12496896
57 0.0672 12582912
58 0.0758 12546048
59 0.095 12623872
60 0.0892 12644352
61 0.0897 12697600
62 0.0753 12697600
63 0.0736 12673024
64 0.0756 12812288
65 0.0752 12771328
66 0.0747 12828672
67 0.093 12861440
68 0.0722 12849152
69 0.0715 12869632
70 0.0868 12963840
71 0.0736 12939264
72 0.0696 12865536
73 0.0757 12931072
74 0.0706 12959744
75 0.0726 12980224
76 0.0711 13017088
77 0.084 13189120
78 0.0722 13058048
79 0.0727 13086720
80 0.0854 13197312
81 0.0758 13131776
82 0.0744 13176832
83 0.0891 13385728
84 0.0821 13238272
85 0.079 13271040
86 0.0841 13336576
87 0.0972 13451264
88 0.0831 13352960
89 0.0787 13451264
90 0.0828 13443072
91 0.0906 13520896
92 0.0874 13504512
93 0.0923 13574144
94 0.082 13557760
95 0.0914 13606912
96 0.0848 13627392
97 0.0863 13627392
98 0.0843 13639680
99 0.0907 13717504
100 0.0895 13709312
101 0.0899 13766656
102 0.097 13864960
103 0.0901 13815808
104 0.0958 13856768
105 0.0966 14020608
106 0.1014 14012416
107 0.0945 13950976
108 0.0894 13946880
109 0.0956 14065664
110 0.0897 14077952
111 0.0933 14061568
112 0.104 14151680
113 0.0941 14073856
114 0.0961 14110720
115 0.0927 14225408
116 0.0896 14245888
117 0.0972 14229504
118 0.0954 14221312
119 0.1129 14438400
120 0.1028 14278656
121 0.0931 14360576
122 0.0982 14352384
123 0.1008 14467072
124 0.1189 14508032
125 0.1025 14467072
126 0.101 14462976
127 0.1065 14602240
128 0.1014 14520320
129 0.1034 14655488
130 0.1139 14725120
131 0.1042 14602240
132 0.1071 14802944
133 0.1065 14749696
134 0.1088 14786560
135 0.1077 14802944
136 0.1017 14753792
137 0.1101 14852096
138 0.1133 14815232
139 0.1145 14938112
140 0.1226 14868480
141 0.107 14974976
142 0.1089 14974976
143 0.1046 15040512
144 0.1189 15101952
145 0.1178 15122432
146 0.1156 15233024
147 0.1137 15200256
148 0.1381 15257600
149 0.1194 15343616
150 0.1295 15253504
151 0.1225 15269888
152 0.114 15314944
153 0.1102 15384576
154 0.1101 15319040
155 0.1103 15339520
156 0.1123 15339520
157 0.1088 15392768
158 0.1135 15462400
159 0.1259 15552512
160 0.1318 15572992
161 0.1267 15634432
162 0.1263 15540224
163 0.1156 15572992
164 0.1441 15790080
165 0.1326 15675392
166 0.1334 15831040
167 0.1399 15867904
168 0.1295 15831040
169 0.1358 15831040
170 0.1245 15826944
171 0.1244 15851520
172 0.1178 15847424
173 0.1335 15917056
174 0.1485 16011264
175 0.1367 15933440
176 0.1198 15933440
177 0.1254 15974400
178 0.129 16007168
179 0.1355 16027648
180 0.1282 16080896
181 0.1272 16142336
182 0.1384 16187392
183 0.1399 16244736
184 0.1252 16162816
185 0.1286 16277504
186 0.1404 16302080
187 0.1247 16314368
188 0.1422 16326656
189 0.1649 16441344
190 0.1335 16470016
191 0.1288 16474112
192 0.1396 16388096
193 0.1278 16556032
194 0.1297 16531456
195 0.1312 16486400
196 0.13 16519168
197 0.1374 16683008
198 0.1478 16621568
199 0.143 16592896
200 0.1489 16728064
201 0.1435 16805888
202 0.1425 16830464
203 0.1342 16826368
204 0.1384 16826368
205 0.1503 16838656
206 0.1381 16797696
207 0.1334 16859136
208 0.1438 16891904
209 0.1352 16887808
210 0.1387 16912384
211 0.1431 17018880
212 0.1423 17072128
213 0.1448 17137664
214 0.1389 17031168
215 0.1467 17084416
216 0.1395 17063936
217 0.1442 17174528
218 0.1753 17211392
219 0.1482 17223680
220 0.1463 17260544
221 0.1436 17223680
222 0.1686 17444864
223 0.1407 17297408
224 0.1409 17321984
225 0.1533 17416192
226 0.1457 17416192
227 0.1481 17440768
228 0.1491 17436672
229 0.147 17510400
230 0.1558 17543168
231 0.1555 17678336
232 0.1606 17731584
233 0.1544 17600512
234 0.1561 17641472
235 0.1502 17637376
236 0.1516 17694720
237 0.1567 17801216
238 0.1477 17768448
239 0.1591 17776640
240 0.1521 17817600
241 0.1567 17829888
242 0.1581 17866752
243 0.1604 17907712
244 0.164 17960960
245 0.1537 17924096
246 0.1634 18022400
247 0.2942 18096128
248 0.1565 18042880
249 0.1724 18161664
250 0.1685 18120704
251 0.2225 18153472