1 0.0369 10821632
2 0.0387 10858496
3 0.0406 10899456
4 0.044 10862592
5 0.0425 10964992
6 0.0411 10936320
7 0.0452 10948608
8 0.0436 11018240
9 0.0458 11079680
10 0.0477 11030528
11 0.0483 11100160
12 0.0434 11137024
13 0.0489 11165696
14 0.0483 11169792
15 0.0504 11210752
16 0.0493 11264000
17 0.0456 11276288
18 0.0473 11272192
19 0.0545 11345920
20 0.0443 11350016
21 0.053 11427840
22 0.0533 11395072
23 0.066 11464704
24 0.0565 11513856
25 0.0493 11476992
26 0.0558 11538432
27 0.0595 11595776
28 0.0525 11558912
29 0.0567 11632640
30 0.0601 11640832
31 0.0532 11665408
32 0.0677 11751424
33 0.0601 11767808
34 0.0547 11800576
35 0.0572 11845632
36 0.0587 11829248
37 0.0554 11845632
38 0.0543 11890688
39 0.073 11988992
40 0.0569 11948032
41 0.0552 11980800
42 0.0602 11997184
43 0.0574 12021760
44 0.0571 12066816
45 0.1143 12132352
46 0.0617 12169216
47 0.0715 12148736
48 0.0612 12161024
49 0.0586 12234752
50 0.0587 12247040
51 0.0648 12259328
52 0.0686 12386304
53 0.0604 12447744
54 0.0632 12398592
55 0.0637 12439552
56 0.0627 12464128
57 0.0646 12500992
58 0.065 12500992
59 0.0653 12546048
60 0.065 12562432
61 0.0625 12578816
62 0.0666 12656640
63 0.0654 12673024
64 0.0692 12726272
65 0.0758 12767232
66 0.0706 12763136
67 0.0689 12791808
68 0.0728 12840960
69 0.0804 12865536
70 0.0716 12865536
71 0.0778 12955648
72 0.0706 12931072
73 0.069 12894208
74 0.0808 12951552
75 0.0759 13021184
76 0.0726 13000704
77 0.0739 13156352
78 0.0832 13172736
79 0.0784 13131776
80 0.0755 13164544
81 0.0871 13152256
82 0.0815 13246464
83 0.0838 13336576
84 0.0749 13250560
85 0.0774 13312000
86 0.0802 13389824
87 0.0785 13365248
88 0.0941 13443072
89 0.0784 13389824
90 0.081 13426688
91 0.0997 13500416
92 0.0923 13545472
93 0.0845 13520896
94 0.0904 13627392
95 0.0824 13557760
96 0.0907 13574144
97 0.0889 13680640
98 0.081 13651968
99 0.0993 13774848
100 0.0831 13795328
101 0.0868 13746176
102 0.0907 13877248
103 0.0959 13856768
104 0.0891 13897728
105 0.0864 13828096
106 0.1024 13991936
107 0.0868 13930496
108 0.0936 14057472
109 0.0944 14118912
110 0.0961 14045184
111 0.1008 14200832
112 0.0966 14077952
113 0.1061 14172160
114 0.1028 14241792
115 0.0994 14176256
116 0.1012 14245888
117 0.1099 14352384
118 0.1009 14331904
119 0.1065 14381056
120 0.1081 14307328
121 0.0949 14315520
122 0.09 14344192
123 0.1013 14417920
124 0.1033 14426112
125 0.0947 14430208
126 0.0983 14487552
127 0.093 14491648
128 0.1047 14598144
129 0.1032 14573568
130 0.097 14585856
131 0.1006 14643200
132 0.109 14827520
133 0.1059 14667776
134 0.1016 14843904
135 0.1019 14774272
136 0.1023 14766080
137 0.1154 14790656
138 0.1162 14966784
139 0.1159 15003648
140 0.1371 15081472
141 0.1038 14942208
142 0.1049 15044608
143 0.1051 15056896
144 0.112 15118336
145 0.1265 15167488
146 0.1196 15179776
147 0.1149 15159296
148 0.1171 15208448
149 0.1162 15224832
150 0.1149 15216640
151 0.1175 15237120
152 0.1184 15249408
153 0.1142 15331328
154 0.1204 15323136
155 0.1104 15376384
156 0.1105 15339520
157 0.124 15593472
158 0.1193 15409152
159 0.1199 15486976
160 0.1333 15556608
161 0.1196 15548416
162 0.1167 15544320
163 0.1138 15597568
164 0.1174 15679488
165 0.1169 15622144
166 0.1139 15650816
167 0.1159 15687680
168 0.1334 15728640
169 0.1193 15855616
170 0.116 15769600
171 0.1302 15867904
172 0.132 15839232
173 0.1392 15884288
174 0.1208 15880192
175 0.1262 15978496
176 0.1337 15970304
177 0.1302 16142336
178 0.129 16154624
179 0.1321 16060416
180 0.1327 16072704
181 0.1268 16162816
182 0.1406 16195584
183 0.1445 16289792
184 0.1379 16306176
185 0.1373 16281600
186 0.1324 16216064
187 0.1282 16355328
188 0.1327 16359424
189 0.1405 16306176
190 0.1386 16461824
191 0.1333 16416768
192 0.1361 16388096
193 0.1278 16416768
194 0.1293 16433152
195 0.1335 16551936
196 0.1405 16629760
197 0.141 16576512
198 0.1322 16596992
199 0.1293 16596992
200 0.1401 16646144
201 0.1347 16728064
202 0.1355 16748544
203 0.1437 16793600
204 0.1347 16834560
205 0.134 16773120
206 0.1372 16920576
207 0.1367 16957440
208 0.1384 16842752
209 0.1408 16965632
210 0.1384 16982016
211 0.1371 16941056
212 0.1532 16982016
213 0.1467 17006592
214 0.1471 17145856
215 0.1457 17080320
216 0.1416 17170432
217 0.1405 17117184
218 0.1464 17166336
219 0.1424 17219584
220 0.1486 17235968
221 0.1408 17231872
222 0.1472 17244160
223 0.1569 17334272
224 0.1543 17313792
225 0.1447 17371136
226 0.1507 17379328
227 0.1597 17481728
228 0.1517 17563648
229 0.1463 17457152
230 0.1461 17481728
231 0.1462 17506304
232 0.1516 17551360
233 0.1482 17588224
234 0.1503 17600512
235 0.1511 17678336
236 0.151 17698816
237 0.1538 17723392
238 0.1525 17747968
239 0.1549 17936384
240 0.1552 17870848
241 0.1557 17846272
242 0.1697 17956864
243 0.1761 17920000
244 0.1797 17997824
245 0.172 17977344
246 0.1592 17977344
247 0.1661 18030592
248 0.1642 18137088
249 0.1779 18214912
250 0.1686 18165760
251 0.1732 18264064