1 0.0475 10940416
2 0.0558 10932224
3 0.0428 10887168
4 0.0397 10928128
5 0.04 10940416
6 0.0411 10989568
7 0.0407 11030528
8 0.0444 11083776
9 0.0415 11087872
10 0.042 11112448
11 0.0421 11153408
12 0.042 11161600
13 0.0465 11210752
14 0.043 11218944
15 0.0437 11268096
16 0.0436 11296768
17 0.0445 11329536
18 0.0485 11366400
19 0.0457 11411456
20 0.0495 11436032
21 0.0458 11468800
22 0.0469 11513856
23 0.0471 11534336
24 0.0468 11563008
25 0.0474 11579392
26 0.0484 11632640
27 0.0488 11644928
28 0.0497 11714560
29 0.0493 11743232
30 0.0496 11755520
31 0.0502 11812864
32 0.0508 11857920
33 0.0547 11886592
34 0.0516 11931648
35 0.0558 11964416
36 0.0528 12013568
37 0.0531 12046336
38 0.0583 12120064
39 0.0548 12152832
40 0.0551 12193792
41 0.0575 12222464
42 0.0684 12279808
43 0.0707 12390400
44 0.0612 12369920
45 0.0575 12382208
46 0.0576 12460032
47 0.0592 12509184
48 0.06 12525568
49 0.0606 12554240
50 0.0611 12615680
51 0.0611 12648448
52 0.0623 12726272
53 0.0621 12779520
54 0.0631 12812288
55 0.0634 12865536
56 0.0649 12898304
57 0.0653 12963840
58 0.0689 12996608
59 0.0654 13058048
60 0.0669 13090816
61 0.0674 13205504
62 0.0668 13238272
63 0.0718 13312000
64 0.0692 13365248
65 0.0708 13373440
66 0.0713 13475840
67 0.0711 13500416
68 0.0712 13512704
69 0.0763 13582336
70 0.1476 13623296
71 0.0751 13680640
72 0.0771 13746176
73 0.0745 13758464
74 0.0757 13836288
75 0.0754 13893632
76 0.077 13910016
77 0.0772 13996032
78 0.078 14016512
79 0.0786 14118912
80 0.082 14176256
81 0.0795 14249984
82 0.0805 14282752
83 0.0818 14348288
84 0.0822 14405632
85 0.0888 14508032
86 0.0841 14540800
87 0.0854 14598144
88 0.0902 14761984
89 0.0914 14733312
90 0.0874 14807040
91 0.0888 14868480
92 0.0903 14938112
93 0.0897 14991360
94 0.091 15065088
95 0.092 15089664
96 0.0923 15179776
97 0.0942 15245312
98 0.0931 15339520
99 0.0945 15409152
100 0.0945 15458304
101 0.0957 15515648
102 0.1026 15638528
103 0.0977 15679488
104 0.0997 15716352
105 0.0986 15790080
106 0.1008 15867904
107 0.1047 15925248
108 0.102 15982592
109 0.1042 16060416
110 0.1029 16101376
111 0.1077 16195584
112 0.1043 16297984
113 0.1059 16334848
114 0.1064 16408576
115 0.1067 16437248
116 0.1123 16535552
117 0.1092 16601088
118 0.1129 16683008
119 0.1117 16719872
120 0.1107 16793600
121 0.1156 16887808
122 0.1144 16973824
123 0.1232 17043456
124 0.1163 17117184
125 0.1152 17186816
126 0.1202 17289216
127 0.1175 17330176
128 0.1175 17387520
129 0.1179 17510400
130 0.1213 17600512
131 0.1262 17694720
132 0.1218 17776640
133 0.1223 17842176
134 0.1254 17903616
135 0.1294 17981440
136 0.1263 18055168
137 0.1676 18169856
138 0.1301 18223104
139 0.1321 18313216
140 0.1306 18354176
141 0.1356 18485248
142 0.1307 18518016
143 0.1663 18624512
144 0.1328 18718720
145 0.1378 18788352
146 0.1345 18874368
147 0.1392 18960384
148 0.1463 19173376
149 0.1358 19156992
150 0.1394 19247104
151 0.1424 19361792
152 0.143 19435520
153 0.1458 19533824
154 0.1472 19648512
155 0.1507 19869696
156 0.1491 19836928
157 0.1499 19931136
158 0.1472 19988480
159 0.1491 20062208
160 0.1522 20246528
161 0.1583 20307968
162 0.1556 20303872
163 0.155 20430848
164 0.154 20508672
165 0.1578 20619264
166 0.1588 20705280
167 0.16 20783104
168 0.1602 20869120
169 0.157 20951040
170 0.1594 21016576
171 0.1601 21118976
172 0.1638 21245952
173 0.1695 21299200
174 0.1655 21401600
175 0.169 21491712
176 0.1685 21594112
177 0.1687 21659648
178 0.1688 21803008
179 0.1726 21852160
180 0.1738 21950464
181 0.1757 22056960
182 0.1759 22159360
183 0.1763 22257664
184 0.1767 22376448
185 0.1795 22450176
186 0.1824 22573056
187 0.185 22679552
188 0.1826 22777856
189 0.1864 22872064
190 0.1882 22982656
191 0.191 23121920
192 0.19 23166976
193 0.1921 23289856
194 0.188 23371776
195 0.1901 23498752
196 0.1997 23728128
197 0.1969 23744512
198 0.2022 23855104
199 0.1974 23912448
200 0.1972 23953408
201 0.1994 24080384
202 0.206 24268800
203 0.2047 24268800
204 0.2033 24256512
205 0.2056 24412160
206 0.2072 24543232
207 0.203 24563712
208 0.2087 24698880
209 0.2102 24809472
210 0.212 24920064
211 0.2102 25038848
212 0.2251 25137152
213 0.215 25247744
214 0.2182 25354240
215 0.2176 25493504
216 0.2176 25583616
217 0.2298 25710592
218 0.2204 25808896
219 0.2333 26140672
220 0.2305 26054656
221 0.2346 26370048
222 0.2241 26206208
223 0.2312 26349568
224 0.2252 26447872
225 0.2331 26574848
226 0.2286 26673152
227 0.2402 26800128
228 0.2352 26882048
229 0.2378 27041792
230 0.2397 27140096
231 0.2406 27258880
232 0.2422 27348992
233 0.2382 27492352
234 0.2471 27598848
235 0.2471 27746304
236 0.2477 27820032
237 0.2487 27955200
238 0.3271 28102656
239 0.2462 28180480
240 0.2473 28286976
241 0.2527 28405760
242 0.25 28528640
243 0.2774 28643328
244 0.2568 28762112
245 0.2581 28848128
246 0.2591 28983296
247 0.2631 29138944
248 0.2699 29237248
249 0.2622 29351936
250 0.266 29450240
251 0.2667 29564928
252 0.2659 29675520
253 0.2725 29822976
254 0.2703 29945856