1 0.0386 10866688
2 0.0382 10850304
3 0.0393 10887168
4 0.0401 10907648
5 0.0439 10977280
6 0.0403 11014144
7 0.0409 11022336
8 0.0442 11051008
9 0.0416 11100160
10 0.041 11124736
11 0.0445 11153408
12 0.0642 11186176
13 0.0429 11223040
14 0.0433 11251712
15 0.0434 11247616
16 0.0442 11292672
17 0.0447 11317248
18 0.0441 11345920
19 0.0459 11403264
20 0.0453 11476992
21 0.0457 11468800
22 0.0465 11481088
23 0.0477 11542528
24 0.0469 11567104
25 0.0516 11595776
26 0.0517 11624448
27 0.049 11681792
28 0.0484 11685888
29 0.0505 11718656
30 0.0536 11771904
31 0.0541 11812864
32 0.0507 11857920
33 0.0552 11886592
34 0.0516 11935744
35 0.0526 11976704
36 0.061 12058624
37 0.0613 12050432
38 0.0557 12079104
39 0.0585 12144640
40 0.0549 12201984
41 0.0574 12226560
42 0.0565 12251136
43 0.0605 12320768
44 0.0571 12369920
45 0.0619 12410880
46 0.0577 12464128
47 0.0627 12500992
48 0.0634 12537856
49 0.0641 12591104
50 0.0645 12627968
51 0.0611 12685312
52 0.0655 12730368
53 0.0629 12771328
54 0.0635 12861440
55 0.0671 12861440
56 0.0645 12906496
57 0.0647 12951552
58 0.0692 13017088
59 0.0657 13053952
60 0.0669 13082624
61 0.0713 13230080
62 0.068 13250560
63 0.0686 13303808
64 0.0683 13344768
65 0.0704 13361152
66 0.0708 13430784
67 0.0706 13553664
68 0.0715 13520896
69 0.0719 13586432
70 0.0764 13631488
71 0.0765 13676544
72 0.0741 13733888
73 0.0777 13795328
74 0.0754 13828096
75 0.0795 13967360
76 0.0772 13934592
77 0.078 13991936
78 0.0774 14053376
79 0.0792 14123008
80 0.0791 14213120
81 0.0841 14241792
82 0.0798 14295040
83 0.0823 14360576
84 0.0817 14422016
85 0.0843 14458880
86 0.0836 14536704
87 0.0849 14610432
88 0.0855 14647296
89 0.0864 14729216
90 0.087 14774272
91 0.0916 14872576
92 0.0891 14938112
93 0.0886 14987264
94 0.0911 15085568
95 0.0906 15151104
96 0.0918 15208448
97 0.0974 15265792
98 0.0937 15331328
99 0.0945 15388672
100 0.096 15454208
101 0.0964 15507456
102 0.0973 15593472
103 0.0983 15699968
104 0.098 15753216
105 0.0987 15761408
106 0.1005 15855616
107 0.1002 15937536
108 0.107 15994880
109 0.1029 16064512
110 0.1084 16142336
111 0.1036 16203776
112 0.1048 16265216
113 0.1059 16326656
114 0.1064 16404480
115 0.1101 16461824
116 0.1076 16531456
117 0.1116 16592896
118 0.1102 16695296
119 0.1107 16723968
120 0.1116 16814080
121 0.1153 16879616
122 0.1131 16932864
123 0.1186 17047552
124 0.1151 17117184
125 0.1197 17211392
126 0.1207 17297408
127 0.1179 17326080
128 0.1193 17416192
129 0.1215 17494016
130 0.1214 17588224
131 0.1207 17666048
132 0.1226 17772544
133 0.1232 17817600
134 0.1283 17899520
135 0.1241 17989632
136 0.1286 18063360
137 0.1299 18145280
138 0.1279 18210816
139 0.1329 18309120
140 0.1307 18386944
141 0.1307 18477056
142 0.1344 18571264
143 0.1352 18628608
144 0.1326 18685952
145 0.1336 18776064
146 0.1358 18886656
147 0.1398 18960384
148 0.1379 19062784
149 0.1419 19161088
150 0.1481 19378176
151 0.1437 19361792
152 0.1398 19435520
153 0.1426 19550208
154 0.1465 19668992
155 0.1448 19755008
156 0.1484 19845120
157 0.1451 19939328
158 0.1509 20000768
159 0.1485 20086784
160 0.1508 20201472
161 0.1519 20271104
162 0.152 20332544
163 0.1548 20434944
164 0.1547 20520960
165 0.1568 20615168
166 0.1561 20697088
167 0.1574 20779008
168 0.1561 20889600
169 0.1591 20897792
170 0.1615 21008384
171 0.1604 21118976
172 0.1631 21213184
173 0.1682 21311488
174 0.17 21393408
175 0.17 21499904
176 0.1691 21581824
177 0.1685 21651456
178 0.1717 21778432
179 0.1708 21901312
180 0.176 22007808
181 0.171 22077440
182 0.1799 22171648
183 0.176 22261760
184 0.175 22351872
185 0.1827 22487040
186 0.1839 22568960
187 0.1844 22683648
188 0.1852 22777856
189 0.187 22872064
190 0.1846 22970368
191 0.1834 23076864
192 0.1926 23183360
193 0.1907 23289856
194 0.1895 23371776
195 0.1941 23490560
196 0.1932 23605248
197 0.1922 23703552
198 0.1971 23818240
199 0.1971 23912448
200 0.2028 23973888
201 0.1978 24100864
202 0.1979 24080384
203 0.1987 24244224
204 0.2014 24256512
205 0.2022 24420352
206 0.2082 24518656
207 0.209 24616960
208 0.2065 24678400
209 0.2082 24809472
210 0.2096 24920064
211 0.2083 24997888
212 0.2154 25133056
213 0.218 25358336
214 0.2191 25350144
215 0.2182 25489408
216 0.2227 25796608
217 0.2187 25690112
218 0.2227 25800704
219 0.2249 25903104
220 0.2251 26050560
221 0.2255 26124288
222 0.2237 26251264
223 0.2296 26349568
224 0.2292 26464256
225 0.2359 26558464
226 0.2279 26718208
227 0.2303 26779648
228 0.2372 26988544
229 0.231 27058176
230 0.238 27140096
231 0.2357 27254784
232 0.2367 27373568
233 0.2376 27492352
234 0.2478 27586560
235 0.2522 27914240
236 0.2413 27803648
237 0.2506 27951104
238 0.2515 28065792
239 0.2539 28205056
240 0.2518 28286976
241 0.2526 28405760
242 0.2511 28495872
243 0.2562 28610560
244 0.2548 28762112
245 0.2568 28860416
246 0.2593 28983296
247 0.258 29073408
248 0.2598 29306880
249 0.2639 29343744
250 0.2663 29446144
251 0.2713 29569024
252 0.2665 29712384
253 0.2697 29822976
254 0.2707 29925376