1 0.0028 8384512
2 0.0027 8392704
3 0.0029 8425472
4 0.0041 8441856
5 0.0031 8421376
6 0.0034 8466432
7 0.0031 8499200
8 0.0039 8515584
9 0.0051 8527872
10 0.005 8560640
11 0.0035 8552448
12 0.0043 8597504
13 0.0052 8613888
14 0.0044 8642560
15 0.0039 8650752
16 0.0065 8671232
17 0.0061 8683520
18 0.0043 8687616
19 0.0068 8720384
20 0.0061 8753152
21 0.0045 8753152
22 0.005 8744960
23 0.0055 8790016
24 0.0076 8806400
25 0.0083 8843264
26 0.0071 8851456
27 0.0055 8839168
28 0.0061 8867840
29 0.0063 8912896
30 0.0083 8957952
31 0.0062 8912896
32 0.0056 8957952
33 0.0084 8957952
34 0.007 8957952
35 0.0067 8998912
36 0.006 9003008
37 0.0063 9043968
38 0.0113 9097216
39 0.0075 9076736
40 0.0078 9076736
41 0.0082 9109504
42 0.0099 9138176
43 0.008 9179136
44 0.0112 9166848
45 0.0078 9166848
46 0.008 9183232
47 0.0076 9203712
48 0.0078 9252864
49 0.0081 9269248
50 0.0095 9285632
51 0.0093 9289728
52 0.0077 9318400
53 0.0105 9297920
54 0.0088 9367552
55 0.013 9351168
56 0.0102 9404416
57 0.0095 9400320
58 0.0102 9461760
59 0.0087 9445376
60 0.0093 9453568
61 0.0092 9482240
62 0.0106 9494528
63 0.0139 9515008
64 0.0098 9543680
65 0.0096 9543680
66 0.0133 9576448
67 0.0107 9601024
68 0.0136 9601024
69 0.0109 9613312
70 0.0103 9629696
71 0.0106 9666560
72 0.0114 9691136
73 0.0113 9711616
74 0.0118 9732096
75 0.0107 9748480
76 0.0115 9764864
77 0.0121 9781248
78 0.0125 9838592
79 0.0122 9838592
80 0.0121 9854976
81 0.0114 9842688
82 0.0125 9891840
83 0.0149 9920512
84 0.0155 9949184
85 0.0197 9953280
86 0.0129 9949184
87 0.0127 9961472
88 0.0144 10031104
89 0.0126 10063872
90 0.015 10076160
91 0.0134 10096640
92 0.0141 10084352
93 0.0135 10104832
94 0.0146 10174464
95 0.0144 10199040
96 0.0143 10199040
97 0.0177 10211328
98 0.0144 10248192
99 0.0259 10289152
100 0.0141 10252288
101 0.015 10297344
102 0.0161 10334208
103 0.0154 10326016
104 0.0186 10358784
105 0.0182 10424320
106 0.0168 10395648
107 0.0162 10444800
108 0.0175 10436608
109 0.0201 10481664
110 0.0166 10571776
111 0.0163 10559488
112 0.0162 10547200
113 0.0167 10620928
114 0.0182 10567680
115 0.019 10604544
116 0.0164 10596352
117 0.0218 10641408
118 0.0224 10649600
119 0.0188 10727424
120 0.0188 10719232
121 0.0188 10731520
122 0.025 10838016
123 0.0194 10784768
124 0.0224 10797056
125 0.0201 10792960
126 0.0193 10911744
127 0.0199 10858496
128 0.02 10866688
129 0.0229 10956800
130 0.0195 10915840
131 0.025 10969088
132 0.0194 10973184
133 0.0256 11087872
134 0.0242 11100160
135 0.0256 11075584
136 0.0214 11083776
137 0.0215 11067392
138 0.0201 11120640
139 0.0233 11169792
140 0.0241 11243520
141 0.0219 11194368
142 0.0224 11218944
143 0.0223 11284480
144 0.0245 11264000
145 0.0261 11292672
146 0.0217 11325440
147 0.0218 11337728
148 0.0258 11378688
149 0.0279 11407360
150 0.0274 11468800
151 0.0238 11452416
152 0.0228 11464704
153 0.0255 11485184
154 0.0231 11505664
155 0.0246 11509760
156 0.0251 11603968
157 0.0241 11571200
158 0.0264 11579392
159 0.0239 11567104
160 0.029 11612160
161 0.0236 11616256
162 0.0251 11689984
163 0.0299 11702272
164 0.0258 11698176
165 0.0266 11722752
166 0.0268 11735040
167 0.0265 11784192
168 0.0263 11780096
169 0.0267 11812864
170 0.0288 11923456
171 0.0284 11874304
172 0.0347 11890688
173 0.0274 11948032
174 0.0275 11919360
175 0.0302 11960320
176 0.0316 11968512
177 0.0307 11984896
178 0.0318 11980800
179 0.0313 12005376
180 0.0327 12103680
181 0.0302 12054528
182 0.0284 12107776
183 0.0327 12107776
184 0.0278 12103680
185 0.0333 12181504
186 0.0286 12173312
187 0.034 12206080
188 0.0325 12197888
189 0.0318 12234752
190 0.0301 12279808
191 0.0335 12320768
192 0.0308 12353536
193 0.0367 12447744
194 0.0346 12443648
195 0.031 12410880
196 0.0331 12427264
197 0.033 12464128
198 0.0328 12480512
199 0.0327 12500992
200 0.0357 12537856
201 0.0365 12607488
202 0.0302 12591104
203 0.0324 12607488
204 0.0336 12640256
205 0.0305 12697600
206 0.0325 12677120
207 0.0432 12738560
208 0.0395 12726272
209 0.0354 12787712
210 0.0345 12742656
211 0.0347 12808192
212 0.0341 12783616
213 0.0372 12812288
214 0.0341 12857344
215 0.0341 12808192
216 0.0336 12828672
217 0.0343 12881920
218 0.0348 12939264
219 0.0378 12935168