1 0.0035 8409088
2 0.0034 8417280
3 0.0034 8417280
4 0.0029 8409088
5 0.003 8450048
6 0.0045 8478720
7 0.0032 8503296
8 0.0057 8527872
9 0.006 8548352
10 0.0037 8564736
11 0.0459 8601600
12 0.0042 8617984
13 0.0046 8630272
14 0.0059 8630272
15 0.0047 8663040
16 0.0045 8658944
17 0.0051 8704000
18 0.0069 8728576
19 0.0049 8720384
20 0.0044 8744960
21 0.0046 8761344
22 0.0064 8765440
23 0.0071 8777728
24 0.0072 8806400
25 0.0071 8826880
26 0.005 8859648
27 0.0061 8867840
28 0.0053 8888320
29 0.0062 8896512
30 0.008 8916992
31 0.0093 8916992
32 0.0089 8986624
33 0.0063 8978432
34 0.0088 9019392
35 0.0082 8998912
36 0.008 9027584
37 0.0088 9035776
38 0.0061 9048064
39 0.0063 9080832
40 0.0086 9150464
41 0.0101 9113600
42 0.0079 9150464
43 0.0068 9154560
44 0.0069 9146368
45 0.0069 9195520
46 0.0086 9195520
47 0.0074 9199616
48 0.0087 9248768
49 0.011 9261056
50 0.0083 9277440
51 0.0087 9342976
52 0.0084 9306112
53 0.0084 9347072
54 0.0092 9392128
55 0.0081 9388032
56 0.0092 9396224
57 0.0084 9433088
58 0.0084 9445376
59 0.0098 9457664
60 0.0125 9478144
61 0.0109 9486336
62 0.0128 9572352
63 0.009 9519104
64 0.0111 9535488
65 0.0133 9584640
66 0.0103 9576448
67 0.0094 9592832
68 0.0109 9633792
69 0.011 9646080
70 0.014 9646080
71 0.0098 9674752
72 0.0147 9719808
73 0.0104 9695232
74 0.0117 9764864
75 0.0148 9744384
76 0.0105 9781248
77 0.0161 9834496
78 0.0161 9863168
79 0.0139 9887744
80 0.0155 9867264
81 0.0138 9887744
82 0.0156 9887744
83 0.0165 9932800
84 0.0123 9945088
85 0.0123 9981952
86 0.0121 9969664
87 0.012 10010624
88 0.0165 10018816
89 0.0123 10063872
90 0.0168 10084352
91 0.013 10108928
92 0.0137 10166272
93 0.0139 10190848
94 0.0136 10125312
95 0.0178 10170368
96 0.0131 10199040
97 0.0142 10260480
98 0.0152 10248192
99 0.0182 10256384
100 0.0146 10338304
101 0.0194 10334208
102 0.0192 10362880
103 0.0183 10387456
104 0.0162 10358784
105 0.0189 10379264
106 0.0185 10407936
107 0.015 10416128
108 0.0172 10489856
109 0.016 10477568
110 0.0177 10559488
111 0.0197 10596352
112 0.0155 10633216
113 0.0174 10604544
114 0.0154 10579968
115 0.0211 10649600
116 0.0165 10625024
117 0.0166 10665984
118 0.019 10719232
119 0.0183 10686464
120 0.0192 10715136
121 0.0175 10743808
122 0.0178 10776576
123 0.0213 10858496
124 0.0207 10887168
125 0.0204 10866688
126 0.0174 10866688
127 0.0218 10944512
128 0.0233 10903552
129 0.0221 10944512
130 0.0233 11010048
131 0.0186 10944512
132 0.02 11034624
133 0.0219 11067392
134 0.0196 11034624
135 0.0244 11145216
136 0.0244 11198464
137 0.0234 11108352
138 0.024 11239424
139 0.0193 11169792
140 0.0224 11218944
141 0.0222 11206656
142 0.0225 11243520
143 0.0254 11259904
144 0.0248 11341824
145 0.021 11321344
146 0.0221 11337728
147 0.0232 11350016
148 0.0222 11374592
149 0.0215 11374592
150 0.0243 11481088
151 0.0265 11464704
152 0.0214 11476992
153 0.0262 11493376
154 0.0217 11497472
155 0.0267 11571200
156 0.0263 11583488
157 0.0244 11624448
158 0.0271 11628544
159 0.0266 11640832
160 0.0313 11694080
161 0.0279 11624448
162 0.0242 11722752
163 0.0284 11763712
164 0.0276 11706368
165 0.0298 11812864
166 0.0273 11825152
167 0.0289 11870208
168 0.0291 11870208
169 0.0288 11886592
170 0.0267 11841536
171 0.0298 11870208
172 0.0295 11968512
173 0.0293 11964416
174 0.0257 11948032
175 0.0273 12005376
176 0.0301 12046336
177 0.0256 12001280
178 0.0287 12009472
179 0.0268 12103680
180 0.0336 12115968
181 0.0335 12103680
182 0.0271 12156928
183 0.0301 12193792
184 0.0318 12251136
185 0.0276 12206080
186 0.0317 12230656
187 0.0289 12210176
188 0.0292 12275712
189 0.0294 12242944
190 0.0341 12365824
191 0.0358 12406784
192 0.0319 12378112
193 0.0358 12468224
194 0.0338 12447744
195 0.032 12468224
196 0.0286 12464128
197 0.0331 12529664
198 0.0318 12484608
199 0.0356 12587008
200 0.0334 12529664
201 0.0345 12574720
202 0.0398 12677120
203 0.0329 12636160
204 0.0397 12697600
205 0.0329 12640256
206 0.035 12775424
207 0.0319 12750848
208 0.0386 12812288
209 0.0356 12828672
210 0.0315 12763136
211 0.0371 12783616
212 0.0363 12845056
213 0.0329 12894208
214 0.0376 12939264
215 0.0405 12955648
216 0.033 12955648
217 0.0413 12984320
218 0.0389 13021184
219 0.0368 12996608