1 0.1923 21635072
2 0.191 21544960
3 0.1958 21655552
4 0.1904 21598208
5 0.1906 21655552
6 0.2094 21610496
7 0.1925 21630976
8 0.1992 21663744
9 0.2047 21762048
10 0.1908 21577728
11 0.203 21725184
12 0.1884 21868544
13 0.1985 22007808
14 0.2098 21962752
15 0.1986 21934080
16 0.1936 21749760
17 0.2036 21803008
18 0.2032 21811200
19 0.1981 21946368
20 0.2505 21929984
21 0.1966 22011904
22 0.1979 22003712
23 0.1961 22155264
24 0.2029 22228992
25 0.2339 22200320
26 0.2062 22441984
27 0.2091 22347776
28 0.1951 22114304
29 0.2011 22302720
30 0.2052 22421504
31 0.2085 22605824
32 0.2014 22560768
33 0.2073 22450176
34 0.2092 22609920
35 0.2063 22630400
36 0.2139 22687744
37 0.2203 22687744
38 0.2081 22700032
39 0.2228 22884352
40 0.2087 22740992
41 0.2175 22859776
42 0.2093 22867968
43 0.2195 23281664
44 0.2136 22888448
45 0.2098 22941696
46 0.2164 23113728
47 0.2181 23199744
48 0.2222 23166976
49 0.2172 23371776
50 0.2168 23203840
51 0.2168 23252992
52 0.2135 23232512
53 0.2193 23126016
54 0.2189 23257088
55 0.2284 23261184
56 0.2137 23154688
57 0.2236 23322624
58 0.2218 23457792
59 0.2267 23236608
60 0.2214 23281664
61 0.2231 23400448
62 0.2187 23408640
63 0.2288 23457792
64 0.2182 23457792
65 0.2313 23384064
66 0.2196 23359488
67 0.232 23584768
68 0.2183 23396352
69 0.2279 23814144
70 0.2276 23543808
71 0.221 23457792
72 0.2229 23592960
73 0.2264 23707648
74 0.2378 23601152
75 0.2239 23666688
76 0.2229 23678976
77 0.2358 23756800
78 0.2332 23564288
79 0.2268 23728128
80 0.228 23814144
81 0.2307 23879680
82 0.2304 23764992
83 0.2279 23678976
84 0.228 23793664
85 0.2264 23842816
86 0.2277 23863296
87 0.227 23875584
88 0.2331 23908352
89 0.2309 23789568
90 0.2282 23928832
91 0.2387 24113152
92 0.2333 24006656
93 0.2304 23879680
94 0.2304 23994368
95 0.2309 23904256
96 0.2378 24178688
97 0.24 24346624
98 0.232 24076288
99 0.2372 24096768
100 0.2335 24117248
101 0.233 24010752
102 0.2331 24072192
103 0.2451 24162304
104 0.2432 24367104
105 0.2352 24195072
106 0.2445 24154112
107 0.2368 24375296
108 0.2371 24236032
109 0.2303 24272896
110 0.2388 24154112
111 0.2393 24174592
112 0.2602 24498176
113 0.2514 24285184
114 0.2349 24354816
115 0.2581 24330240
116 0.2315 24260608
117 0.2418 24432640
118 0.2351 24281088
119 0.2413 24428544
120 0.2337 24305664
121 0.2617 24363008
122 0.2503 24547328
123 0.2345 24551424
124 0.2411 24539136
125 0.2465 24526848
126 0.2443 24940544
127 0.2358 24465408
128 0.2441 24678400
129 0.2449 24522752
130 0.2374 24641536
131 0.2407 24690688
132 0.2423 24580096
133 0.2493 24834048
134 0.2437 24739840
135 0.2434 24625152
136 0.2462 24772608
137 0.2388 24649728
138 0.249 24911872
139 0.2453 24895488
140 0.2456 24727552
141 0.2422 24756224
142 0.2477 24772608
143 0.2474 24797184
144 0.2408 24956928
145 0.2484 25108480
146 0.2472 24838144
147 0.2479 25006080
148 0.2523 24944640
149 0.249 24928256
150 0.2592 25194496
151 0.2674 25120768
152 0.2649 25137152
153 0.2616 25038848
154 0.2503 25149440
155 0.2489 25145344
156 0.2512 25038848
157 0.2515 25051136
158 0.2469 25202688
159 0.2476 25231360
160 0.2521 25464832
161 0.2661 25149440
162 0.2734 25481216
163 0.2642 25387008
164 0.2655 25489408
165 0.2503 25382912
166 0.2626 25624576
167 0.2722 25423872
168 0.2861 25370624
169 0.2577 25333760
170 0.2633 25522176
171 0.2617 25554944
172 0.2504 25358336
173 0.253 25366528
174 0.2668 25440256
175 0.2531 25538560
176 0.2616 25497600
177 0.2551 25452544
178 0.2598 25612288
179 0.2515 25493504
180 0.2667 25686016
181 0.2685 25870336
182 0.2659 25628672
183 0.2755 25579520
184 0.2621 25595904
185 0.2628 25927680
186 0.2639 25653248
187 0.269 25718784
188 0.2618 25792512
189 0.2581 25702400
190 0.2671 25882624
191 0.2619 25845760
192 0.256 25841664
193 0.2657 25812992
194 0.2666 25874432
195 0.2622 25935872
196 0.267 26001408
197 0.265 25976832
198 0.2679 26017792
199 0.2644 25989120
200 0.2662 26226688
201 0.266 25919488
202 0.2602 26075136
203 0.2825 26107904
204 0.2757 26071040
205 0.2696 26112000
206 0.2745 26025984
207 0.2741 26062848
208 0.2854 26152960
209 0.2823 26460160
210 0.269 26251264
211 0.2645 26238976
212 0.2761 26320896
213 0.2976 26177536
214 0.305 26316800
215 0.267 26345472
216 0.3114 26374144
217 0.2803 26243072
218 0.3004 26324992
219 0.2848 26341376
220 0.269 26411008
221 0.2757 26722304
222 0.2704 26456064
223 0.2738 26533888
224 0.2887 26443776
225 0.2743 26615808
226 0.2929 26423296
227 0.2901 26406912
228 0.2979 26505216
229 0.2953 26550272
230 0.2736 26513408
231 0.2734 26537984
232 0.2766 26677248
233 0.2762 26767360
234 0.2777 26595328
235 0.2729 26603520
236 0.2819 26640384
237 0.2769 26636288
238 0.2846 27021312
239 0.3308 26791936
240 0.3154 27144192
241 0.2921 26861568
242 0.3019 26918912
243 0.2938 27131904
244 0.2796 26943488
245 0.2889 26943488
246 0.3326 26890240
247 0.3271 27000832
248 0.2828 26984448
249 0.2959 26943488
250 0.2968 26894336
251 0.2962 26927104
252 0.2851 27070464
253 0.2883 27254784
254 0.285 26968064
255 0.2823 26984448
256 0.3036 27148288
257 0.2956 27238400
258 0.3222 27394048
259 0.3153 27357184
260 0.2833 27189248
261 0.3173 27553792
262 0.3429 27324416
263 0.2894 27176960
264 0.2796 27295744
265 0.3053 27295744
266 0.2906 27312128
267 0.2829 27348992
268 0.291 27406336
269 0.2984 27443200
270 0.2977 27389952
271 0.3337 27365376
272 0.353 27414528
273 0.2864 27475968
274 0.2912 27369472
275 0.2922 27475968
276 0.3169 27484160
277 0.3123 27594752
278 0.3009 27557888
279 0.3496 27729920
280 0.304 27676672
281 0.3 27512832
282 0.3427 27570176
283 0.302 27537408
284 0.2958 27676672
285 0.2893 27578368
286 0.3127 28037120
287 0.2939 27598848
288 0.3416 28131328
289 0.334 27996160
290 0.2979 27860992
291 0.3149 27914240
292 0.2944 27713536
293 0.3053 28094464
294 0.2958 27832320
295 0.3048 27910144
296 0.2964 27799552
297 0.3063 27967488
298 0.3124 28049408
299 0.2986 28065792
300 0.2924 27881472
301 0.3008 28028928
302 0.2995 28049408
303 0.3131 27934720
304 0.3044 28057600
305 0.3055 28090368
306 0.2934 28045312
307 0.3095 28254208
308 0.3008 28073984
309 0.3039 28393472
310 0.3075 28250112
311 0.3167 28499968
312 0.3098 28397568
313 0.3139 28635136
314 0.3548 28356608
315 0.3385 28483584
316 0.3097 28389376
317 0.3227 28332032
318 0.3097 28323840
319 0.3148 28499968
320 0.329 28536832
321 0.3045 28450816
322 0.3208 28561408
323 0.3229 28454912
324 0.3055 28491776
325 0.3027 28540928
326 0.3063 28532736
327 0.303 28557312
328 0.3236 28676096
329 0.3097 28696576
330 0.3231 28684288
331 0.3481 28672000
332 0.3015 28700672
333 0.3168 28737536
334 0.4068 28680192
335 0.3156 28745728
336 0.3187 28909568
337 0.3165 28798976
338 0.3284 28827648
339 0.3203 29106176
340 0.3294 28917760
341 0.333 28831744
342 0.3169 28766208
343 0.3073 28758016
344 0.3246 28798976
345 0.3278 29024256
346 0.3174 28819456
347 0.3272 28934144
348 0.3234 29016064
349 0.3337 29011968
350 0.3086 29032448
351 0.3203 29085696
352 0.33 28938240
353 0.3214 29081600
354 0.3318 29253632
355 0.3145 29081600
356 0.3165 29003776
357 0.3149 29163520
358 0.3187 29241344
359 0.3238 29249536
360 0.3161 29089792
361 0.3127 29245440
362 0.324 29331456
363 0.3207 29130752
364 0.319 29265920
365 0.3269 29282304
366 0.3204 29306880
367 0.3154 29347840
368 0.3187 29347840
369 0.3196 29245440
370 0.3168 29274112
371 0.3226 29417472
372 0.3236 29499392
373 0.3204 29306880
374 0.3208 29335552
375 0.3162 29343744
376 0.324 29396992
377 0.3553 29552640
378 0.3312 29446144
379 0.3781 29589504
380 0.3331 29507584
381 0.3402 29470720
382 0.3297 29491200
383 0.3375 29974528
384 0.334 29630464
385 0.3461 29716480
386 0.3649 29868032
387 0.3275 29675520
388 0.3625 29822976
389 0.3387 29990912
390 0.3755 29741056
391 0.3332 29831168
392 0.3384 29810688
393 0.3323 29794304
394 0.3426 29736960
395 0.3423 30142464
396 0.3403 29982720
397 0.3577 29986816
398 0.3697 30060544
399 0.3487 30142464
400 0.3894 29863936
401 0.487 30007296
402 0.3285 30011392
403 0.3606 30068736
404 0.3894 30015488
405 0.3593 30134272
406 0.3313 30093312
407 0.3498 30220288
408 0.3417 30138368
409 0.3578 30457856
410 0.352 30375936
411 0.3463 30208000
412 0.3735 30150656
413 0.3696 30244864
414 0.3535 30289920
415 0.3397 30584832
416 0.3402 30281728
417 0.338 30187520
418 0.3364 30359552
419 0.3585 30597120
420 0.3415 30224384
421 0.3627 30326784
422 0.3562 30306304
423 0.3494 30449664
424 0.3489 30330880
425 0.3603 30416896
426 0.3689 30400512
427 0.3531 30556160
428 0.4246 30461952
429 0.3546 30453760
430 0.4168 30539776
431 0.3484 30580736
432 0.4041 30617600
433 0.393 30789632
434 0.3442 30646272
435 0.3582 30732288
436 0.4084 30642176
437 0.4076 30642176
438 0.3882 30654464
439 0.3559 30814208
440 0.4047 30691328
441 0.3545 30711808
442 0.356 30965760
443 0.3588 30900224
444 0.3431 30707712
445 0.3523 31105024
446 0.3431 30859264
447 0.3571 30990336
448 0.3725 30978048
449 0.4438 30867456
450 0.3753 30957568
451 0.3972 30965760
452 0.3714 31047680
453 0.3456 31006720
454 0.3515 31100928
455 0.3522 31019008
456 0.3455 30920704
457 0.3504 31117312
458 0.3441 30961664
459 0.4288 31117312
460 0.3484 31002624
461 0.3566 31297536
462 0.3501 31211520
463 0.345 31047680
464 0.3448 31174656
465 0.3473 31215616
466 0.3477 31244288
467 0.3455 31145984
468 0.3454 31293440
469 0.4313 31473664
470 0.3647 31363072
471 0.3475 31326208
472 0.356 31633408
473 0.3535 31232000
474 0.3525 31272960
475 0.3632 31604736
476 0.3478 31436800
477 0.3509 31338496
478 0.365 31588352
479 0.413 31404032
480 0.4245 31457280
481 0.429 31473664
482 0.4098 31481856
483 0.3816 31637504
484 0.3752 31662080
485 0.3773 31686656
486 0.3675 31612928
487 0.3708 31735808
488 0.3922 31789056
489 0.362 31772672
490 0.3791 31834112
491 0.3778 31731712
492 0.3677 31838208
493 0.3578 31633408
494 0.3641 31776768
495 0.3847 31756288
496 0.365 31932416
497 0.3729 31842304
498 0.3847 31862784
499 0.3705 31920128
500 0.3679 31932416
501 0.3676 32153600
502 0.3643 31801344
503 0.3643 31952896
504 0.3596 31944704
505 0.3651 31797248
506 0.4404 31879168
507 0.4384 31887360
508 0.3831 32038912
509 0.3703 31981568
510 0.3817 31936512
511 0.3682 31969280
512 0.4311 31965184
513 0.4175 32346112
514 0.3944 32387072
515 0.3795 32133120
516 0.4002 32145408
517 0.4134 32083968
518 0.3836 32100352
519 0.3736 32186368
520 0.3691 32149504
521 0.3793 32395264
522 0.3639 32104448
523 0.3743 32378880
524 0.3788 32301056
525 0.3832 32530432
526 0.3719 32161792
527 0.3725 32182272
528 0.3775 32272384
529 0.3689 32391168
530 0.392 32497664
531 0.3745 32403456
532 0.3774 32415744
533 0.3774 32448512
534 0.3696 32333824
535 0.3754 32501760
536 0.3758 32604160
537 0.4307 32514048
538 0.4183 32579584
539 0.3879 32563200
540 0.4747 32509952
541 0.3855 32579584
542 0.3722 32604160
543 0.3894 32538624
544 0.391 32563200
545 0.3729 32677888
546 0.3892 32653312
547 0.3992 32673792
548 0.4237 32776192
549 0.415 32706560
550 0.4597 32808960
551 0.4002 32653312
552 0.4054 32784384
553 0.4061 32747520
554 0.4003 32759808
555 0.3991 32915456
556 0.3905 32788480
557 0.3784 32886784
558 0.3829 33026048
559 0.3849 32931840
560 0.3902 33046528
561 0.3905 32980992
562 0.4024 33054720
563 0.3948 33034240
564 0.3872 32907264
565 0.382 33062912
566 0.3903 33005568
567 0.3856 33288192
568 0.3889 32989184
569 0.3983 33099776
570 0.3976 33329152
571 0.3989 33132544
572 0.4031 33337344
573 0.3973 33288192
574 0.3932 33308672
575 0.3943 33398784
576 0.3943 33239040
577 0.3824 33259520
578 0.4019 33587200
579 0.3902 33435648
580 0.3928 33316864
581 0.456 33472512
582 0.4368 33533952
583 0.4165 33484800
584 0.3935 33390592
585 0.3922 33546240
586 0.3857 33415168
587 0.3915 33628160
588 0.3895 33603584
589 0.4058 33701888
590 0.3924 33533952
591 0.4012 33738752
592 0.3909 33701888
593 0.395 33583104
594 0.3991 33742848
595 0.3985 33787904
596 0.4001 33902592
597 0.3955 33783808
598 0.4172 33841152
599 0.4101 34045952
600 0.4013 33726464
601 0.3998 33849344
602 0.3967 33746944
603 0.4078 33841152
604 0.4043 33869824
605 0.4086 33800192
606 0.4317 33972224
607 0.4285 34041856
608 0.4444 34086912
609 0.5327 33984512
610 0.4337 34148352
611 0.4396 34078720
612 0.4249 33918976
613 0.4074 33976320
614 0.4535 34111488
615 0.4114 34197504
616 0.4032 34304000
617 0.4031 34160640
618 0.4033 34050048
619 0.4313 34123776
620 0.4465 34422784
621 0.427 34185216
622 0.4328 34205696
623 0.4141 34349056
624 0.4072 34123776
625 0.405 34398208
626 0.4021 34312192
627 0.4072 34217984
628 0.4011 34344960
629 0.4031 34271232
630 0.4109 34406400
631 0.4025 34541568
632 0.4194 34353152
633 0.4153 34340864
634 0.4284 34447360
635 0.4074 34471936
636 0.4444 34549760
637 0.4107 34390016
638 0.4256 34623488
639 0.4087 34590720
640 0.4547 34508800
641 0.4527 34787328
642 0.4507 34684928
643 0.4407 34783232
644 0.4349 34660352
645 0.4527 34717696
646 0.4196 34852864
647 0.4279 34758656
648 0.4207 34951168
649 0.4086 34775040
650 0.4063 34643968
651 0.4113 34795520
652 0.4135 34816000
653 0.4078 34852864
654 0.4155 34856960
655 0.4143 34877440
656 0.4173 34881536
657 0.4214 35033088
658 0.4457 35110912
659 0.4087 34803712
660 0.4084 34820096
661 0.4063 34996224
662 0.4093 35008512
663 0.4091 34873344
664 0.4156 34918400
665 0.4135 35049472
666 0.4158 35389440
667 0.4099 35123200
668 0.4144 34979840
669 0.4171 35160064
670 0.4427 35172352
671 0.428 35123200
672 0.4367 35332096
673 0.4193 35291136
674 0.4356 35315712
675 0.4251 35426304
676 0.4304 35450880
677 0.4193 35368960
678 0.4256 35667968
679 0.4239 35479552
680 0.4195 35418112
681 0.4171 35303424
682 0.4194 35467264
683 0.4178 35471360
684 0.4224 35344384
685 0.4351 35688448
686 0.4471 35651584
687 0.4363 35753984
688 0.4289 35524608
689 0.4402 35680256
690 0.4598 35823616
691 0.4358 35778560
692 0.4481 35692544
693 0.4583 35856384
694 0.4446 35811328
695 0.4408 35782656
696 0.4242 35721216
697 0.4397 35831808
698 0.422 35815424
699 0.4314 35758080
700 0.4212 35807232
701 0.4281 35926016
702 0.4296 35876864
703 0.4455 35975168
704 0.4453 35778560
705 0.4328 36032512
706 0.4317 35762176
707 0.438 35938304
708 0.4264 35962880
709 0.4247 35860480
710 0.4256 35995648
711 0.5282 35999744
712 0.4638 36093952
713 0.5372 36102144
714 0.4271 36114432
715 0.4391 36114432
716 0.4386 36036608
717 0.4445 36007936
718 0.4572 36225024
719 0.4312 36147200
720 0.4481 36233216
721 0.4545 36425728
722 0.4756 36200448
723 0.4451 36208640
724 0.4395 36249600
725 0.4666 36323328
726 0.4605 36175872
727 0.4443 36274176
728 0.4441 36286464
729 0.44 36327424
730 0.465 36319232
731 0.4653 36397056
732 0.4956 36397056
733 0.4878 36376576
734 0.5053 36364288
735 0.5062 36405248
736 0.4796 36507648
737 0.4777 36618240
738 0.4789 36687872
739 0.5079 36671488
740 0.475 36597760
741 0.4579 36622336
742 0.4651 36634624
743 0.4731 36560896
744 0.4536 36691968
745 0.4472 36737024
746 0.4579 36626432
747 0.4388 36737024
748 0.4662 36864000
749 0.443 36839424
750 0.4484 36675584
751 0.4481 36806656
752 0.4492 36831232
753 0.4546 36888576
754 0.4493 36888576
755 0.4454 36876288
756 0.4662 37203968
757 0.4521 36966400
758 0.4555 37122048
759 0.4462 36806656
760 0.9243 36941824
761 0.4553 37015552
762 0.4752 37253120
763 0.4534 36884480
764 0.4509 36896768
765 0.4712 37027840
766 0.45 37072896
767 0.4807 36950016
768 0.4568 37117952
769 0.4617 37126144
770 0.46 37294080
771 0.4594 37027840
772 0.4517 37191680
773 0.4627 37191680
774 0.4852 37433344
775 0.5059 37253120
776 0.4953 37335040
777 0.4632 37298176
778 0.481 37294080
779 0.4703 37355520
780 0.4864 37429248
781 0.4706 37556224
782 0.4709 37523456
783 0.4652 37482496
784 0.4573 37433344
785 0.4627 37654528
786 0.4839 37552128
787 0.4982 37449728
788 0.4734 37634048
789 0.4913 37466112
790 0.4664 37412864
791 0.4765 37675008
792 0.4669 37797888
793 0.4613 37580800
794 0.4635 37605376
795 0.4762 37847040
796 0.4647 37658624
797 0.4822 37584896
798 0.4702 37830656
799 0.4703 37552128
800 0.4651 37744640