1 0.2219 22020096
2 0.2506 21860352
3 0.259 21921792
4 0.2569 22069248
5 0.2481 21966848
6 0.2511 21897216
7 0.2187 22007808
8 0.2518 21872640
9 0.2445 22020096
10 0.2317 22110208
11 0.2254 22003712
12 0.2242 21909504
13 0.2173 21889024
14 0.2398 21925888
15 0.2242 22093824
16 0.2244 22077440
17 0.2297 22417408
18 0.2322 22085632
19 0.236 22286336
20 0.2289 22224896
21 0.2773 22441984
22 0.2717 22507520
23 0.2383 22577152
24 0.2421 22605824
25 0.2382 22716416
26 0.25 22720512
27 0.2578 22900736
28 0.2418 22978560
29 0.2436 22888448
30 0.2454 23109632
31 0.2806 23146496
32 0.2954 23707648
33 0.2798 23506944
34 0.2561 23277568
35 0.2673 23404544
36 0.2831 23502848
37 0.2877 23556096
38 0.2901 23646208
39 0.2987 23642112
40 0.3322 23719936
41 0.3004 25174016
42 0.2762 25075712
43 0.2806 25309184
44 0.2867 25694208
45 0.2814 25317376
46 0.283 25255936
47 0.2845 25362432
48 0.291 25513984
49 0.2844 25575424
50 0.2856 25550848
51 0.2963 25751552
52 0.2925 25669632
53 0.2951 25772032
54 0.3031 25837568
55 0.3042 25948160
56 0.2987 25796608
57 0.3028 26091520
58 0.3104 26071040
59 0.3035 26046464
60 0.3096 26288128
61 0.3147 26128384
62 0.3199 26271744
63 0.3121 26161152
64 0.3197 26415104
65 0.3275 26423296
66 0.3314 26619904
67 0.3445 26640384
68 0.3332 26628096
69 0.4223 26710016
70 0.3714 26669056
71 0.3562 26820608
72 0.3668 27152384
73 0.3419 26832896
74 0.4272 26992640
75 0.3514 27082752
76 0.3804 26959872
77 0.4213 27099136
78 0.3645 27009024
79 0.3885 27090944
80 0.384 27230208
81 0.3734 27398144
82 0.3624 27312128
83 0.3742 27369472
84 0.372 27332608
85 0.3709 27422720
86 0.3798 27566080
87 0.3888 27615232
88 0.374 27590656
89 0.3789 27725824
90 0.3791 27820032
91 0.3818 27709440
92 0.3877 27840512
93 0.3912 27881472
94 0.3941 27901952
95 0.3953 28053504
96 0.3967 28213248
97 0.4022 28139520
98 0.4017 28221440
99 0.4145 28266496
100 0.4087 28258304
101 0.4113 28459008
102 0.4106 28487680
103 0.4185 28479488
104 0.4608 28622848
105 0.4271 28684288
106 0.4373 28831744
107 0.4349 28798976
108 0.4355 28708864
109 0.4369 28942336
110 0.4404 28762112
111 0.4428 28852224
112 0.4428 29040640
113 0.4423 28913664
114 0.4551 29126656
115 0.4582 29126656
116 0.458 29102080
117 0.4636 29548544
118 0.4597 29200384
119 0.4708 29384704
120 0.4682 29306880
121 0.4815 29544448
122 0.4802 29671424
123 0.4812 29507584
124 0.4886 29515776
125 0.4873 29884416
126 0.4882 29646848
127 0.4905 29704192
128 0.4959 29827072
129 0.5006 30076928
130 0.5025 29896704
131 0.5099 30011392
132 0.5147 30023680
133 0.5109 30191616
134 0.5225 30404608
135 0.5428 30629888
136 0.5204 30253056
137 0.5357 30449664
138 0.537 30375936
139 0.5356 30466048
140 0.5433 30556160
141 0.5423 30531584
142 0.5498 30674944
143 0.5566 30859264
144 0.5648 31248384
145 0.5611 30994432
146 0.5702 30973952
147 0.5654 31113216
148 0.5606 31105024
149 0.5689 31105024
150 0.5762 31170560
151 0.5844 31285248
152 0.5887 31248384
153 0.5864 31387648
154 0.5906 31404032
155 0.597 31383552
156 0.6071 31469568
157 0.6193 31715328
158 0.6188 31854592
159 0.6304 31956992
160 0.6274 31899648
161 0.6271 31924224
162 0.6214 31891456
163 0.627 31965184
164 0.6405 31985664
165 0.6418 32141312
166 0.661 32165888
167 0.6727 32522240
168 0.7068 32665600
169 0.7155 32567296
170 0.8455 32718848
171 0.7566 32768000
172 0.7812 32780288
173 0.7203 32751616
174 0.8251 32509952
175 0.8911 32542720
176 0.7685 32329728
177 0.8458 32657408
178 0.9113 32731136
179 0.8765 32841728
180 0.8856 32907264
181 0.7785 32940032
182 0.8642 33013760
183 0.7789 32915456
184 0.9402 33157120
185 0.8928 33206272
186 0.8014 32968704
187 0.7645 33140736
188 0.7784 33378304
189 0.8561 33484800
190 0.8393 33525760
191 1.0905 33583104
192 0.9572 33677312
193 0.8325 33538048
194 0.7947 33677312
195 1.0889 33898496
196 0.9338 33935360
197 1.1154 34009088
198 1.3469 34086912
199 1.1909 34119680